Date,Open,High,Low,Close,Volume,OpenInt
20100719,6,6,6,6,0,0
20100720,6.49,6.49,5.25,5.35,237000,0
20100721,5.27,5.31,4.08,4.25,226700,0
20100722,4.25,4.59,4.15,4.24,62700,0
20100723,4.15,4.25,3.88,4.02,70200,0
20100726,4.02,4.22,3.93,3.98,69070,0
20100727,4.15,4.15,3.97,4.04,11050,0
20100728,4.09,4.19,4.06,4.09,32250,0
20100729,4.18,4.19,3.95,4.03,68450,0
20100730,4,4.08,3.95,3.99,23560,0
20100802,4.15,4.15,4.02,4.03,16140,0
20100803,4.02,4.05,3.95,3.99,18900,0
20100804,4,4.05,3.99,4,8950,0
20100805,4,4,3.6,3.69,41849,0
20100806,3.69,3.95,3.69,3.9,46135,0
20100809,3.8,4,3.8,3.9,30200,0
20100810,3.89,4.01,3.83,4,55051,0
20100811,3.83,3.99,3.83,3.83,6400,0
20100812,3.8,3.85,3.65,3.7,27900,0
20100813,3.8,4.43,3.8,4.39,103525,0
20100816,4.35,4.42,4.11,4.15,22627,0
20100817,4.2,4.2,4.01,4.17,26075,0
20100818,4.15,4.28,4.08,4.28,12800,0
20100819,4.28,4.28,4,4,17837,0
20100820,4.01,4.05,3.89,3.92,14100,0
20100823,3.9,4,3.82,3.85,23930,0
20100824,3.81,3.97,3.71,3.87,11675,0
20100825,3.75,3.76,3.65,3.7,22550,0
20100826,3.76,3.78,3.63,3.76,21750,0
20100827,3.81,3.9,3.81,3.9,6500,0
20100830,3.82,3.82,3.71,3.75,13850,0
20100831,3.91,3.91,3.73,3.85,10350,0
20100901,3.78,3.95,3.65,3.8,18980,0
20100902,3.8,3.87,3.8,3.82,5150,0
20100903,3.97,3.97,3.75,3.75,19274,0
20100907,3.96,3.97,3.77,3.81,10815,0
20100908,3.8,3.8,3.75,3.79,6300,0
20100909,3.76,3.77,3.72,3.72,10150,0
20100910,3.93,3.93,3.7,3.7,7450,0
20100913,3.95,4.11,3.88,4.06,47342,0
20100914,4.1,4.1,3.99,4,20400,0
20100915,4,4.1,4,4,11800,0
20100916,4,4,3.78,3.8,10616,0
20100917,4.05,4.05,3.8,3.8,5553,0
20100920,3.97,3.97,3.97,3.97,100,0
20100921,3.85,3.87,3.78,3.78,4700,0
20100922,3.97,3.97,3.79,3.9,5023,0
20100923,3.78,3.83,3.65,3.8,8200,0
20100924,3.76,3.95,3.68,3.76,45360,0
20100927,3.76,3.88,3.63,3.66,37000,0
20100928,3.67,3.88,3.66,3.67,13200,0
20100929,3.7,3.9,3.7,3.86,30800,0
20100930,3.87,3.95,3.86,3.95,5165,0
20101001,3.95,4.4,3.8,4.36,62980,0
20101004,4.3,4.55,4.03,4.05,34198,0
20101005,4.22,4.4,4.19,4.31,32228,0
20101006,4.29,4.29,4.26,4.26,248,0
20101007,4.29,4.39,4.29,4.3,13420,0
20101008,4.35,4.88,4.35,4.8,76003,0
20101011,4.66,5.48,4.66,5.48,221788,0
20101012,5.49,5.9,5.26,5.43,255101,0
20101013,5.35,5.63,5.26,5.26,104302,0
20101014,5.28,6.07,5.28,5.88,222948,0
20101015,5.98,6.37,5.74,5.96,205276,0
20101018,6,6.05,5.66,5.95,140316,0
20101019,6.05,6.08,5.3,5.32,126922,0
20101020,5.4,5.86,5.33,5.42,139295,0
20101021,5.68,5.84,5.34,5.34,86471,0
20101022,5.35,5.51,5.35,5.45,18540,0
20101025,5.54,5.75,5.45,5.72,69141,0
20101026,5.7,6.15,5.65,5.91,125417,0
20101027,5.91,5.91,5.61,5.79,42619,0
20101028,5.85,6.04,5.65,5.86,47550,0
20101029,5.99,5.99,5.69,5.69,27105,0
20101101,5.8,6.14,5.8,6.05,118720,0
20101102,6.15,7.44,6.1,6.95,1236428,0
20101103,6.99,7.25,6.8,6.9,311100,0
20101104,6.85,7.61,6.85,7.03,414636,0
20101105,7.1,8.13,6.88,7.73,588218,0
20101108,7.98,8.43,7.74,8,247176,0
20101109,8.2,8.36,7.2,7.23,272244,0
20101110,7.2,7.72,7.02,7.19,187142,0
20101111,7.02,7.23,6.84,7.07,139763,0
20101112,8.04,8.15,7.03,7.12,238844,0
20101115,7.15,7.28,6.72,7.13,127645,0
20101116,6.52,7.09,6.05,6.38,189613,0
20101117,6.58,6.61,6,6.2,138427,0
20101118,6.27,6.45,6,6,81024,0
20101119,6,6.02,5.71,5.78,66132,0
20101122,5.8,6.21,5.76,6.04,61925,0
20101123,5.89,6.24,5.75,6.11,36713,0
20101124,6.28,6.29,6.06,6.11,33272,0
20101126,6.1,6.1,5.92,6.1,15849,0
20101129,6.04,6.04,5.57,5.59,80811,0
20101130,5.71,5.71,5.06,5.26,131827,0
20101201,5.44,5.44,5.02,5.13,44213,0
20101202,5.12,5.12,4.66,4.81,167361,0
20101203,4.77,5.42,4.77,5.32,72606,0
20101206,5.43,5.66,5.27,5.66,42076,0
20101207,5.71,5.71,5.32,5.41,41976,0
20101208,5.54,5.54,5.05,5.09,19074,0
20101209,5.22,5.22,4.96,5.17,29073,0
20101210,5.56,5.56,5.05,5.14,39613,0
20101213,5.09,5.09,4.92,5.02,33550,0
20101214,5.14,5.23,5,5.01,53786,0
20101215,5.02,5.2,5,5.11,19338,0
20101216,5.33,5.33,5.05,5.21,55697,0
20101217,5.3,5.75,5.27,5.75,116402,0
20101220,5.89,6.1,5.61,5.93,109133,0
20101221,6.1,6.25,6.05,6.08,90976,0
20101222,6.15,6.2,5.91,5.99,60129,0
20101223,5.95,6.08,5.79,6.07,29205,0
20101227,6.09,6.09,5.73,5.98,47710,0
20101228,5.95,6.16,5.87,5.87,38013,0
20101229,5.86,6.07,5.86,6.04,34626,0
20101230,6.05,6.4,6.01,6.38,133987,0
20101231,6.27,6.43,6.23,6.25,55458,0
20110103,6.34,6.35,6.05,6.05,57698,0
20110104,6.2,6.2,5.83,5.87,67019,0
20110105,5.89,6,5.67,5.78,40275,0
20110106,5.81,6,5.8,5.81,40750,0
20110107,5.99,7.34,5.97,5.97,753601,0
20110110,6.2,6.2,5.91,5.95,98822,0
20110111,6.12,6.15,5.94,6.08,66317,0
20110112,6.15,6.15,5.95,5.99,68848,0
20110113,6.05,6.05,5.83,5.85,61935,0
20110114,5.85,5.97,5.75,5.83,70481,0
20110118,5.97,5.97,5.82,5.84,43343,0
20110119,5.84,6.14,5.75,5.78,116901,0
20110120,5.85,5.85,5.61,5.67,57229,0
20110121,5.62,5.71,5.5,5.7,60098,0
20110124,5.7,5.81,5.7,5.77,16184,0
20110125,5.77,5.77,5.52,5.75,36010,0
20110126,5.64,5.64,5.52,5.59,38679,0
20110127,5.56,5.6,5.5,5.52,23517,0
20110128,5.52,5.6,5.28,5.34,73414,0
20110131,5.3,5.3,5.02,5.11,68780,0
20110201,5.17,5.2,5.14,5.2,26138,0
20110202,5.2,5.2,5.02,5.09,37727,0
20110203,5.05,5.11,4.84,4.86,88847,0
20110204,4.82,4.82,4.4,4.48,186426,0
20110207,4.5,4.63,4.48,4.48,68749,0
20110208,4.5,4.5,4.21,4.36,117841,0
20110209,4.32,4.32,4.06,4.12,110339,0
20110210,4.05,4.15,3.98,4.07,259493,0
20110211,4.11,4.11,4,4.06,162290,0
20110214,4.06,4.09,3.95,3.99,208524,0
20110215,4.06,4.06,4.01,4.03,102498,0
20110216,4.05,4.1,4.02,4.07,139677,0
20110218,4.04,4.12,4.04,4.12,70533,0
20110222,4.17,4.6,4.15,4.54,255741,0
20110223,4.63,4.97,4.61,4.76,195134,0
20110224,4.78,4.87,4.45,4.7,103115,0
20110225,4.75,4.9,4.73,4.82,58874,0
20110228,4.91,4.98,4.85,4.89,60042,0
20110301,4.99,5,4.73,4.79,91784,0
20110302,4.82,4.88,4.78,4.84,56183,0
20110303,4.91,4.91,4.83,4.83,22205,0
20110304,4.88,4.93,4.83,4.89,27060,0
20110307,4.91,5.25,4.88,5.25,118421,0
20110308,5.21,5.23,5.01,5.2,48436,0
20110309,5.23,5.25,5.06,5.13,32261,0
20110310,5.09,5.09,4.76,4.92,65172,0
20110311,4.88,4.99,4.83,4.9,48530,0
20110314,4.95,4.97,4.64,4.75,68452,0
20110315,4.6,4.6,4.11,4.46,113842,0
20110316,4.41,4.59,4.24,4.32,65391,0
20110317,4.25,4.88,4.25,4.88,86082,0
20110318,4.66,5,4.43,4.64,114429,0
20110321,4.42,4.76,4.4,4.41,24169,0
20110322,4.43,4.54,4.31,4.4,32944,0
20110323,4.48,4.49,4.25,4.3,25633,0
20110324,4.3,4.3,4.08,4.11,127780,0
20110325,4.12,4.29,4.1,4.22,46495,0
20110328,4.28,4.4,4.15,4.16,41940,0
20110329,4.16,4.25,3.9,4.05,121755,0
20110330,4.09,4.15,3.97,4.05,69349,0
20110331,4.13,4.25,4.04,4.15,42652,0
20110401,4.2,4.25,4.15,4.17,33886,0
20110404,4.2,4.24,4.04,4.12,43456,0
20110405,4.11,4.11,4.01,4.02,27079,0
20110406,4.05,4.05,3.92,4,62837,0
20110407,4,4.09,3.85,3.86,45872,0
20110408,3.85,3.9,3.7,3.71,53529,0
20110411,3.7,3.92,3.68,3.77,61926,0
20110412,3.78,3.8,3.61,3.62,65708,0
20110413,3.67,3.69,3.51,3.51,63401,0
20110414,3.43,3.53,3.34,3.5,31032,0
20110415,3.59,3.63,3.39,3.4,79206,0
20110418,3.39,3.48,3.35,3.43,16385,0
20110419,3.35,3.45,3.35,3.4,49412,0
20110420,3.4,3.52,3.35,3.38,89013,0
20110421,3.4,3.42,3.31,3.38,37204,0
20110425,3.41,3.6,3.34,3.59,35082,0
20110426,3.58,3.58,3.47,3.5,36496,0
20110427,3.55,3.55,3.36,3.42,28692,0
20110428,3.37,3.44,3.07,3.2,57953,0
20110429,3.24,3.31,3.21,3.25,43915,0
20110502,3.25,3.25,3.2,3.25,60599,0
20110503,3.23,3.25,3.17,3.18,39284,0
20110504,3.18,3.25,3.18,3.2,22575,0
20110505,3.24,3.26,3.15,3.15,38168,0
20110506,3.22,3.25,3.04,3.08,52494,0
20110509,3.08,3.09,2.53,2.87,175992,0
20110510,2.8,3.28,2.75,3.25,174093,0
20110511,3.3,3.3,2.99,3.04,86302,0
20110512,2.96,3.19,2.96,3.13,42000,0
20110513,3.18,3.2,3,3.01,33628,0
20110516,3.2,3.2,2.93,2.97,69883,0
20110517,2.98,3.07,2.95,2.98,14200,0
20110518,2.98,3.04,2.87,2.88,31384,0
20110519,2.84,2.84,2.65,2.68,67825,0
20110520,2.73,2.89,2.69,2.85,14989,0
20110523,2.96,2.96,2.77,2.84,19825,0
20110524,2.92,2.92,2.77,2.77,15272,0
20110525,2.79,2.84,2.77,2.79,10510,0
20110526,2.82,2.82,2.75,2.76,9448,0
20110527,2.75,2.83,2.75,2.83,5849,0
20110531,2.84,2.86,2.78,2.79,9460,0
20110601,2.76,2.77,2.74,2.74,17900,0
20110602,2.74,2.79,2.74,2.79,5394,0
20110603,2.73,2.76,2.58,2.6,11866,0
20110606,2.55,2.61,2.51,2.56,13416,0
20110607,2.59,2.59,2.33,2.47,28495,0
20110608,2.41,2.51,2.32,2.4,32656,0
20110609,2.34,2.4,2.34,2.34,16114,0
20110610,2.34,2.34,2.13,2.14,47257,0
20110613,2.1,2.17,2.02,2.04,74726,0
20110614,2.01,2.22,2.01,2.12,39467,0
20110615,2.1,2.16,2.07,2.11,28170,0
20110616,2.07,2.18,2.05,2.13,41982,0
20110617,2.19,2.25,2.05,2.07,22422,0
20110620,2.18,2.27,2.05,2.05,17810,0
20110621,2.05,2.14,2.05,2.1,40740,0
20110622,2.1,2.25,2.07,2.21,30390,0
20110623,2.18,2.49,2.18,2.44,11642,0
20110624,2.47,2.62,2.31,2.41,32290,0
20110627,2.41,2.41,2.2,2.27,26307,0
20110628,2.34,2.43,2.26,2.3,22200,0
20110629,2.4,2.4,2.28,2.36,21250,0
20110630,2.31,2.4,2.27,2.37,13900,0
20110701,2.3,2.47,2.28,2.47,26538,0
20110705,2.5,2.68,2.47,2.49,20050,0
20110706,2.45,2.49,2.32,2.44,17884,0
20110707,2.52,2.88,2.44,2.78,90697,0
20110708,2.8,2.88,2.61,2.71,20883,0
20110711,2.72,2.79,2.71,2.77,40200,0
20110712,2.72,2.78,2.57,2.72,20032,0
20110713,2.71,2.9,2.66,2.9,48834,0
20110714,2.9,2.91,2.8,2.87,26700,0
20110715,2.84,2.88,2.8,2.82,19192,0
20110718,2.82,2.84,2.65,2.66,30088,0
20110719,2.7,2.81,2.7,2.81,15103,0
20110720,2.9,2.95,2.76,2.94,26524,0
20110721,2.95,2.95,2.85,2.89,38108,0
20110722,2.86,2.94,2.84,2.84,17550,0
20110725,2.88,2.95,2.7,2.75,31870,0
20110726,2.78,2.83,2.65,2.75,5890,0
20110727,2.75,2.84,2.5,2.52,38066,0
20110728,2.56,2.7,2.53,2.53,28837,0
20110729,2.53,2.64,2.52,2.55,7748,0
20110801,2.67,2.68,2.57,2.61,8720,0
20110802,2.57,2.82,2.57,2.6,36080,0
20110803,2.59,2.64,2.53,2.56,12858,0
20110804,2.55,2.55,2.4,2.43,27360,0
20110805,2.49,2.49,2.33,2.37,12975,0
20110808,2.34,2.34,2.03,2.17,18357,0
20110809,2.17,2.29,2.1,2.15,13543,0
20110810,2.16,2.3,2.16,2.23,28150,0
20110811,2.18,2.42,2.18,2.3,12060,0
20110812,2.48,2.48,2.39,2.48,24115,0
20110815,2.41,2.56,2.38,2.56,16350,0
20110816,2.56,2.79,2.4,2.46,85605,0
20110817,2.3,2.39,2.25,2.3,11628,0
20110818,2.29,2.51,2.19,2.51,8530,0
20110819,2.33,2.46,2.24,2.34,18157,0
20110822,2.25,2.34,2.1,2.26,50665,0
20110823,2.22,2.32,2.16,2.31,29861,0
20110824,2.3,2.3,2.18,2.2,4800,0
20110825,2.23,2.3,2.1,2.19,21980,0
20110826,2.24,2.28,2.1,2.15,23700,0
20110829,2.12,2.44,2.1,2.31,26075,0
20110830,2.37,2.37,2.16,2.25,34563,0
20110831,2.35,2.35,2.25,2.34,28086,0
20110901,2.3,2.38,2.2,2.35,55682,0
20110902,2.19,2.35,2.17,2.25,36475,0
20110906,2.2,2.3,2.15,2.2,15925,0
20110907,2.24,2.35,2.1,2.15,31715,0
20110908,2.15,2.2,2.09,2.13,19501,0
20110909,2.14,2.16,2.05,2.1,22698,0
20110912,2.15,2.15,2.06,2.06,9900,0
20110913,2.17,2.19,2.01,2.06,10679,0
20110914,2.1,2.17,2.01,2.01,28855,0
20110915,2.02,2.09,1.99,2,98900,0
20110916,2,2.05,2,2.01,12170,0
20110919,2.02,2.03,1.88,1.99,51259,0
20110920,1.87,2,1.76,1.98,50202,0
20110921,1.9,1.9,1.71,1.73,75749,0
20110922,1.8,1.89,1.6,1.71,42474,0
20110923,1.68,1.79,1.65,1.76,24973,0
20110926,1.64,1.82,1.61,1.61,24550,0
20110927,1.62,1.7,1.61,1.62,19844,0
20110928,1.61,1.67,1.33,1.45,39198,0
20110929,1.46,1.46,1.31,1.32,27002,0
20110930,1.3,1.41,1.22,1.35,19309,0
20111003,1.37,1.49,1.35,1.41,18500,0
20111004,1.4,1.52,1.4,1.5,24494,0
20111005,1.5,1.74,1.42,1.6,21101,0
20111006,1.62,1.86,1.62,1.76,45200,0
20111007,1.89,1.89,1.76,1.77,11257,0
20111010,1.89,1.89,1.81,1.85,12226,0
20111011,1.8,1.8,1.78,1.78,7619,0
20111012,1.76,1.84,1.65,1.76,19884,0
20111013,1.73,1.79,1.71,1.71,7158,0
20111014,1.74,1.74,1.65,1.68,8100,0
20111017,1.65,1.69,1.54,1.63,19082,0
20111018,1.59,1.64,1.53,1.55,6389,0
20111019,1.52,1.63,1.37,1.45,26800,0
20111020,1.38,1.45,1.33,1.33,28675,0
20111021,1.36,1.45,1.36,1.38,22900,0
20111024,1.38,1.44,1.32,1.4,26055,0
20111025,1.37,1.44,1.32,1.35,37308,0
20111026,1.36,1.49,1.27,1.49,26704,0
20111027,1.52,1.75,1.47,1.72,58230,0
20111028,1.75,1.85,1.59,1.81,73340,0
20111031,1.78,1.86,1.68,1.8,35095,0
20111101,1.68,1.84,1.67,1.82,60819,0
20111102,1.83,2,1.83,1.98,59585,0
20111103,2,2.04,1.95,2,8320,0
20111104,1.86,2.1,1.84,2.05,11800,0
20111107,2.1,2.1,1.91,2.1,8400,0
20111108,1.97,2.19,1.94,2.19,6237,0
20111109,2.19,2.3,2.01,2.28,20734,0
20111110,2.29,2.3,2.23,2.3,6405,0
20111111,2.36,2.39,2.15,2.29,17750,0
20111114,2.29,2.38,2.03,2.13,109923,0
20111115,2.15,2.15,1.91,1.96,33700,0
20111116,1.91,2.04,1.9,1.99,52344,0
20111117,1.9,1.98,1.9,1.97,9120,0
20111118,1.9,1.95,1.75,1.78,38714,0
20111121,1.75,1.94,1.75,1.94,9145,0
20111122,1.78,1.98,1.78,1.98,57939,0
20111123,1.81,1.94,1.78,1.84,18790,0
20111125,1.84,1.92,1.75,1.84,4500,0
20111128,1.83,1.9,1.8,1.88,3400,0
20111129,1.7,1.75,1.65,1.7,10817,0
20111130,1.65,1.7,1.62,1.66,27943,0
20111201,1.62,1.68,1.55,1.55,11707,0
20111202,1.62,1.68,1.57,1.59,14214,0
20111205,1.61,1.66,1.6,1.61,3630,0
20111206,1.6,1.6,1.47,1.5,7560,0
20111207,1.51,1.56,1.45,1.46,27596,0
20111208,1.41,1.51,1.41,1.51,4400,0
20111209,1.52,1.54,1.48,1.48,5600,0
20111212,1.48,1.52,1.48,1.52,2600,0
20111213,1.43,1.54,1.39,1.39,11950,0
20111214,1.38,1.5,1.35,1.35,16002,0
20111215,1.35,1.54,1.35,1.35,19070,0
20111216,1.48,1.49,1.35,1.35,11770,0
20111219,1.35,1.41,1.26,1.26,24430,0
20111220,1.3,1.34,1.25,1.26,8600,0
20111221,1.27,1.4,1.27,1.4,46335,0
20111222,1.4,1.47,1.4,1.44,2500,0
20111223,1.47,1.47,1.35,1.35,12833,0
20111227,1.34,1.43,1.26,1.43,38618,0
20111228,1.38,1.4,1.35,1.4,21170,0
20111229,1.36,1.36,1.29,1.3,11040,0
20111230,1.3,1.31,1.23,1.26,59189,0
20120103,1.23,1.45,1.23,1.28,11085,0
20120104,1.32,1.36,1.29,1.33,13135,0
20120105,1.4,1.41,1.31,1.4,1450,0
20120106,1.39,1.4,1.35,1.35,2500,0
20120109,1.34,1.39,1.33,1.33,1750,0
20120110,1.38,1.4,1.37,1.4,36504,0
20120111,1.4,1.6,1.4,1.56,17779,0
20120112,1.6,1.68,1.59,1.66,57554,0
20120113,1.68,1.7,1.65,1.7,17040,0
20120117,1.71,1.71,1.6,1.68,6950,0
20120118,1.68,1.7,1.51,1.6,17835,0
20120119,1.59,1.74,1.59,1.68,61180,0
20120120,1.73,1.77,1.67,1.72,22765,0
20120123,1.62,1.8,1.61,1.68,29125,0
20120124,1.66,1.69,1.62,1.62,23430,0
20120125,1.6,1.71,1.58,1.6,30350,0
20120126,1.62,1.74,1.6,1.62,7203,0
20120127,1.65,1.65,1.58,1.58,32811,0
20120130,1.58,1.6,1.58,1.58,18475,0
20120131,1.62,1.62,1.56,1.6,5176,0
20120201,1.56,1.7,1.56,1.6,12500,0
20120202,1.61,1.69,1.6,1.6,8850,0
20120203,1.61,1.65,1.56,1.57,20024,0
20120206,1.6,1.64,1.55,1.64,14473,0
20120207,1.6,1.6,1.55,1.55,15392,0
20120208,1.6,1.64,1.55,1.6,46586,0
20120209,1.58,1.69,1.58,1.61,60436,0
20120210,1.6,1.61,1.55,1.55,73850,0
20120213,1.66,1.66,1.58,1.59,15260,0
20120214,1.67,1.68,1.58,1.58,30262,0
20120215,1.59,1.6,1.58,1.58,48389,0
20120216,1.58,1.66,1.58,1.65,27593,0
20120217,1.6,1.68,1.6,1.68,7188,0
20120221,1.62,1.7,1.6,1.6,16962,0
20120222,1.62,1.65,1.58,1.6,8687,0
20120223,1.6,1.68,1.58,1.58,11782,0
20120224,1.6,1.68,1.6,1.64,17395,0
20120227,1.63,1.74,1.6,1.67,16160,0
20120228,1.71,1.73,1.68,1.73,11980,0
20120229,1.65,1.7,1.64,1.64,12200,0
20120301,1.63,1.68,1.63,1.63,14465,0
20120302,1.65,1.79,1.62,1.7,14077,0
20120305,1.7,1.75,1.61,1.61,24335,0
20120306,1.62,1.67,1.58,1.58,7835,0
20120307,1.59,1.6,1.5,1.5,18975,0
20120308,1.69,1.69,1.51,1.54,31276,0
20120309,1.54,1.73,1.54,1.63,80488,0
20120312,1.65,1.75,1.61,1.75,27639,0
20120313,1.65,1.69,1.51,1.59,38923,0
20120314,1.59,1.69,1.59,1.66,34008,0
20120315,1.7,1.74,1.66,1.66,34619,0
20120316,1.69,1.9,1.69,1.75,46320,0
20120319,1.64,1.74,1.62,1.63,5050,0
20120320,1.69,1.7,1.62,1.62,2700,0
20120321,1.69,1.69,1.63,1.63,5900,0
20120322,1.68,1.7,1.68,1.69,11214,0
20120323,1.69,1.72,1.62,1.72,17901,0
20120326,1.7,1.7,1.62,1.63,14014,0
20120327,1.69,1.77,1.63,1.73,19455,0
20120328,1.71,1.71,1.63,1.64,4550,0
20120329,1.65,1.69,1.62,1.62,19900,0
20120330,1.63,1.7,1.62,1.63,8700,0
20120402,1.64,1.67,1.6,1.62,20410,0
20120403,1.6,1.69,1.6,1.68,39189,0
20120404,1.61,1.68,1.61,1.64,3512,0
20120405,1.61,1.67,1.61,1.67,8350,0
20120409,1.67,1.67,1.6,1.66,4850,0
20120410,1.62,1.65,1.61,1.62,10700,0
20120411,1.63,1.67,1.63,1.66,5188,0
20120412,1.64,1.72,1.62,1.65,21800,0
20120413,1.65,1.71,1.65,1.65,1960,0
20120416,1.67,1.73,1.65,1.72,71157,0
20120417,1.71,1.89,1.71,1.78,80450,0
20120418,1.83,2.11,1.8,2.1,88719,0
20120419,2.15,2.58,2.13,2.2,268816,0
20120420,2.17,2.17,1.91,1.96,81279,0
20120423,1.91,2,1.9,1.96,24022,0
20120424,1.91,1.95,1.82,1.82,61016,0
20120425,1.85,2,1.84,1.98,16534,0
20120426,2,2.01,1.88,1.9,16537,0
20120427,1.91,1.91,1.77,1.86,12648,0
20120430,1.8,1.86,1.7,1.81,20419,0
20120501,1.79,1.79,1.65,1.72,79002,0
20120502,1.71,1.71,1.63,1.63,23190,0
20120503,1.63,1.8,1.62,1.65,36540,0
20120504,1.63,1.69,1.63,1.63,12560,0
20120507,1.63,1.78,1.63,1.76,5980,0
20120508,1.68,1.78,1.63,1.67,17075,0
20120509,1.65,1.73,1.64,1.64,12100,0
20120510,1.64,1.73,1.63,1.63,4200,0
20120511,1.62,1.7,1.52,1.53,51941,0
20120514,1.56,1.61,1.55,1.55,12708,0
20120515,1.51,1.51,1.29,1.43,57072,0
20120516,1.38,1.4,1.32,1.32,15150,0
20120517,1.32,1.4,1.31,1.4,4220,0
20120518,1.36,1.44,1.36,1.44,8650,0
20120521,1.45,1.47,1.26,1.31,36989,0
20120522,1.26,1.36,1.26,1.31,2990,0
20120523,1.38,1.39,1.37,1.39,5253,0
20120524,1.47,1.58,1.3,1.52,21760,0
20120525,1.5,1.52,1.47,1.52,7405,0
20120529,1.48,1.5,1.4,1.5,6700,0
20120530,1.43,1.53,1.37,1.45,11936,0
20120531,1.49,1.5,1.45,1.45,1300,0
20120601,1.42,1.5,1.42,1.44,14890,0
20120604,1.34,1.4,1.34,1.38,4450,0
20120605,1.39,1.39,1.35,1.35,14223,0
20120606,1.38,1.44,1.35,1.4,7900,0
20120607,1.52,1.52,1.35,1.36,1900,0
20120608,1.35,1.5,1.31,1.33,4400,0
20120611,1.51,1.51,1.42,1.46,801,0
20120612,1.37,1.38,1.35,1.35,3512,0
20120613,1.47,1.47,1.32,1.44,5200,0
20120614,1.44,1.46,1.4,1.4,5650,0
20120615,1.34,1.5,1.25,1.36,21249,0
20120618,1.36,1.47,1.36,1.42,12899,0
20120619,1.48,1.48,1.21,1.21,116566,0
20120620,1.25,1.36,1.21,1.21,45608,0
20120621,1.23,1.33,1.15,1.15,56442,0
20120622,1.2,1.23,1.05,1.15,35793,0
20120625,1.15,1.2,1.07,1.07,17549,0
20120626,1.12,1.14,1.07,1.14,34552,0
20120627,1.17,1.17,1.14,1.14,12166,0
20120628,1.14,1.19,1.14,1.15,8417,0
20120629,1.23,1.23,1.18,1.206,19800,0
20120702,1.21,1.22,1.18,1.2,8150,0
20120703,1.22,1.22,1.2,1.21,2487,0
20120705,1.19,1.22,1.17,1.181,4800,0
20120706,1.17,1.21,1.17,1.18,3250,0
20120709,1.17,1.17,1.17,1.17,4600,0
20120710,1.16,1.23,1.12,1.12,17706,0
20120711,1.13,1.18,1.12,1.18,7300,0
20120713,1.19,1.19,1.15,1.19,2000,0
20120716,1.13,1.18,1.13,1.15,3200,0
20120717,1.15,1.18,1.13,1.13,14460,0
20120718,1.13,1.17,1.13,1.15,650,0
20120719,1.13,1.17,1.08,1.08,24801,0
20120720,1.13,1.14,1.11,1.11,8690,0
20120723,1.12,1.14,1.12,1.13,5300,0
20120724,1.14,1.14,1.1,1.14,6350,0
20120725,1.11,1.14,1.11,1.11,1118,0
20120726,1.14,1.14,1.05,1.1,16881,0
20120727,1.06,1.1,1,1,13299,0
20120730,1,1.07,1,1.01,14900,0
20120731,1.04,1.04,0.74,0.84,18436,0
20120801,0.93,0.93,0.76,0.76,43661,0
20120802,0.8,0.93,0.78,0.799,28290,0
20120803,0.85,0.92,0.84,0.92,54267,0
20120806,0.95,0.95,0.85,0.85,7001,0
20120807,0.9,0.9499,0.9,0.92,11267,0
20120808,0.95,0.97,0.9,0.916,23352,0
20120809,0.9599,1.09,0.9599,1,50130,0
20120810,1,1,0.96,1,20807,0
20120813,1,1,0.9201,0.95,11700,0
20120814,1.04,1.04,0.94,0.94,10178,0
20120815,0.99,1,0.92,0.95,11795,0
20120816,1,1,0.9497,0.9999,10600,0
20120817,1,1.1,1,1.0499,31221,0
20120820,1.05,1.17,1.05,1.17,22523,0
20120821,1.17,1.2,1.14,1.14,875,0
20120822,1.19,1.2,1.13,1.2,7300,0
20120823,1.15,1.2,1.13,1.2,6329,0
20120824,1.13,1.22,0.9225,1.059,25134,0
20120827,1.12,1.12,1.03,1.03,1180,0
20120828,1.12,1.13,1.0807,1.0807,1300,0
20120829,1.06,1.13,1.06,1.12,1080,0
20120830,1.12,1.15,1.12,1.13,4572,0
20120831,1.0401,1.19,1.0401,1.0438,4100,0
20120904,1.08,1.1,1.08,1.1,13100,0
20120905,1.1,1.2,1.1,1.2,23701,0
20120906,1.19,1.234,1.07,1.2,27187,0
20120907,1.2,1.218,1.12,1.191,800,0
20120910,1.18,1.18,1.0901,1.18,5135,0
20120911,1.13,1.177,1.13,1.139,12050,0
20120912,1.14,1.14,1.11,1.11,3700,0
20120913,1.08,1.08,1.0401,1.0401,500,0
20120914,1.01,1.2,1,1.2,36114,0
20120917,1.2,1.2,1.14,1.19,33600,0
20120918,1.15,1.22,1.12,1.22,10500,0
20120919,1.18,1.35,1.18,1.35,39086,0
20120920,1.2301,1.31,1.078,1.2,15227,0
20120921,1.205,1.3,1.1101,1.29,8175,0
20120924,1.2,1.29,1.13,1.17,16226,0
20120925,1.23,1.3,1.14,1.3,16151,0
20120926,1.3,1.5,1.15,1.32,25260,0
20120927,1.27,1.45,1.26,1.4484,21900,0
20120928,1.4,1.48,1.4,1.48,21959,0
20121001,1.5,1.66,1.47,1.66,45499,0
20121002,1.57,1.5784,1.52,1.54,5325,0
20121003,1.55,1.58,1.52,1.58,2100,0
20121004,1.6,1.6,1.2301,1.51,16044,0
20121005,1.47,1.51,1.46,1.46,3840,0
20121008,1.44,1.57,1.4208,1.57,7248,0
20121009,1.43,1.49,1.43,1.49,624,0
20121010,1.38,1.38,1.36,1.36,212,0
20121011,1.36,1.48,1.35,1.48,1250,0
20121012,1.42,1.53,1.42,1.5,6414,0
20121015,1.21,1.41,1.19,1.3531,18937,0
20121016,1.3,1.39,1.3,1.32,2000,0
20121017,1.27,1.38,1.27,1.38,4600,0
20121018,1.29,1.38,1.29,1.36,4250,0
20121019,1.39,1.39,1.31,1.38,7100,0
20121022,1.28,1.55,1.28,1.5499,10313,0
20121023,1.54,1.54,1.42,1.42,2358,0
20121024,1.36,1.37,1.33,1.37,11050,0
20121025,1.3,1.37,1.28,1.3,10940,0
20121026,1.26,1.37,1.25,1.27,5900,0
20121031,1.37,1.37,1.2,1.22,7911,0
20121101,1.2,1.36,1.2,1.28,4533,0
20121102,1.2,1.22,1.18,1.22,17118,0
20121105,1.18,1.26,1.1717,1.2432,8169,0
20121106,1.26,1.26,1.17,1.2432,5787,0
20121107,1.25,1.25,1.07,1.07,10900,0
20121108,1.07,1.2,1.02,1.05,9725,0
20121109,0.9983,1,0.945,0.99,9030,0
20121112,0.92,1,0.92,0.95,10329,0
20121113,0.98,0.98,0.9,0.97,17738,0
20121114,0.89,0.9868,0.83,0.85,30903,0
20121115,0.83,0.83,0.791,0.791,7227,0
20121116,0.8,0.83,0.78,0.78,10800,0
20121119,0.83,0.86,0.782,0.782,11606,0
20121120,0.7685,0.918,0.73,0.8299,6800,0
20121121,0.83,0.83,0.8,0.81,5500,0
20121123,0.77,0.83,0.76,0.8,12500,0
20121126,0.8,0.921,0.7803,0.855,58091,0
20121127,0.8,0.9101,0.8,0.85,26679,0
20121128,0.87,0.87,0.8,0.8101,9780,0
20121129,0.92,0.92,0.8,0.8101,14400,0
20121130,0.79,0.91,0.79,0.85,7781,0
20121203,0.8799,0.8901,0.81,0.82,15945,0
20121204,0.89,0.89,0.8615,0.88,3200,0
20121205,0.86,0.928,0.86,0.928,5402,0
20121206,0.93,0.93,0.9,0.9144,7600,0
20121207,0.91,0.98,0.9099,0.958,2650,0
20121210,0.92,0.972,0.9,0.96,22798,0
20121211,0.973,0.973,0.85,0.85,8655,0
20121212,0.97,0.98,0.86,0.86,1900,0
20121213,0.95,0.968,0.8751,0.9,7650,0
20121214,0.92,0.92,0.92,0.92,433,0
20121217,0.91,1,0.87,0.95,22400,0
20121218,1,1.0799,0.9101,1,12840,0
20121219,1.08,1.09,0.92,0.93,12318,0
20121220,0.89,0.9399,0.87,0.87,14874,0
20121221,0.85,0.92,0.85,0.9,1961,0
20121224,1.09,1.09,0.9101,1,11507,0
20121226,0.9396,0.9396,0.9,0.92,5400,0
20121227,0.95,0.9842,0.85,0.862,7650,0
20121228,0.8801,0.9313,0.861,0.861,2700,0
20121231,0.86,0.9,0.81,0.85,22398,0
20130102,0.88,0.98,0.88,0.9601,12300,0
20130103,0.9799,0.9799,0.8402,0.96,6425,0
20130104,0.894,0.94,0.894,0.94,9254,0
20130107,0.94,0.94,0.93,0.93,1100,0
20130108,0.85,0.97,0.85,0.97,8400,0
20130109,0.98,0.98,0.88,0.88,5485,0
20130110,0.96,0.96,0.82,0.87,5000,0
20130111,0.94,0.95,0.93,0.95,4200,0
20130114,0.871,0.8975,0.871,0.8975,6200,0
20130115,0.9,0.95,0.9,0.95,2200,0
20130117,0.9,0.9504,0.9,0.9504,4300,0
20130118,0.8901,0.8901,0.8901,0.8901,101,0
20130123,0.88,0.91,0.85,0.91,8062,0
20130124,0.85,0.92,0.85,0.8801,5400,0
20130125,0.9,0.9,0.88,0.88,3954,0
20130128,0.9609,0.9609,0.88,0.89,10862,0
20130129,0.946,0.946,0.88,0.9297,4710,0
20130130,0.952,0.952,0.8801,0.8801,3600,0
20130131,0.8701,0.923,0.851,0.89,30400,0
20130201,0.9469,0.95,0.8901,0.95,4100,0
20130204,0.8322,0.9499,0.8322,0.9,900,0
20130205,0.87,0.9172,0.85,0.85,13050,0
20130206,0.87,0.9051,0.86,0.8982,1800,0
20130207,0.9,0.9,0.85,0.85,3900,0
20130208,0.91,0.91,0.83,0.84,8500,0
20130211,0.913,0.9267,0.9099,0.92,16448,0
20130212,0.85,0.909,0.85,0.9,8870,0
20130213,0.8601,0.89,0.8601,0.89,1286,0
20130214,0.92,0.92,0.86,0.92,6599,0
20130215,0.8501,0.88,0.8308,0.85,4900,0
20130219,0.85,0.92,0.85,0.86,6150,0
20130221,0.9087,0.9087,0.875,0.875,1900,0
20130222,0.9199,0.92,0.86,0.9199,6255,0
20130225,0.8601,0.8999,0.8501,0.8999,1710,0
20130226,0.85,0.85,0.85,0.85,500,0
20130227,0.85,0.87,0.85,0.87,10800,0
20130228,0.85,0.906,0.82,0.82,25812,0
20130301,0.902,0.902,0.8301,0.84,2900,0
20130304,0.88,0.88,0.85,0.88,2074,0
20130305,0.87,0.87,0.81,0.84,11052,0
20130306,0.8201,0.8301,0.8,0.8,15200,0
20130307,0.8,0.84,0.77,0.8,23213,0
20130308,0.8,0.837,0.77,0.8,5572,0
20130311,0.77,0.81,0.76,0.76,19742,0
20130312,0.77,0.77,0.6711,0.7289,40006,0
20130313,0.75,0.75,0.7,0.7,3000,0
20130314,0.701,0.75,0.701,0.7201,9776,0
20130315,0.7152,0.78,0.709,0.7799,19180,0
20130318,0.71,0.76,0.7,0.7,31903,0
20130319,0.7,0.8,0.7,0.8,18564,0
20130320,0.71,0.7898,0.7,0.7794,5000,0
20130321,0.7,0.77,0.7,0.7,12097,0
20130322,0.7,0.73,0.7,0.7158,22016,0
20130325,0.67,0.72,0.67,0.7021,9865,0
20130326,0.68,0.72,0.68,0.69,20924,0
20130327,0.69,0.71,0.67,0.67,9400,0
20130328,0.71,0.7299,0.7099,0.7299,6700,0
20130401,0.72,0.72,0.67,0.7,11400,0
20130402,0.7299,0.76,0.702,0.73,18600,0
20130403,0.7,0.75,0.6999,0.75,7702,0
20130405,0.7021,0.72,0.7021,0.72,1570,0
20130408,0.7141,0.75,0.7117,0.74,12710,0
20130409,0.681,0.72,0.671,0.7,23300,0
20130410,0.73,0.936,0.73,0.8499,88104,0
20130411,0.79,0.85,0.79,0.8339,39080,0
20130412,0.8,0.94,0.79,0.9199,72972,0
20130415,0.99,0.9999,0.8,0.8117,112044,0
20130416,0.87,0.87,0.82,0.85,57394,0
20130417,0.8,0.84,0.8,0.8,13744,0
20130418,0.83,0.84,0.8,0.8,48146,0
20130419,0.78,0.83,0.78,0.8,42400,0
20130422,0.79,0.8,0.7,0.7001,86371,0
20130423,0.72,0.73,0.7,0.729,12330,0
20130424,0.702,0.729,0.7,0.702,14900,0
20130425,0.7296,0.738,0.7,0.7,11900,0
20130426,0.727,0.727,0.7,0.7,7900,0
20130429,0.7,0.72,0.7,0.72,18688,0
20130430,0.73,0.74,0.7,0.7,7056,0
20130501,0.7,0.729,0.681,0.7,20550,0
20130502,0.69,0.69,0.68,0.69,42646,0
20130503,0.71,0.7124,0.68,0.699,9150,0
20130506,0.71,0.735,0.7,0.7314,10465,0
20130507,0.72,0.72,0.7,0.7,4600,0
20130508,0.7199,0.7199,0.69,0.7185,11400,0
20130509,0.7,0.73,0.68,0.69,9000,0
20130510,0.68,0.72,0.68,0.7185,10400,0
20130513,0.71,0.733,0.6801,0.72,6655,0
20130514,0.7,0.7227,0.68,0.69,21240,0
20130515,0.69,0.7226,0.68,0.7,21195,0
20130516,0.7,0.7,0.68,0.7,26889,0
20130517,0.7,0.7401,0.7,0.74,23222,0
20130520,0.68,0.74,0.68,0.7101,18908,0
20130521,0.7,0.7,0.681,0.7,21200,0
20130522,0.71,0.7287,0.681,0.69,25393,0
20130523,0.681,0.722,0.662,0.7,15981,0
20130524,0.718,0.718,0.67,0.67,19900,0
20130528,0.64,0.6969,0.55,0.61,77709,0
20130529,0.65,0.6779,0.57,0.63,49180,0
20130530,0.6001,0.6579,0.6001,0.64,4200,0
20130531,0.61,0.65,0.58,0.64,33400,0
20130603,0.5984,0.628,0.5631,0.592,54760,0
20130604,0.61,0.6201,0.57,0.6,40004,0
20130605,0.57,0.64,0.55,0.571,36450,0
20130606,0.6,0.6,0.55,0.56,47968,0
20130607,0.57,0.57,0.55,0.55,56700,0
20130610,0.5651,0.57,0.5651,0.57,6050,0
20130611,0.57,0.588,0.551,0.551,14100,0
20130612,0.551,0.57,0.551,0.5548,1300,0
20130613,0.5511,0.5799,0.5511,0.57,35190,0
20130614,0.589,0.59,0.587,0.5899,4937,0
20130617,0.55,0.77,0.55,0.77,139177,0
20130618,0.75,0.7501,0.662,0.72,64998,0
20130619,0.72,0.77,0.67,0.7,56840,0
20130620,0.63,0.71,0.601,0.62,51527,0
20130621,0.65,0.65,0.6,0.63,41052,0
20130624,0.6,0.6,0.55,0.5511,55814,0
20130625,0.59,0.6177,0.55,0.5801,43275,0
20130626,0.62,0.62,0.55,0.5999,28599,0
20130627,0.57,0.575,0.55,0.575,47850,0
20130628,0.56,0.6049,0.54,0.57,41731,0
20130701,0.6098,0.699,0.6098,0.68,61580,0
20130702,0.71,0.71,0.57,0.63,43200,0
20130703,0.583,0.638,0.54,0.566,45498,0
20130705,0.6,0.618,0.542,0.5555,48801,0
20130708,0.501,0.73,0.501,0.608,123024,0
20130709,0.56,0.59,0.54,0.58,15734,0
20130710,0.54,0.57,0.54,0.5521,16580,0
20130711,0.5531,0.58,0.5531,0.5601,9500,0
20130712,0.577,0.59,0.5699,0.588,9200,0
20130715,0.58,0.59,0.5799,0.588,8300,0
20130716,0.59,0.59,0.53,0.58,39790,0
20130717,0.55,0.59,0.55,0.58,15850,0
20130718,0.56,0.61,0.56,0.6,24775,0
20130719,0.5723,0.6,0.5723,0.574,4100,0
20130722,0.5999,0.6,0.5901,0.5999,10351,0
20130723,0.61,0.6279,0.6,0.6098,21770,0
20130724,0.628,0.628,0.58,0.6,25311,0
20130725,0.58,0.6,0.58,0.5999,3804,0
20130726,0.6099,0.6099,0.5902,0.6098,4150,0
20130729,0.5909,0.61,0.5901,0.5901,1245,0
20130730,0.6079,0.608,0.6079,0.608,1500,0
20130731,0.61,0.7,0.61,0.64,29512,0
20130801,0.6511,0.6511,0.62,0.6301,8550,0
20130802,0.6201,0.65,0.6201,0.64,1700,0
20130805,0.61,0.64,0.55,0.59,28295,0
20130806,0.62,0.62,0.565,0.565,7500,0
20130807,0.5835,0.5868,0.57,0.57,2600,0
20130808,0.5899,0.59,0.5899,0.59,1100,0
20130809,0.5801,0.608,0.57,0.608,13497,0
20130812,0.6159,0.6179,0.6,0.6179,11520,0
20130813,0.6,0.6696,0.59,0.6696,36247,0
20130814,0.59,0.64,0.59,0.59,14200,0
20130815,0.65,0.69,0.64,0.69,49955,0
20130816,0.69,0.73,0.68,0.72,50715,0
20130819,0.73,0.9,0.62,0.8499,126808,0
20130820,0.85,0.85,0.7801,0.82,23592,0
20130821,1.1,1.28,0.89,0.913,699672,0
20130822,0.9,1.14,0.8501,0.95,187509,0
20130823,1,1.05,0.96,0.9899,126795,0
20130826,1.02,1.04,0.98,0.982,56642,0
20130827,0.95,0.9901,0.808,0.812,117196,0
20130828,0.82,0.9,0.76,0.83,85805,0
20130829,0.8,0.828,0.6516,0.828,105770,0
20130830,0.726,0.825,0.726,0.823,16500,0
20130903,0.78,0.86,0.77,0.79,44900,0
20130904,0.8,0.9,0.78,0.9,11141,0
20130905,0.9,0.9,0.78,0.79,74481,0
20130906,0.81,0.8199,0.8,0.8,32760,0
20130909,0.83,0.858,0.76,0.82,117081,0
20130910,0.859,0.86,0.762,0.762,46600,0
20130911,0.7831,0.848,0.78,0.848,26756,0
20130912,0.86,0.8601,0.7801,0.81,14700,0
20130913,0.8045,0.81,0.7601,0.8,5805,0
20130916,0.848,0.848,0.81,0.81,2800,0
20130917,0.8399,0.8399,0.818,0.82,2900,0
20130918,0.7968,0.838,0.7968,0.81,14400,0
20130919,0.79,0.8,0.79,0.791,21323,0
20130920,0.79,0.79,0.76,0.77,17130,0
20130923,0.79,0.82,0.7499,0.798,24200,0
20130924,0.79,0.8298,0.78,0.8,24500,0
20130925,0.8,0.81,0.77,0.77,19400,0
20130926,0.8198,0.8301,0.78,0.828,55250,0
20130927,0.82,0.93,0.81,0.81,48000,0
20130930,0.95,1.02,0.92,0.98,236100,0
20131001,1.01,1.02,0.95,1,143000,0
20131002,1.03,1.03,0.96,1.02,135900,0
20131003,1.06,1.44,1.06,1.3,1119800,0
20131004,1.26,1.35,1.21,1.35,245111,0
20131007,1.25,1.3,1.24,1.25,65600,0
20131008,1.25,1.4,1.25,1.27,292500,0
20131009,1.29,1.88,1.28,1.64,1334600,0
20131010,1.6,1.84,1.55,1.73,452100,0
20131011,1.69,1.8,1.67,1.72,180500,0
20131014,1.72,1.72,1.52,1.61,124200,0
20131015,1.61,1.93,1.6,1.76,201100,0
20131016,1.73,1.95,1.66,1.72,239400,0
20131017,1.78,1.84,1.67,1.69,127900,0
20131018,1.7,1.78,1.67,1.72,166800,0
20131021,1.76,1.87,1.69,1.74,112700,0
20131022,1.79,1.79,1.68,1.72,110200,0
20131023,1.7,1.77,1.65,1.67,225000,0
20131024,1.69,1.69,1.51,1.54,122071,0
20131025,1.57,1.66,1.55,1.56,68900,0
20131028,1.6,1.65,1.51,1.54,39000,0
20131029,1.56,1.6,1.54,1.55,26900,0
20131030,1.52,1.57,1.46,1.49,107700,0
20131031,1.49,1.4901,1.3,1.41,123351,0
20131101,1.42,1.55,1.38,1.47,41800,0
20131104,1.5,1.64,1.5,1.57,19100,0
20131105,1.6,1.67,1.6,1.6,66500,0
20131106,1.62,1.84,1.61,1.8,200600,0
20131107,1.82,1.84,1.7,1.7,136000,0
20131108,1.71,1.82,1.71,1.81,50944,0
20131111,1.84,1.84,1.73,1.79,47700,0
20131112,1.83,1.99,1.71,1.97,172600,0
20131113,1.95,1.95,1.77,1.9,103100,0
20131114,2.05,2.05,1.8813,1.95,274219,0
20131115,2.01,2.18,1.96,2.15,186104,0
20131118,2.15,2.15,1.98,2.01,210800,0
20131119,1.95,1.99,1.47,1.67,333800,0
20131120,1.68,1.84,1.67,1.73,98800,0
20131121,1.8,1.9,1.7499,1.84,94179,0
20131122,1.8,1.87,1.79,1.79,38700,0
20131125,1.84,1.84,1.72,1.73,47337,0
20131126,1.73,1.79,1.73,1.77,25000,0
20131127,1.76,1.84,1.75,1.83,11100,0
20131129,1.83,1.8555,1.78,1.79,22769,0
20131202,1.79,1.83,1.79,1.83,20288,0
20131203,1.8,1.94,1.8,1.88,34300,0
20131204,1.88,2.1,1.88,2,103500,0
20131205,2.02,2.2,1.99,2.2,172200,0
20131206,2.23,2.3,2.14,2.19,176100,0
20131209,2.28,2.39,2.26,2.3,156700,0
20131210,2.3,2.47,2.3,2.44,151300,0
20131211,2.42,2.42,2.2,2.25,74540,0
20131212,2.26,2.35,2.07,2.16,82500,0
20131213,2.19,2.25,2.11,2.23,42100,0
20131216,2.18,2.27,2.15,2.27,28600,0
20131217,2.19,2.34,2.18,2.23,39000,0
20131218,2.23,2.27,2.1601,2.23,57139,0
20131219,2.23,2.31,2.2244,2.31,15819,0
20131220,2.25,2.29,2.25,2.27,17800,0
20131223,2.3,2.32,2.16,2.19,52600,0
20131224,2.19,2.26,2.19,2.26,4823,0
20131226,2.24,2.34,2.22,2.29,55700,0
20131227,2.27,2.32,2.15,2.21,26372,0
20131230,2.21,2.28,2.16,2.24,7800,0
20131231,2.27,2.27,2.18,2.18,28400,0
20140102,2.26,2.28,2.03,2.13,86260,0
20140103,2.1,2.22,1.87,2.17,209554,0
20140106,2.1588,2.24,2.0899,2.135,22710,0
20140107,2.19,2.2,2.05,2.18,58300,0
20140108,2.09,2.19,2.09,2.15,19000,0
20140109,2.11,2.15,2.02,2.06,61700,0
20140110,2.03,2.18,2.02,2.15,74796,0
20140113,2.11,2.14,2.1,2.14,16100,0
20140114,2.07,2.14,2.05,2.08,23128,0
20140115,2.03,2.13,2.03,2.06,41500,0
20140116,2.02,2.09,2.02,2.06,13200,0
20140117,2.03,2.12,2.01,2.06,56900,0
20140121,2.01,2.14,2.01,2.05,115386,0
20140122,2.03,2.09,2.02,2.07,36640,0
20140123,2.03,2.07,1.93,2.01,67300,0
20140124,1.96,2.05,1.95,1.98,20200,0
20140127,1.98,2,1.98,2,17600,0
20140128,1.97,2.07,1.97,2.03,12500,0
20140129,2.05,2.05,1.95,1.9601,22921,0
20140130,1.95,2,1.94,1.98,14190,0
20140131,1.94,1.99,1.94,1.95,8700,0
20140203,1.964,1.964,1.92,1.93,13773,0
20140204,1.93,1.96,1.92,1.96,11714,0
20140205,1.92,1.95,1.89,1.93,20850,0
20140206,1.89,1.9,1.86,1.86,9485,0
20140207,1.86,1.87,1.67,1.68,65835,0
20140210,1.67,1.82,1.67,1.75,47385,0
20140211,1.8242,1.8242,1.73,1.77,2035,0
20140212,1.78,1.81,1.77,1.8,10744,0
20140213,1.92,1.92,1.87,1.8845,4998,0
20140214,1.78,1.9,1.71,1.74,34376,0
20140218,1.74,1.84,1.7,1.73,17100,0
20140219,1.7,1.73,1.66,1.71,35485,0
20140220,1.7099,1.7099,1.68,1.69,11351,0
20140221,1.73,1.73,1.6601,1.6999,2668,0
20140224,1.7,1.78,1.7,1.77,11550,0
20140225,1.7201,1.81,1.7201,1.8099,11000,0
20140226,1.82,1.88,1.82,1.86,17060,0
20140227,1.88,1.88,1.8341,1.8341,13815,0
20140228,1.7601,1.87,1.7601,1.83,3225,0
20140303,1.81,1.87,1.81,1.86,16940,0
20140304,1.88,1.95,1.8413,1.95,34905,0
20140305,2,2.05,1.92,1.98,163995,0
20140306,2.04,2.35,1.83,2.07,297851,0
20140307,2,2.14,1.96,2.0599,65476,0
20140310,2.11,2.13,2.03,2.05,29284,0
20140311,1.96,2.09,1.89,1.92,52442,0
20140312,1.89,1.93,1.82,1.84,54479,0
20140313,1.89,2.3,1.89,2.09,197205,0
20140314,1.75,1.815,1.59,1.73,349690,0
20140317,1.8,1.866,1.8,1.83,62287,0
20140318,1.85,1.96,1.7704,1.867,109079,0
20140319,1.86,1.86,1.732,1.78,30185,0
20140320,1.82,1.82,1.7,1.79,17400,0
20140321,1.74,1.81,1.73,1.77,28181,0
20140324,1.73,1.82,1.72,1.77,6482,0
20140325,1.74,1.82,1.74,1.82,11488,0
20140326,1.8,1.82,1.75,1.79,17600,0
20140327,1.85,2.099,1.8,1.85,115365,0
20140328,1.87,1.9,1.78,1.83,11467,0
20140331,1.8,1.87,1.79,1.86,6924,0
20140401,1.88,1.88,1.83,1.83,16950,0
20140402,1.8302,1.92,1.8302,1.9,7639,0
20140403,1.87,1.98,1.8401,1.8401,8470,0
20140404,1.85,1.86,1.8,1.812,21425,0
20140407,1.84,1.85,1.8199,1.82,9333,0
20140408,1.8,1.82,1.8,1.81,15563,0
20140409,1.86,1.92,1.82,1.8201,12220,0
20140410,1.88,2,1.8201,1.88,44684,0
20140411,1.89,1.94,1.8201,1.91,65179,0
20140414,1.92,2,1.8701,1.97,34306,0
20140415,1.979,2.15,1.95,2.029,70886,0
20140416,2.03,2.03,1.9,1.95,42133,0
20140417,1.95,2.04,1.95,2.01,24498,0
20140421,2.15,2.15,1.96,2.1,32971,0
20140422,2.1,2.35,2.0996,2.27,363052,0
20140423,2.25,2.25,2.16,2.179,74709,0
20140424,2.21,2.22,2.1101,2.1938,22526,0
20140425,2.2,2.247,2.13,2.19,12222,0
20140428,2.24,2.24,2.01,2.01,43819,0
20140429,2,2.0599,1.93,1.9801,22320,0
20140430,2.0243,2.0899,2,2.07,7858,0
20140501,2,2.05,1.9801,2.05,7016,0
20140502,2,2.05,1.97,1.99,7464,0
20140505,2,2.1,2,2.09,44003,0
20140506,2.1101,2.1101,2.0501,2.09,6900,0
20140507,1.9701,2.05,1.9701,2.01,13280,0
20140508,2,2.1,2,2.06,27974,0
20140509,2.1,2.14,2.06,2.119,11494,0
20140512,2.15,2.18,2.02,2.12,37305,0
20140513,2.21,2.21,2.0601,2.13,43832,0
20140514,2.1101,2.15,2.1001,2.1002,14896,0
20140515,2.1,2.137,2.05,2.052,17509,0
20140516,2.12,2.12,2.05,2.11,38442,0
20140519,2.11,2.11,2,2.03,39531,0
20140520,2.06,2.14,2.02,2.12,46752,0
20140521,2.1,2.16,2.05,2.12,49658,0
20140522,2.0999,2.19,2.0401,2.19,42756,0
20140523,2.1499,2.21,2.1299,2.2,76011,0
20140527,2.2,2.25,2.15,2.24,55541,0
20140528,2.25,2.38,2.2,2.25,195189,0
20140529,2.22,2.2699,2.12,2.18,68731,0
20140530,2.19,2.2,2.13,2.2,41901,0
20140602,2.22,2.22,2.11,2.21,35116,0
20140603,2.16,2.22,2.1,2.22,27955,0
20140604,2.2,2.2,2.101,2.19,48601,0
20140605,2.111,2.1685,2.04,2.13,34879,0
20140606,2.13,2.15,2.1,2.15,18939,0
20140609,2.15,2.17,2.11,2.14,22205,0
20140610,2.13,2.17,2.12,2.12,10200,0
20140611,2.17,2.19,2.13,2.18,17434,0
20140612,2.18,2.18,2.12,2.16,21250,0
20140613,2.13,2.19,2.13,2.15,44982,0
20140616,2.12,2.18,2.089,2.14,37743,0
20140617,2.12,2.18,2.1199,2.18,61103,0
20140618,2.19,2.23,2.14,2.19,131605,0
20140619,2.2,2.35,2.2,2.21,167791,0
20140620,2.17,2.28,2.16,2.19,61264,0
20140623,2.2,2.25,2.16,2.25,40163,0
20140624,2.18,2.26,2.18,2.26,34748,0
20140625,2.25,2.25,2,2.15,58211,0
20140626,2.14,2.15,2.02,2.11,42796,0
20140627,2.08,2.1,2.02,2.1,42725,0
20140630,2.07,2.09,2.03,2.05,9939,0
20140701,2.03,2.07,2.03,2.07,16636,0
20140702,2.04,2.12,2.03,2.1,32900,0
20140703,2.1,2.2,2.07,2.12,46008,0
20140707,2.14,2.14,2.06,2.06,8618,0
20140708,2.1,2.1,2.05,2.0501,13579,0
20140709,2.03,2.08,2.03,2.05,5407,0
20140710,2.04,2.08,2.04,2.04,11200,0
20140711,2.08,2.1,2.08,2.0801,20311,0
20140714,2.13,2.13,2.1,2.12,19339,0
20140715,2.19,2.19,2.1,2.13,20321,0
20140716,2.12,2.2,2.12,2.1501,41511,0
20140717,2.23,2.27,2.05,2.06,93050,0
20140718,2.05,2.15,2.05,2.15,29886,0
20140721,2.16,2.17,2.07,2.12,63825,0
20140722,2.1,2.1,2.03,2.04,75683,0
20140723,2.04,2.06,1.95,2.01,84228,0
20140724,2,2,1.96,2,15237,0
20140725,2.01,2.01,1.85,2,32680,0
20140728,2,2,1.88,2,25929,0
20140729,1.77,2.11,1.77,1.98,34815,0
20140730,1.99,2.01,1.9501,2.01,22795,0
20140731,2,2,1.96,1.99,18300,0
20140801,2.02,2.02,1.98,1.99,28910,0
20140804,1.98,2,1.96,1.99,25176,0
20140805,1.93,1.9999,1.791,1.83,49087,0
20140806,1.83,2,1.83,2,26191,0
20140807,2,2,1.91,2,24885,0
20140808,1.93,2.12,1.93,2.06,77800,0
20140811,2.03,2.03,1.9999,2,17928,0
20140812,1.98,1.99,1.8111,1.85,48690,0
20140813,1.81,2,1.81,2,25591,0
20140814,1.97,2,1.94,2,10825,0
20140815,2,2,1.911,1.9301,7084,0
20140818,2,2,1.95,1.95,5359,0
20140819,1.8682,1.98,1.8682,1.9108,1400,0
20140820,1.96,1.98,1.91,1.98,14908,0
20140821,1.93,2.02,1.93,2,26203,0
20140822,1.9999,1.9999,1.91,1.95,12583,0
20140825,2,2.05,1.93,2,32120,0
20140826,1.97,2.01,1.95,1.95,13710,0
20140827,1.98,1.98,1.87,1.88,26882,0
20140828,1.92,1.98,1.85,1.92,29256,0
20140829,1.9,1.93,1.85,1.89,21545,0
20140902,1.85,1.8746,1.79,1.8,18104,0
20140903,1.8,1.8144,1.57,1.7,58149,0
20140904,1.7,1.7,1.48,1.57,46915,0
20140905,1.52,1.58,1.37,1.48,152207,0
20140908,1.48,1.48,1.24,1.37,204204,0
20140909,1.3,1.3694,1.15,1.28,171186,0
20140910,1.25,1.37,1.23,1.37,55923,0
20140911,1.37,1.49,1.31,1.48,158588,0
20140912,1.44,1.69,1.44,1.65,72978,0
20140915,1.67,1.949,1.65,1.758,189657,0
20140916,1.8,1.84,1.7101,1.83,76481,0
20140917,1.9,1.9,1.79,1.9,83243,0
20140918,1.85,1.95,1.85,1.93,55727,0
20140919,1.95,1.96,1.8201,1.96,63431,0
20140922,1.9,1.97,1.82,1.95,84493,0
20140923,1.91,1.95,1.85,1.95,54800,0
20140924,1.9,1.95,1.86,1.9131,13221,0
20140925,1.89,1.94,1.88,1.94,17480,0
20140926,1.92,1.95,1.8799,1.95,25680,0
20140929,1.92,2.05,1.85,2.03,73316,0
20140930,2.05,2.09,1.99,2,8641,0
20141001,2.03,2.09,1.9101,2,16800,0
20141002,2,2.0201,1.88,1.99,31468,0
20141003,2,2.05,2,2.0499,26090,0
20141006,2.04,2.08,1.97,2.0799,40509,0
20141007,2.0701,2.1,2.07,2.0899,66742,0
20141008,2.07,2.0701,2.02,2.05,10580,0
20141009,2.05,2.1,2,2.1,76116,0
20141010,2.09,2.1,1.97,2.1,43218,0
20141013,2.0932,2.11,2.0101,2.05,47362,0
20141014,2.08,2.08,2,2.07,20348,0
20141015,2.06,2.1,1.86,2.0599,47828,0
20141016,1.99,2.1,1.88,2.1,55384,0
20141017,2.1,2.11,1.96,2.11,98484,0
20141020,2.1,2.1499,2.0601,2.14,79095,0
20141021,2.25,2.3,2,2.2,184844,0
20141022,2.21,2.24,2.05,2.1699,87030,0
20141023,2.2,2.24,2.1601,2.24,78074,0
20141024,2.24,2.3,2.21,2.27,109273,0
20141027,2.28,2.29,2.22,2.25,59142,0
20141028,2.27,2.3499,2.2318,2.3499,40265,0
20141029,2.35,2.3999,2.3001,2.39,69667,0
20141030,2.4,2.4,2.35,2.36,24916,0
20141031,2.39,2.4,2.36,2.3999,85383,0
20141103,2.4,2.4,2.3,2.39,46775,0
20141104,2.38,2.38,2.28,2.3399,47151,0
20141105,2.33,2.36,2.19,2.23,12723,0
20141106,2.3,2.3,2.2,2.28,52800,0
20141107,2.25,2.25,2.09,2.1899,84388,0
20141110,2.2499,2.25,2.15,2.2399,46730,0
20141111,2.24,2.3,2.1801,2.25,17075,0
20141112,2.25,2.25,2.1,2.18,31121,0
20141113,2.2499,2.35,2.23,2.2699,52158,0
20141114,2.28,2.29,2.18,2.2499,41619,0
20141117,2.22,2.33,2.22,2.28,25215,0
20141118,2.3,2.3,2.26,2.2899,34464,0
20141119,2.27,2.29,2.24,2.2699,22687,0
20141120,2.2799,2.28,2.22,2.2699,18361,0
20141121,2.27,2.27,2.18,2.2599,42742,0
20141124,2.26,2.28,2.18,2.1999,24639,0
20141125,2.24,2.25,2.05,2.08,52447,0
20141126,1.98,2.07,1.88,2,15039,0
20141128,2.01,2.02,2.01,2.01,400,0
20141201,2.05,2.08,2.0101,2.02,5119,0
20141202,2.05,2.07,2.02,2.0699,19905,0
20141203,2.09,2.09,2.0301,2.0301,2690,0
20141204,2.0301,2.05,2.0301,2.0468,10566,0
20141205,2.0504,2.06,2.0301,2.04,6225,0
20141208,2.03,2.07,2.02,2.021,5754,0
20141209,2.02,2.02,2.0168,2.0168,6335,0
20141210,1.99,2.01,1.96,2,15150,0
20141211,1.96,2,1.95,2,13900,0
20141212,1.95,1.95,1.78,1.78,32507,0
20141215,1.88,1.88,1.8554,1.88,832,0
20141216,1.86,2,1.86,1.871,3629,0
20141217,1.9899,1.9899,1.8,1.8,7776,0
20141218,1.9,1.9,1.85,1.85,12020,0
20141219,1.85,1.88,1.8201,1.88,6300,0
20141222,1.95,1.95,1.84,1.8401,795,0
20141223,1.92,1.9399,1.8501,1.8748,8925,0
20141224,1.86,1.8601,1.81,1.81,25207,0
20141226,1.6404,1.736,1.621,1.7,7659,0
20141229,1.68,1.7,1.6401,1.7,16159,0
20141230,1.7,1.91,1.6591,1.91,16915,0
20141231,1.88,1.91,1.71,1.73,17150,0
20150102,1.72,1.82,1.72,1.81,10966,0
20150105,1.8001,1.8001,1.7412,1.79,11001,0
20150106,1.7798,1.7798,1.7,1.7,5619,0
20150107,1.72,1.735,1.72,1.735,500,0
20150108,1.66,1.6999,1.66,1.6748,6400,0
20150109,1.63,1.63,1.52,1.54,5366,0
20150112,1.5385,1.5385,1.3601,1.37,34201,0
20150113,1.35,1.54,1.35,1.374,9360,0
20150114,1.46,1.52,1.4,1.44,17212,0
20150115,1.45,1.45,1.45,1.45,410,0
20150116,1.45,1.5,1.4499,1.5,12875,0
20150120,1.45,1.51,1.39,1.51,5112,0
20150121,1.4,1.4907,1.4,1.4907,1700,0
20150122,1.4428,1.5,1.401,1.49,4900,0
20150123,1.43,1.52,1.41,1.5199,6158,0
20150126,1.43,1.49,1.43,1.48,2858,0
20150127,1.43,1.52,1.33,1.52,4903,0
20150128,1.53,1.6,1.5204,1.6,27539,0
20150129,1.53,1.53,1.39,1.429,11082,0
20150130,1.32,1.6,1.32,1.45,8173,0
20150202,1.57,1.6,1.504,1.6,11483,0
20150203,1.6,1.67,1.54,1.67,12848,0
20150204,1.65,1.68,1.62,1.68,7018,0
20150205,1.75,1.75,1.54,1.64,11219,0
20150206,1.67,1.84,1.67,1.773,9200,0
20150209,1.73,1.73,1.68,1.68,1800,0
20150210,1.68,1.72,1.67,1.67,6382,0
20150211,1.67,1.67,1.6112,1.6112,1137,0
20150212,1.59,1.5901,1.59,1.5901,800,0
20150213,1.6,1.6,1.59,1.59,697,0
20150217,1.73,1.73,1.62,1.73,397,0
20150218,1.7,1.82,1.61,1.61,2011,0
20150219,1.8,1.809,1.66,1.799,2278,0
20150220,1.6,1.652,1.55,1.61,1614,0
20150223,1.57,1.57,1.57,1.57,135,0
20150225,1.55,1.56,1.55,1.55,3490,0
20150226,1.5001,1.6256,1.5001,1.6256,2400,0
20150227,1.5,1.51,1.45,1.49,2950,0
20150302,1.48,1.6,1.47,1.47,2200,0
20150303,1.46,1.54,1.44,1.45,4900,0
20150304,1.52,1.56,1.46,1.46,3700,0
20150305,1.47,1.54,1.43,1.54,10800,0
20150306,1.46,1.53,1.46,1.46,1900,0
20150310,1.53,1.53,1.5,1.51,5500,0
20150311,1.43,1.62,1.43,1.54,20600,0
20150313,1.46,1.56,1.46,1.56,5200,0
20150316,1.52,1.53,1.46,1.53,3900,0
20150318,1.48,1.52,1.47,1.52,10800,0
20150319,1.56,1.71,1.53,1.57,13600,0
20150320,1.57,1.76,1.46,1.53,15200,0
20150323,1.54,1.54,1.46,1.48,10300,0
20150324,1.51,1.52,1.51,1.52,800,0
20150325,1.55,1.56,1.49,1.49,3200,0
20150326,1.5,1.51,1.5,1.51,200,0
20150327,1.49,1.59,1.49,1.58,8200,0
20150330,1.61,1.61,1.56,1.6,4900,0
20150331,1.5,1.573,1.5,1.5,9205,0
20150401,1.5,1.56,1.5,1.51,42800,0
20150402,1.56,1.71,1.48,1.65,58800,0
20150406,1.7,1.94,1.49,1.83,215900,0
20150407,1.65,1.7999,1.65,1.77,18571,0
20150408,1.79,1.79,1.51,1.7,17100,0
20150409,1.6,1.75,1.6,1.74,37700,0
20150410,1.65,1.72,1.59,1.65,12900,0
20150413,1.68,1.68,1.66,1.66,700,0
20150415,1.671,1.6999,1.65,1.65,4041,0
20150416,1.6501,1.71,1.62,1.701,16631,0
20150417,1.63,1.67,1.63,1.67,1000,0
20150420,1.71,1.74,1.7018,1.74,4369,0
20150421,1.7684,1.7684,1.72,1.76,4351,0
20150422,1.67,1.75,1.67,1.75,5667,0
20150423,1.73,1.73,1.6,1.66,26100,0
20150424,1.69,1.72,1.69,1.72,4431,0
20150427,1.7,1.74,1.7,1.73,2600,0
20150428,1.78,1.78,1.69,1.7,31286,0
20150429,1.72,1.75,1.7,1.7,21600,0
20150430,1.7,1.7,1.68,1.68,14800,0
20150501,1.67,1.67,1.65,1.65,1500,0
20150504,1.68,1.68,1.58,1.62,36700,0
20150505,1.62,1.67,1.62,1.62,15400,0
20150506,1.62,1.62,1.551,1.5644,2373,0
20150507,1.63,1.64,1.63,1.63,12815,0
20150508,1.57,1.62,1.54,1.62,17400,0
20150511,1.64,1.64,1.56,1.61,5600,0
20150512,1.61,1.62,1.61,1.62,5968,0
20150513,1.62,1.75,1.62,1.68,13400,0
20150514,1.65,1.65,1.57,1.64,1400,0
20150515,1.63,1.67,1.548,1.67,54138,0
20150518,1.67,1.71,1.6372,1.69,15766,0
20150519,1.67,1.68,1.66,1.6784,8302,0
20150520,1.66,1.68,1.66,1.68,20800,0
20150521,1.6,1.75,1.58,1.7,6300,0
20150522,1.69,1.69,1.68,1.68,600,0
20150526,1.62,1.668,1.58,1.58,41357,0
20150527,1.67,1.67,1.58,1.6,5200,0
20150528,1.63,1.66,1.5901,1.61,3030,0
20150529,1.6,1.62,1.6,1.62,1100,0
20150601,1.61,1.63,1.48,1.5,90306,0
20150602,1.51,1.75,1.46,1.67,64429,0
20150603,1.71,1.74,1.6,1.6,13800,0
20150604,1.55,1.69,1.55,1.61,2600,0
20150608,1.65,1.65,1.41,1.5,21300,0
20150609,1.45,1.5699,1.45,1.49,8222,0
20150610,1.49,1.5399,1.49,1.5,8855,0
20150611,1.53,1.53,1.4798,1.49,12876,0
20150612,1.51,1.52,1.43,1.5,10700,0
20150615,1.38,1.49,1.37,1.4,3100,0
20150616,1.41,1.48,1.41,1.42,10600,0
20150617,1.37,1.47,1.37,1.44,8600,0
20150618,1.4,1.4,1.39,1.4,7300,0
20150619,1.41,1.6,1.41,1.49,37700,0
20150622,1.52,1.68,1.48,1.48,21700,0
20150623,1.48,1.51,1.48,1.48,5577,0
20150624,1.44,1.51,1.37,1.39,24200,0
20150625,1.45,1.45,1.39,1.4,5400,0
20150626,1.4,1.42,1.37,1.39,26700,0
20150629,1.37,1.39,1.35,1.39,5200,0
20150630,1.37,1.37,1.34,1.36,12205,0
20150701,1.35,1.41,1.33,1.39,35100,0
20150702,1.29,1.41,1.29,1.3,10100,0
20150706,1.27,1.29,1.03,1.15,70400,0
20150707,1.14,1.3,1.03,1.06,73100,0
20150708,1.02,1.05,1.02,1.05,11000,0
20150709,1.07,1.19,1.06,1.08,101100,0
20150710,1.12,1.35,1.05,1.08,217100,0
20150713,1.1,1.15,1.04,1.08,30200,0
20150714,1.048,1.0699,0.995,1.03,73465,0
20150715,1.05,1.17,1.01,1.05,15378,0
20150716,1.11,1.11,1.11,1.11,800,0
20150717,1.04,1.1,1.04,1.1,2000,0
20150720,1.1,1.12,1.1,1.1,5900,0
20150721,1.07,1.18,1.07,1.15,25800,0
20150722,1.19,1.19,1.13,1.19,2000,0
20150723,1.15,1.23,1.15,1.2,3000,0
20150724,1.19,1.23,1.16,1.23,14500,0
20150727,1.22,1.22,1.2,1.2,1500,0
20150728,1.18,1.19,1.18,1.19,6300,0
20150729,1.16,1.2,1.14,1.14,6800,0
20150730,1.12,1.12,1.07,1.1,3900,0
20150731,1.15,1.15,1.1,1.1,3700,0
20150803,1.0899,1.0899,1.03,1.06,9118,0
20150804,1.08,1.09,1.08,1.09,900,0
20150805,1.09,1.1,0.99,1.1,23400,0
20150806,1.0601,1.0999,1.04,1.0999,8881,0
20150807,1.02,1.02,0.85,1,19400,0
20150810,0.98,1.01,0.98,0.99,3600,0
20150811,1,1.001,0.9434,0.98,23206,0
20150812,0.99,0.99,0.92,0.95,5900,0
20150813,1,1,0.93,0.96,4100,0
20150814,0.99,1,0.91,0.99,12900,0
20150817,0.91,0.92,0.87,0.88,26500,0
20150818,0.88,0.91,0.87,0.91,3500,0
20150819,0.87,0.87,0.77,0.84,41600,0
20150820,0.8,0.83,0.77,0.79,14400,0
20150821,0.75,0.75,0.67,0.74,45500,0
20150824,0.614,0.688,0.48,0.6501,38621,0
20150825,0.73,0.74,0.66,0.7,28800,0
20150826,0.71,0.74,0.7,0.74,6000,0
20150827,0.77,0.78,0.68,0.78,12000,0
20150828,0.78,0.78,0.72,0.75,12800,0
20150831,0.71,0.79,0.71,0.79,3100,0
20150901,0.8,0.8,0.71,0.75,7000,0
20150902,0.79,0.82,0.79,0.8,4900,0
20150903,0.75,0.84,0.75,0.78,14500,0
20150904,0.85,0.85,0.75,0.79,4000,0
20150908,0.78,0.78,0.78,0.78,1000,0
20150910,0.8001,0.81,0.7101,0.7268,8162,0
20150911,0.85,0.85,0.8,0.8,800,0
20150914,0.73,0.73,0.68,0.7,108200,0
20150915,0.71,0.71,0.68,0.68,2500,0
20150916,0.72,0.74,0.68,0.69,11700,0
20150917,0.7299,0.7299,0.6884,0.6884,8010,0
20150918,0.71,0.71,0.65,0.68,11800,0
20150921,0.68,0.69,0.66,0.68,28700,0
20150922,0.66,0.67,0.65,0.65,5900,0
20150923,0.65,0.65,0.5784,0.65,51187,0
20150924,0.66,0.66,0.5999,0.6099,22871,0
20150925,0.61,0.61,0.51,0.56,34300,0
20150928,0.6498,0.6498,0.55,0.55,3741,0
20150929,0.55,0.55,0.51,0.51,3300,0
20150930,0.55,0.55,0.48,0.54,32000,0
20151001,0.53,0.53,0.5,0.5,3700,0
20151002,0.48,0.54,0.48,0.5,54100,0
20151006,0.55,0.55,0.5,0.5,2000,0
20151007,0.5,0.55,0.5,0.53,15200,0
20151008,0.5,0.54,0.49,0.54,42600,0
20151009,0.51,0.54,0.49,0.51,34400,0
20151012,0.5123,0.5123,0.48,0.48,8600,0
20151013,0.5,0.53,0.48,0.53,30300,0
20151014,0.53,0.53,0.51,0.52,12400,0
20151015,0.52,0.68,0.52,0.56,56000,0
20151016,0.63,0.67,0.63,0.66,8700,0
20151019,0.63,0.66,0.6265,0.66,11707,0
20151020,0.6039,0.66,0.6039,0.66,39740,0
20151021,0.66,0.66,0.61,0.62,12700,0
20151022,0.62,0.62,0.55,0.6,27600,0
20151023,0.6,0.64,0.6,0.63,22800,0
20151026,0.63,0.63,0.58,0.61,9900,0
20151027,0.62,0.64,0.62,0.62,2300,0
20151028,0.61,0.62,0.6,0.6,6300,0
20151029,0.62,0.65,0.6,0.64,12200,0
20151030,0.65,0.68,0.62,0.62,5900,0
20151102,0.6309,0.6309,0.62,0.62,10849,0
20151103,0.65,0.65,0.65,0.65,2800,0
20151104,0.64,0.67,0.64,0.67,4300,0
20151105,0.6,0.67,0.6,0.64,23000,0
20151106,0.64,0.67,0.64,0.66,8600,0
20151109,0.66,0.67,0.65,0.67,11829,0
20151110,0.67,0.67,0.6,0.6,17000,0
20151111,0.58,0.66,0.58,0.66,600,0
20151112,0.64,0.64,0.61,0.62,4500,0
20151113,0.62,0.62,0.61,0.61,3300,0
20151116,0.57,0.65,0.57,0.64,2500,0
20151117,0.62,0.64,0.62,0.64,4000,0
20151118,0.64,0.64,0.62,0.62,1000,0
20151119,0.65,0.65,0.61,0.61,3100,0
20151120,0.64,0.67,0.64,0.65,8700,0
20151123,0.65,0.65,0.6,0.64,5900,0
20151124,0.67,0.68,0.65,0.68,7200,0
20151125,0.67,0.7,0.67,0.7,10300,0
20151127,0.69,0.69,0.63,0.66,4500,0
20151130,0.63,0.67,0.63,0.67,8800,0
20151201,0.6689,0.839,0.6535,0.6601,44140,0
20151202,0.68,0.829,0.68,0.79,13060,0
20151203,0.79,0.91,0.79,0.89,21192,0
20151204,0.88,1.21,0.88,1.18,87600,0
20151207,1.21,1.21,0.85,1.14,35600,0
20151208,1.13,1.13,0.962,1.07,12822,0
20151209,1.06,1.2,1.06,1.18,33300,0
20151210,1.2,1.2,1.06,1.2,6200,0
20151211,0.99,1.18,0.86,1.12,30700,0
20151214,1.06,1.1424,0.954,1.05,11608,0
20151215,0.96,1.14,0.96,1.06,3600,0
20151216,0.99,1.06,0.95,0.98,11200,0
20151217,0.97,1.03,0.97,1,1700,0
20151218,0.95,1,0.93,0.94,16300,0
20151221,0.95,0.98,0.95,0.96,6600,0
20151222,0.96,1,0.92,0.99,2630,0
20151223,0.99,0.99,0.88,0.97,18700,0
20151224,0.91,0.93,0.88,0.9199,2012,0
20151228,1.13,1.13,0.93,0.9458,6517,0
20151229,0.95,0.95,0.9174,0.9174,708,0
20151230,0.815,0.95,0.815,0.92,6548,0
20151231,0.92,0.92,0.8031,0.9002,4105,0
20160104,0.92,0.92,0.86,0.8785,4004,0
20160105,0.85,0.87,0.7799,0.8601,36564,0
20160106,0.8999,0.9,0.76,0.76,1266,0
20160107,0.75,0.8724,0.75,0.8699,2250,0
20160108,0.9,0.9,0.89,0.898,1403,0
20160111,0.92,0.9899,0.92,0.92,14497,0
20160112,0.93,0.94,0.93,0.9301,7682,0
20160113,0.89,0.89,0.89,0.89,311,0
20160114,0.751,0.85,0.75,0.85,2623,0
20160115,0.8,0.849,0.69,0.791,26600,0
20160119,0.79,0.79,0.72,0.77,500,0
20160120,0.72,0.7266,0.65,0.65,10435,0
20160121,0.661,0.7143,0.661,0.7143,2700,0
20160122,0.67,0.67,0.6106,0.6501,4200,0
20160125,0.6,0.6768,0.6,0.6768,4200,0
20160126,0.6436,0.677,0.6436,0.67,2604,0
20160129,0.656,0.656,0.6211,0.6211,1201,0
20160201,0.6598,0.669,0.61,0.6596,4650,0
20160202,0.6596,0.6596,0.6596,0.6596,553,0
20160203,0.6599,0.6599,0.55,0.56,11540,0
20160204,0.56,0.59,0.501,0.59,21582,0
20160205,0.597,0.7182,0.597,0.64,8699,0
20160208,0.79,0.79,0.6,0.64,2952,0
20160209,0.7386,0.77,0.7386,0.77,400,0
20160210,0.789,0.789,0.6764,0.71,9312,0
20160211,0.72,0.731,0.6022,0.645,9274,0
20160212,0.6,0.649,0.6,0.6272,9310,0
20160216,0.649,0.659,0.649,0.659,450,0
20160217,0.659,0.6687,0.614,0.637,2550,0
20160218,0.6201,0.6201,0.6201,0.6201,127,0
20160219,0.63,0.63,0.601,0.6111,1857,0
20160222,0.6462,0.651,0.6462,0.651,505,0
20160223,0.651,0.651,0.601,0.601,1454,0
20160224,0.6202,0.6233,0.6101,0.6101,7000,0
20160225,0.6166,0.6166,0.6,0.6,1817,0
20160226,0.6,0.602,0.6,0.6,1246,0
20160229,0.6,0.648,0.5702,0.58,2216,0
20160301,0.6,0.63,0.5998,0.62,19056,0
20160302,0.6146,0.624,0.6146,0.6147,1360,0
20160303,0.635,0.635,0.635,0.635,1001,0
20160304,0.6242,0.65,0.6242,0.65,1300,0
20160307,0.6295,0.6389,0.5999,0.5999,14001,0
20160308,0.639,0.6529,0.6284,0.629,11718,0
20160309,0.6625,0.6625,0.635,0.635,600,0
20160310,0.679,0.679,0.679,0.679,450,0
20160311,0.669,0.669,0.6122,0.62,6776,0
20160314,0.65,0.65,0.62,0.644,3183,0
20160315,0.66,0.66,0.59,0.64,1870,0
20160316,0.66,0.66,0.6186,0.6186,659,0
20160317,0.66,0.7455,0.55,0.699,34972,0
20160318,0.699,0.699,0.5551,0.6536,1032,0
20160321,0.555,0.6641,0.555,0.65,2275,0
20160322,0.64,0.68,0.64,0.68,1219,0
20160323,0.778,0.778,0.6611,0.7,1915,0
20160324,0.7085,0.71,0.7085,0.71,515,0
20160328,0.71,0.71,0.7001,0.7001,3086,0
20160329,0.7,0.7,0.69,0.69,4353,0
20160330,0.6739,0.6739,0.6739,0.6739,576,0
20160331,0.69,0.69,0.69,0.69,300,0
20160401,0.685,0.7,0.675,0.675,1471,0
20160404,0.69,0.69,0.69,0.69,365,0
20160406,0.55,0.665,0.55,0.65,17676,0
20160407,0.699,0.699,0.65,0.65,1131,0
20160408,0.63,0.63,0.61,0.61,31373,0
20160411,0.6,0.6,0.58,0.58,19601,0
20160412,0.55,0.6815,0.5022,0.64,41096,0
20160413,0.57,0.625,0.57,0.62,52366,0
20160414,0.6122,0.62,0.59,0.61,5822,0
20160415,0.59,0.62,0.59,0.6148,24780,0
