Date,Open,High,Low,Close,Volume,OpenInt
20060307,80,80,80,80,0,0
20060308,80,88.9,80,85.1,118072,0
20060309,88.4,88.4,82.5,82.8,26751,0
20060310,85.5,85.8,81,83,4383,0
20060313,81.4,87.5,81.4,87.5,5782,0
20060314,88,88,85,87,3335,0
20060315,85.4,88.4,85.1,86.5,6373,0
20060316,87.5,87.5,85.5,87,2939,0
20060317,87.4,95,86.6,91.1,3951,0
20060320,95,100.3,92.5,95,7829,0
20060321,102,105.9,97.9,98,7885,0
20060322,98.8,100,95,98.9,3872,0
20060323,99.6,100,95,99,5453,0
20060324,98.2,102,97.8,98.4,6380,0
20060327,99.9,99.9,95,95,3908,0
20060328,95.6,99.1,91.9,98.1,3136,0
20060329,99.9,100,96.3,98.7,3301,0
20060330,97.8,99,96.4,96.4,679,0
20060331,96.4,98.9,96.4,97.5,522,0
20060403,100,100,97,98,1522,0
20060404,100,100,98.1,98.1,744,0
20060405,98,98.3,96.4,97.4,527,0
20060406,97.2,100,95.2,97.3,1533,0
20060407,95.2,96.8,95.2,96.1,735,0
20060410,98.8,98.8,88.6,89.5,6185,0
20060411,93.6,93.6,80,84.2,6079,0
20060412,83.2,87.3,77.4,82.7,8464,0
20060413,81.2,89.6,81.2,89.6,1132,0
20060417,94.1,95,89.5,92.5,2739,0
20060418,97.7,98.5,91.4,93.4,4480,0
20060419,97,97.2,90,90.1,4907,0
20060420,88.5,92,86.4,91.1,10164,0
20060421,87.5,90.2,87.5,89,2372,0
20060424,91.9,92.5,88.3,89.2,2133,0
20060425,90,92,89,91,4694,0
20060426,90.2,92.9,89,89,1652,0
20060427,89.8,93,87.5,87.5,2628,0
20060428,87.9,94,87.6,90,3069,0
20060501,89.1,89.5,87.5,87.5,2134,0
20060502,88.5,89,87.5,88.1,1773,0
20060503,89,90.9,87.9,89.9,947,0
20060504,91.2,93.4,88,90.9,2399,0
20060505,91.1,92,89.9,90.2,760,0
20060508,89.1,91.6,87.6,88.3,683,0
20060509,90.3,90.3,87.5,87.8,1172,0
20060510,87.8,89.4,87.8,88.4,232,0
20060511,87.9,87.9,84.5,85.9,2209,0
20060512,84.5,92,84.5,92,580,0
20060515,88,90,85.9,89.8,3094,0
20060516,85.9,89.3,85.6,86,568,0
20060517,86,86.9,86,86.8,389,0
20060518,86,86.1,85,85,1550,0
20060519,85,86,85,85.1,744,0
20060522,85.1,87.8,84.9,86.5,1302,0
20060523,88,88,86.1,86.2,120,0
20060524,87,87,84.5,86,638,0
20060525,84.5,85.6,84.5,85,1575,0
20060526,84.7,86.5,84.7,85.5,1755,0
20060530,86,87.8,82.5,82.5,9990,0
20060531,83,85.3,81.4,81.6,6280,0
20060601,81,97.3,80,94.3,5424,0
20060602,92.7,94,87.6,91.5,15728,0
20060605,88.4,91.8,83.5,86.7,40032,0
20060606,87.5,95,83,91.1,38816,0
20060607,90.9,92.7,86.4,87,6116,0
20060608,87,93.4,86.7,87.4,11259,0
20060609,88.6,91.2,86.1,87.4,6210,0
20060612,89.3,90.9,82.4,82.5,27954,0
20060613,82.9,85.5,80.5,82,13967,0
20060614,80,84.1,77.3,77.9,15443,0
20060615,79.1,80.1,75,77.4,13725,0
20060616,78.8,82.2,76.6,77.9,15465,0
20060619,80.1,81.6,65.1,68.7,64033,0
20060620,68.7,81,68.1,76.9,58810,0
20060621,75.9,79.9,71.7,77.5,29203,0
20060622,75.8,78.5,75.8,78.4,2497,0
20060623,78.6,78.7,77.7,77.7,395,0
20060626,77.8,77.8,77.8,77.8,20,0
20060627,78.4,79.8,72.5,74.1,4732,0
20060628,71.5,75.4,70,72.4,4679,0
20060629,73.5,74.4,70.8,73,6520,0
20060630,73,73.3,70.4,73.3,7540,0
20060703,71.5,73.6,70.7,71.5,3826,0
20060705,70,70.3,69,70.1,2242,0
20060706,72.5,72.5,70.2,70.2,2303,0
20060707,69.2,71.3,69.2,70.7,1167,0
20060710,70,71.1,69,70.1,4755,0
20060711,70.1,70.1,69.6,69.6,2850,0
20060712,70,73.2,70,70,720,0
20060713,69.1,71,69.1,70,1030,0
20060714,69.7,70.7,68.3,70.5,1290,0
20060717,68.3,70.4,67.5,67.9,2279,0
20060718,67.5,70,67,68.8,1292,0
20060719,68.1,70.4,66.6,69.7,423,0
20060720,69,71.4,68.6,71.4,2026,0
20060721,70.7,73.4,70.6,72.7,1014,0
20060724,71.9,77.3,71.4,77.3,965,0
20060725,73.5,75.5,70.5,75.5,440,0
20060726,75,75,72.3,72.8,315,0
20060727,73.8,74.1,73.8,74.1,110,0
20060728,73.6,73.6,73.2,73.2,99,0
20060731,72.6,73.2,72.5,73.2,287,0
20060801,70.8,73.6,70.8,73.2,276,0
20060802,70.9,73.3,70.9,72.3,141,0
20060803,73.4,73.4,71.5,72.4,461,0
20060804,69.8,72.4,69.6,70.3,309,0
20060807,70.3,70.3,66.7,66.7,1310,0
20060808,66.5,67.1,66.5,67,223,0
20060809,65.5,65.5,62.5,62.5,940,0
20060810,62.5,62.5,61.2,61.6,151,0
20060811,62,65.1,62,65.1,803,0
20060814,65,69.3,65,66.1,287,0
20060815,66.6,70.7,66.6,70,1114,0
20060816,69.6,73.9,69.6,73.8,3165,0
20060817,73.9,73.9,71,71.8,337,0
20060818,71.3,73.6,71,72,870,0
20060821,71.8,72.3,69.6,70.7,681,0
20060822,72.2,72.2,72,72,250,0
20060823,73.9,75,72.2,73.6,335,0
20060824,72,74,72,74,258,0
20060825,73.3,74,73.3,73.6,150,0
20060828,72.7,73.6,72,72,1275,0
20060829,72,72.1,72,72,310,0
20060830,72,72.8,70,70,1886,0
20060831,70.2,70.3,70,70,266,0
20060901,71.9,71.9,70.1,70.2,297,0
20060905,68.5,72,68.5,71,1878,0
20060906,71,72.4,71,71.1,935,0
20060907,70,72.2,70,71.1,1104,0
20060908,69.9,73.5,69.9,73.5,70,0
20060911,69.7,73.5,69.7,73.2,101,0
20060912,72.5,72.5,70,70,1389,0
20060913,70,70.3,70,70,2285,0
20060914,70,70.1,70,70,1015,0
20060915,70,72.3,70,71.8,2231,0
20060918,73,73,70,70,370,0
20060919,70,71.1,69.5,70.5,3450,0
20060920,71.2,71.4,70,70,620,0
20060921,70,71,70,70,411,0
20060922,70,71.3,70,71.3,586,0
20060925,71,72.4,70,70.5,2913,0
20060926,72,77.7,71,77.3,12601,0
20060927,77.5,83.5,76.8,81.9,11364,0
20060928,81.9,83,80.7,82,1348,0
20060929,81.5,82.4,80,80.4,1497,0
20061002,80.4,81.4,80,80.3,1198,0
20061003,80.3,82.9,79.8,82.9,2861,0
20061004,82.5,82.8,81.5,82.5,2662,0
20061005,82.5,82.5,81.7,81.7,755,0
20061006,82.1,82.7,81.2,82.4,1130,0
20061009,82.5,82.5,81,82.2,1633,0
20061010,82.1,84.9,81.2,83,5879,0
20061011,81.5,82.9,81.5,82.6,610,0
20061012,82,83.5,81.5,83,1894,0
20061013,84.4,84.5,82.7,83.9,1832,0
20061016,82.1,84.3,82.1,83.2,1477,0
20061017,82.5,85,82.3,84.4,2173,0
20061018,82,85.5,76.6,81,4742,0
20061019,81,86.9,77.8,86.9,3859,0
20061020,85.8,86.5,82.6,86,2275,0
20061023,87.4,87.4,81.1,83,4320,0
20061024,83,91,83,90.1,3057,0
20061025,89.3,89.5,87.1,89.5,2354,0
20061026,88.1,89,84.2,84.2,529,0
20061027,83.2,83.2,78.6,78.8,347,0
20061030,79.6,84.4,78,80,1460,0
20061031,79.9,82.1,79.1,81.3,821,0
20061101,81.3,84.8,81.2,83,985,0
20061102,81.3,81.6,77.3,80.1,3077,0
20061103,79.6,82.5,79.6,81.5,1250,0
20061106,81.2,82.4,80,80.2,750,0
20061107,80.1,82.1,78.9,78.9,1330,0
20061108,79.6,79.8,78.5,78.5,3676,0
20061109,78.6,78.9,78.1,78.1,316,0
20061110,78.8,79.9,78.8,79.8,200,0
20061113,79,82,79,82,1347,0
20061114,82,87,81.5,82.9,2423,0
20061115,75.5,81.6,72.9,80.8,11281,0
20061116,80,81.2,80,80.3,1971,0
20061117,81.4,82.9,79.5,81.2,8868,0
20061120,83,84,80,80.6,1939,0
20061121,79.7,81.3,79.3,81,2661,0
20061122,81.2,82.6,81.1,82.5,1010,0
20061124,81.6,82.3,81.5,81.8,751,0
20061127,80.8,82.4,79.6,81.5,6440,0
20061128,80.6,82.6,80.4,81.9,1858,0
20061129,83,87.8,81.6,87.8,3068,0
20061130,87,87,83.6,83.6,2453,0
20061201,85.4,85.9,83.2,84,1922,0
20061204,82.3,87.2,82.3,86.1,2661,0
20061205,86,86.8,85,85.8,2948,0
20061206,84,84.4,81.6,83.5,3435,0
20061207,82.5,85,81.9,83.2,5644,0
20061208,82.6,84.5,81.9,84.5,7647,0
20061211,83.7,84.8,80,80.1,3257,0
20061212,81.1,84,81.1,84,10577,0
20061213,84.4,86.5,84.4,86.3,2698,0
20061214,89.7,112.9,89.7,108.2,77177,0
20061215,109,109,99.9,103.5,12402,0
20061218,103.3,103.8,95.1,99.2,14948,0
20061219,100,105,98.2,105,17506,0
20061220,107.6,111.9,106.5,107.2,8424,0
20061221,107.6,110.5,104.5,107.2,43736,0
20061222,108.7,108.7,105.5,108.2,7471,0
20061226,108.1,110.7,108.1,110,5215,0
20061227,108.1,119,108.1,118.3,8732,0
20061228,118.9,118.9,114.8,115.1,4974,0
20061229,114.5,120.9,109.3,113.9,12807,0
20070103,120.3,120.3,114.1,114.8,17657,0
20070104,115.9,117.5,115.3,117,3999,0
20070105,117.5,117.5,115.6,115.9,3356,0
20070108,117.6,117.6,113.6,113.6,3666,0
20070109,110.2,112.5,102.7,103.2,13006,0
20070110,103.2,114,103.2,110,12699,0
20070111,109,110,107.1,108.1,5337,0
20070112,108.9,112.7,108.1,108.8,3365,0
20070116,110,110.1,104.5,104.5,2121,0
20070117,103.2,104.1,100.8,101.9,3440,0
20070118,104.6,104.6,100.7,100.8,3616,0
20070119,102.9,102.9,100.1,100.7,4036,0
20070122,100.3,101.1,96.1,99.4,3085,0
20070123,99.4,99.4,96.9,98.5,4555,0
20070124,99,101,99,99,5624,0
20070125,98.6,99.8,97.2,97.2,2860,0
20070126,98.5,98.5,96.6,97.1,2839,0
20070129,97.5,97.5,95,95.2,1913,0
20070130,96.1,96.1,94.2,94.6,2280,0
20070131,94.9,102,94.9,96.5,6577,0
20070201,97.5,100.5,97.3,98.9,10983,0
20070202,99,107.1,99,106.9,4421,0
20070205,108.2,110.9,106.6,110.1,6463,0
20070206,110,110.8,105.9,107.8,5825,0
20070207,110.7,111.9,107.5,108.4,9956,0
20070208,109.1,114,109.1,112,4131,0
20070209,113.4,114.9,108.5,108.6,9512,0
20070212,108.2,109.9,107,107.8,2647,0
20070213,108.6,110.6,108,109.9,2593,0
20070214,109.5,111.9,109.5,110,4448,0
20070215,108.6,111.9,108.6,110,3760,0
20070216,110.5,110.8,109.5,110.8,2891,0
20070220,110,112,109.4,109.6,3991,0
20070221,109.9,111.3,107.7,109,8161,0
20070222,109.3,109.7,102.6,106.3,8675,0
20070223,105.2,107.5,105,106.8,4217,0
20070226,107.5,107.6,106,107,2873,0
20070227,105.9,107.9,99.5,100.9,8787,0
20070228,100.6,102.2,100.2,100.2,2079,0
20070301,99.8,102,97.6,102,3713,0
20070302,100.2,100.5,99.3,100,2104,0
20070305,99.2,99.5,92.8,92.8,5435,0
20070306,94.8,94.8,87.8,89.4,67496,0
20070307,87.6,94.1,87.5,90.1,13395,0
20070308,91,92,90.2,91,3109,0
20070309,91,93,91,92.5,2551,0
20070312,91.2,93.4,91.2,92.7,6866,0
20070313,91.6,92.9,90,90,4005,0
20070314,89.9,91.3,86.4,87.9,15225,0
20070315,89,89,85.2,86.4,5391,0
20070316,85.6,91.8,85.4,91.3,30601,0
20070319,91.5,93.5,91.5,92.3,3503,0
20070320,92.5,104.4,92.5,97.9,8415,0
20070321,103.2,103.2,98.8,99.9,6425,0
20070322,100,100.5,97.5,97.6,5806,0
20070323,97.5,100.6,97.5,99.8,17856,0
20070326,143.9,158,139.8,152.1,996736,0
20070327,150.6,151.7,140.2,141.4,167561,0
20070328,138.9,139,129.1,134.3,90563,0
20070329,133.9,138.8,131.9,133.5,63635,0
20070330,130.9,131.9,125,128.6,29091,0
20070402,128,128,116.5,116.7,29851,0
20070403,118.5,121.4,117.2,121,32901,0
20070404,121,126.3,118.1,122.5,23792,0
20070405,120.4,123.1,118.8,119.3,10509,0
20070409,118.3,120,114.2,117.3,12309,0
20070410,119.8,122,118,120.2,8510,0
20070411,120,120,115.6,117.7,6401,0
20070412,116.1,119.9,116.1,119.6,8731,0
20070413,119.7,123.1,117.4,118.4,20479,0
20070416,118.4,118.4,112.6,116,15974,0
20070417,116,118.2,112.8,115,17045,0
20070418,113.8,114.7,110.4,112.6,8522,0
20070419,113,119.8,111.6,116.1,15263,0
20070420,118.1,118.2,112.7,113.8,5422,0
20070423,113,117.9,113,115.5,5451,0
20070424,115.5,115.5,111.3,111.3,6446,0
20070425,112.8,114.4,110,112.9,14975,0
20070426,112.8,113.5,104,105.6,40847,0
20070427,106.5,112,106.2,109.9,213069,0
20070430,109.3,111.9,105.3,107.9,35869,0
20070501,105.5,105.5,98.1,99.6,65896,0
20070502,100,104.9,100,102.4,32440,0
20070503,102.1,103.2,100.4,101.9,22412,0
20070504,101.8,102.5,99.1,99.6,14292,0
20070507,100,102.3,100,102.1,12955,0
20070508,101.5,102.3,100.2,100.5,12718,0
20070509,100.8,103,100.4,102.2,16170,0
20070510,100.5,104,100.4,101.2,13999,0
20070511,102.1,102.9,99,99.3,11701,0
20070514,100.1,101.7,98.5,99.3,10085,0
20070515,97.5,101.9,97.5,100.1,23490,0
20070516,100,101.4,99.5,100.1,10451,0
20070517,99.1,100.6,97.6,99.4,11422,0
20070518,99.3,102.5,98.8,100.7,46490,0
20070521,102.4,102.5,97.8,98,13988,0
20070522,98.6,101.6,98.6,99.8,15788,0
20070523,100.8,101.2,98,98.5,10566,0
20070524,98.1,99.7,93.2,93.2,15666,0
20070525,93.2,94.7,91.5,92.1,10303,0
20070529,92.8,93.9,91.6,92,8379,0
20070530,91.6,92.5,88.4,88.8,19399,0
20070531,88.9,96.8,88.2,96.8,43603,0
20070601,97.3,97.3,92.5,93.7,35947,0
20070604,93.9,96.6,91,95.7,14260,0
20070605,95.4,97.1,94.6,95.8,10657,0
20070606,96.3,101.8,92.4,97.2,22953,0
20070607,96.6,97.7,93.3,93.3,11633,0
20070608,93.1,93.7,92.2,93.2,10770,0
20070611,93.7,96,92.5,92.5,10485,0
20070612,92.5,93.2,90.4,93.1,12980,0
20070613,93.5,94.4,90.1,93.4,17253,0
20070614,94,94,92.5,93.3,5012,0
20070615,93.7,93.7,92.6,93.3,4283,0
20070618,93.1,99.1,92.9,96.2,22779,0
20070619,96.6,97.6,94.3,95.5,17500,0
20070620,94.3,98,92.5,94.1,17913,0
20070621,92,93.8,89.9,90.8,30380,0
20070622,90.5,93.1,86.6,87.1,237233,0
20070625,87,90.2,82.5,82.6,30331,0
20070626,82.6,85.2,78.6,80.7,35600,0
20070627,80.1,87,80.1,86.2,31483,0
20070628,85.9,87.1,84.9,85.2,13107,0
20070629,85.8,85.8,82.7,82.7,12982,0
20070702,82.7,88.3,82.4,87.3,26384,0
20070703,87.4,93.9,86.2,92.1,11596,0
20070705,92.5,92.5,90.3,91,9900,0
20070706,90.7,91.6,86.7,91,9139,0
20070709,91,93.5,88.6,92.1,11670,0
20070710,91.5,92.1,89.7,90.7,20342,0
20070711,90.5,92.5,89.9,92.2,12961,0
20070712,92.2,92.7,90,92.1,14998,0
20070713,91.5,91.6,88.7,91.3,10090,0
20070716,91.1,91.1,89,90.7,7911,0
20070717,92.4,92.4,88.8,88.8,8537,0
20070718,88.1,90.6,83.9,90.2,12523,0
20070719,90.4,90.8,86.8,89.6,11929,0
20070720,89.4,89.4,84.6,84.7,10274,0
20070723,84.6,90.9,83.8,90.7,16777,0
20070724,89.7,90.9,87,88.9,14787,0
20070725,89.1,91.6,86.1,90.5,23887,0
20070726,89.1,90.4,85.9,87.9,14001,0
20070727,87.6,87.7,82.2,86,22258,0
20070730,85.7,87.8,82.6,86.7,9215,0
20070731,87.5,89.1,85.6,87.8,11072,0
20070801,87.3,88.3,82.9,84.1,28323,0
20070802,84.3,87.1,82,85.8,8883,0
20070803,85.4,85.4,76.5,77.2,19248,0
20070806,78.2,87.9,74,81.6,29082,0
20070807,81.1,82.5,76.5,81.1,29813,0
20070808,81.8,90.9,81.8,89.2,39464,0
20070809,89,96.9,88.7,91,41813,0
20070810,89.5,101,84.4,99.2,49179,0
20070813,98.8,98.8,90.2,93.9,23093,0
20070814,84.8,87.4,75.9,83,58391,0
20070815,83.2,83.2,77.1,77.5,23703,0
20070816,77.5,84.8,71.1,84.7,36390,0
20070817,87.4,87.4,76,80.4,19264,0
20070820,80.4,80.4,75.8,79,6566,0
20070821,78.3,78.3,76,77.9,10128,0
20070822,78.1,79.4,74.5,75.7,6808,0
20070823,76,76.4,73,75.3,16827,0
20070824,75.5,75.5,71.7,74.9,11623,0
20070827,75,76.8,72.7,74.3,19029,0
20070828,74,74.9,72.3,74.2,16163,0
20070829,74.8,76.2,73,76,7220,0
20070830,75.9,81.7,75.3,80.4,23353,0
20070831,81.5,83.4,81,82.1,13233,0
20070904,82.2,85,79.6,84.9,9700,0
20070905,84.3,86.2,81,86,13050,0
20070906,85.9,92,83.8,92,8515,0
20070907,90.8,93.5,84.1,88.1,10319,0
20070910,88.3,88.8,83,84.3,6654,0
20070911,84,84.4,80.5,83.2,9339,0
20070912,83.1,84,79,79.4,7324,0
20070913,79.9,81.6,75.1,80.9,29672,0
20070914,80.3,82,78.7,78.8,8183,0
20070917,78.8,80.3,78.2,80.1,34716,0
20070918,80.2,86.9,79,85.2,14037,0
20070919,85.5,91,85.2,89.7,65416,0
20070920,89.4,92.5,89.4,89.9,30705,0
20070921,90.7,90.7,87.7,87.9,21447,0
20070924,87.7,94.6,87.7,92.1,19157,0
20070925,90.9,96,90.2,93.9,19503,0
20070926,94.2,95.9,91,91.4,8807,0
20070927,91.6,91.8,88.8,91,4936,0
20070928,90.6,90.7,85.1,86.6,9746,0
20071001,86.4,92,85,90.3,13027,0
20071002,90.6,91.4,87.9,91,10865,0
20071003,90.1,92.5,89,91.4,17425,0
20071004,91.9,92.7,89.6,91.1,9507,0
20071005,92.2,95.3,90.3,94,10990,0
20071008,93.4,94.2,91.1,92.7,6578,0
20071009,91.9,95,91.5,94.2,6055,0
20071010,93.8,95,92.2,95,6124,0
20071011,95.5,97.2,90.1,90.5,9829,0
20071012,90.4,93.7,89.9,92.4,5837,0
20071015,92.2,94,87.3,89.1,13872,0
20071016,88.5,88.7,84.8,85.2,14152,0
20071017,86.3,86.6,80.5,81.3,22323,0
20071018,80,81.3,78.5,80.1,20320,0
20071019,80,80,77.1,78.6,12780,0
20071022,77.9,81.1,77,79.7,15202,0
20071023,80,80.6,77,80.6,12693,0
20071024,79.7,84.7,77.5,84.3,13586,0
20071025,85,87,82.5,82.6,12629,0
20071026,84.1,86,81.7,82.8,9419,0
20071029,82.9,83.6,79.4,80.5,8456,0
20071030,80.3,81,77.6,79.3,9347,0
20071031,78.8,82.5,77.6,81.4,6868,0
20071101,79.9,81.3,77.7,78.4,20306,0
20071102,78,81.4,77.1,79.4,14518,0
20071105,81,81,71.4,74.2,34497,0
20071106,74.8,74.9,71.9,74.8,16736,0
20071107,73.4,74.6,72.3,72.9,14489,0
20071108,73.7,74.6,71.1,74.4,10947,0
20071109,72.4,75.2,71,72.8,7964,0
20071112,72.8,74.2,71.4,73.2,6193,0
20071113,74.1,75.2,71.9,74.1,15764,0
20071114,74.9,77,72.8,74.4,7359,0
20071115,74.3,76.7,74.3,75.3,9355,0
20071116,75.7,76,72.4,72.9,19537,0
20071119,72,74.5,72,73.4,20525,0
20071120,73.8,74.2,70,72.2,13086,0
20071121,71.9,73.8,70.5,73.3,13858,0
20071123,74,74.7,72.7,72.7,2893,0
20071126,72.7,73.8,71,72.1,16347,0
20071127,72.5,74.5,71.7,74,18511,0
20071128,74.9,82.3,74.6,82.1,17156,0
20071129,81.3,82.1,78.4,80,19628,0
20071130,81.6,89.9,80.2,87.6,25151,0
20071203,87.8,87.8,74.8,76,14303,0
20071204,75.1,78.9,75.1,77.3,8736,0
20071205,79.3,79.6,75,75.4,9231,0
20071206,75.3,86,75.3,86,13241,0
20071207,86.1,86.1,80.9,82.9,8919,0
20071210,82.9,86.3,82.9,84.7,11923,0
20071211,85.5,85.9,77.4,77.4,12260,0
20071212,80.4,81,73.8,75.6,22488,0
20071213,74.7,80.5,73.5,78.8,11967,0
20071214,77.1,79.1,75.2,75.4,12065,0
20071217,74.8,76.4,73,73.1,10695,0
20071218,74.1,77.5,72.7,76.7,11093,0
20071219,76.6,78.2,73,75.6,14150,0
20071220,76.6,78.9,73.8,78.4,10909,0
20071221,79.8,81.3,79.4,79.8,31881,0
20071224,81.2,84.1,80.3,84.1,9183,0
20071226,84.1,85.1,81.4,85,17111,0
20071227,85,86,81.1,81.2,9824,0
20071228,85,86,81.7,82.6,20102,0
20071231,82.5,83,79.5,80.9,20532,0
20080102,80.6,81.6,77.6,79,10027,0
20080103,79.4,80.2,78.1,79.3,11962,0
20080104,78.1,78.8,74.8,75,10583,0
20080107,75,80.3,75,77,11886,0
20080108,77.2,78.4,73.9,74,22256,0
20080109,73.4,76,73.4,75.8,11489,0
20080110,74.7,81.5,74.7,80.5,9914,0
20080111,80,80,76.2,76.2,5798,0
20080114,77,79.1,73.1,77.5,17247,0
20080115,76.3,76.9,73.2,73.3,9284,0
20080116,72.8,76,72.5,75.2,10035,0
20080117,75.3,78.5,73.9,75.9,17609,0
20080118,75.1,76.9,68.7,71.9,20460,0
20080122,68.9,71,68,69,9411,0
20080123,67.3,72.1,65.1,70,10817,0
20080124,70.4,70.9,65.6,67.4,11310,0
20080125,68.5,69.6,65.5,65.9,9871,0
20080128,65.6,69.8,65.6,66.7,13750,0
20080129,67.2,68.5,65.5,65.7,13692,0
20080130,65.1,66,63.6,64,17360,0
20080131,63.4,65.5,62.3,63,18791,0
20080201,63.2,66.5,61.5,66.1,11529,0
20080204,65.8,67.9,63.9,66,6803,0
20080205,66.5,69.1,64.5,65.9,19684,0
20080206,66.6,69.5,65.6,66.7,9243,0
20080207,66.4,67.9,64.3,67.3,5999,0
20080208,66.9,68.2,65.9,67.3,3831,0
20080211,67.4,68.3,65.5,68,21923,0
20080212,68.5,68.5,65,65.9,8156,0
20080213,66.7,67.5,63.4,66,16915,0
20080214,66.2,66.6,65,65.3,11020,0
20080215,65.5,66,61,63.7,21865,0
20080219,64.7,65.4,62.2,64.9,13400,0
20080220,64.3,65,61.6,64.5,8569,0
20080221,65.1,65.6,60.3,61.8,18774,0
20080222,61.9,62.1,59.2,60.7,15732,0
20080225,61,64.8,59.9,62.4,25982,0
20080226,61.7,69.8,61.7,69.4,18557,0
20080227,68.6,69.2,66.4,67.6,6866,0
20080228,66.9,69.1,63,64.2,12119,0
20080229,63,64.8,62.3,63.2,12092,0
20080303,66,68.1,62.3,64.8,15466,0
20080304,63.9,65.6,62.6,64.2,11852,0
20080305,65.3,65.5,62.9,64.6,5821,0
20080306,64,65,60.2,61,8576,0
20080307,60.2,62.3,58,60.7,10862,0
20080310,61.4,61.4,58.2,59.2,10488,0
20080311,61.4,69.1,59,68.5,17742,0
20080312,67.7,71.7,64,69.8,11292,0
20080313,68.9,70.7,65.8,69.9,12334,0
20080314,70.5,75.1,68.3,73.8,17989,0
20080317,71.6,73.2,66.8,68.5,6171,0
20080318,72.7,73.6,57.6,67.9,22488,0
20080319,67.5,70,62.4,66.2,22530,0
20080320,67.4,69.5,62.6,69.1,30780,0
20080324,69.4,72.8,67.5,70.1,10840,0
20080325,70.2,73,69,69.8,7362,0
20080326,69.3,72.5,67.6,69.2,6206,0
20080327,69.4,73.3,69.4,70.9,9784,0
20080328,71.1,72.5,66,66.6,5870,0
20080331,67,71.8,65.1,68.8,7289,0
20080401,70.9,74.6,69.7,74.3,6052,0
20080402,74.1,75.5,72.4,72.8,8999,0
20080403,72,75,69.6,70.6,6794,0
20080404,70.3,73,69.2,71.1,6823,0
20080407,71.2,72.6,69.3,69.6,5225,0
20080408,68.7,71.7,66.8,71.3,4321,0
20080409,71.5,71.7,62.8,64.5,11760,0
20080410,64.4,69.7,64.4,65.8,12754,0
20080411,65.1,66.5,63.7,64.3,8109,0
20080414,64.2,69.3,64.2,67.4,9568,0
20080415,67.9,67.9,64.2,65.4,7291,0
20080416,66.2,67.4,64.5,66,6148,0
20080417,65.6,68,64.9,65,3608,0
20080418,66.7,70.6,65.4,67.5,5059,0
20080421,67,70,64.8,69.1,8648,0
20080422,68.1,68.3,66.2,66.8,3461,0
20080423,67.2,69.5,66.7,67.6,2080,0
20080424,67.9,67.9,65,65.4,11167,0
20080425,65.6,67.1,63.5,67.1,7425,0
20080428,66.7,69,65.9,66.7,5125,0
20080429,66.9,70.9,65.2,65.5,7016,0
20080430,66,67.3,64,66.3,7285,0
20080501,64.1,68,64.1,67.4,7439,0
20080502,68,68,64.1,65.5,10941,0
20080505,66.2,66.9,64.3,66.6,8664,0
20080506,66.1,66.8,64.1,65.2,4211,0
20080507,65.3,65.9,63.3,63.6,9157,0
20080508,64,66.5,61.5,61.9,12063,0
20080509,61.5,62.3,60.1,62.3,5827,0
20080512,62.3,62.8,58.8,60.8,9036,0
20080513,60.3,61,59,59.3,6872,0
20080514,59.5,61.5,55.2,55.3,23462,0
20080515,59.6,60.9,55.5,58.5,9767,0
20080516,59.1,61.1,55.5,56.4,13146,0
20080519,56.1,60,56,59.4,14562,0
20080520,58.9,58.9,56,56.3,8191,0
20080521,57.8,58.8,53.9,56.3,10510,0
20080522,56.5,57.9,56.1,57.2,6730,0
20080523,56.8,58,48.3,54.8,32524,0
20080527,54.8,54.8,52.5,53.3,7492,0
20080528,53.6,54.6,51.1,53.9,6871,0
20080529,53.5,56.8,53.5,54.7,9276,0
20080530,54.6,57.3,51.1,51.2,23117,0
20080602,51.4,51.8,47.5,47.8,18785,0
20080603,48.1,49.8,47.8,48.8,11023,0
20080604,48.5,49.4,46.4,48.9,16816,0
20080605,49.2,51.3,48.7,51.1,18534,0
20080606,50.7,50.7,47.4,47.4,7759,0
20080609,47.3,50.8,47.3,48.1,13571,0
20080610,44.1,47.9,41.1,41.3,32059,0
20080611,41.3,42.2,39.9,40.6,21270,0
20080612,40.8,42.5,40.5,40.6,24907,0
20080613,41.1,42.4,41.1,42.3,6044,0
20080616,42,42.8,40.5,42.1,8755,0
20080617,42,42.8,40.4,40.9,13171,0
20080618,40.6,42.1,39.6,40.6,22546,0
20080619,40.3,44,40,43.7,24470,0
20080620,43.5,43.6,41.4,43.6,37097,0
20080623,43.8,45.9,43.5,44.1,6583,0
20080624,43.7,45,42,42.5,5593,0
20080625,42.4,44.7,42.4,43.3,7203,0
20080626,42.1,42.1,40.1,40.8,10416,0
20080627,40.6,41,39.4,40.5,60105,0
20080630,40.4,40.4,37.5,39.4,18884,0
20080701,38.8,42.4,38.5,42.4,10445,0
20080702,42.1,42.1,39.3,39.8,10826,0
20080703,40,42.3,39.3,40.6,4632,0
20080707,41,41,39.3,40.1,7943,0
20080708,40.2,44.6,39.4,44.3,11832,0
20080709,44,46.7,42.5,43.5,10088,0
20080710,43.2,45.2,43.2,43.9,8029,0
20080711,43.4,44.5,42.1,44.5,9285,0
20080714,44.7,46.6,40.6,40.7,9213,0
20080715,40.5,44.8,40.5,43.8,13205,0
20080716,44,47.6,42.3,46.7,12694,0
20080717,46.8,47.5,45.1,47.3,12014,0
20080718,47.6,47.7,45.1,46.9,13746,0
20080721,47.2,49.8,46.8,48.7,4768,0
20080722,48.6,53.2,47.1,53,7465,0
20080723,52.8,54.9,52.2,53.9,3657,0
20080724,54.2,60,53.1,56.4,10415,0
20080725,57.3,58,51.9,52.2,8797,0
20080728,51.5,55,51.5,52.6,8783,0
20080729,52.8,53.5,50.8,51.9,6042,0
20080730,52.4,59,50.2,58.6,7926,0
20080731,57.2,60,56.8,58.8,5834,0
20080801,59,61.2,56.8,60.7,7833,0
20080804,60.8,61.1,58.7,60.6,7458,0
20080805,60.9,60.9,57.9,60.3,6643,0
20080806,60,61.8,55.3,60,8530,0
20080807,46.2,58.1,46,47.7,20364,0
20080808,47.9,55.3,46.9,55.2,14717,0
20080811,55.8,60.2,55.2,58.6,18257,0
20080812,61,61,56.8,58.5,7640,0
20080813,58.5,61,53.9,59.5,8375,0
20080814,59,60,57.8,59.5,3889,0
20080815,60.8,61.4,58.4,59.2,7799,0
20080818,59.2,60.9,57.3,58.3,4086,0
20080819,58.6,60.5,58.6,60.2,8826,0
20080820,60.3,62,58.6,61,11840,0
20080821,60.3,60.7,54.3,54.4,9689,0
20080822,54.9,55.5,49,55.2,9620,0
20080825,55,57.7,50.3,52,3857,0
20080826,52.1,54.2,50.4,52.2,2437,0
20080827,52.3,53.8,50.1,50.6,4749,0
20080828,50.7,60,50.5,59.7,10721,0
20080829,59.4,59.4,52.8,53.1,7715,0
20080902,54.4,55.8,52,54.1,5584,0
20080903,60,60.9,55,56.6,23288,0
20080904,56,56.5,51.7,53,8557,0
20080905,53,56.4,52.7,54.5,8693,0
20080908,56,57.9,53.3,57.8,6084,0
20080909,58.2,58.2,53.7,53.7,6717,0
20080910,55,57,52.1,52.6,13320,0
20080911,52.9,56.5,50.3,51.9,12354,0
20080912,51.3,52.6,49,50.6,6402,0
20080915,48.9,52.3,48.7,48.7,7577,0
20080916,47.8,51.8,46.3,50.2,12931,0
20080917,48.7,49.8,43.1,47.1,18764,0
20080918,44.2,52.1,42.5,50.9,33614,0
20080919,54.9,54.9,48.4,49.8,60986,0
20080922,49.6,51.7,48.9,50.3,7071,0
20080923,51,51.4,48.2,48.9,3091,0
20080924,49.1,51.2,47.4,47.4,4737,0
20080925,47.2,53,46,50.8,21394,0
20080926,49.6,51.3,49.6,50.1,12563,0
20080929,48.8,52,48.8,49.2,17342,0
20080930,49.8,50,48.7,49.4,6975,0
20081001,47.6,49.1,46.5,46.8,5542,0
20081002,46.5,48.9,42.6,43.5,7624,0
20081003,44.2,44.5,39.5,39.8,20095,0
20081006,38.9,45,37.7,41.1,15580,0
20081007,41.9,43.5,38,38.4,8532,0
20081008,37,46.6,37,40.1,22201,0
20081009,41,45.9,36.5,37.9,20067,0
20081010,36.4,39.5,30.2,36.5,21598,0
20081013,39.4,43,35.5,39.3,14424,0
20081014,40.2,42,32,34.4,12979,0
20081015,34,35.7,29.6,29.6,14599,0
20081016,30,34.3,28.3,33.9,28425,0
20081017,32.5,36.7,31,31.5,39373,0
20081020,32.2,34.2,30.2,31.5,26625,0
20081021,30.8,32.8,28.9,28.9,6004,0
20081022,28.4,30.1,28,28.6,26086,0
20081023,28,28.2,25.8,27.1,11725,0
20081024,25.8,27.3,25.2,26.1,4036,0
20081027,26.2,27,22.4,22.5,4065,0
20081028,23,27.2,22,25.3,35292,0
20081029,25,28.8,22.8,24.9,20303,0
20081030,25.7,27.5,24.8,26.1,12629,0
20081031,25.9,32,25,28.5,10006,0
20081103,25.8,27.7,21.9,22.2,27584,0
20081104,22.5,24.8,20.3,21.7,36949,0
20081105,21.4,22.5,20,20,50261,0
20081106,20,21,19.5,19.8,8336,0
20081107,21.3,24.9,21.3,23.9,16628,0
20081110,24.7,25.3,22.5,23.8,12851,0
20081111,23.7,25.2,22,24.5,4674,0
20081112,24,24,19.4,20.2,10863,0
20081113,20.3,25.5,20,24.9,9494,0
20081114,24.3,24.3,20.2,20.2,4159,0
20081117,20,20.9,20,20.2,1746,0
20081118,20.3,20.8,20,20.6,6027,0
20081119,21.1,21.1,18.2,18.3,4974,0
20081120,18.7,24,15.2,15.7,7975,0
20081121,16,18.1,11.6,17.7,17108,0
20081124,17.5,19.1,14.3,19.1,6976,0
20081125,19.4,19.4,16.2,18.5,3904,0
20081126,18.1,18.1,15.9,17.5,6941,0
20081128,17.1,18.3,16.4,18,6984,0
20081201,17.4,18,13,14,17544,0
20081202,14.4,15.4,13,15.4,9995,0
20081203,14.9,16.9,14.3,16,5609,0
20081204,15.6,16.6,14.3,14.5,13793,0
20081205,14.2,15.4,13.1,15.1,4440,0
20081208,16.3,16.5,14.5,14.9,10508,0
20081209,15.1,17.5,14.2,14.5,6413,0
20081210,15.8,19.2,15.8,19.2,25578,0
20081211,18.8,24,18.7,21.3,26398,0
20081212,20.7,26,20.3,26,8683,0
20081215,26.1,27.4,25.3,26.4,10765,0
20081216,27.2,32.3,27.1,31,20504,0
20081217,30.5,32.8,29.5,31.4,13294,0
20081218,31.5,35.3,31.5,33.5,8510,0
20081219,34.9,34.9,31.9,32.7,26280,0
20081222,32.5,33.3,29.7,30,9588,0
20081223,30.2,31.4,28,30.6,8236,0
20081224,30.6,31.2,30.6,31,3457,0
20081226,31.3,32,29.6,31.7,4434,0
20081229,31.4,31.7,28.9,29.1,3117,0
20081230,29.7,30.9,29,30.7,5469,0
20081231,30.9,31.9,29.8,31.7,9019,0
20090102,31.7,33.5,30.5,31.3,6582,0
20090105,31.4,33,30.6,31.7,6183,0
20090106,32,34,32,33.2,7045,0
20090107,33,33.6,31.8,32.6,7439,0
20090108,32.5,33.7,30.5,33.2,6995,0
20090109,33.1,33.1,30,30,5389,0
20090112,30.1,32.6,27.9,27.9,5368,0
20090113,27.9,30.2,27.9,30.1,2989,0
20090114,29.5,29.9,27.8,27.8,4953,0
20090115,27.8,31.4,27.5,30,6849,0
20090116,30.2,31.2,30,30.4,7506,0
20090120,30,30.5,26.8,26.8,6238,0
20090121,27.5,32,27.1,31.3,7105,0
20090122,30.2,30.2,28,28.1,3599,0
20090123,27.1,28.9,27.1,28.3,7149,0
20090126,28.4,31.5,28.4,30.5,6245,0
20090127,30.8,32,29.2,30.4,5062,0
20090128,30.5,33,30.5,33,7316,0
20090129,32.3,33,28.6,28.8,5721,0
20090130,29.1,32.9,27.7,28.9,15226,0
20090202,28.2,31.5,28.2,29.9,9547,0
20090203,30.3,31.8,28.7,29.7,9079,0
20090204,29.8,30,26.5,26.8,11314,0
20090205,26.6,27.5,24.8,25,8349,0
20090206,25,26.1,24.7,25.8,5140,0
20090209,25.7,26.4,24,26,6188,0
20090210,25.8,26.8,25,25.2,6055,0
20090211,25.4,26.2,22.9,22.9,5067,0
20090212,22.5,23,21.9,22.6,4494,0
20090213,22.6,24.6,21.3,21.9,4384,0
20090217,20,26.2,19.3,21.8,7522,0
20090218,22.2,24.2,21.9,22.2,3319,0
20090219,22.5,24.4,21.4,21.6,3352,0
20090220,21,23.5,20.8,21.5,5467,0
20090223,21.8,22.8,20.8,21,4605,0
20090224,21.5,21.5,20.1,21,11757,0
20090225,20.7,20.8,17.8,17.8,7339,0
20090226,18,18.6,16.9,17.5,4058,0
20090227,17,17.4,15.4,16,5921,0
20090302,17.5,17.6,14,14,11749,0
20090303,14.1,18.5,14.1,17.6,13691,0
20090304,18.2,19,17.4,17.7,5822,0
20090305,17.6,19.3,14.7,15,7448,0
20090306,14.9,19.3,14.7,18.2,9838,0
20090309,18.2,19.9,16.3,17.1,4494,0
20090310,18.5,21.8,18.1,19.6,11805,0
20090311,19.8,21,17.2,17.8,6779,0
20090312,17.7,20,17.3,20,9349,0
20090313,20.1,20.7,16.1,19.8,8640,0
20090316,20,20,18.6,19.2,7818,0
20090317,19.1,20.1,18.4,20.1,5901,0
20090318,20,21.4,19.8,21,6657,0
20090319,21,22,19.9,21.2,8623,0
20090320,21.5,23.9,21.5,22.3,16070,0
20090323,23.2,23.5,22.2,22.9,10127,0
20090324,22.5,22.8,21.4,21.7,5632,0
20090325,21.4,23.5,21.1,22.5,8218,0
20090326,23.6,25.2,23.3,25.2,7326,0
20090327,23.9,25.4,22.6,23.3,8433,0
20090330,22.5,22.5,19.9,22.2,4736,0
20090331,22.7,23.7,20.5,22.1,3881,0
20090401,21.6,24.5,21.1,22.5,4243,0
20090402,23.1,25.3,20.1,21.1,15533,0
20090403,21.1,21.6,20,20.8,5729,0
20090406,16.6,21,15,19.7,11237,0
20090407,19.2,20.5,17.6,17.6,18479,0
20090408,17.9,20.5,17.9,20.5,10284,0
20090409,20.9,21.7,19.1,19.6,13423,0
20090413,19.3,20.1,18.8,19,5142,0
20090414,18.7,19,17.4,17.4,10774,0
20090415,17,18.2,17,18,3691,0
20090416,18.3,19.1,17.1,18.3,4048,0
20090417,18.8,19.6,18.3,19.1,7051,0
20090420,19,19.7,18.1,19.5,10942,0
20090421,19.5,20,19.4,20,3562,0
20090422,19.4,19.4,18,18.5,8899,0
20090423,18.4,18.6,17.1,17.7,9690,0
20090424,17.5,19.4,17.3,17.8,8896,0
20090427,17,18.7,17,17.5,7074,0
20090428,17.2,18.7,15.6,17.2,11011,0
20090429,17,18,16.6,16.9,6711,0
20090430,16.5,18,16.2,16.6,9695,0
20090501,15.8,16.3,15.4,15.5,21729,0
20090504,16.3,16.6,15.6,15.8,17835,0
20090505,16.2,16.4,15.7,15.7,7137,0
20090506,16.5,17.7,16.2,16.4,15751,0
20090507,17.5,17.5,16.7,16.9,10057,0
20090508,17.2,17.8,16.6,17.5,12089,0
20090511,17.6,18.3,16.2,17.3,16836,0
20090512,18.4,18.4,16.5,17,10184,0
20090513,16.6,17.2,16.5,16.8,8225,0
20090514,17,17.9,16.5,17.8,6144,0
20090515,17.8,19.3,17.3,19.3,9658,0
20090518,19.2,19.9,19.1,19.9,13139,0
20090519,20,20,17.8,18.3,13582,0
20090520,18.6,19.5,17.6,18.7,7107,0
20090521,18.3,18.4,17.8,18.1,7273,0
20090522,18.3,19,17.5,18.3,7310,0
20090526,18.1,19.9,18,19.9,6119,0
20090527,19.8,19.9,19.1,19.1,4300,0
20090528,19.4,21,19.2,20.6,17428,0
20090529,21,21.5,18.5,20.9,15124,0
20090601,19.9,22.2,19.6,20.3,12746,0
20090602,20.3,20.4,20,20.2,8309,0
20090603,20,20.2,17.6,18.9,10702,0
20090604,19.1,19.5,18,18.5,10070,0
20090605,18.5,18.5,17.2,17.7,18689,0
20090608,17.1,17.9,16.9,17.1,12544,0
20090609,17.5,17.9,16.4,17,15335,0
20090610,17.2,17.8,16.5,17.2,10815,0
20090611,17.3,18.5,17,17.6,6757,0
20090612,17.5,17.6,16.9,17.3,6940,0
20090615,17.5,18.4,17,17.2,10906,0
20090616,18.5,32.5,18.2,26,346023,0
20090617,28,29.2,26,26,156018,0
20090618,26.1,27.7,21.6,25,49476,0
20090619,25.4,26,23,25.2,38533,0
20090622,25.2,27,24,26,36027,0
20090623,26.7,26.7,24.1,25.1,18388,0
20090624,25.3,26.9,24.6,25.4,16094,0
20090625,25.3,27.7,25.3,27,23957,0
20090626,26.7,27.1,23.9,24.7,350141,0
20090629,24.4,25.7,22.5,24,34083,0
20090630,23.6,24.1,23,23.7,17017,0
20090701,23.7,24.7,23.3,24.3,15580,0
20090702,23.5,25.1,23,23.6,11608,0
20090706,23.3,24.1,22.6,23.7,16910,0
20090707,23.2,24,22.5,22.5,16291,0
20090708,23.3,23.5,21.5,21.8,20676,0
20090709,21.8,22.4,20.7,20.8,10964,0
20090710,20.2,21.5,19,20.6,13518,0
20090713,20.7,21,20.2,20.6,9263,0
20090714,20.2,20.8,20,20.2,6118,0
20090715,20.7,21.4,20,21.1,16168,0
20090716,21.1,21.2,20,20.7,8104,0
20090717,20.5,21.5,20.4,21.5,9944,0
20090720,21.6,23,21.6,22.5,24751,0
20090721,23.1,23.1,22.2,22.9,9080,0
20090722,22.5,24.5,22,23.1,14028,0
20090723,23,23.5,22.2,22.5,10416,0
20090724,22.6,23.9,22.6,23.8,14487,0
20090727,23.8,23.9,23,23.7,8807,0
20090728,23.7,24,22.6,23.3,12153,0
20090729,23.5,26.5,23.4,26,39292,0
20090730,26.1,27.5,26,26.9,26586,0
20090731,27.4,27.5,24.9,26.4,14199,0
20090803,27.2,27.5,25.1,26.1,13734,0
20090804,26.3,27.5,25.6,26.7,11078,0
20090805,26.2,27.3,25.3,25.5,10220,0
20090806,25.5,25.8,22.5,23.5,23231,0
20090807,24.5,24.8,23,24.5,9160,0
20090810,25,25,24.2,24.8,7182,0
20090811,24.8,24.8,23,23.8,10656,0
20090812,23.7,25,23,24.7,6263,0
20090813,25,26.4,24.5,26,15591,0
20090814,25.8,26.4,24.4,25,4652,0
20090817,25,25,23.5,24,5369,0
20090818,24.1,25,23.7,24.3,5494,0
20090819,24.9,25.5,23.7,25.5,6560,0
20090820,25.5,26.7,25.1,25.4,4206,0
20090821,25.8,26.5,25.1,25.9,6184,0
20090824,25.6,27.3,25.6,26.4,10590,0
20090825,26.2,27.3,26.2,27.1,6878,0
20090826,27.5,28.8,26.9,28,10917,0
20090827,28.1,29,27.2,27.7,4529,0
20090828,27.7,27.9,26,27,9471,0
20090831,27.3,27.3,26,26.5,2859,0
20090901,26,26.2,25.3,25.6,8277,0
20090902,25.8,26.2,25.2,26,3612,0
20090903,25.7,26.9,25.4,26.9,3447,0
20090904,26.5,27.5,26.5,27.4,3061,0
20090908,27.5,27.7,26.7,27.7,4376,0
20090909,27.3,30.1,26.5,29.1,25355,0
20090910,28.3,29,27,29,13310,0
20090911,29.7,29.8,28.2,29,15607,0
20090914,22.5,26.9,20.3,25.6,100238,0
20090915,25.2,25.6,24.2,24.7,22141,0
20090916,25.5,25.9,22.6,22.9,23925,0
20090917,22.5,25,22.5,24.2,22309,0
20090918,24.6,25,23.4,24.9,12368,0
20090921,25,25,23.1,23.5,12328,0
20090922,24.1,24.4,22.9,23.7,6468,0
20090923,23.4,24.8,23.2,23.4,4213,0
20090924,23.1,24.1,22.2,22.8,9620,0
20090925,22.7,24.2,22.5,23.7,8497,0
20090928,24,24.4,23.3,23.3,3082,0
20090929,23.2,23.6,22.7,23.2,2464,0
20090930,23.9,23.9,20.8,22.5,29175,0
20091001,22,23,20.8,22.9,17887,0
20091002,22.6,22.9,21.7,22.2,6133,0
20091005,21.9,23.5,21.8,22.9,6608,0
20091006,22.6,23.4,22.5,23.3,11727,0
20091007,24.8,25.3,23.8,24.2,16650,0
20091008,24.4,24.4,23.1,23.7,6462,0
20091009,23.9,24.7,23.3,23.9,5386,0
20091012,24.1,24.5,23.7,24.5,16800,0
20091013,24.4,24.7,24.2,24.3,9921,0
20091014,24.4,24.5,23.8,24.4,6086,0
20091015,24.4,24.4,23.4,24,4729,0
20091016,24.1,24.5,23.4,24.3,6701,0
20091019,24.7,24.8,23.8,24.8,6506,0
20091020,24.8,24.8,23.9,24.6,6447,0
20091021,24.4,24.9,24,24.3,5769,0
20091022,23.8,24.7,23.8,24.7,5067,0
20091023,25,25,23.6,24,7234,0
20091026,23.6,24,22.3,22.6,6925,0
20091027,23.1,23.4,22.6,22.9,5063,0
20091028,22.7,22.9,21.1,21.5,9256,0
20091029,21.5,21.5,20.5,21,8222,0
20091030,20.6,21.4,20.6,21.4,5795,0
20091102,21,21,19.3,20.2,21321,0
20091103,20.6,22,20,21.5,15777,0
20091104,20.9,23.2,20.8,20.8,9431,0
20091105,21.9,21.9,20.8,20.8,7096,0
20091106,20.8,21.3,20.6,21,11599,0
20091109,21.7,23.2,20.4,20.7,15933,0
20091110,20.7,21,20,20.7,7747,0
20091111,21.6,21.9,21.2,21.5,26076,0
20091112,21.4,21.5,21,21,8762,0
20091113,21.5,22,21.3,21.5,7596,0
20091116,22.3,23,22,22.3,13489,0
20091117,22.4,22.5,21.8,22.4,4992,0
20091118,22.5,22.7,22.4,22.5,18619,0
20091119,22.3,22.7,22.2,22.2,4801,0
20091120,22.3,22.8,21.9,22.8,2984,0
20091123,22.7,22.8,22.3,22.4,7553,0
20091124,22.3,23.1,21.7,23.1,6180,0
20091125,22.4,23.7,22.4,22.5,13788,0
20091127,21.5,22.8,21.5,22.3,8092,0
20091130,22.7,22.8,21.6,22,16476,0
20091201,22.5,22.5,22.1,22.2,1829,0
20091202,22.2,23.5,21.9,22.3,10378,0
20091203,22.4,22.9,21.7,22.1,5509,0
20091204,22,22.1,21.5,21.7,4500,0
20091207,22.5,22.5,21.7,22,3655,0
20091208,22.1,22.6,21.6,22,5950,0
20091209,21.9,22.4,21.6,21.7,5976,0
20091210,21.9,22.3,21.7,22.3,4012,0
20091211,22.4,22.5,21.9,22.5,4101,0
20091214,22.5,23.8,22.5,22.9,16136,0
20091215,23.4,25.5,23,25.5,31516,0
20091216,25,25,22.6,23.5,28686,0
20091217,22.7,23.3,21.5,21.6,14769,0
20091218,21.9,22.1,20.5,20.5,44426,0
20091221,21,23.1,20.5,22.3,13211,0
20091222,22.8,22.9,22.2,22.9,4967,0
20091223,23,23.5,22.5,23.1,9612,0
20091224,22.8,22.8,21.9,22.1,3592,0
20091228,22.2,23.7,21.6,23.7,5576,0
20091229,23.8,23.9,22.1,23.1,5682,0
20091230,22.6,22.9,21.9,22.8,5170,0
20091231,22.8,24,22.6,24,5498,0
20100104,24,24.9,23.2,24.6,16738,0
20100105,24.8,25.5,24.4,24.6,11868,0
20100106,24.8,26.1,24.7,25.5,13434,0
20100107,25.2,26.4,24.5,26.4,15165,0
20100108,26.4,27,25.8,26,12854,0
20100111,26.4,26.4,25,25.7,8428,0
20100112,25.6,25.6,23.8,24.2,11347,0
20100113,23.9,24.2,23.7,23.7,5823,0
20100114,24.1,26,24.1,25.1,6363,0
20100115,25.4,25.6,24.7,25.3,4862,0
20100119,25.6,26.7,25,26.3,10611,0
20100120,26.5,27,25.5,26,14971,0
20100121,26.3,26.5,24.8,25.5,9205,0
20100122,25.8,25.8,24.5,24.7,9256,0
20100125,24.7,25.3,23.9,24.7,6648,0
20100126,24.6,24.9,23.8,23.8,21322,0
20100127,24.9,26.5,23.9,26.5,25743,0
20100128,25.9,26.1,24.8,26,4150,0
20100129,25.2,27.5,25,26,6094,0
20100201,27.9,28,26.4,27.1,10977,0
20100202,29.6,29.6,26.8,27.5,8432,0
20100203,27.7,27.7,27,27.1,7054,0
20100204,27.3,27.5,27,27.3,10815,0
20100205,27.3,27.5,26.6,27,4775,0
20100208,27.4,27.4,26.2,26.5,5421,0
20100209,26.6,27.5,25.9,26.7,2510,0
20100210,28.5,29,23,26.2,128099,0
20100211,27,28.4,25,28.2,62114,0
20100212,27.8,28.1,27.4,28,13937,0
20100216,28.4,28.4,26.5,26.5,12470,0
20100217,27.4,28,26.7,28,7695,0
20100218,27.9,28,26.8,27.7,8522,0
20100219,27.5,28,27,27.4,6979,0
20100222,27.1,28.5,25.4,28.1,20593,0
20100223,27.6,28.1,26.8,27.6,4472,0
20100224,27.3,28.3,27.1,28.3,6226,0
20100225,28,29,28,28.1,13251,0
20100226,28.4,28.8,26.1,26.1,25798,0
20100301,26.5,27.9,26.5,27.5,12153,0
20100302,27.9,28.6,27.5,28.4,10413,0
20100303,28.9,29.2,28,28.8,15146,0
20100304,29.1,29.1,28.3,28.8,8442,0
20100305,28.6,29.2,28.6,29,5751,0
20100308,29.2,29.2,28.5,28.5,3649,0
20100309,28.5,28.5,25.8,27.2,24001,0
20100310,27,28.4,26,27.6,5762,0
20100311,27.2,27.8,27.2,27.8,4216,0
20100312,27.8,28.4,27,28.2,6331,0
20100315,28.4,29.2,28,28.8,11850,0
20100316,28.7,29.1,28.5,29,7574,0
20100317,29.2,29.2,28.6,28.8,28121,0
20100318,29,29.1,28.4,29.1,3072,0
20100319,28.5,29,27.9,29,7264,0
20100322,28.4,29,27.8,29,5234,0
20100323,28.9,28.9,28.4,28.7,2242,0
20100324,28.5,28.6,28.2,28.3,1464,0
20100325,28.3,28.3,27.6,27.6,3085,0
20100326,27.4,28.2,26.8,26.8,5940,0
20100329,27.5,28.2,27,28.2,3698,0
20100330,28.5,28.5,27.5,27.5,1352,0
20100331,27.1,27.8,26.8,26.9,4645,0
20100401,27.4,27.9,26.5,27.9,3670,0
20100405,28,28.5,27.5,27.7,5433,0
20100406,28.3,29.4,27,29.3,22297,0
20100407,28.9,29.1,28.1,28.8,3350,0
20100408,28.8,29.3,28.8,29.3,7029,0
20100409,29.3,29.5,29,29.5,7695,0
20100412,29.3,30,29.1,29.3,17338,0
20100413,29.3,30,29.3,29.7,6077,0
20100414,30.3,30.3,29.3,29.7,10351,0
20100415,29.8,31.6,29.3,31.6,24530,0
20100416,31.5,32,30.3,31.3,13021,0
20100419,31.3,32.5,31.3,32,19650,0
20100420,32.4,32.5,31.2,31.5,5763,0
20100421,31.4,32.3,31.4,31.5,8065,0
20100422,31.1,32.1,31,31.9,9041,0
20100423,32,32,31.7,31.7,4003,0
20100426,31.5,32.5,31.4,32.5,13759,0
20100427,32.6,33.2,32.4,32.7,11285,0
20100428,33,33,32.5,33,10235,0
20100429,33.2,33.8,33.1,33.8,7586,0
20100430,33.8,34,33.4,33.4,14822,0
20100503,33,34.5,32,34.1,27117,0
20100504,34,35,33.6,34.3,25940,0
20100505,32.6,35.2,32,35.2,30236,0
20100506,35.1,35.1,32,32.9,21577,0
20100507,32.4,34.8,31.6,34.1,22739,0
20100510,34.8,35.5,34.1,34.3,9070,0
20100511,34.2,36.2,33.1,36.2,21591,0
20100512,36.1,38.9,35.6,38.7,63313,0
20100513,39,39.2,36.2,37.5,45384,0
20100514,36.5,37.3,33.5,35,48523,0
20100517,34.5,35.7,33.6,34.2,28600,0
20100518,34,36.8,34,35.2,31645,0
20100519,35,35,32.5,33.6,21793,0
20100520,32.9,33.5,30.7,30.7,28779,0
20100521,29.8,31.9,27.8,31.8,35397,0
20100524,31.4,32.4,31.1,31.4,12308,0
20100525,30,30.5,29,30.5,30909,0
20100526,30.4,31.4,29.8,30.2,22308,0
20100527,31.9,33.3,30.5,33,32775,0
20100528,32.7,33.4,31.9,33.2,28422,0
20100601,33,33.1,31.9,32.4,14691,0
20100602,32.3,33.4,31.9,33.2,18020,0
20100603,33,33.1,32,32.5,9780,0
20100604,31.9,32.5,31.3,31.7,13766,0
20100607,32.1,32.4,29.6,29.8,12530,0
20100608,29.7,32,29.1,29.5,12135,0
20100609,29.6,30.8,29.2,29.7,11349,0
20100610,30.9,32,29.4,30.8,21271,0
20100611,30.5,31.2,29.7,30.4,13760,0
20100614,31.3,32,30.9,31.1,8861,0
20100615,31.1,31.5,30.5,31.5,8734,0
20100616,31.5,31.6,31,31.1,6713,0
20100617,31,31.4,30.8,31.4,5461,0
20100618,31.2,31.4,30.4,30.6,8347,0
20100621,31.1,31.3,29.2,29.4,18280,0
20100622,29.4,29.6,28.2,28.7,16947,0
20100623,28.5,29.9,28.2,28.6,15939,0
20100624,28.8,29.3,28.4,29,25432,0
20100625,29,29.4,27.6,29.1,460796,0
20100628,29.3,29.9,27.7,28.5,24403,0
20100629,28.1,28.4,27.5,27.7,33971,0
20100630,27.6,28.3,27.2,27.2,26114,0
20100701,27.4,27.5,25.7,25.8,18982,0
20100702,26.1,28.5,26,27.9,20945,0
20100706,28.3,29.8,26.8,27,16729,0
20100707,27.2,28.3,27.2,27.9,14076,0
20100708,29.3,30.2,28,28.3,21360,0
20100709,28.3,30,28.3,28.5,21267,0
20100712,29.1,31,28.7,30.5,27004,0
20100713,30.5,31.5,29.9,30.2,38789,0
20100714,30.2,30.2,28.8,29.5,10900,0
20100715,29.5,29.6,28.4,28.9,6878,0
20100716,28.7,29.9,27.5,27.5,11533,0
20100719,27.7,30.4,27.7,29,20985,0
20100720,28.8,29.6,28.4,29,10813,0
20100721,29.1,30.1,28,28,9623,0
20100722,28.4,28.9,27.6,28.5,20242,0
20100723,28.4,30.5,28,29.4,13596,0
20100726,29.6,30,28.9,29.4,20449,0
20100727,30.4,31.6,28.8,29.2,39195,0
20100728,29.3,29.3,28,28,32915,0
20100729,28.2,28.9,27.5,27.8,18782,0
20100730,27.5,29.2,27.1,27.7,34737,0
20100802,28.2,29,27.6,28,25298,0
20100803,27.8,28.7,27.8,28.4,11196,0
20100804,28.4,30,28.4,30,20736,0
20100805,25,25.8,24.2,24.6,571347,0
20100806,25,25.2,24.5,24.5,117581,0
20100809,25.5,25.7,25,25.6,115180,0
20100810,25.6,26.6,25.3,26.4,83526,0
20100811,26,27,25.6,25.8,90830,0
20100812,25.4,26.6,25.3,25.8,50796,0
20100813,25.9,26.4,25.4,25.6,36759,0
20100816,25.9,26.5,25.5,26.3,47809,0
20100817,26.6,27,26.3,26.8,43232,0
20100818,26.9,27,26.5,27,36338,0
20100819,27,27.2,26.3,26.7,47190,0
20100820,26.7,27,26.1,26.2,51150,0
20100823,26.5,27.9,26.3,27.2,78182,0
20100824,27.4,28.8,27,28.1,123882,0
20100825,28.2,28.7,26.5,27.9,108657,0
20100826,28.3,30.8,27.6,29,128674,0
20100827,29.5,29.6,28,29.5,53672,0
20100830,29.3,31,28.7,28.9,85104,0
20100831,29,30,28.2,28.2,84044,0
20100901,28.7,30.9,28.4,29.9,77625,0
20100902,29.7,34,29,30.8,240385,0
20100903,31.6,31.8,30,30.2,84423,0
20100907,30.5,31.6,29.5,30.3,78104,0
20100908,30.8,32,30.5,31.8,74095,0
20100909,32,32.3,31.2,31.6,45119,0
20100910,31.6,32.4,31,31.6,70048,0
20100913,32,32.5,31.6,31.9,58349,0
20100914,32.5,32.8,31.6,31.8,45947,0
20100915,31.8,33,31.7,32.8,68661,0
20100916,32.9,33,32.5,32.7,56044,0
20100917,33,34.7,32.7,34.3,126352,0
20100920,34.8,36.4,34.4,36.2,156336,0
20100921,36.3,36.4,34.2,35.1,94782,0
20100922,34.8,35.5,34,35.3,65485,0
20100923,35.3,35.9,34.4,34.7,46798,0
20100924,35,35.6,34.5,34.9,50411,0
20100927,35,35,33.5,33.6,73072,0
20100928,34,34,32,32.7,105564,0
20100929,32.7,33.6,31.7,31.9,101072,0
20100930,31.9,31.9,30.3,31.7,158786,0
20101001,31.8,32.6,31.4,31.5,147647,0
20101004,31.8,31.8,28.4,29.9,246409,0
20101005,29.9,29.9,26.9,27.5,195428,0
20101006,27.9,30.5,27,29.5,159021,0
20101007,29.6,31.5,28.1,29.2,148598,0
20101008,29.5,30.7,28.2,30.3,269023,0
20101011,13.8,15.1,13.3,13.8,1630737,0
20101012,14,14.4,13,13.4,407308,0
20101013,13.9,13.9,13.3,13.5,217193,0
20101014,13.5,13.6,13.3,13.3,184335,0
20101015,13.5,13.6,13.1,13.2,204213,0
20101018,13.2,13.5,13.1,13.4,151097,0
20101019,13.4,13.4,13,13.1,196154,0
20101020,13.1,13.3,13,13.2,148502,0
20101021,13.2,13.2,12.6,12.9,105602,0
20101022,12.8,12.9,11.5,12.4,182555,0
20101025,12.2,12.6,11.9,12.4,101410,0
20101026,12.9,12.9,11.5,11.9,123702,0
20101027,11.7,11.9,11.2,11.6,98436,0
20101028,11.7,11.7,10.3,10.7,192081,0
20101029,10.7,10.9,10.2,10.4,91507,0
20101101,10.5,10.5,9.4,9.5,222986,0
20101102,9.5,10,8.7,9.5,143872,0
20101103,9.8,10.3,9.6,10.2,157972,0
20101104,10.6,10.6,10.1,10.2,125836,0
20101105,10.2,10.2,9.6,9.7,78695,0
20101108,9.7,10.3,9.7,9.8,91810,0
20101109,10,10.4,9.6,9.6,80285,0
20101110,10.3,10.3,9.5,9.8,50170,0
20101111,9.7,9.9,9.5,9.7,61892,0
20101112,9.6,9.8,9.5,9.5,27131,0
20101115,9.5,9.8,9.5,9.8,38427,0
20101116,9.7,9.8,9.4,9.5,33469,0
20101117,9.5,9.6,9.2,9.3,24686,0
20101118,9.3,9.3,9.1,9.2,37350,0
20101119,9.2,10.3,9.1,9.6,51775,0
20101122,9.6,9.8,9.3,9.7,26530,0
20101123,9.7,9.7,9.2,9.3,24606,0
20101124,9.3,9.7,9.2,9.3,32714,0
20101126,9.3,9.4,9.2,9.3,8530,0
20101129,9.3,9.5,9.2,9.3,18640,0
20101130,9.2,9.3,8.8,9,40143,0
20101201,9.2,9.3,9,9.1,17191,0
20101202,9.1,9.1,8.9,9,22820,0
20101203,8.9,9.1,8.6,9,35336,0
20101206,9,9.1,8.8,9,24583,0
20101207,9.5,9.8,9,9.6,51885,0
20101208,9.6,11.9,9.5,11.8,418313,0
20101209,12,12,10.5,11.2,169119,0
20101210,11.1,11.3,10.6,10.9,58624,0
20101213,11,11.2,10.7,10.7,52890,0
20101214,10.9,10.9,10.2,10.2,56614,0
20101215,10.3,10.6,10.2,10.6,59933,0
20101216,10.8,10.8,10.4,10.7,31255,0
20101217,10.7,13,10.7,13,324311,0
20101220,12.8,13.3,11.5,12.4,210758,0
20101221,12.4,13,11.8,12.1,96377,0
20101222,12.5,12.6,12.1,12.5,65792,0
20101223,12.4,12.5,11.9,12.3,33929,0
20101227,12.1,12.8,12.1,12.6,44810,0
20101228,12.6,13.9,12.3,13.4,180891,0
20101229,13.3,13.3,12.7,13.1,71548,0
20101230,12.9,13.2,12.4,12.6,68766,0
20101231,12.7,12.8,12.3,12.5,45279,0
20110103,12.5,12.8,12.3,12.7,36397,0
20110104,12.8,12.8,12.4,12.6,28764,0
20110105,12.6,13.3,12.5,13.2,46410,0
20110106,13.3,13.5,12.4,13.1,43515,0
20110107,13.1,13.2,12.6,13,43576,0
20110110,13,13.3,12.6,13,32331,0
20110111,13,13,12.7,12.9,24877,0
20110112,13.1,13.1,12.6,12.8,29785,0
20110113,12.7,13.3,12.6,13.2,47802,0
20110114,13.1,16.8,13,16.7,651988,0
20110118,14.7,14.7,13.3,14.3,342991,0
20110119,14.2,14.3,12.9,13.3,174280,0
20110120,13.2,13.9,12.9,13.6,81103,0
20110121,13.5,13.6,13,13.1,52867,0
20110124,13.4,13.9,13.1,13.3,65408,0
20110125,13.4,13.7,13.2,13.5,53094,0
20110126,13.6,13.8,13.1,13.7,72631,0
20110127,13.8,15,13.7,14.6,172053,0
20110128,14.5,15.4,13.7,14.2,154596,0
20110131,14.2,14.6,13.8,14.2,46617,0
20110201,14.4,14.6,14.1,14.3,42838,0
20110202,14.3,14.5,13.9,14.5,45040,0
20110203,14.5,14.5,14,14.1,32151,0
20110204,14.1,14.2,13.6,13.8,35920,0
20110207,13.9,13.9,13.1,13.3,69488,0
20110208,13.3,13.8,13.3,13.4,46335,0
20110209,13.4,13.8,13.4,13.8,29945,0
20110210,13.7,13.9,13.1,13.9,33567,0
20110211,13.7,13.9,13.5,13.9,20123,0
20110214,13.8,13.9,13.2,13.6,34038,0
20110215,13.6,13.7,13.3,13.6,23816,0
20110216,13.6,13.8,13.3,13.6,32266,0
20110218,13.5,13.7,13.3,13.4,23299,0
20110222,13.4,13.5,11.9,12.3,56130,0
20110223,12.6,12.7,12.3,12.6,23314,0
20110224,13,13.3,12.5,12.8,29487,0
20110225,13,13.1,12.6,12.9,19965,0
20110228,12.8,13,12.1,12.5,39965,0
20110301,12.4,12.5,11.8,11.8,46735,0
20110302,11.8,13.8,11.5,12.3,136218,0
20110303,12.2,13.2,12.2,13.1,53968,0
20110304,13,13,12.6,12.8,19933,0
20110307,12.7,13.2,12.6,12.6,20822,0
20110308,12.6,13,12.6,13,11693,0
20110309,12.8,13.1,12.7,12.7,17040,0
20110310,12.6,12.8,12.6,12.6,15257,0
20110311,12.7,12.7,12.5,12.7,15775,0
20110314,12.6,13.2,12.6,12.6,12998,0
20110315,12.4,12.7,11.5,11.8,44862,0
20110316,12.1,14.5,12.1,12.9,169206,0
20110317,13.8,13.8,12.8,13,104245,0
20110318,13.3,14.4,13.3,14.3,139866,0
20110321,14.5,16.4,14.4,15.8,245993,0
20110322,15.8,15.9,14.3,14.6,110314,0
20110323,14.7,15.2,14.1,15.1,56754,0
20110324,15.1,15.3,14.6,15.2,50537,0
20110325,15.3,15.7,15,15.2,31893,0
20110328,15.2,16.9,15.2,16.6,153909,0
20110329,16.9,18,16.3,17.6,205028,0
20110330,17.8,18,16.6,17,177974,0
20110331,16.7,17,16.3,17,53900,0
20110401,17.1,17.1,16.5,16.6,46589,0
20110404,16.7,16.7,15.3,15.9,73685,0
20110405,16,17.3,15.6,16.2,53113,0
20110406,16.2,16.6,16.1,16.4,13098,0
20110407,16.5,17,16.5,16.8,34243,0
20110408,17,17.1,16.6,16.6,20148,0
20110411,16.6,16.7,16.3,16.3,24756,0
20110412,16.2,16.4,15.6,15.6,34657,0
20110413,15.8,16,15.6,15.7,24364,0
20110414,15.6,16,15.5,15.9,36236,0
20110415,16.1,16.6,15.6,15.8,22790,0
20110418,15.7,15.9,13.9,15.2,100507,0
20110419,15,15.9,14.8,15.4,27612,0
20110420,15.7,15.8,14.6,15.1,28100,0
20110421,15.6,15.6,14.9,15.3,14398,0
20110425,15.5,15.5,15.2,15.3,11852,0
20110426,15.2,16.4,15.2,16.1,101559,0
20110427,16.3,16.5,15.5,16.1,27708,0
20110428,16.2,16.4,15.8,16.3,29261,0
20110429,16.4,16.5,16,16.1,43513,0
20110502,16.1,16.5,16,16.3,39763,0
20110503,15,16.1,14.9,15.1,119392,0
20110504,14.7,15.1,14,14.5,70878,0
20110505,14.2,14.5,13.7,13.8,61247,0
20110506,13.9,14.2,13.6,14.1,104756,0
20110509,16.5,16.5,14.5,14.8,72443,0
20110510,15.7,15.7,14.3,15,52258,0
20110511,14.9,15,14.1,14.5,51599,0
20110512,14.3,14.5,14.2,14.3,38695,0
20110513,14.5,14.6,14.2,14.2,46330,0
20110516,14.2,14.4,13.4,13.8,83028,0
20110517,13.8,14.2,13.7,14,47408,0
20110518,14.2,14.3,13.8,14,44417,0
20110519,14.4,14.4,13.9,14,40786,0
20110520,14.1,14.4,14,14.3,36886,0
20110523,14.1,14.4,13.9,14.1,24545,0
20110524,14.3,14.4,13.8,13.9,47956,0
20110525,14,14.2,13.6,14,49355,0
20110526,14,14.3,13.8,14.3,33158,0
20110527,14.4,15.8,14.3,15.8,135210,0
20110531,15.9,16.5,15.3,16.1,184207,0
20110601,16.5,16.8,16.1,16.3,138443,0
20110602,16.2,17,15.9,16.9,182463,0
20110603,17.1,18.7,16.6,17.3,288598,0
20110606,17.5,18.5,16.5,16.7,115738,0
20110607,16.9,17,16.3,16.3,68896,0
20110608,16.3,17,15.5,16.3,144473,0
20110609,16.3,16.7,16,16.4,57719,0
20110610,16.5,16.8,16,16.6,129182,0
20110613,16.7,17.3,16.2,16.7,125598,0
20110614,16.8,17.2,16.6,16.8,75656,0
20110615,16.8,17.1,16,16.2,67725,0
20110616,16.2,16.8,15.7,16.3,82956,0
20110617,16.4,16.5,14.8,15.4,164274,0
20110620,15.4,16.1,15.2,15.4,55353,0
20110621,15.6,16,15.1,15.5,69772,0
20110622,15.5,16.1,15.4,15.8,67622,0
20110623,15.8,16.6,15.5,16.2,80570,0
20110624,16.4,18.2,15.7,16.5,775163,0
20110627,16.9,17.2,15.9,16.1,69688,0
20110628,16.5,16.9,16.2,16.9,41939,0
20110629,17,18.2,16.8,18.1,134996,0
20110630,18.2,19.1,17.7,18.2,297289,0
20110701,18.5,18.7,17.8,18.6,71708,0
20110705,18.6,18.8,18,18.3,63880,0
20110706,18.3,18.3,17.5,17.7,48306,0
20110707,18.1,18.5,18,18.2,55999,0
20110708,18,18.1,17.8,18.1,49310,0
20110711,17.9,18.1,17.2,17.6,44415,0
20110712,17.8,18.2,17.2,17.7,35374,0
20110713,17.8,17.9,17.4,17.6,47273,0
20110714,17.6,17.7,17.2,17.2,25602,0
20110715,17,17.5,16.3,16.9,58931,0
20110718,16.8,17.5,16.5,17.3,61011,0
20110719,17.5,18.4,17.2,18.2,59578,0
20110720,18.2,18.4,17.7,18.2,41745,0
20110721,18.2,18.2,17.5,17.5,43925,0
20110722,17.6,17.9,17.6,17.8,16961,0
20110725,17.8,17.9,17.2,17.6,48726,0
20110726,17.6,17.9,17,17.1,54718,0
20110727,17,17.1,15,15.7,157549,0
20110728,15.5,16,14.8,15.3,60206,0
20110729,15.3,15.6,14.7,15.3,44785,0
20110801,15.5,15.8,15.1,15.4,28815,0
20110802,15.5,15.7,15,15,33214,0
20110803,15,15.3,14.1,15.3,52453,0
20110804,14.9,14.9,13.9,14,84798,0
20110805,14.1,14.3,12.4,13.2,89486,0
20110808,12.1,12.8,11.5,12.1,70053,0
20110809,11.4,13,11.4,12.3,100520,0
20110810,12.1,12.7,11.6,12,85692,0
20110811,12.1,12.3,11.8,12.1,50251,0
20110812,12.3,12.6,12,12.2,28817,0
20110815,12.5,12.5,12.1,12.3,17591,0
20110816,12.1,12.2,11.2,12.1,39141,0
20110817,12.3,13.3,12,12.6,63352,0
20110818,12.5,12.5,11.5,11.8,64846,0
20110819,11.9,12.6,11,12.5,73479,0
20110822,12.8,13.2,11.5,11.9,57608,0
20110823,11.9,12.4,11.7,12,30520,0
20110824,11.9,12.4,11.8,12.3,30804,0
20110825,12.2,12.4,11.8,11.9,24673,0
20110826,12.3,12.4,11.8,12.4,16292,0
20110829,12.4,13,12.3,12.7,32915,0
20110830,12.9,14,12.6,13.5,41311,0
20110831,13.7,14,13.45,13.7,28298,0
20110901,13.8,13.8,13,13.1,20551,0
20110902,13.2,13.264,12.3,12.3,71730,0
20110906,11.9,12.5,11.6,12.3,20989,0
20110907,12.3,13,12.1,13,26691,0
20110908,12.7,13.1,12.5,12.7,15889,0
20110909,12.5,12.9,11.8,11.9,50688,0
20110912,11.8,12.9,11.6,12.2,23430,0
20110913,12.2,12.2,11.7,12.2,13014,0
20110914,12.2,12.4,12.1,12.3,8911,0
20110915,12.4,13.1,12.2,12.8,38120,0
20110916,12.1,12.7,12.1,12.2,38728,0
20110919,12.1,12.8,12.1,12.8,16753,0
20110920,12.6,12.9,12.3,12.5,27566,0
20110921,12.5,12.8,12.1,12.2,21949,0
20110922,11.9,12,11.5,11.5,41457,0
20110923,12.5,12.6,11.5,11.7,20949,0
20110926,11.8,11.8,11.1,11.1,42184,0
20110927,11.5,11.6,11.2,11.4,22121,0
20110928,11.4,11.4,10.8,10.8,23998,0
20110929,11,11.2,10.7,10.9,23433,0
20110930,10.7,11.8,10.3,10.8,35559,0
20111003,11.1,11.9,10.7,10.7,24870,0
20111004,11.7,11.7,10.3,11.2,43321,0
20111005,11.4,11.6,11.1,11.6,11226,0
20111006,12,12.5,11.6,11.6,36484,0
20111007,11.7,12.2,10.8,11.9,59128,0
20111010,12.2,12.7,12.2,12.3,20198,0
20111011,12.2,13.7,12.2,13.2,34680,0
20111012,13,13.5,12.5,13,28439,0
20111013,13,13.2,12.5,13,8571,0
20111014,13,13.3,12.9,13,16520,0
20111017,13,13.5,12.5,12.9,16674,0
20111018,12.7,13.4,12.5,13.2,18276,0
20111019,13.1,13.4,12.5,12.6,43749,0
20111020,12.6,13.3,12.4,13.3,17957,0
20111021,13.4,13.7,12.9,13.2,27389,0
20111024,13.4,14.4,13.4,14.2,85163,0
20111025,14,14.3,13.2,13.5,47066,0
20111026,13.6,14,13.3,13.5,26596,0
20111027,14,14.2,13.2,13.4,39241,0
20111028,13.3,14,13.3,13.7,52976,0
20111031,13.8,13.9,13.6,13.9,34051,0
20111101,13.5,13.8,13.2,13.4,24203,0
20111102,13.8,13.9,13.4,13.5,16653,0
20111103,13.8,13.9,13.3,13.4,18180,0
20111104,13.4,13.7,13.3,13.5,23729,0
20111107,14.7,14.8,13.5,13.6,51919,0
20111108,13.8,14,13.4,13.7,22937,0
20111109,13.4,13.7,13.1,13.4,30757,0
20111110,13.6,13.9,13.3,13.7,26199,0
20111111,13.8,13.8,13.5,13.6,23446,0
20111114,13.5,13.5,11.8,12.5,69783,0
20111115,12.3,13,12,12.7,31491,0
20111116,12.7,12.7,12.2,12.2,23906,0
20111117,12.2,12.5,11.7,11.8,14505,0
20111118,11.8,12.4,10.7,12.3,114190,0
20111121,11.1,11.4,10.4,10.7,63197,0
20111122,10.9,10.9,8.9,10.5,95260,0
20111123,10.2,10.3,9.5,9.8,56592,0
20111125,9.7,10,9.6,9.9,12655,0
20111128,10.1,10.1,9.2,9.3,61843,0
20111129,10,10.6,8.8,10,131996,0
20111130,10,10.3,9.5,10,67801,0
20111201,10.2,10.7,9.9,9.9,107892,0
20111202,10.4,10.4,10,10.2,47375,0
20111205,10.3,11.5,10.3,11.1,89038,0
20111206,11.2,11.5,10.3,10.3,61305,0
20111207,10.1,10.2,9.4,9.9,111779,0
20111208,6.7,7.2,5.1,5.2,713496,0
20111209,5.4,6.6,5.3,6.3,411006,0
20111213,9.5,10,7.7,7.8,1242375,0
20111214,8.2,8.4,7,7.4,291253,0
20111215,7.3,7.4,5.9,6.8,312955,0
20111216,6.8,6.8,6.4,6.6,83060,0
20111219,6.2,7.7,6.1,7.1,179971,0
20111220,7.3,7.3,6.5,7,64343,0
20111221,6.6,7.5,6.6,7.4,54259,0
20111222,7.1,8.7,7.1,8.7,208993,0
20111223,8.4,8.421,8.026,8.272,48793,0
20111227,8.1,8.5,7.8,8.2,77411,0
20111228,7.7,8.2,7.7,8.2,32205,0
20111229,7.9,8.29,7.816,8,30893,0
20111230,8.1,8.6,7.902,8.3,61645,0
20120103,9,9.6,8.4,9.5,82638,0
20120104,9.4,9.698,9.055,9.47,38037,0
20120105,9.4,9.4,9,9.4,31225,0
20120106,9.5,9.87,9.004,9.2,87461,0
20120109,9.9,9.9,9.22,9.385,60394,0
20120110,9.5,9.5,9,9,53564,0
20120111,9.1,9.4,8.615,8.619,50226,0
20120112,8.7,8.8,8.28,8.35,93832,0
20120113,8.5,8.5,7.9,8,67254,0
20120117,8.3,8.4,7.613,8,46946,0
20120118,7.6,8,7.2,7.7,44818,0
20120119,7.6,8.001,7.5,8.001,40933,0
20120120,7.6,8,7.325,8,38787,0
20120123,7.5,7.7,6.5,7.7,203156,0
20120124,7.4,7.6,7.165,7.2,19461,0
20120125,7.3,7.5,7.1,7.43,17908,0
20120126,7.4,7.78,7.3,7.3,35119,0
20120127,7.3,7.71,7.255,7.7,29728,0
20120130,7.7,7.925,7.23,7.3,28835,0
20120131,7.23,7.6,7.23,7.5,12783,0
20120201,7.501,7.648,7.315,7.455,15972,0
20120202,7.4,7.9,7.4,7.8,59266,0
20120203,7.8,7.9,7.5,7.5,68080,0
20120206,7.9,7.9,7.5,7.5,19501,0
20120207,7.6,7.7,7.6,7.6,16968,0
20120208,7.7,7.8,7.4,7.8,20244,0
20120209,7.4,7.7,6.53,6.85,89429,0
20120210,7,7.399,6.8,7.25,14626,0
20120213,7.3,7.3,6.512,6.8,56614,0
20120214,6.533,7,6.533,6.89,15303,0
20120215,6.9,7.27,6.79,7.23,30778,0
20120216,6.9,7.3,6.9,7,13086,0
20120217,4.8,5.368,4.612,4.941,730864,0
20120221,5.5,5.5,5.002,5.3,228265,0
20120222,5.4,5.4,5.1,5.1,59091,0
20120223,5.3,5.3,5,5,75001,0
20120224,5.1,5.439,5,5.41,105232,0
20120227,5.242,5.55,5.242,5.5,55803,0
20120228,5.7,6.2,5.495,6,172434,0
20120229,6.2,6.5,5.9,6.3,126012,0
20120301,6.3,6.798,6.1,6.4,64291,0
20120302,6.6,6.7,6.2,6.35,78707,0
20120305,6.3,6.65,6.2,6.4,28392,0
20120306,6.2,6.499,6.2,6.38,27288,0
20120307,6.6,6.6,5.8,6.05,65148,0
20120308,7.25,7.25,6.325,6.5,205181,0
20120309,6.7,6.7,6.2,6.3,106937,0
20120312,6.5,6.5,6.035,6.3,53283,0
20120313,6.31,6.31,6.055,6.074,58020,0
20120314,6.1,6.2,5.5,5.9,96567,0
20120315,6.15,6.2,5.9,5.903,140643,0
20120316,6,6.199,5.726,6.199,76557,0
20120319,6.2,6.2,5.922,6.053,48883,0
20120320,6,6.149,5.9,6,35398,0
20120321,6,6.11,5.9,6.003,58386,0
20120322,6,6.347,5.815,6.22,117029,0
20120323,6.1,6.46,6.1,6.23,102229,0
20120326,6.47,6.47,6.1,6.38,138610,0
20120327,6.15,6.466,6.1,6.105,210841,0
20120328,6.2,6.3,6,6.2,223323,0
20120329,6.1,6.2,6,6,52331,0
20120330,6.1,6.193,5.97,6.193,100174,0
20120402,6.299,6.299,6.02,6.138,79270,0
20120403,6.19,6.4,6.14,6.3,114767,0
20120404,6.3,6.3,6,6.1,119831,0
20120405,6.3,6.3,6.003,6.013,50467,0
20120409,6,6.08,5.2,5.54,221299,0
20120410,5.6,6.3,5,5.7,230572,0
20120411,5.7,6,5.418,5.882,101150,0
20120412,6,6.2,5.85,6.2,160332,0
20120413,6.2,6.998,5.9,6.31,541391,0
20120416,6.3,6.479,6.231,6.3,138341,0
20120417,6.384,6.384,5.81,5.81,166918,0
20120418,5.9,6.001,5.73,5.9,197961,0
20120419,6,6,5.7,5.9,59773,0
20120420,6.2,6.4,5.86,6.214,109038,0
20120423,6.4,6.525,6.07,6.298,297219,0
20120424,6.2,6.398,6.101,6.193,65505,0
20120425,6.3,6.35,6,6.169,100226,0
20120426,6.2,6.2,6.052,6.06,106237,0
20120427,6.199,6.2,5.913,6.001,181474,0
20120430,6.2,6.3,6.03,6.2,168923,0
20120501,6.3,6.6,6.2,6.4,348487,0
20120502,6.7,6.9,6.4,6.9,555046,0
20120503,7.2,7.6,6,6.1,1159446,0
20120504,4,5.1,3.81,4.9,1079127,0
20120507,5,5.1,4.251,4.7,227022,0
20120508,4.4,4.5,4.125,4.31,140442,0
20120509,4,4.3,3.8,4.2,208838,0
20120510,4,4.6,3.9,4.4,98951,0
20120511,4.4,4.4,4.023,4.2,82518,0
20120514,4.3,4.5,4,4.1,159803,0
20120515,4.1,4.2,3.805,4.05,147766,0
20120516,4.1,4.2,3.9,4.1,80061,0
20120517,4.1,4.1,3.9,4.07,81777,0
20120518,4,4.9,3.8,3.8,147901,0
20120521,4.1,4.1,3.7,3.995,48592,0
20120522,4,4.1,3.6,3.9,109555,0
20120523,3.9,3.9,3.7,3.869,55320,0
20120524,3.815,3.9,3.75,3.796,42546,0
20120525,3.7,3.8,3.61,3.7,68671,0
20120529,3.9,3.998,3.702,3.785,16115,0
20120530,3.8,3.95,3.7,3.7,39685,0
20120531,3.95,3.95,3.606,3.65,53713,0
20120601,3.6,3.735,3.492,3.6,61360,0
20120604,3.5,3.6,3.34,3.401,49665,0
20120605,3.5,3.788,3.4,3.65,46894,0
20120606,3.599,3.6,3.249,3.5,169524,0
20120607,3.7,3.7,3.33,3.4,75551,0
20120608,3.3,3.6,3.3,3.6,46037,0
20120611,3.4,3.542,3.4,3.45,34440,0
20120612,3.4,3.63,3.4,3.63,38918,0
20120613,3.13,3.68,3.01,3.1,387575,0
20120614,2.93,3.0799,2.63,2.72,322044,0
20120615,2.83,2.87,2.64,2.75,192666,0
20120618,2.75,2.75,2.55,2.57,209308,0
20120619,2.58,2.7,2.56,2.68,139585,0
20120620,2.7,2.74,2.5801,2.7,71260,0
20120621,2.6,2.75,2.59,2.74,54386,0
20120622,3.41,4.1,3.2,3.97,2962452,0
20120625,4.49,4.99,4.28,4.62,3242601,0
20120626,4.65,4.67,4.12,4.29,1009588,0
20120627,4.09,4.1,3.81,4.06,569042,0
20120628,4,4,3.73,3.86,361263,0
20120629,4.15,4.41,3.8801,4.24,680550,0
20120702,4.5,4.87,4.44,4.52,709586,0
20120703,4.5,4.5,4.3,4.41,113983,0
20120705,4.45,4.8,4.37,4.72,542579,0
20120706,4.3,4.35,3.65,4.21,1019423,0
20120709,4.19,4.21,3.94,4.06,408700,0
20120710,4.07,4.24,3.98,3.98,122810,0
20120711,3.98,4.14,3.85,3.99,125474,0
20120712,4,4.1,3.86,4.05,151964,0
20120713,4.02,4.12,3.94,3.99,186992,0
20120716,4.09,4.09,3.85,3.86,209400,0
20120717,3.89,3.9,3.39,3.58,555569,0
20120718,3.36,3.71,3.36,3.52,96857,0
20120719,3.75,3.8499,3.57,3.61,162023,0
20120720,3.62,3.7818,3.6101,3.73,147993,0
20120723,3.68,3.839,3.61,3.68,221458,0
20120724,3.62,3.6301,3.42,3.51,188181,0
20120725,3.46,3.67,3.4,3.54,250414,0
20120726,3.53,3.6,3.37,3.47,167546,0
20120727,3.45,3.48,3.3,3.34,204472,0
20120730,3.34,3.42,3.28,3.32,145817,0
20120731,3.42,3.42,3.11,3.15,173606,0
20120801,3.1,3.1499,2.98,3.02,228554,0
20120802,3,3.11,2.98,3.02,203011,0
20120803,3.15,3.2,2.91,2.95,340673,0
20120806,3.1,3.11,2.95,2.99,118244,0
20120807,2.98,3.05,2.91,2.99,110208,0
20120808,3.15,3.15,3.03,3.04,283587,0
20120809,3.03,3.0999,2.97,2.98,134549,0
20120810,3.1,3.1,2.96,2.96,65696,0
20120813,3.03,4.3,3,4.11,2549299,0
20120814,4.05,4.17,3.67,3.82,904383,0
20120815,3.68,4.02,3.68,4,288280,0
20120816,4.15,4.15,3.8605,3.99,284990,0
20120817,4.02,4.08,3.85,4,727481,0
20120820,4.12,4.37,4,4.02,1481662,0
20120821,4.07,4.1,4,4.03,448405,0
20120822,4.2,4.34,3.97,4,1520521,0
20120823,3.99,4.19,3.91,4.12,429886,0
20120824,4.15,4.23,4.06,4.19,313590,0
20120827,4.24,4.25,4.05,4.17,443808,0
20120828,4.24,4.72,4.14,4.66,1429809,0
20120829,4.7,4.73,4.45,4.54,639469,0
20120830,4.52,4.6,4.32,4.51,388872,0
20120831,4.56,4.86,4.51,4.81,582897,0
20120904,4.84,4.84,4.38,4.55,502451,0
20120905,4.52,4.71,4.52,4.63,249937,0
20120906,4.66,4.78,4.52,4.69,259513,0
20120907,4.72,5,4.7,4.9,543833,0
20120910,4.96,5.09,4.77,4.88,774081,0
20120911,4.9,4.9,4.78,4.85,173130,0
20120912,4.87,4.9,4.78,4.9,183378,0
20120913,4.88,4.95,4.82,4.87,424699,0
20120914,4.88,4.97,4.85,4.9,276868,0
20120917,4.88,4.91,4.82,4.86,194100,0
20120918,4.89,4.93,4.82,4.86,395202,0
20120919,4.86,5.15,4.59,4.66,2219038,0
20120920,4.67,4.86,4.6501,4.83,339968,0
20120921,4.87,4.8999,4.72,4.72,313831,0
20120924,4.72,4.81,4.52,4.56,451020,0
20120925,4.56,4.56,4.37,4.37,370392,0
20120926,4.36,4.47,4.12,4.41,347881,0
20120927,4.42,4.45,4.36,4.36,151922,0
20120928,4.35,4.44,4.27,4.4,211637,0
20121001,4.4,4.85,4.4,4.57,544239,0
20121002,4.59,4.78,4.59,4.69,275878,0
20121003,4.71,4.92,4.71,4.86,314526,0
20121004,4.9199,5.15,4.8701,5.03,764970,0
20121005,5.12,5.7,5.02,5.55,1802172,0
20121008,5.64,6.07,5.45,5.63,2385911,0
20121009,5.65,5.93,5.53,5.71,842902,0
20121010,5.85,5.85,5.63,5.73,313221,0
20121011,5.74,5.95,5.6,5.67,514459,0
20121012,5.71,5.78,5.5,5.67,371001,0
20121015,5.68,5.68,5.4,5.53,294205,0
20121016,5.59,5.59,5.25,5.32,292196,0
20121017,5.31,5.57,5.25,5.57,359978,0
20121018,5.56,5.58,5.46,5.47,169649,0
20121019,5.5,5.58,5.25,5.27,300844,0
20121022,5.35,5.49,5.1,5.24,285464,0
20121023,5.16,5.21,5.02,5.18,250018,0
20121024,5.2,5.2099,5.02,5.05,231024,0
20121025,5.08,5.29,5.03,5.11,310625,0
20121026,5.14,5.23,4.95,5.07,233318,0
20121031,5.07,5.2,5,5.02,197061,0
20121101,5.06,5.0683,4.81,4.85,378800,0
20121102,4.81,4.84,4.35,4.68,828092,0
20121105,4.65,4.7,4.46,4.57,279849,0
20121106,4.6,4.61,4.42,4.46,365868,0
20121107,4.19,4.31,3.78,3.92,971190,0
20121108,3.95,4.19,3.9,4.03,375764,0
20121109,4.01,4.18,3.98,4.11,269407,0
20121112,4.12,4.22,4.04,4.08,220899,0
20121113,4.05,4.1,3.95,4.06,274593,0
20121114,4.08,4.08,3.81,3.9,282235,0
20121115,3.91,4.06,3.91,4,229591,0
20121116,4.04,4.2,3.99,4.12,269400,0
20121119,4.4,4.5,4.202,4.32,476411,0
20121120,4.37,4.75,4.33,4.75,731515,0
20121121,4.76,5.15,4.76,5.11,933420,0
20121123,5.15,5.44,5.12,5.42,393351,0
20121126,5.38,5.42,4.88,4.97,1005533,0
20121127,4.95,5.21,4.89,5.02,1151797,0
20121128,5.05,5.24,4.88,5.12,818414,0
20121129,5.19,5.36,5.1,5.25,418857,0
20121130,5.36,5.68,5.3,5.5,1294684,0
20121203,5.67,5.68,5.33,5.47,1038754,0
20121204,5.7,5.79,5.46,5.52,1202234,0
20121205,5.48,5.68,4.86,4.88,1758965,0
20121206,4.92,5.18,4.8,5.12,792351,0
20121207,5.19,5.25,5.0401,5.19,425319,0
20121210,5.26,5.3,5.11,5.23,657766,0
20121211,5.21,5.27,5.15,5.25,545422,0
20121212,5.06,5.11,4.83,4.95,756442,0
20121213,4.99,5.36,4.95,5.24,781144,0
20121214,6.25,6.25,5.6,5.84,3294590,0
20121217,5.89,5.97,5.52,5.71,1049192,0
20121218,5.71,5.8,5.52,5.69,591483,0
20121219,5.6,5.69,5.39,5.49,988977,0
20121220,5.55,6.29,5.51,6.22,2991951,0
20121221,6.04,6.46,5.64,5.79,2560984,0
20121224,5.18,5.44,4.81,4.99,3657336,0
20121226,4.99,5.02,4.62,4.85,1712634,0
20121227,4.95,5,4.73,4.87,691448,0
20121228,4.8,4.97,4.7,4.88,767071,0
20121231,4.89,5.01,4.63,4.95,892767,0
20130102,4.99,5.15,4.86,5.13,786987,0
20130103,5.1,5.15,4.93,4.96,481862,0
20130104,4.98,5.1,4.83,5,457293,0
20130107,4.93,4.9401,4.7501,4.8,483217,0
20130108,4.82,4.82,4.6,4.74,572682,0
20130109,4.78,4.93,4.74,4.92,378643,0
20130110,4.85,4.97,4.71,4.93,264013,0
20130111,4.89,4.91,4.69,4.85,341304,0
20130114,4.88,4.88,4.74,4.81,344759,0
20130115,4.81,4.81,4.65,4.69,277027,0
20130116,4.7,4.73,4.58,4.67,301868,0
20130117,4.72,4.8,4.65,4.76,632882,0
20130118,4.8,4.8,4.6,4.71,458532,0
20130122,4.71,4.75,4.5,4.55,411767,0
20130123,4.64,4.64,4.52,4.53,230023,0
20130124,4.51,4.56,4.45,4.48,279688,0
20130125,4.48,4.61,4.38,4.53,286327,0
20130128,4.53,4.58,4.45,4.48,256502,0
20130129,4.47,4.53,4.27,4.31,270255,0
20130130,4.31,4.32,4.05,4.1,397984,0
20130131,4.1,4.26,4.04,4.26,199792,0
20130201,4.358,4.358,4.105,4.14,178718,0
20130204,4.08,4.2,4.06,4.08,226972,0
20130205,4.08,4.17,4.03,4.14,195444,0
20130206,4.15,4.24,4.14,4.18,152877,0
20130207,4.22,4.22,4.06,4.2,196031,0
20130208,4.2,4.25,4.12,4.24,100540,0
20130211,4.22,4.43,4.18,4.32,183218,0
20130212,4.3,4.35,4.13,4.18,237849,0
20130213,4.21,4.42,4.13,4.33,172140,0
20130214,4.33,4.6,4.27,4.58,281841,0
20130215,4.6,4.78,4.55,4.61,204013,0
20130219,4.66,4.75,4.61,4.67,212542,0
20130220,4.65,4.7,4.455,4.46,172212,0
20130221,4.7,4.7,4.3,4.44,299852,0
20130222,4.46,4.6,4.33,4.47,88016,0
20130225,4.54,4.59,4.3,4.41,152585,0
20130226,4.41,4.44,4.23,4.36,194615,0
20130227,4.34,4.37,4.07,4.24,157795,0
20130228,4.29,4.45,4.15,4.43,124167,0
20130301,4.38,4.47,4.23,4.33,70551,0
20130304,4.31,4.45,4.2,4.4,117678,0
20130305,4.42,4.9,4.23,4.68,405899,0
20130306,4.74,4.8,4.41,4.48,228644,0
20130307,4.5,4.59,4.453,4.51,107401,0
20130308,4.54,4.58,4.395,4.48,120988,0
20130311,4.45,4.5,4.33,4.44,91338,0
20130312,4.41,4.5,4.4,4.41,56020,0
20130313,4.4,4.51,4.39,4.5,108300,0
20130314,4.5,4.68,4.47,4.63,150535,0
20130315,4.63,4.63,4.5,4.55,72913,0
20130318,4.5,4.7,4.42,4.68,220025,0
20130319,4.67,4.71,4.52,4.53,171556,0
20130320,4.52,4.75,4.52,4.61,105177,0
20130321,4.57,4.65,4.53,4.58,24407,0
20130322,4.59,4.68,4.51,4.58,96205,0
20130325,4.61,4.65,4.3,4.515,112828,0
20130326,4.51,4.63,4.34,4.34,73634,0
20130327,4.3,4.7,4.3,4.42,456743,0
20130328,4.43,4.46,4.282,4.42,160024,0
20130401,4.42,4.45,4.32,4.4,59623,0
20130402,4.48,4.5,4.3,4.39,134880,0
20130403,4.58,4.73,4.45,4.57,414794,0
20130404,4.63,4.66,4.52,4.62,169585,0
20130405,4.5,4.65,4.5,4.56,182503,0
20130408,4.59,4.6,4.52,4.6,83675,0
20130409,4.6,4.61,4.51,4.55,76086,0
20130410,4.54,4.75,4.54,4.72,291125,0
20130411,4.7,5.03,4.7,4.97,446968,0
20130412,4.92,4.97,4.82,4.87,160738,0
20130415,4.87,4.87,4.65,4.66,293677,0
20130416,4.68,4.78,4.6,4.7,104014,0
20130417,4.66,4.83,4.42,4.64,174709,0
20130418,4.66,4.66,4.5201,4.64,147886,0
20130419,4.64,4.64,4.4218,4.51,259188,0
20130422,4.54,4.56,4.3,4.38,251703,0
20130423,4.38,4.42,4.21,4.33,86528,0
20130424,4.34,4.42,4.3,4.33,68915,0
20130425,4.35,4.375,4.2467,4.32,80446,0
20130426,4.29,4.36,4.22,4.29,83984,0
20130429,4.29,4.47,4.26,4.32,134643,0
20130430,4.3,4.36,4.27,4.29,77865,0
20130501,4.28,4.33,4.25,4.33,40152,0
20130502,4.3,4.38,4.25,4.27,20809,0
20130503,4.37,4.42,4.34,4.38,65484,0
20130506,4.33,4.4,4.3,4.33,40167,0
20130507,4.31,4.46,4.3,4.35,66631,0
20130508,6.55,6.65,5.24,5.31,8955401,0
20130509,5.2,5.2,4.85,4.88,1886405,0
20130510,4.86,4.95,4.7723,4.91,998955,0
20130513,4.9,4.9,4.68,4.7,587980,0
20130514,4.76,4.87,4.74,4.77,642108,0
20130515,4.87,4.92,4.52,4.63,1098387,0
20130516,4.59,4.64,4.32,4.43,711201,0
20130517,4.42,4.52,4.2848,4.39,536012,0
20130520,4.36,4.5,4.35,4.45,341476,0
20130521,4.41,4.75,4.39,4.68,719648,0
20130522,4.71,4.74,4.58,4.67,408779,0
20130523,4.59,4.59,4.41,4.51,617372,0
20130524,4.51,4.65,4.51,4.59,274874,0
20130528,4.7,4.86,4.59,4.75,477490,0
20130529,4.73,4.75,4.56,4.62,197128,0
20130530,4.61,4.6899,4.55,4.59,174507,0
20130531,4.56,4.62,4.45,4.51,236910,0
20130603,4.48,4.5,4.4,4.44,171725,0
20130604,4.43,4.51,4.31,4.5,210196,0
20130605,4.47,4.49,4.31,4.34,198181,0
20130606,4.34,4.43,4.3,4.4,428905,0
20130607,4.4,4.55,4.4,4.55,192294,0
20130610,4.55,4.64,4.5,4.62,115729,0
20130611,4.58,4.69,4.5501,4.63,173258,0
20130612,4.67,4.8,4.55,4.57,278653,0
20130613,4.56,4.74,4.5,4.61,373208,0
20130614,4.62,4.74,4.62,4.64,117007,0
20130617,4.66,4.672,4.58,4.59,102787,0
20130618,4.57,4.63,4.5,4.53,109155,0
20130619,4.51,4.65,4.44,4.55,119340,0
20130620,4.5,4.53,4.36,4.48,237981,0
20130621,4.47,4.52,4.35,4.36,173225,0
20130624,4.35,4.4,4.1501,4.3,428273,0
20130625,4.31,4.316,4.2,4.28,112523,0
20130626,4.28,4.4,4.27,4.27,148779,0
20130627,4.32,4.38,4.25,4.34,74025,0
20130628,4.32,4.41,4.22,4.34,215443,0
20130701,4.32,4.43,4.27,4.33,80363,0
20130702,4.31,4.34,4.17,4.24,230325,0
20130703,4.2,4.27,4.16,4.27,89017,0
20130705,4.24,4.3,4.24,4.27,80432,0
20130708,4.39,4.41,4.29,4.29,205171,0
20130709,4.3,4.33,4.22,4.27,134339,0
20130710,4.25,4.39,4.23,4.35,155575,0
20130711,4.36,4.55,4.35,4.46,349435,0
20130712,4.43,4.5099,4.38,4.46,82580,0
20130715,4.42,4.59,4.42,4.57,156391,0
20130716,4.57,4.65,4.56,4.56,100750,0
20130717,4.57,4.59,4.42,4.47,115818,0
20130718,4.46,4.5,4.29,4.5,78656,0
20130719,4.47,4.58,4.42,4.47,76300,0
20130722,4.48,4.58,4.46,4.54,227162,0
20130723,4.55,4.62,4.46,4.54,95401,0
20130724,4.6,4.6,4.31,4.51,236332,0
20130725,4.48,4.54,4.41,4.51,100957,0
20130726,4.48,4.54,4.44,4.48,168679,0
20130729,4.52,4.72,4.49,4.54,661689,0
20130730,4.7,4.73,4.51,4.63,509279,0
20130731,4.63,4.8,4.595,4.66,350562,0
20130801,4.72,4.88,4.66,4.86,216517,0
20130802,4.9,5.24,4.87,5.04,699519,0
20130805,5.04,5.38,4.9999,5.37,612144,0
20130806,5.37,5.52,5.25,5.33,604877,0
20130807,5.34,5.4099,5.04,5.26,360775,0
20130808,5.3,5.36,5.02,5.2,416440,0
20130809,5,5,4.62,4.72,725937,0
20130812,4.74,4.82,4.6,4.73,178581,0
20130813,4.71,4.7799,4.58,4.7,228186,0
20130814,4.67,4.75,4.595,4.63,210898,0
20130815,4.58,4.62,4.53,4.6,167581,0
20130816,4.57,4.61,4.26,4.34,476771,0
20130819,4.34,4.43,4.28,4.37,358464,0
20130820,4.38,4.38,4.24,4.29,172613,0
20130821,4.26,4.35,4.26,4.31,122805,0
20130822,4.34,4.38,4.23,4.38,268556,0
20130823,4.4,4.44,4.35,4.35,132261,0
20130826,4.36,4.4199,4.31,4.35,88188,0
20130827,4.34,4.38,4.23,4.27,222869,0
20130828,4.25,4.34,4.23,4.29,111054,0
20130829,4.29,4.34,4.25,4.3,103991,0
20130830,4.31,4.41,4.25,4.41,209809,0
20130903,4.42,4.68,4.42,4.63,428023,0
20130904,4.63,4.75,4.56,4.7,139436,0
20130905,4.7,4.74,4.61,4.64,86844,0
20130906,4.65,4.82,4.59,4.72,285843,0
20130909,4.73,4.83,4.73,4.78,122307,0
20130910,4.78,5.1,4.73,5.09,712106,0
20130911,5.08,5.25,5.05,5.07,362953,0
20130912,5.1,5.19,5.095,5.12,196229,0
20130913,5.13,5.35,5.09,5.27,354884,0
20130916,5.3,5.52,5.26,5.36,620483,0
20130917,5.37,5.41,5.07,5.13,535685,0
20130918,5.1,5.29,4.9401,5.23,419829,0
20130919,5.27,5.33,5.16,5.28,144792,0
20130920,5.26,5.27,5.05,5.14,181968,0
20130923,5.14,5.16,4.95,5.13,254132,0
20130924,5.12,5.25,5.01,5.18,100100,0
20130925,5.17,5.19,5.08,5.14,69458,0
20130926,5.12,5.26,5.07,5.2,154600,0
20130927,5.18,5.25,5.1,5.18,92204,0
20130930,5.12,5.14,5.08,5.12,57900,0
20131001,5.1,5.29,5.1,5.23,142400,0
20131002,5.2,5.25,5.2,5.2,80600,0
20131003,5.2,5.23,5.13,5.23,286100,0
20131004,5.23,5.32,5.23,5.3,137700,0
20131007,5.28,5.35,5.18,5.22,99500,0
20131008,5.2,5.28,4.99,5.08,142200,0
20131009,5.09,5.25,4.85,4.92,428724,0
20131010,5,5.04,4.86,5,94778,0
20131011,5,5.25,4.99,5.14,145538,0
20131014,5.13,5.21,5.02,5.11,119665,0
20131015,5.11,5.17,5,5.05,58900,0
20131016,5.07,5.1,5.04,5.1,83400,0
20131017,5.06,5.21,5.01,5.18,99300,0
20131018,5.18,5.24,5.12,5.22,79600,0
20131021,5.2,5.28,5.17,5.22,86000,0
20131022,5.24,5.29,5.23,5.25,148000,0
20131023,5.22,5.3,5.22,5.25,110896,0
20131024,5.3,5.32,5.23,5.27,117500,0
20131025,5.29,5.3,5.18,5.23,80050,0
20131028,5.03,5.2,5,5.17,130400,0
20131029,5.15,5.21,5.07,5.2,50800,0
20131030,5.23,5.27,5.15,5.17,80900,0
20131031,5.16,5.18,4.89,4.99,132425,0
20131101,4.99,5.09,4.95,5.02,87600,0
20131104,5.01,5.192,4.94,5.13,154527,0
20131105,5.14,5.28,5.14,5.19,129400,0
20131106,5.23,5.25,4.94,5,253400,0
20131107,5.03,5.09,4.55,4.61,424800,0
20131108,4.61,4.66,4.47,4.58,183700,0
20131111,4.55,4.6901,4.48,4.51,87378,0
20131112,4.49,4.63,4.46,4.58,64200,0
20131113,4.56,4.62,4.5,4.62,91000,0
20131114,4.65,4.72,4.65,4.7,59600,0
20131115,4.7,4.83,4.7,4.8,66200,0
20131118,4.8,4.84,4.63,4.66,84100,0
20131119,4.63,4.8,4.55,4.64,53100,0
20131120,4.67,4.83,4.67,4.77,36600,0
20131121,4.72,4.74,4.65,4.7,69300,0
20131122,4.73,4.8,4.65,4.8,87511,0
20131125,4.8,4.82,4.7,4.77,39900,0
20131126,4.76,4.84,4.72,4.84,43100,0
20131127,4.82,5.05,4.76,4.96,200800,0
20131129,5,5,4.9,4.94,24334,0
20131202,4.91,5.01,4.85,4.95,113800,0
20131203,4.91,4.94,4.8,4.8,92182,0
20131204,4.8,5.12,4.76,5.11,123900,0
20131205,5.13,5.14,4.97,4.98,68200,0
20131206,5.04,5.09,4.73,4.83,273200,0
20131209,4.82,4.85,4.64,4.7,89347,0
20131210,4.74,4.8,4.68,4.73,28800,0
20131211,4.79,4.79,4.68,4.72,46000,0
20131212,4.7,4.73,4.55,4.59,39863,0
20131213,4.57,4.69,4.54,4.59,62570,0
20131216,4.6,4.73,4.5964,4.71,70687,0
20131217,4.67,4.71,4.54,4.54,77200,0
20131218,4.54,4.64,4.51,4.55,51200,0
20131219,4.52,4.56,4.12,4.54,182700,0
20131220,4.54,4.83,4.52,4.83,223500,0
20131223,4.81,4.81,4.69,4.72,70300,0
20131224,4.69,4.77,4.57,4.72,29952,0
20131226,4.7,4.78,4.64,4.73,52133,0
20131227,4.7,4.78,4.65,4.7,42000,0
20131230,4.69,4.74,4.65,4.7,47800,0
20131231,4.68,4.77,4.64,4.73,95500,0
20140102,4.73,4.79,4.67,4.77,53080,0
20140103,4.75,4.9501,4.74,4.89,80295,0
20140106,4.87,4.9,4.82,4.86,53400,0
20140107,4.87,4.94,4.87,4.91,65800,0
20140108,4.89,5.09,4.89,4.99,79000,0
20140109,5.06,5.22,5,5.12,195900,0
20140110,5.15,5.43,5.14,5.4,314200,0
20140113,5.43,5.43,5.2,5.28,139900,0
20140114,5.27,5.35,5.21,5.29,65700,0
20140115,5.32,5.34,5.22,5.3,72000,0
20140116,5.32,5.34,5.2,5.33,119673,0
20140117,5.31,5.31,5.2,5.23,137100,0
20140121,5.25,5.25,5.03,5.2,107500,0
20140122,5.2,5.29,5.2,5.26,62800,0
20140123,5.21,5.28,5.2,5.23,61000,0
20140124,5.24,5.24,5.05,5.18,76100,0
20140127,5.15,5.15,4.81,4.96,137000,0
20140128,5.14,5.21,4.92,5.12,89600,0
20140129,5.1,5.2,5.06,5.14,58300,0
20140130,5.17,5.28,5.09,5.16,71600,0
20140131,5.12,5.19,5.08,5.11,34800,0
20140203,5.09,5.14,4.8196,4.9,133150,0
20140204,4.99,5.06,4.8164,4.9,88597,0
20140205,4.93,5.04,4.81,4.9,59168,0
20140206,4.94,5.0365,4.881,4.94,45733,0
20140207,5.01,5.07,4.7101,4.98,117998,0
20140210,5.01,5.22,4.9501,5.1,116883,0
20140211,5.16,5.4,5.1,5.23,169348,0
20140212,5.17,5.43,5.14,5.2,71909,0
20140213,5.15,5.2,5.14,5.2,37503,0
20140214,5.2,5.2,5.15,5.19,25974,0
20140218,5.19,5.2,5.01,5.165,69160,0
20140219,5.18,5.34,5.17,5.21,89974,0
20140220,5.27,5.63,5.27,5.47,280988,0
20140221,5.52,5.57,5.4001,5.48,76387,0
20140224,5.47,5.5,5.33,5.46,100247,0
20140225,5.35,5.93,5.33,5.63,432393,0
20140226,5.69,5.79,5.54,5.65,153407,0
20140227,5.65,5.73,5.51,5.61,151123,0
20140228,5.6625,5.6857,5.44,5.48,132673,0
20140303,5.47,5.68,5.25,5.55,107864,0
20140304,5.65,5.65,5.45,5.55,78962,0
20140305,5.52,5.65,5.35,5.53,145159,0
20140306,5.52,5.55,5.41,5.5,274581,0
20140307,5.68,5.68,5.3865,5.47,194438,0
20140310,5.43,5.53,5.3701,5.44,67888,0
20140311,5.44,5.45,5.22,5.31,113697,0
20140312,5.17,5.3,5.17,5.27,55758,0
20140313,5.3,5.32,5.01,5.15,122662,0
20140314,5.12,5.15,4.922,5.11,150597,0
20140317,5.12,5.25,4.85,5.08,171221,0
20140318,4.876,5.1796,4.876,4.99,111170,0
20140319,4.94,5.13,4.9,4.94,288453,0
20140320,4.9,5.01,4.81,4.95,213920,0
20140321,4.91,4.98,4.8,4.89,87347,0
20140324,4.86,4.92,4.53,4.65,290450,0
20140325,4.7,4.9,4.45,4.49,212857,0
20140326,4.55,4.55,4.28,4.42,313400,0
20140327,4.43,4.52,4.2,4.29,290559,0
20140328,4.29,4.41,4.26,4.35,97535,0
20140331,4.4,4.5,4.35,4.43,104466,0
20140401,4.49,4.65,4.47,4.5,88313,0
20140402,4.58,4.65,4.43,4.48,140886,0
20140403,4.53,4.55,4.36,4.39,110274,0
20140404,4.44,4.44,4.21,4.26,161759,0
20140407,4.27,4.28,4.01,4.13,156897,0
20140408,4.12,4.38,4.12,4.3,55627,0
20140409,4.35,4.39,4.2901,4.35,59731,0
20140410,4.36,4.439,4.21,4.23,58945,0
20140411,4.24,4.25,4.03,4.06,141879,0
20140414,4.03,4.23,3.92,4.07,154176,0
20140415,4.18,4.29,3.93,4.17,123577,0
20140416,4.17,4.249,4.07,4.1,84732,0
20140417,4.1,4.18,4.1,4.13,54902,0
20140421,4.18,4.31,4.16,4.25,52062,0
20140422,4.29,4.31,4.2,4.24,114981,0
20140423,4.24,4.34,4.16,4.33,113865,0
20140424,4.35,4.39,4.25,4.31,74095,0
20140425,4.33,4.41,4.16,4.26,78689,0
20140428,4.26,4.32,3.9999,4.13,85906,0
20140429,4.14,4.29,4.131,4.23,47420,0
20140430,4.25,4.27,4.08,4.27,85095,0
20140501,4.31,4.32,4.08,4.14,120339,0
20140502,4.18,4.22,4.11,4.18,62140,0
20140505,4.29,4.43,4.15,4.38,100091,0
20140506,4.36,4.46,4.23,4.24,68838,0
20140507,4.22,4.29,4.15,4.26,45508,0
20140508,4.22,4.37,4.03,4.09,102904,0
20140509,4.09,4.27,4.03,4.18,77637,0
20140512,4.21,4.33,4.17,4.21,54523,0
20140513,4.2,4.2,4.11,4.18,43412,0
20140514,4.15,4.3,4.15,4.17,75668,0
20140515,4.18,4.18,4.06,4.14,120113,0
20140516,4.15,4.25,4.03,4.23,36281,0
20140519,4.21,4.46,4.21,4.39,109724,0
20140520,4.45,4.46,4.3,4.3,42874,0
20140521,4.35,4.35,4.3,4.33,94863,0
20140522,4.3,4.4,4.22,4.3,90065,0
20140523,4.25,4.43,4.23,4.31,28441,0
20140527,4.32,4.55,4.32,4.43,116600,0
20140528,4.44,4.49,4.37,4.445,107668,0
20140529,4.44,4.51,4.41,4.47,39174,0
20140530,4.4593,4.56,4.4593,4.51,45076,0
20140602,4.47,4.49,4.29,4.36,73629,0
20140603,4.34,4.39,4.27,4.34,72191,0
20140604,4.33,4.35,4.27,4.34,19320,0
20140605,4.32,4.35,4.261,4.29,56366,0
20140606,4.3,4.35,4.28,4.29,22115,0
20140609,4.32,4.39,4.1601,4.31,76673,0
20140610,4.33,4.35,4.27,4.35,20500,0
20140611,4.39,4.5,4.35,4.47,53370,0
20140612,4.46,4.55,4.41,4.49,118413,0
20140613,4.48,4.48,4.35,4.39,62058,0
20140616,4.38,4.43,4.33,4.36,19270,0
20140617,4.37,4.48,4.34,4.45,19838,0
20140618,4.47,4.54,4.46,4.51,39282,0
20140619,4.54,4.5801,4.43,4.43,44329,0
20140620,4.44,4.54,4.41,4.5,60192,0
20140623,4.49,4.5,4.36,4.42,40689,0
20140624,4.42,4.53,4.42,4.49,51499,0
20140625,4.51,4.55,4.45,4.48,35467,0
20140626,4.5,4.55,4.46,4.52,17665,0
20140627,4.452,4.59,4.4501,4.57,47868,0
20140630,4.56,4.6,4.5,4.57,24882,0
20140701,4.57,4.6,4.44,4.48,31633,0
20140702,4.5,4.54,4.41,4.43,42500,0
20140703,4.43,4.4899,4.31,4.45,24874,0
20140707,4.45,4.45,4.36,4.45,33016,0
20140708,4.4,4.43,4.31,4.43,40933,0
20140709,4.39,4.45,4.32,4.4,35910,0
20140710,4.34,4.45,4.3,4.44,65000,0
20140711,4.45,4.88,4.33,4.6,407140,0
20140714,4.76,4.96,4.74,4.78,181056,0
20140715,4.75,4.81,4.65,4.71,103239,0
20140716,4.75,5.27,4.65,5.07,686594,0
20140717,5.2,5.25,4.96,5.02,320189,0
20140718,5.09,5.13,5.01,5.03,131168,0
20140721,5,5.05,4.96,4.97,138068,0
20140722,5,5.06,4.96,5,95837,0
20140723,5,5.0999,4.96,4.99,114537,0
20140724,5.04,5.06,4.95,5.01,251924,0
20140725,5.01,5.05,4.91,4.98,125611,0
20140728,4.95,4.99,4.8,4.9,125311,0
20140729,4.9,4.92,4.8,4.9,60508,0
20140730,4.95,4.99,4.87,4.94,84290,0
20140731,4.9,4.97,4.75,4.83,92441,0
20140801,4.86,4.86,4.65,4.79,109018,0
20140804,4.75,4.87,4.6801,4.79,104395,0
20140805,4.77,4.88,4.62,4.74,54702,0
20140806,4.68,4.79,4.68,4.72,20141,0
20140807,4.75,4.9,4.65,4.86,70890,0
20140808,4.6,4.63,3.63,4.04,938667,0
20140811,4.1,4.22,3.5,3.62,734263,0
20140812,3.59,3.678,3.5,3.57,216798,0
20140813,3.55,3.63,3.4101,3.58,291697,0
20140814,3.6,3.68,3.57,3.59,104665,0
20140815,3.6,3.64,3.49,3.6,196163,0
20140818,3.65,3.65,3.565,3.58,98256,0
20140819,3.59,3.65,3.56,3.62,217675,0
20140820,3.61,3.67,3.53,3.55,152443,0
20140821,3.58,3.62,3.5,3.54,109099,0
20140822,3.52,3.58,3.47,3.5,93227,0
20140825,3.54,3.56,3.5,3.55,88029,0
20140826,3.55,3.55,3.47,3.51,141415,0
20140827,3.5,3.5655,3.45,3.49,89051,0
20140828,3.45,3.5,3.43,3.43,62179,0
20140829,3.43,3.5,3.405,3.5,85193,0
20140902,3.5,3.53,3.3599,3.41,85042,0
20140903,3.43,3.43,3.22,3.33,178908,0
20140904,3.31,3.35,3.25,3.3,70817,0
20140905,3.29,3.29,3.15,3.15,137754,0
20140908,3.15,3.24,3.1,3.19,53431,0
20140909,3.2,3.2,2.95,2.95,226315,0
20140910,2.99,3.02,2.93,3.01,181176,0
20140911,2.98,3.01,2.93,2.93,87114,0
20140912,2.9,3.01,2.5266,2.99,873529,0
20140915,2.96,2.96,2.65,2.72,298075,0
20140916,2.68,2.74,2.55,2.6,186571,0
20140917,2.61,2.62,2.53,2.53,184817,0
20140918,2.53,2.79,2.5,2.65,223689,0
20140919,2.75,2.75,2.57,2.7,218517,0
20140922,2.65,2.7,2.53,2.54,61699,0
20140923,2.58,2.58,2.37,2.41,219466,0
20140924,2.38,2.48,2.34,2.36,94860,0
20140925,2.36,2.49,2.28,2.4,113132,0
20140926,2.47,2.54,2.38,2.43,98953,0
20140929,2.42,2.48,2.32,2.37,78276,0
20140930,2.36,2.42,2.31,2.33,79546,0
20141001,2.33,2.37,2.3,2.35,55736,0
20141002,2.32,2.4,2.26,2.36,47337,0
20141003,2.39,2.47,2.35,2.41,49717,0
20141006,2.43,2.48,2.35,2.36,32781,0
20141007,2.36,2.36,2.28,2.29,37591,0
20141008,2.25,2.25,1.9856,2.15,134662,0
20141009,2.22,2.24,2,2.14,109369,0
20141010,2.15,2.18,2.04,2.1,58262,0
20141013,2.09,2.2,2.0501,2.12,53435,0
20141014,2.2,2.27,2.07,2.095,69410,0
20141015,2.06,2.14,2,2.06,147046,0
20141016,2.01,2.19,2,2.1,34632,0
20141017,2.13,2.29,2.13,2.16,39966,0
20141020,2.2,2.24,2.08,2.08,37721,0
20141021,2.16,2.26,2.12,2.21,67151,0
20141022,2.2,2.3199,2.16,2.18,61193,0
20141023,2.21,2.38,2.21,2.25,104545,0
20141024,2.27,2.32,2.24,2.27,38748,0
20141027,2.3,2.88,2.28,2.8,477054,0
20141028,2.9,2.96,2.6,2.65,323946,0
20141029,2.66,2.67,2.5,2.65,97030,0
20141030,2.66,2.66,2.5,2.55,87360,0
20141031,2.54,2.54,2.21,2.26,229644,0
20141103,2.25,2.25,2.1,2.1,104126,0
20141104,2.12,2.26,2.03,2.14,84100,0
20141105,2.14,2.21,2.11,2.13,85610,0
20141106,1.9,1.95,1.51,1.57,874098,0
20141107,1.95,1.95,1.48,1.67,671281,0
20141110,1.71,1.71,1.55,1.64,152355,0
20141111,1.62,1.68,1.507,1.59,129194,0
20141112,1.59,1.61,1.561,1.6,66987,0
20141113,1.58,1.62,1.56,1.6,56862,0
20141114,1.6,1.61,1.54,1.56,99824,0
20141117,1.53,1.57,1.46,1.48,72740,0
20141118,1.46,1.55,1.46,1.5,122044,0
20141119,1.51,1.52,1.43,1.45,60587,0
20141120,1.43,1.54,1.43,1.52,45650,0
20141121,1.53,1.54,1.49,1.54,40870,0
20141124,1.49,1.55,1.48,1.48,84761,0
20141125,1.48,1.53,1.42,1.46,132540,0
20141126,1.49,1.5,1.41,1.44,73725,0
20141128,1.46,1.47,1.37,1.42,62852,0
20141201,1.45,1.45,1.31,1.35,112782,0
20141202,1.38,1.47,1.3,1.33,148618,0
20141203,1.32,1.39,1.31,1.35,41991,0
20141204,1.35,1.38,1.3,1.34,19640,0
20141205,1.35,1.35,1.29,1.3284,91532,0
20141208,1.29,1.38,1.29,1.34,142179,0
20141209,1.35,1.49,1.3,1.43,77168,0
20141210,1.42,1.43,1.35,1.35,76597,0
20141211,1.36,1.45,1.35,1.45,91615,0
20141212,1.44,1.46,1.35,1.35,135022,0
20141215,1.35,1.455,1.29,1.37,156583,0
20141216,1.38,1.39,1.2968,1.3,55084,0
20141217,1.29,1.3299,1.2481,1.29,42961,0
20141218,1.3,1.44,1.3,1.35,73324,0
20141219,1.38,1.5,1.34,1.5,128138,0
20141222,1.5,1.58,1.4716,1.5,54538,0
20141223,1.46,1.49,1.39,1.45,99519,0
20141224,1.46,1.47,1.4,1.4,42851,0
20141226,1.4,1.5,1.36,1.45,46505,0
20141229,1.45,1.58,1.4201,1.52,100267,0
20141230,1.49,1.57,1.4601,1.51,65133,0
20141231,1.5299,1.576,1.47,1.49,72595,0
20150102,1.56,1.68,1.53,1.68,84995,0
20150105,1.71,1.78,1.66,1.68,78063,0
20150106,1.7,1.7385,1.61,1.68,58105,0
20150107,1.66,1.68,1.62,1.64,41668,0
20150108,1.62,1.71,1.62,1.69,77239,0
20150109,1.71,2.68,1.71,2.16,1971797,0
20150112,2.12,2.68,2.12,2.47,1074633,0
20150113,2.47,2.65,2.22,2.27,433137,0
20150114,2.24,2.4185,2.22,2.38,238601,0
20150115,2.4,2.4,2.1,2.17,171196,0
20150116,2.13,2.31,2.11,2.22,54215,0
20150120,2.2114,2.3,2.13,2.27,157453,0
20150121,2.2564,2.264,2.11,2.13,119035,0
20150122,2.0901,2.14,2.01,2.07,68886,0
20150123,2.05,2.1304,2.05,2.09,44771,0
20150126,2.14,2.19,2.1,2.11,77117,0
20150127,2.12,2.2,2.12,2.16,22213,0
20150128,2.1545,2.2,2.101,2.13,41303,0
20150129,2.13,2.23,2.1,2.22,95227,0
20150130,2.22,2.26,2.11,2.122,28513,0
20150202,2.12,2.16,2.1,2.105,27596,0
20150203,2.1012,2.1225,2.01,2.03,43382,0
20150204,2,2.0597,1.95,2.02,173993,0
20150205,2,2.0001,1.9222,1.95,58105,0
20150206,1.93,1.97,1.85,1.915,134045,0
20150209,1.9,1.99,1.9,1.94,38158,0
20150210,1.9001,1.9552,1.88,1.92,34940,0
20150211,1.91,1.95,1.91,1.95,51532,0
20150212,1.95,2.06,1.92,1.98,51195,0
20150213,1.9601,2.0799,1.95,2.07,66505,0
20150217,2.08,2.21,2.079,2.19,57604,0
20150218,2.24,2.24,2.13,2.13,28157,0
20150219,2.19,2.194,2.13,2.17,8937,0
20150220,2.14,2.2,2.12,2.18,36786,0
20150223,2.22,2.2265,2.08,2.08,25455,0
20150224,2.07,2.14,2.07,2.14,18648,0
20150225,2.17,2.18,2.05,2.1,99741,0
20150226,2.06,2.12,2.04,2.05,46033,0
20150227,2.1,2.13,2.05,2.11,29501,0
20150302,2.16,2.19,2.05,2.05,44000,0
20150303,2.07,2.12,2.05,2.06,14500,0
20150304,2.08,2.11,2.06,2.07,21700,0
20150305,2.09,2.1,1.95,1.97,74000,0
20150306,1.9,2,1.87,1.99,64800,0
20150309,2,2.02,1.9,1.93,48100,0
20150310,1.97,2,1.86,1.91,52100,0
20150311,1.92,1.98,1.85,1.88,74700,0
20150312,1.91,2,1.9,1.96,12600,0
20150313,1.93,1.99,1.88,1.95,18700,0
20150316,2,2.07,1.95,2.05,48000,0
20150317,2.07,2.08,1.99,2.07,43400,0
20150318,2.08,2.27,2.08,2.14,65600,0
20150319,2.16,2.18,2.08,2.17,66700,0
20150320,2.2,2.21,2.12,2.13,39500,0
20150323,2.16,2.19,2.06,2.17,41400,0
20150324,2.14,2.2,2.05,2.15,24200,0
20150325,2.15,2.15,2.05,2.05,24900,0
20150326,2.07,2.12,2,2.03,49100,0
20150327,2.02,2.05,1.99,2.01,15000,0
20150330,2,2.05,1.98,2.02,10400,0
20150331,2,2.11,2,2.07,16856,0
20150401,2.06,2.08,2.02,2.05,9000,0
20150402,2.02,2.07,1.99,2.04,13800,0
20150406,2,2.05,1.98,2.02,13200,0
20150407,2.09,2.09,1.99,2.01,14376,0
20150408,2.01,2.02,1.97,1.97,32700,0
20150409,2,2,1.95,1.98,19203,0
20150410,1.96,2,1.93,1.99,22100,0
20150413,1.98,2.02,1.97,2.01,18700,0
20150414,2.03,2.08,2.01,2.01,42100,0
20150415,2.01,2.02,1.95,1.98,21568,0
20150416,1.92,1.97,1.92,1.97,16923,0
20150417,1.98,2.08,1.92,2.07,32800,0
20150420,2.05,2.05,1.9999,2.05,16724,0
20150421,2.08,2.09,1.98,2.02,30728,0
20150422,1.97,2.01,1.9,2.005,39743,0
20150423,2.01,2.05,1.96,2,20500,0
20150424,2.01,2.01,1.93,1.94,31928,0
20150427,1.95,2.02,1.91,1.92,25900,0
20150428,1.98,1.98,1.9,1.95,12558,0
20150429,1.94,2,1.94,1.97,20000,0
20150430,1.97,2,1.94,2,33500,0
20150501,2,2,1.94,1.97,20800,0
20150504,1.96,2,1.96,1.99,8900,0
20150505,1.99,1.99,1.71,1.87,54700,0
20150506,1.84,1.9799,1.83,1.91,48056,0
20150507,1.87,1.9,1.21,1.32,495681,0
20150508,1.29,1.49,1.27,1.28,279300,0
20150511,1.25,1.37,1.25,1.28,155600,0
20150512,1.3,1.31,1.23,1.24,98660,0
20150513,1.24,1.29,1.15,1.15,44579,0
20150514,1.15,1.2,1.15,1.15,88300,0
20150515,1.2015,1.23,1.14,1.155,128036,0
20150518,1.18,1.18,1.08,1.08,115918,0
20150519,1.15,1.19,1,1.02,229472,0
20150520,1,1.03,0.891,0.92,318635,0
20150521,0.86,0.99,0.86,0.98,116100,0
20150522,0.98,1.08,0.95,1.04,118200,0
20150526,1.1,1.19,1.06,1.18,144259,0
20150527,1.24,1.25,1.12,1.2,101500,0
20150528,1.21,1.22,1.14,1.18,67876,0
20150529,1.17,1.25,1.15,1.18,106800,0
20150601,1.19,1.2,1.15,1.15,25966,0
20150602,1.14,1.22,1.14,1.2,43552,0
20150603,1.22,1.22,1.18,1.2,29200,0
20150604,1.2,1.22,1.16,1.2,21500,0
20150605,1.17,1.22,1.17,1.18,49000,0
20150608,1.21,1.22,1.17,1.17,13400,0
20150609,1.21,1.22,1.18,1.22,33765,0
20150610,1.2,1.35,1.17,1.34,107503,0
20150611,1.38,1.38,1.17,1.25,96546,0
20150612,1.2,1.24,1.2,1.22,21000,0
20150615,1.21,1.21,1.17,1.17,38100,0
20150616,1.2,1.23,1.18,1.19,19700,0
20150617,1.19,1.25,1.19,1.21,33800,0
20150618,1.22,1.29,1.21,1.21,68900,0
20150619,1.34,1.34,1.21,1.26,38600,0
20150622,1.26,1.29,1.25,1.29,17300,0
20150623,1.31,1.31,1.25,1.28,17280,0
20150624,1.28,1.28,1.22,1.24,15500,0
20150625,1.27,1.27,1.03,1.24,150400,0
20150626,1.13,1.21,1.06,1.06,202100,0
20150629,1.13,1.15,1.07,1.1,47500,0
20150630,1.05,1.11,1.05,1.09,48151,0
20150701,1.07,1.1,1.01,1.06,22500,0
20150702,1.05,1.05,1,1.03,21900,0
20150706,0.99,1.01,0.97,1,81600,0
20150707,0.97,1.02,0.97,1.02,12400,0
20150708,0.99,0.99,0.94,0.95,19700,0
20150709,0.95,0.95,0.8,0.94,14700,0
20150710,0.99,1.25,0.99,1.19,184500,0
20150713,1.16,1.2,1.06,1.14,40200,0
20150714,1.15,1.18,1.15,1.15,25301,0
20150715,1.15,1.19,1.15,1.19,15522,0
20150716,1.17,1.23,1.16,1.23,41600,0
20150717,1.25,1.25,1.18,1.22,44000,0
20150720,1.22,1.25,1.06,1.1,83100,0
20150721,1.19,1.19,1.01,1.07,88900,0
20150722,1.04,1.14,1.04,1.08,35900,0
20150723,1.14,1.14,1.05,1.05,33600,0
20150724,1,1.09,1,1.09,65400,0
20150727,1.04,1.2,1.01,1.07,41600,0
20150728,1.05,1.15,1.05,1.05,19600,0
20150729,1.1,1.1,1.06,1.09,14900,0
20150730,1.1,1.1,1,1.06,28700,0
20150731,1.09,1.09,1.01,1.02,32800,0
20150803,1,1.04,0.97,0.9968,37307,0
20150804,1.04,1.1,1,1.02,100200,0
20150805,1.02,1.09,1.02,1.05,25300,0
20150806,1.05,1.09,1.02,1.03,11968,0
20150807,1,1.09,1,1.01,35400,0
20150810,1.01,1.1,1.01,1.09,45700,0
20150811,1.0161,1.1,1.0161,1.0701,33752,0
20150812,1.05,1.11,1.05,1.09,44400,0
20150813,1.1,1.15,1.02,1.05,42000,0
20150814,1.04,1.15,1.04,1.14,45400,0
20150817,1.14,1.16,1.1,1.1,27600,0
20150818,1.12,1.2,1.12,1.15,14900,0
20150819,1.16,1.18,1.01,1.11,55500,0
20150820,1.07,1.15,1.04,1.15,24200,0
20150821,1.15,1.15,1.03,1.07,38600,0
20150824,1.05,1.14,1,1.09,25041,0
20150825,1.12,1.12,1.06,1.12,19100,0
20150826,1.12,1.12,1.09,1.11,18200,0
20150827,1.11,1.19,1.09,1.18,35300,0
20150828,1.15,1.19,1.1,1.13,21600,0
20150831,1.14,1.18,1.1,1.18,7700,0
20150901,1.12,1.25,1.12,1.17,38300,0
20150902,1.15,1.2,1.13,1.16,7000,0
20150903,1.24,1.25,1.14,1.22,12500,0
20150904,1.25,1.35,1.12,1.3,193200,0
20150908,1.31,1.4,1.3,1.4,78400,0
20150909,1.29,1.45,1.29,1.42,125800,0
20150910,1.42,1.45,1.35,1.35,34900,0
20150911,1.3,1.39,1.25,1.39,39000,0
20150914,1.46,1.46,1.36,1.44,69000,0
20150915,1.45,1.5,1.43,1.45,65500,0
20150916,1.45,1.47,1.36,1.39,18400,0
20150917,1.4848,1.4848,1.395,1.42,6403,0
20150918,1.4,1.45,1.4,1.45,22900,0
20150921,1.45,1.52,1.4,1.5,48300,0
20150922,1.47,1.55,1.37,1.37,41400,0
20150923,1.47,1.47,1.3,1.4,50913,0
20150924,1.37,1.4,1.26,1.36,17277,0
20150925,1.36,1.6,1.28,1.33,87800,0
20150928,1.23,1.36,1.12,1.14,36312,0
20150929,1.16,1.32,1.14,1.16,34800,0
20150930,1.16,1.31,1.12,1.23,54400,0
20151001,1.2,1.29,1.2,1.28,7000,0
20151002,1.26,1.32,1.26,1.28,3400,0
20151005,1.2,1.3,1.2,1.3,11922,0
20151006,1.29,1.32,1.24,1.32,32800,0
20151007,1.28,1.315,1.26,1.26,7849,0
20151008,1.24,1.31,1.24,1.26,7000,0
20151009,1.25,1.25,1.22,1.24,8200,0
20151012,1.23,1.25,1.2001,1.23,10820,0
20151013,1.2,1.25,1.2,1.22,4000,0
20151014,1.25,1.32,1.2,1.21,11200,0
20151015,1.26,1.27,1.21,1.21,2600,0
20151016,1.24,1.32,1.2,1.26,41200,0
20151019,1.22,1.26,1.2,1.25,14753,0
20151020,1.23,1.28,1.18,1.23,10900,0
20151021,1.3,1.3,1.13,1.17,49000,0
20151022,1.14,1.16,1.05,1.1,54000,0
20151023,1.14,1.15,1.08,1.13,32100,0
20151026,1.1,1.16,1.06,1.06,34800,0
20151027,1.05,1.1,1.05,1.07,17600,0
20151028,1.08,1.15,1.07,1.11,5800,0
20151029,1.09,1.15,1.07,1.09,12100,0
20151030,1.15,1.15,1.07,1.07,11400,0
20151102,1.12,1.14,1.08,1.1,32309,0
20151103,1.1,1.17,1.06,1.09,33103,0
20151104,1.0701,1.11,1.0701,1.08,21897,0
20151105,1.05,1.13,1.05,1.08,34500,0
20151106,1.13,1.13,0.99,1,148400,0
20151109,1.05,1.08,1.05,1.05,73071,0
20151110,1.02,1.02,0.96,0.97,47500,0
20151111,1.07,1.07,0.99,1,21600,0
20151112,0.96,1,0.96,0.99,15600,0
20151113,0.96,1.05,0.95,1.03,44400,0
20151116,1.09,1.1,0.96,1.01,35900,0
20151117,1.05,1.05,1,1.04,7600,0
20151118,1.01,1.03,0.97,0.97,23900,0
20151119,1.01,1.01,0.96,0.97,3100,0
20151120,1.01,1.01,0.95,0.97,46700,0
20151123,0.95,1.04,0.95,1,38100,0
20151124,0.96,1,0.95,1,30200,0
20151125,1,1.03,0.9,0.96,14700,0
20151127,1.05,1.05,0.97,1.04,7900,0
20151130,1.05,1.09,0.94,1.02,111800,0
20151201,1.06,1.1,0.95,0.99,55415,0
20151202,0.99,1,0.92,0.92,59430,0
20151203,0.95,1.05,0.95,1.02,92639,0
20151204,1,1,0.96,0.99,15800,0
20151207,0.96,1,0.9,0.91,45700,0
20151208,0.96,0.98,0.88,0.8801,83191,0
20151209,0.82,0.97,0.82,0.95,49300,0
20151210,0.96,0.96,0.89,0.93,30100,0
20151211,0.88,0.92,0.88,0.9,40500,0
20151214,0.87,0.96,0.87,0.96,57781,0
20151215,0.92,0.96,0.82,0.95,46100,0
20151216,0.82,0.94,0.82,0.88,22200,0
20151217,0.89,0.93,0.85,0.9,41000,0
20151218,0.9,0.91,0.86,0.9,72800,0
20151221,0.88,0.89,0.87,0.88,53200,0
20151222,1.05,1.23,0.8,0.81,2606253,0
20151223,0.86,0.86,0.7,0.82,420500,0
20151224,0.85,0.8553,0.75,0.7799,231996,0
20151228,0.8,0.8,0.73,0.73,192130,0
20151229,0.72,0.8197,0.701,0.74,127010,0
20151230,0.71,0.77,0.7,0.7499,215878,0
20151231,0.76,0.77,0.7,0.7,275786,0
20160104,0.71,0.77,0.6877,0.692,200401,0
20160105,0.73,0.7375,0.6423,0.65,133894,0
20160106,0.651,0.6803,0.57,0.58,210717,0
20160107,0.5781,0.5781,0.49,0.5,144866,0
20160108,0.525,0.69,0.525,0.54,230644,0
20160111,0.525,0.5485,0.5,0.5094,156653,0
20160112,0.503,0.58,0.4201,0.45,203522,0
20160113,0.4,0.54,0.4,0.43,178800,0
20160114,0.4,0.4625,0.33,0.408,331355,0
20160115,0.408,0.45,0.3878,0.448,50396,0
20160119,0.45,0.45,0.35,0.4,121800,0
20160120,0.43,0.43,0.3402,0.38,122600,0
20160121,0.3801,0.44,0.38,0.42,58980,0
20160122,0.44,0.44,0.4,0.4087,54478,0
20160125,0.41,0.41,0.3734,0.4,28230,0
20160126,0.35,0.4088,0.35,0.39,30297,0
20160127,0.38,0.38,0.355,0.3631,25072,0
20160128,0.37,0.37,0.33,0.331,93750,0
20160129,0.331,0.35,0.33,0.3376,40575,0
20160201,0.35,0.37,0.33,0.3501,62356,0
20160202,0.3677,0.368,0.2821,0.31,162098,0
20160203,0.3255,0.3255,0.27,0.2902,76789,0
20160204,0.32,0.3481,0.3,0.3,230627,0
20160205,0.309,0.34,0.309,0.3198,90718,0
20160208,0.33,0.34,0.3,0.322,197838,0
20160209,0.3,0.328,0.22,0.2666,208932,0
20160210,0.2671,0.298,0.267,0.294,39294,0
20160211,0.3,0.3139,0.2503,0.306,240886,0
20160212,0.2621,0.31,0.2621,0.3,17807,0
20160216,0.29,0.29,0.2503,0.285,122899,0
20160217,0.31,0.31,0.27,0.3,73715,0
20160218,0.3,0.3,0.2813,0.297,34837,0
20160219,0.2998,0.32,0.27,0.2701,122874,0
20160222,0.2901,0.3,0.2712,0.2998,8022,0
20160223,0.3,0.3,0.28,0.2801,15452,0
20160224,0.275,0.3001,0.27,0.2873,181935,0
20160225,0.288,0.3,0.27,0.2751,70038,0
20160226,0.2925,0.296,0.28,0.29,25025,0
20160229,0.311,0.72,0.311,0.6311,1830226,0
20160301,0.72,0.7497,0.51,0.5401,826965,0
20160302,0.534,0.5773,0.4081,0.4683,445464,0
20160303,0.52,0.52,0.45,0.49,164595,0
20160304,0.5,0.509,0.45,0.47,110574,0
20160307,0.5,0.54,0.4935,0.5,203953,0
20160308,0.5,0.54,0.475,0.52,86171,0
20160309,0.5201,0.54,0.462,0.47,114606,0
20160310,0.5,0.5299,0.4844,0.5298,40933,0
20160311,0.5389,0.5399,0.46,0.51,53813,0
20160314,0.51,0.5422,0.5039,0.54,113064,0
20160315,0.55,0.58,0.505,0.566,127779,0
20160316,0.57,0.57,0.5002,0.535,76993,0
20160317,0.5595,0.5595,0.507,0.5301,15910,0
20160318,0.54,0.54,0.4999,0.5,83424,0
20160321,0.49,0.595,0.49,0.56,149156,0
20160322,0.53,0.6,0.52,0.5449,67767,0
20160323,0.56,0.58,0.53,0.56,79666,0
20160324,0.58,0.75,0.56,0.739,261598,0
20160328,0.75,0.829,0.69,0.7,262269,0
20160329,0.58,0.58,0.5,0.502,246884,0
20160330,0.48,0.56,0.48,0.51,48825,0
20160331,0.5,0.539,0.48,0.4845,67031,0
20160401,0.46,0.5095,0.46,0.462,63043,0
20160404,0.46,0.47,0.43,0.4469,125612,0
20160405,0.439,0.63,0.43,0.52,325901,0
20160406,0.536,0.56,0.4705,0.5,87467,0
20160407,0.49,0.55,0.49,0.49,55106,0
20160408,0.54,0.54,0.49,0.496,40714,0
20160411,0.5,0.52,0.5,0.52,35373,0
20160412,0.52,0.54,0.4923,0.5399,30507,0
20160413,0.54,0.57,0.51,0.53,27519,0
20160414,0.52,0.58,0.5,0.56,79504,0
20160415,0.61,0.61,0.56,0.5999,71155,0
