Date,Open,High,Low,Close,Volume,OpenInt
20050225,18.5,18.51,18.1,18.1,1458,0
20050228,18.02,18.51,18.02,18.26,1226,0
20050301,18.48,18.59,17.93,18.02,16652,0
20050302,18.42,18.48,18.08,18.08,20988,0
20050303,18.3,18.35,18.26,18.35,3380,0
20050304,18.35,18.54,18.04,18.1,1586,0
20050307,17.99,18.09,17.99,18.09,3194,0
20050308,18.32,18.33,18.09,18.09,6746,0
20050309,18.1,18.1,17.93,18.1,19423,0
20050310,17.89,18.1,17.89,17.98,20877,0
20050314,18.03,18.16,18.03,18.1,2202,0
20050315,18.35,18.35,17.73,17.73,2760,0
20050316,18.07,18.31,17.89,17.89,3889,0
20050317,18.09,18.5,18.01,18.5,7937,0
20050318,18.51,18.59,18.4,18.59,1847,0
20050321,18.1,18.51,17.69,18.51,3002,0
20050322,17.89,18.51,17.76,18.51,850,0
20050323,17.73,19.33,17.61,18.51,8706,0
20050324,18.51,18.51,18.35,18.35,3943,0
20050328,18.35,18.72,17.85,18.72,2533,0
20050329,18.92,18.92,18.02,18.51,4469,0
20050330,18.14,18.14,18.14,18.14,255,0
20050331,18.1,18.1,17.28,17.82,13126,0
20050401,17.75,17.75,17.73,17.73,850,0
20050404,17.79,17.86,17.52,17.61,18792,0
20050405,17.07,17.57,17.07,17.56,7719,0
20050406,17.28,17.84,17.28,17.84,3162,0
20050407,17.84,17.84,17.48,17.7,6809,0
20050408,17.7,17.7,17.7,17.7,243,0
20050411,17.98,17.98,17.98,17.98,243,0
20050413,17.81,18.19,17.81,18.02,2832,0
20050414,18.1,18.21,18.1,18.21,7533,0
20050415,18.02,18.02,18.02,18.02,1256,0
20050418,18.1,18.1,17.86,18.1,6873,0
20050420,18.31,18.31,17.89,17.89,1093,0
20050421,17.95,18.02,17.95,18.02,1093,0
20050422,17.69,18.06,17.69,18,1580,0
20050425,18.05,18.05,17.77,17.77,1454,0
20050426,17.69,17.69,17.69,17.69,401,0
20050427,17.69,17.69,17.69,17.69,1289,0
20050428,17.77,18.1,17.77,17.93,4435,0
20050429,17.93,18.1,17.93,18.09,1696,0
20050503,17.69,17.93,17.69,17.89,1129,0
20050504,17.9,17.9,17.89,17.89,343,0
20050505,18.1,18.1,18.1,18.1,243,0
20050506,18.51,18.51,17.85,18.07,3070,0
20050509,18.1,18.1,17.85,17.85,6325,0
20050510,17.84,18.08,17.73,17.86,6822,0
20050511,17.92,18.09,17.77,17.94,9821,0
20050512,17.85,18.08,17.74,18.08,3974,0
20050513,19.54,19.54,17.93,17.95,14543,0
20050516,17.85,17.89,17.85,17.89,243,0
20050517,17.89,17.89,17.85,17.85,1823,0
20050518,17.85,18.1,17.85,18.1,1823,0
20050519,18.1,18.1,18.1,18.1,7819,0
20050520,18.51,18.51,18.1,18.51,972,0
20050523,17.81,17.84,17.78,17.78,3067,0
20050524,17.9,18.1,17.9,18.1,12100,0
20050525,17.69,18.51,17.69,18.35,1237,0
20050527,18.51,18.51,18.14,18.35,1830,0
20050531,18.51,18.51,17.83,18.47,2940,0
20050601,18.49,18.51,18.49,18.51,364,0
20050602,18.51,18.51,18.51,18.51,729,0
20050603,18.1,18.92,18.1,18.35,3529,0
20050606,19.5,19.5,18.49,18.49,7017,0
20050607,18.15,18.23,18.15,18.23,3608,0
20050608,18.77,18.77,18.22,18.24,1286,0
20050609,18.02,18.18,17.69,18.17,5469,0
20050610,18.31,18.31,18.1,18.1,8603,0
20050613,17.69,17.69,17.38,17.44,3979,0
20050614,17.52,17.52,17.48,17.48,758,0
20050615,17.78,17.93,17.48,17.48,2880,0
20050616,17.91,17.91,17.7,17.7,279,0
20050617,18.47,18.47,17.65,17.65,1337,0
20050620,18.27,18.27,17.85,17.85,3698,0
20050621,18.02,18.05,17.67,17.67,1168,0
20050622,17.89,17.89,17.61,17.61,1215,0
20050624,17.94,17.94,17.94,17.94,243,0
20050627,17.74,17.74,17.74,17.74,267,0
20050628,17.97,17.97,17.97,17.97,303,0
20050629,17.91,17.91,17.91,17.91,607,0
20050630,17.97,17.98,17.93,17.98,1093,0
20050701,17.98,17.98,17.98,17.98,364,0
20050706,17.98,17.98,17.98,17.98,1345,0
20050708,17.95,17.96,17.19,17.42,5893,0
20050711,17.92,17.92,17.62,17.62,3889,0
20050712,17.93,17.93,17.52,17.73,26946,0
20050713,17.98,17.98,17.89,17.89,2997,0
20050714,17.98,17.98,17.98,17.98,121,0
20050718,17.82,17.82,17.65,17.65,523,0
20050719,17.89,18.26,17.89,18.26,4219,0
20050720,17.81,18.34,17.79,18.34,920,0
20050721,18.35,18.43,18.35,18.43,2674,0
20050722,18.47,18.5,18.47,18.5,4676,0
20050725,18.51,18.51,18.51,18.51,4740,0
20050726,18.51,19.54,18.51,19.54,40302,0
20050727,19.18,19.74,19.18,19.74,2411,0
20050728,19.62,19.66,19.62,19.66,850,0
20050729,19.66,19.74,19.66,19.74,1397,0
20050801,19.42,19.95,19.42,19.95,6624,0
20050802,19.74,19.74,19.59,19.59,1743,0
20050803,19.58,19.58,19.46,19.58,1634,0
20050805,19.58,19.95,19.58,19.95,4375,0
20050808,19.65,19.83,19.42,19.83,15385,0
20050809,19.74,19.83,19.66,19.83,6967,0
20050810,19.83,19.83,19.74,19.74,729,0
20050811,19.74,19.74,18.92,18.92,5193,0
20050812,18.92,19.13,18.92,19.13,8470,0
20050815,18.87,18.87,18.72,18.72,510,0
20050816,18.91,18.91,18.91,18.91,121,0
20050817,18.72,19.17,18.72,19.13,6076,0
20050819,19.13,19.13,19.13,19.13,243,0
20050822,18.7,18.8,18.7,18.8,1971,0
20050823,18.92,18.92,18.6,18.64,9832,0
20050824,18.71,18.72,18.71,18.72,258,0
20050825,18.92,18.92,18.69,18.69,1454,0
20050826,18.92,18.92,18.64,18.64,1458,0
20050829,18.63,18.92,18.63,18.92,880,0
20050830,18.92,18.92,18.63,18.63,364,0
20050901,18.78,18.78,18.61,18.61,1243,0
20050902,18.82,18.83,18.52,18.52,607,0
20050906,18.47,18.63,18.11,18.31,11684,0
20050907,18.31,18.65,18.31,18.33,4054,0
20050908,18.44,18.92,18.2,18.2,26727,0
20050909,18.82,18.82,18.56,18.56,729,0
20050912,18.51,18.51,18.35,18.35,2444,0
20050913,18.41,18.41,18.26,18.33,607,0
20050914,18.31,18.31,18.22,18.31,3999,0
20050919,18.31,18.31,18.21,18.21,1337,0
20050920,18.35,18.92,18.22,18.32,9129,0
20050921,18.31,18.59,18.14,18.23,18343,0
20050922,18.35,19.21,18.18,18.51,16933,0
20050923,18.83,18.83,18.53,18.57,948,0
20050926,18.39,18.51,18.39,18.45,1289,0
20050927,18.59,18.59,18.47,18.47,1093,0
20050928,18.91,18.96,18.91,18.96,510,0
20050929,18.89,19.08,18.89,19.08,2450,0
20050930,18.93,19.12,18.68,18.76,4921,0
20051003,18.77,18.77,18.77,18.77,121,0
20051004,18.92,18.92,18.59,18.59,3506,0
20051006,18.86,19.3,18.18,18.72,43848,0
20051007,18.91,19.15,18.59,18.59,5010,0
20051010,18.69,19.25,18.59,18.81,15376,0
20051011,18.88,18.88,18.59,18.63,3885,0
20051012,18.63,18.63,18.59,18.59,2011,0
20051013,18.59,18.59,18.18,18.23,4644,0
20051014,18.35,18.35,18.35,18.35,842,0
20051017,18.35,18.86,18.35,18.39,11008,0
20051018,18.8,18.92,18.51,18.65,23479,0
20051019,18.39,18.79,18.35,18.35,9882,0
20051020,18.55,18.63,18.43,18.43,2247,0
20051021,18.61,18.68,18.61,18.68,1093,0
20051024,18.63,19.25,18.63,18.84,25039,0
20051025,19.14,19.16,18.47,18.64,32446,0
20051026,18.59,18.59,18.59,18.59,607,0
20051027,18.87,18.92,18.63,18.63,4479,0
20051028,18.69,18.72,18.68,18.68,8187,0
20051031,18.64,19.11,18.42,18.42,16690,0
20051101,18.39,19,18.39,18.85,9967,0
20051102,18.6,18.92,18.56,18.87,2589,0
20051103,18.77,19,18.63,19,9359,0
20051104,18.72,19.42,18.72,19.33,1401,0
20051107,19.23,19.51,19.07,19.12,3008,0
20051108,19.07,19.15,18.35,18.63,16967,0
20051109,18.66,18.87,18.51,18.6,4740,0
20051110,18.59,18.59,18.59,18.59,364,0
20051111,18.91,18.91,18.63,18.63,2238,0
20051114,18.82,18.84,18.82,18.84,522,0
20051115,18.59,18.87,18.26,18.72,5034,0
20051116,18.51,18.65,18.51,18.51,10070,0
20051117,18.76,18.91,18.55,18.66,4983,0
20051118,19.05,19.05,18.81,18.81,10223,0
20051121,19.28,19.28,18.8,19.05,3514,0
20051122,18.8,19.05,18.8,18.8,6761,0
20051123,18.8,18.95,18.8,18.92,3488,0
20051125,19.05,19.05,19.05,19.05,364,0
20051128,19.46,19.46,19.14,19.14,486,0
20051129,18.92,18.92,18.92,18.92,2316,0
20051130,19.14,19.35,18.84,19.17,39264,0
20051201,19.17,19.17,19,19.09,4180,0
20051202,19.17,19.17,19.05,19.05,1385,0
20051205,18.9,18.9,18.9,18.9,121,0
20051206,18.92,19.28,18.89,19.09,3403,0
20051207,19.44,19.44,18.92,18.92,739,0
20051208,19.22,19.42,18.89,19.16,16235,0
20051209,18.88,19.23,18.88,18.95,3816,0
20051212,18.88,19,18.88,18.96,15730,0
20051213,19.09,19.09,18.96,19.07,2628,0
20051214,18.96,19.09,18.96,19.09,2836,0
20051215,18.96,19.09,18.96,18.96,14007,0
20051216,18.88,19,18.88,18.92,730,0
20051219,19.09,19.77,18.87,18.87,5130,0
20051220,18.83,18.83,18.83,18.83,232,0
20051221,19.36,19.36,19.33,19.33,1736,0
20051222,19.25,19.25,19.13,19.13,811,0
20051223,19.49,19.68,19.01,19.19,6138,0
20051227,18.89,18.89,18.89,18.89,930,0
20051228,18.98,18.98,18.97,18.98,995,0
20060103,19.25,19.25,19.24,19.24,696,0
20060104,19,19,19,19,115,0
20060105,19,19,18.79,18.79,740,0
20060106,18.81,18.81,18.81,18.81,428,0
20060109,18.58,18.87,18.36,18.36,5401,0
20060110,18.37,18.79,18.37,18.78,856,0
20060111,18.79,18.79,18.79,18.79,142,0
20060112,19,19,19,19,694,0
20060113,19,19.44,19,19.29,29943,0
20060117,19.22,19.44,19.09,19.44,3629,0
20060118,19.65,20.08,19.52,19.92,3131,0
20060119,20.24,20.24,19.87,20.19,7173,0
20060120,19.97,20.43,19.97,20.43,2762,0
20060123,20.52,20.95,20.12,20.25,7494,0
20060124,20.34,21.21,20.3,20.63,7825,0
20060125,20.21,20.6,20.21,20.56,3578,0
20060126,20.73,20.73,20.56,20.56,2985,0
20060127,20.43,20.73,20.34,20.67,2778,0
20060130,20.67,21.16,19.93,20.74,10820,0
20060131,20.74,21.51,20.74,21.47,2697,0
20060201,21.18,21.77,21.18,21.75,4770,0
20060202,21.77,21.79,21.55,21.59,6829,0
20060203,21.6,21.6,21.6,21.6,2894,0
20060206,21.6,21.6,21.51,21.51,8103,0
20060207,21.51,21.68,21.51,21.56,40127,0
20060208,21.55,21.55,21.04,21.08,8850,0
20060209,21.65,21.65,21.42,21.42,5210,0
20060210,21.7,21.73,21.7,21.73,839,0
20060213,21.81,22.03,21.74,22.03,2431,0
20060214,21.98,21.98,21.98,21.98,445,0
20060215,22.11,22.59,22.11,22.43,8349,0
20060216,22.68,22.68,22.16,22.46,8242,0
20060217,22.59,22.59,22.59,22.59,1967,0
20060221,23.11,23.32,22.81,23.32,8000,0
20060222,23.24,23.32,23.2,23.2,746,0
20060223,23.32,23.32,23.32,23.32,810,0
20060224,23.32,24.19,23.19,24.19,53705,0
20060227,24.19,24.25,23.51,24.25,36670,0
20060228,24.4,24.4,23.34,23.34,14135,0
20060301,23.32,23.81,23.32,23.32,2835,0
20060302,23.32,23.53,23.32,23.45,6349,0
20060303,23.33,23.97,23.32,23.84,3414,0
20060306,23.63,23.96,23.63,23.93,3079,0
20060307,24.1,24.25,23.59,23.59,4782,0
20060308,24.14,24.14,23.54,24.01,1677,0
20060309,24.26,24.26,23.47,23.83,967,0
20060310,24.17,24.17,23.76,23.76,2641,0
20060313,23.76,24.14,23.76,23.78,1736,0
20060314,24.08,24.19,23.76,24.17,5363,0
20060315,24.19,24.19,24,24.01,1361,0
20060316,23.97,24.01,23.76,24.01,909,0
20060317,24.01,24.01,24.01,24.01,1157,0
20060320,24.19,24.32,24.16,24.27,6945,0
20060321,24.47,24.47,24.22,24.26,1477,0
20060322,24.27,24.27,24.27,24.27,231,0
20060323,24.26,24.27,24.19,24.27,4894,0
20060324,24.57,24.57,24.19,24.19,1157,0
20060327,24.01,24.27,24.01,24.26,2910,0
20060328,25.05,25.05,24.16,24.18,1803,0
20060329,24.19,24.19,24.01,24.1,124075,0
20060330,24.22,24.27,24.17,24.19,1023,0
20060331,24.17,24.17,24.14,24.14,6714,0
20060403,24.39,25.05,24.11,25.01,2211,0
20060404,25.05,25.05,24.97,24.97,8913,0
20060405,24.47,25.05,24.47,25.04,1447,0
20060406,24.89,25.05,24.89,25.05,3756,0
20060410,25.02,25.02,24.79,24.79,2052,0
20060411,24.67,24.75,24.67,24.71,1041,0
20060412,24.84,24.84,24.82,24.82,678,0
20060413,24.84,24.84,24.64,24.81,6466,0
20060417,24.58,24.71,24.41,24.5,6160,0
20060418,24.52,24.52,24.51,24.52,1093,0
20060419,24.36,24.36,24.36,24.36,115,0
20060420,24.84,24.84,24.32,24.32,2061,0
20060421,24.32,24.32,24.32,24.32,872,0
20060424,24.45,24.45,24.19,24.19,26499,0
20060425,23.89,24.09,23.8,23.84,7570,0
20060426,23.76,23.8,23.43,23.43,8457,0
20060427,23.43,23.54,23.41,23.54,1504,0
20060428,23.96,23.96,23.41,23.49,11872,0
20060501,23.42,23.54,23.19,23.32,3160,0
20060502,23.19,23.24,23.11,23.24,5446,0
20060503,23.15,23.54,23.15,23.53,7487,0
20060504,23.47,23.47,23.36,23.36,2199,0
20060505,23.53,23.54,23.32,23.32,2618,0
20060508,23.54,23.54,23.2,23.3,9955,0
20060509,23.43,23.54,23.19,23.41,28019,0
20060510,23.15,23.54,23.15,23.4,3884,0
20060511,23.41,23.41,23.37,23.37,1059,0
20060512,23.32,23.54,23.15,23.25,2963,0
20060515,23.11,23.54,23.11,23.54,73440,0
20060516,23.54,23.54,22.25,23.24,20588,0
20060517,22.89,23.27,22.89,23.15,3234,0
20060518,22.97,23.53,22.97,23.53,3472,0
20060519,23.02,23.32,23.02,23.32,4870,0
20060522,23.11,23.12,23.11,23.11,15975,0
20060523,23.32,23.54,23.32,23.5,59270,0
20060524,23.54,23.84,23.54,23.84,428,0
20060525,23.76,23.96,23.38,23.96,906,0
20060526,23.57,23.76,23.39,23.76,4674,0
20060530,23.49,23.97,23.49,23.58,31055,0
20060531,23.81,23.93,23.62,23.62,1912,0
20060601,23.84,23.89,23.38,23.76,11922,0
20060602,23.96,23.96,23.96,23.96,115,0
20060605,23.76,23.97,23.11,23.32,13643,0
20060606,23.14,23.14,22.89,22.92,4941,0
20060607,22.96,22.96,22.93,22.93,613,0
20060608,23.02,23.06,22.89,23.02,1729,0
20060609,23.56,23.7,23.02,23.1,7524,0
20060612,23.1,23.65,23.1,23.32,2421,0
20060613,23.4,23.4,23.32,23.32,3308,0
20060614,23.75,23.75,23.5,23.72,810,0
20060615,23.75,23.8,23.46,23.46,5472,0
20060616,23.5,23.62,23.19,23.19,2169,0
20060619,23.5,24.19,23.5,24.08,2409,0
20060620,23.39,24.09,23.39,23.73,1436,0
20060622,23.51,23.52,23.51,23.52,231,0
20060623,23.52,23.52,23.5,23.5,1178,0
20060627,23.82,23.82,23.82,23.82,289,0
20060628,23.83,23.83,23.27,23.27,2596,0
20060629,23.32,23.32,23.32,23.32,344,0
20060703,23.19,23.32,23.19,23.32,3472,0
20060705,23.32,23.5,23.06,23.06,5769,0
20060706,23.06,23.06,23.06,23.06,115,0
20060707,23.07,23.07,23.06,23.06,3199,0
20060710,23.27,23.27,23.24,23.24,400,0
20060711,23.28,23.32,23.28,23.32,463,0
20060712,23.41,23.41,23.32,23.32,955,0
20060713,23.4,23.41,23.34,23.34,474,0
20060714,23.41,23.41,23.34,23.34,272,0
20060717,23.25,23.32,23.24,23.32,347,0
20060718,23.41,23.41,23.32,23.32,555,0
20060719,23.32,23.32,23.24,23.24,5742,0
20060720,23.41,23.41,23.06,23.06,4093,0
20060721,22.93,23.14,22.93,23.11,1065,0
20060724,22.93,22.93,22.93,22.93,231,0
20060725,22.9,22.9,22.73,22.73,5305,0
20060726,23.03,23.03,22.24,22.46,4761,0
20060727,22.66,22.89,22.6,22.6,701,0
20060728,22.25,22.47,22.25,22.46,1368,0
20060731,22.95,23.11,22.89,22.89,5465,0
20060801,23.32,23.32,22.73,22.73,2315,0
20060802,22.57,22.89,22.55,22.64,1621,0
20060803,22.55,22.76,22.47,22.47,926,0
20060804,22.39,22.46,22.39,22.46,2282,0
20060807,22.03,22.19,21.81,22.08,34305,0
20060808,21.9,22.03,21.42,21.9,61186,0
20060809,21.81,22.03,21.81,22.03,1447,0
20060810,22.11,22.49,21.81,22.49,500,0
20060811,22.47,22.55,22.47,22.55,555,0
20060814,22.87,22.87,22.71,22.76,598,0
20060815,22.68,22.88,22.27,22.27,67605,0
20060816,22.67,22.67,22.36,22.36,772,0
20060817,22.92,22.95,22.92,22.95,1303,0
20060818,23.14,23.32,22.67,22.67,4503,0
20060821,23.32,23.32,22.81,22.81,1504,0
20060822,23.11,23.11,22.89,22.89,347,0
20060823,22.48,22.52,22.46,22.52,1041,0
20060824,22.81,22.81,22.72,22.72,578,0
20060825,22.85,22.85,22.76,22.76,347,0
20060828,22.7,22.89,22.7,22.85,1620,0
20060829,22.36,22.37,22.36,22.37,996,0
20060830,22.37,22.46,22.24,22.24,2315,0
20060831,22.29,22.29,22.29,22.29,578,0
20060901,22.84,22.84,21.81,21.81,4236,0
20060905,21.75,21.99,21.68,21.68,4123,0
20060906,21.64,21.68,21.6,21.64,93188,0
20060907,21.61,21.61,21.16,21.23,2073,0
20060908,21.57,21.57,21.57,21.57,115,0
20060911,21.29,21.53,21.29,21.38,891,0
20060912,21.16,21.57,21.16,21.53,6250,0
20060913,21.6,21.6,21.6,21.6,115,0
20060914,21.66,21.68,21.52,21.63,195925,0
20060915,22.02,22.03,22.02,22.03,694,0
20060918,22.23,22.23,20.9,21.73,42995,0
20060919,21.98,21.99,21.73,21.86,31718,0
20060920,21.68,21.68,21.47,21.49,1181,0
20060921,21.49,21.6,21.49,21.49,5973,0
20060922,21.8,22.03,21.6,21.6,3125,0
20060926,21.39,21.66,21.39,21.6,2368,0
20060927,21.47,21.47,21.47,21.47,1873,0
20060928,21.48,21.81,21.48,21.81,25975,0
20060929,21.77,21.77,21.42,21.6,4167,0
20061002,21.6,21.6,21.6,21.6,231,0
20061003,21.42,21.42,21.38,21.38,745,0
20061004,21.38,21.38,21.29,21.29,1159,0
20061005,21.38,21.38,20.87,21.03,2727,0
20061006,21.25,21.25,21.16,21.16,748,0
20061009,21.04,22.26,21.04,21.38,21429,0
20061010,22.24,22.38,21.71,22.38,5333,0
20061011,22.42,22.89,22.42,22.89,5967,0
20061012,22.93,22.93,22.89,22.89,2707,0
20061013,23.09,23.09,22.88,22.88,393,0
20061016,23.1,23.1,22.26,22.26,732,0
20061017,22.38,22.38,22,22.19,1786,0
20061018,22.46,22.46,22.11,22.11,1891,0
20061019,22.24,22.24,22.2,22.24,1516,0
20061020,22.46,22.46,22.24,22.24,21223,0
20061023,22.4,22.4,22.24,22.3,1386,0
20061024,22.46,22.46,22.46,22.46,191,0
20061025,22.24,22.29,22.03,22.03,13289,0
20061026,22.03,22.03,21.76,21.92,891,0
20061027,21.64,21.86,21.64,21.86,1416,0
20061030,21.68,21.68,21.6,21.6,36913,0
20061031,21.81,21.83,21.68,21.68,22805,0
20061101,21.6,21.6,21.55,21.55,1736,0
20061102,21.73,21.73,21.6,21.71,19554,0
20061103,21.9,22.11,21.86,21.98,1413,0
20061106,22.03,22.46,22.03,22.46,2083,0
20061107,22.15,22.43,21.68,22.43,1157,0
20061108,21.98,22.11,21.38,21.86,58745,0
20061109,21.82,22.03,21.64,21.64,1729,0
20061110,21.55,21.9,21.55,21.81,1686,0
20061113,21.81,22.03,21.79,21.8,2224,0
20061114,22.03,22.03,21.86,21.94,4934,0
20061115,21.94,21.94,21.94,21.94,1098,0
20061116,22.03,22.03,22.03,22.03,2635,0
20061117,22,22.03,21.97,22.03,1169,0
20061120,21.82,22.1,21.82,21.98,2907,0
20061121,21.81,22.01,21.73,21.73,1550,0
20061122,21.86,21.86,21.86,21.86,1687,0
20061124,21.82,21.82,21.64,21.64,4051,0
20061127,22.02,22.02,21.72,21.83,971,0
20061128,21.82,22.03,21.82,22.03,1945,0
20061129,21.87,22.01,21.75,21.75,3704,0
20061130,21.75,21.78,21.6,21.69,7687,0
20061201,21.64,21.72,21.64,21.72,391,0
20061204,21.86,21.86,21.86,21.86,810,0
20061205,21.87,22.03,21.87,22.03,2087,0
20061206,22.67,22.67,22.31,22.36,19155,0
20061207,22.36,22.42,22.36,22.42,413,0
20061208,22.41,22.41,22.13,22.32,2814,0
20061211,22.16,22.16,22,22.09,1844,0
20061212,21.88,21.9,21.59,21.59,3155,0
20061213,21.71,21.72,21.71,21.72,457,0
20061214,21.89,21.98,21.72,21.77,10504,0
20061215,22.51,22.51,21.86,21.9,11824,0
20061218,22.16,22.16,21.78,22.09,932,0
20061219,21.86,21.86,21.86,21.86,222,0
20061220,21.68,21.86,21.68,21.85,1595,0
20061221,21.8,21.93,21.74,21.93,20738,0
20061222,21.95,21.95,21.95,21.95,220,0
20061226,21.59,21.65,21.59,21.59,1638,0
20061227,21.59,21.59,21.59,21.59,551,0
20061228,21.57,21.72,21.32,21.55,61915,0
20061229,21.54,21.76,21.54,21.76,17750,0
20070103,21.72,21.74,21.5,21.68,18388,0
20070104,21.44,21.54,21.4,21.52,766,0
20070105,21.77,21.78,21.71,21.75,3652,0
20070108,21.75,21.79,21.33,21.77,6319,0
20070109,21.68,21.77,21.68,21.77,3468,0
20070110,21.77,21.77,21.64,21.64,340,0
20070111,21.77,21.77,21.77,21.77,2617,0
20070112,21.54,21.77,21.54,21.72,7688,0
20070116,21.72,21.9,21.72,21.77,18477,0
20070117,21.77,21.77,21.72,21.76,1014,0
20070118,21.81,22.36,21.81,22.22,68198,0
20070119,22.13,22.29,22.1,22.22,15405,0
20070122,22.21,22.48,22.04,22.09,12152,0
20070123,22.22,22.66,22.22,22.31,88256,0
20070124,22.59,22.59,22.31,22.32,3814,0
20070125,22.5,22.56,22.38,22.49,12022,0
20070126,22.68,24.03,22.68,23.32,47303,0
20070129,23.28,23.6,23.09,23.54,128659,0
20070130,23.66,23.66,23.13,23.13,4019,0
20070131,23.3,23.58,22.98,22.98,3384,0
20070201,22.98,23.51,22.98,23.37,1323,0
20070202,23.17,23.17,22.76,22.79,2152,0
20070205,22.93,22.97,22.67,22.71,4828,0
20070206,22.68,22.9,22.54,22.71,15622,0
20070207,22.58,22.81,22.58,22.68,4567,0
20070208,22.68,22.9,22.63,22.76,4337,0
20070209,23,23.04,23,23.04,551,0
20070212,22.8,23.02,22.8,22.99,10463,0
20070213,22.99,23.22,22.99,23.13,105705,0
20070214,23.39,23.45,23.23,23.34,7745,0
20070215,23.44,23.45,23.35,23.35,3707,0
20070216,23.46,23.49,23.35,23.48,5733,0
20070220,23.57,23.57,23.31,23.31,661,0
20070221,23.27,23.45,23.27,23.4,2756,0
20070222,23.14,23.21,23.14,23.19,661,0
20070223,23,23.37,23,23.37,875,0
20070226,23.36,23.36,23.24,23.24,1443,0
20070227,23.36,23.36,23.1,23.34,771,0
20070228,22.77,23.36,22.77,23.36,1546,0
20070301,23.13,23.36,22.69,23.36,1779,0
20070302,22.95,22.95,22.56,22.56,4029,0
20070305,22.58,22.85,22.4,22.79,1082,0
20070306,22.67,22.67,22.67,22.67,110,0
20070307,22.88,22.88,22.76,22.76,391,0
20070308,22.68,22.68,22.68,22.68,560,0
20070309,23.3,23.3,22.69,23.13,2976,0
20070312,22.99,22.99,22.82,22.82,551,0
20070313,22.91,22.99,22.78,22.78,1744,0
20070314,22.68,22.68,22.01,22.49,26337,0
20070315,22.46,22.47,22.02,22.12,25578,0
20070316,22.11,22.11,22,22.01,2873,0
20070319,21.9,21.97,21.81,21.97,2246,0
20070320,22,22.02,22,22.02,2872,0
20070321,21.95,21.96,21.86,21.86,1433,0
20070322,21.86,21.87,21.86,21.87,341,0
20070323,21.86,22.26,21.38,21.38,2229,0
20070326,22,22.19,21.95,22.1,2767,0
20070327,22.12,22.12,21.95,21.95,909,0
20070328,21.95,21.98,21.85,21.98,10463,0
20070329,21.81,22,21.81,22,5292,0
20070330,21.81,21.81,21.81,21.81,110,0
20070402,22.02,22.18,22.02,22.1,2646,0
20070403,22.2,22.2,22.18,22.18,510,0
20070404,22.21,22.21,22,22.21,1276,0
20070409,22.22,22.22,22,22,540,0
20070410,22.16,22.16,22.16,22.16,110,0
20070411,22.04,22.11,21.95,21.95,12348,0
20070412,21.9,21.9,21.9,21.9,1102,0
20070413,22.04,22.04,22.03,22.03,624,0
20070416,22.22,22.22,21.84,21.91,1241,0
20070417,21.9,21.9,21.9,21.9,3333,0
20070418,21.82,21.85,21.81,21.81,2131,0
20070419,21.77,22.21,21.77,21.85,3891,0
20070420,21.64,21.91,21.64,21.91,1620,0
20070423,21.68,21.81,21.56,21.56,3472,0
20070424,21.58,21.66,21.56,21.57,638,0
20070425,21.54,21.56,21.32,21.35,2431,0
20070426,21.32,21.59,21.32,21.49,12196,0
20070427,21.66,21.66,21.4,21.49,1653,0
20070430,21.41,21.59,21.37,21.56,24337,0
20070501,21.5,21.61,21.5,21.5,1182,0
20070502,21.68,21.68,21.51,21.63,2778,0
20070503,21.77,21.81,21.71,21.81,10028,0
20070504,21.95,21.95,21.94,21.95,1588,0
20070507,21.64,21.94,21.64,21.76,5408,0
20070508,21.77,21.77,21.63,21.63,2295,0
20070509,21.43,21.77,21.41,21.52,2873,0
20070510,21.66,22.01,21.51,21.68,2201,0
20070511,21.86,21.86,21.54,21.54,2094,0
20070514,21.75,21.76,21.54,21.59,5230,0
20070515,21.41,21.54,21.41,21.41,9323,0
20070516,21.35,21.52,21.35,21.42,14028,0
20070517,21.5,21.59,21.49,21.5,4964,0
20070518,21.71,21.71,21.5,21.5,5537,0
20070521,21.35,21.51,21.35,21.51,4030,0
20070522,21.5,21.81,21.32,21.57,8354,0
20070523,21.42,21.68,21.42,21.51,10106,0
20070524,21.69,21.69,21.5,21.51,1764,0
20070525,21.8,21.8,21.32,21.61,16686,0
20070529,21.39,21.46,21.36,21.46,7191,0
20070530,21.45,21.5,21.36,21.39,54573,0
20070531,21.41,21.42,21.39,21.41,1744,0
20070601,21.52,21.7,21.41,21.5,4016,0
20070604,21.51,21.71,21.51,21.71,771,0
20070605,21.51,21.51,21.37,21.45,3417,0
20070606,21.65,21.67,21.46,21.5,2315,0
20070607,21.45,21.45,21.45,21.45,115,0
20070608,21.66,21.67,21.42,21.42,787,0
20070611,21.5,21.5,21.5,21.5,1151,0
20070612,21.65,21.71,21.45,21.68,6783,0
20070613,21.5,21.62,21.41,21.41,6615,0
20070614,21.19,21.68,21.19,21.58,3276,0
20070615,21.51,21.51,21.5,21.5,993,0
20070618,21.5,21.63,21.5,21.61,1331,0
20070619,21.51,21.51,21.5,21.51,1237,0
20070620,21.51,21.86,21.45,21.72,3501,0
20070621,21.58,21.58,21.55,21.55,551,0
20070622,21.5,21.5,21.5,21.5,665,0
20070625,21.5,21.76,21.45,21.45,3533,0
20070626,21.53,21.53,21.53,21.53,165,0
20070628,21.48,21.59,21.48,21.59,4410,0
20070629,21.32,21.6,21.32,21.5,2462,0
20070702,21.5,21.66,21.5,21.66,664,0
20070703,21.51,21.59,21.34,21.58,1941,0
20070705,21.59,21.59,21.59,21.59,220,0
20070706,21.68,21.68,21.68,21.68,335,0
20070709,21.68,21.68,21.2,21.43,8911,0
20070710,21.5,21.5,21.45,21.45,52420,0
20070711,21.2,21.33,21.2,21.33,1293,0
20070712,21.22,21.47,20.98,21.32,1599,0
20070713,21.32,21.38,20.86,20.86,1801,0
20070716,20.86,20.86,20.16,20.18,24539,0
20070717,20.18,20.69,19.77,20.13,6708,0
20070718,20.22,20.32,20.18,20.32,3436,0
20070719,20.41,20.75,20.4,20.73,2009,0
20070720,20.51,20.73,20.51,20.73,3553,0
20070723,20.77,21.49,20.77,21.41,4432,0
20070724,21.49,21.54,21.19,21.19,34396,0
20070725,20.86,20.86,20.86,20.86,3417,0
20070726,20.76,20.87,20.64,20.65,5867,0
20070727,20.65,20.86,20.64,20.86,1287,0
20070730,20.87,20.87,20.87,20.87,551,0
20070731,20.63,20.65,20.31,20.31,2160,0
20070801,20.41,20.84,20.41,20.6,18841,0
20070802,20.31,20.81,20.3,20.51,31066,0
20070803,20.26,20.26,20.24,20.24,220,0
20070806,20.34,20.77,20.32,20.64,26245,0
20070807,20.54,20.68,20.54,20.64,10412,0
20070808,20.63,20.77,20.02,20.02,10999,0
20070809,20.15,20.55,20,20.1,3057,0
20070810,19.95,20.29,19.95,20.29,9413,0
20070813,20.06,20.06,20.06,20.06,220,0
20070814,20.05,20.42,20.05,20.41,7219,0
20070815,20.5,21.23,20.45,21.01,44079,0
20070816,21.07,21.1,20.98,20.98,1317,0
20070817,20.89,20.89,19.69,20.39,2813,0
20070820,21.32,21.32,20.73,20.73,330,0
20070821,20.44,20.44,20.44,20.44,115,0
20070822,19.96,20.18,19.96,20.18,712,0
20070823,20.63,20.84,20.63,20.82,992,0
20070827,20.59,21.12,20.59,21.12,3808,0
20070828,20.78,20.86,20.77,20.86,6174,0
20070829,20.86,20.89,20.86,20.86,11900,0
20070830,20.13,20.91,20.1,20.91,2166,0
20070831,20.59,20.59,20.59,20.59,341,0
20070905,20.63,20.63,20.55,20.55,1363,0
20070906,20.42,20.42,20.42,20.42,110,0
20070907,20.5,20.5,20.5,20.5,110,0
20070910,20.5,20.59,20.5,20.5,4354,0
20070911,20.5,20.5,20.5,20.5,3307,0
20070912,20.49,20.5,20.48,20.5,1489,0
20070913,20.5,20.5,20.44,20.5,3615,0
20070914,19.76,20.05,19.76,20.05,4029,0
20070917,20.05,20.05,19.56,19.77,6714,0
20070918,19.77,20.18,19.77,20.15,2628,0
20070919,20.09,20.18,20.06,20.18,5973,0
20070920,19.98,19.98,19.98,19.98,452,0
20070921,19.95,20.14,19.95,20.14,1045,0
20070924,20.09,20.18,20.09,20.14,39249,0
20070926,20.18,20.18,19.98,19.98,330,0
20070927,20.02,20.02,20,20.01,3969,0
20070928,20.35,20.35,19.95,19.95,882,0
20071001,19.95,20.06,19.95,20.06,1056,0
20071002,20.18,20.18,20.14,20.14,1469,0
20071003,20.18,20.18,20.18,20.18,488,0
20071004,20.14,20.14,20.14,20.14,1311,0
20071005,20.14,20.14,20.05,20.14,7987,0
20071008,20.09,20.41,20.09,20.41,1440,0
20071009,20.27,20.27,20.26,20.27,1874,0
20071010,20.1,20.27,20.1,20.15,2737,0
20071011,20.18,20.18,20.14,20.14,3356,0
20071012,20.18,20.18,20.09,20.09,7242,0
20071015,20.14,20.14,20.14,20.14,551,0
20071016,20.04,20.04,19.84,19.95,6945,0
20071018,19.82,19.97,19.82,19.83,3765,0
20071019,19.82,19.82,19.77,19.77,3062,0
20071022,19.78,20.1,19.78,19.92,18709,0
20071023,20.09,20.27,19.54,19.95,65078,0
20071025,19.82,19.82,19.37,19.77,15655,0
20071026,19.77,19.77,19.75,19.76,441,0
20071029,19.76,20.41,19.71,19.96,7366,0
20071031,19.71,20.12,19.71,19.95,23853,0
20071101,19.95,20.27,19.95,20.05,51883,0
20071102,19.95,20.05,19.35,19.75,5953,0
20071105,19.8,20.26,19.8,19.95,112896,0
20071106,19.87,19.87,19.5,19.5,2735,0
20071107,19.5,19.5,19.5,19.5,1725,0
20071108,19.52,19.6,19.5,19.6,16473,0
20071109,19.5,19.54,19.47,19.49,8086,0
20071112,19.45,19.63,19.45,19.63,11647,0
20071113,19.66,19.95,19.66,19.85,18674,0
20071114,19.95,19.95,19.82,19.82,4886,0
20071115,19.46,19.58,19.41,19.58,2184,0
20071116,19.41,19.41,19.27,19.27,2669,0
20071119,19.47,19.47,19.26,19.33,31255,0
20071120,19.23,19.35,19.18,19.18,73536,0
20071123,19.05,19.49,19.05,19.49,5292,0
20071126,19.46,19.46,18.85,19.04,5303,0
20071127,18.59,18.8,18.42,18.42,10729,0
20071128,18.58,18.58,18.12,18.14,5529,0
20071129,18,18.34,17.98,18.1,2181,0
20071130,18.37,18.78,18.14,18.28,31186,0
20071203,18.67,18.81,18.29,18.67,2608,0
20071204,18.4,18.57,18.4,18.48,3308,0
20071205,18.29,18.29,18.29,18.29,213,0
20071206,18.29,18.29,18.27,18.27,420,0
20071207,18.05,18.18,17.75,18.05,3453,0
20071210,18,18.17,18,18.17,1228,0
20071211,18.03,18.03,17.95,17.95,330,0
20071212,18.21,18.36,18.1,18.36,2004,0
20071213,18.79,18.85,18.27,18.27,1748,0
20071214,18.01,18.26,17.99,18.11,1286,0
20071217,18.11,18.11,17.48,17.52,5517,0
20071218,17.57,17.57,16.2,16.2,6989,0
20071219,16.29,16.29,15.95,16.24,5042,0
20071220,16.11,16.19,15.95,15.95,982,0
20071221,15.81,15.81,15.48,15.48,883,0
20071224,16.1,16.1,15.48,15.48,420,0
20071226,16.9,16.99,16.01,16.01,1365,0
20071227,16.08,16.14,15.51,15.62,5273,0
20071228,15.93,17.03,15.19,15.33,13734,0
20071231,15.05,16.32,15.05,16.32,10773,0
20080102,15.88,16.18,15.88,16.18,1139,0
20080103,16.03,16.03,15.62,15.66,3083,0
20080104,15.43,15.43,15.42,15.42,525,0
20080107,15.43,15.43,15.24,15.24,3049,0
20080108,15.09,15.5,15.09,15.48,2037,0
20080109,15.05,15.73,14.71,14.71,630,0
20080110,14.87,15,14.86,15,2973,0
20080111,15,15.15,15,15.05,4729,0
20080114,15.05,15.11,14.95,15.05,12459,0
20080115,15.19,15.19,15,15.14,420,0
20080116,15.72,15.72,15,15.29,2723,0
20080117,16.39,16.39,15.3,15.56,1276,0
20080118,16.04,16.58,15.84,15.94,4109,0
20080122,15.84,16.74,15.71,16.74,5048,0
20080123,16.2,17.32,16.2,16.74,3136,0
20080124,17.34,17.34,16.76,16.76,2207,0
20080125,16.43,16.74,16.43,16.74,2483,0
20080128,16.51,16.74,16.5,16.74,1720,0
20080129,16.43,16.74,16.33,16.74,3712,0
20080130,16.7,16.74,16.46,16.74,2158,0
20080131,16.67,16.67,16.36,16.5,1458,0
20080201,16.74,16.74,16.2,16.38,31874,0
20080205,16.47,16.47,16.38,16.38,507,0
20080206,16.42,16.67,16.38,16.47,1590,0
20080207,16.36,16.36,16.36,16.36,133,0
20080212,16.73,16.73,16.68,16.68,430,0
20080215,16.52,16.52,16.44,16.44,210,0
20080219,16.43,16.46,16.43,16.46,758,0
20080220,16.43,16.43,16.19,16.19,1791,0
20080221,16.38,16.38,16.33,16.33,11110,0
20080225,16.38,16.38,16.29,16.29,52605,0
20080226,16.43,16.43,16.2,16.2,210,0
20080227,15.95,15.95,15.95,15.95,538,0
20080228,16.19,16.19,16.19,16.19,242,0
20080229,16.33,16.43,16,16.43,8518,0
20080303,16.52,16.52,16.52,16.52,210,0
20080305,16.33,16.35,16.33,16.35,514,0
20080306,15.99,16.33,15.99,16.1,32551,0
20080307,15.58,15.63,15.29,15.49,3416,0
20080310,15.97,15.97,14.29,15.39,12073,0
20080311,15.07,15.33,15,15,1617,0
20080312,15.32,15.33,14.9,15.05,9611,0
20080313,15.83,15.83,14.76,15.78,2671,0
20080314,15.71,15.95,15.18,15.18,5788,0
20080317,14.71,14.8,14.71,14.76,2240,0
20080318,14.76,14.76,14.76,14.76,722,0
20080319,14.47,14.79,14.3,14.79,1799,0
20080320,15.09,15.09,14.3,14.52,3196,0
20080324,14.76,15.1,14.33,14.76,3184,0
20080325,15.26,15.26,14.81,14.81,1124,0
20080326,14.55,15.01,14.52,14.86,2319,0
20080327,14.47,14.59,14.47,14.59,867,0
20080328,15.7,15.71,14.52,14.52,4058,0
20080331,14.76,15.48,14.76,15.48,3390,0
20080401,14.78,14.78,14.78,14.78,210,0
20080403,14.54,14.54,14.54,14.54,112,0
20080404,14.52,15.24,14.52,15.24,4034,0
20080407,15.67,15.67,15,15.24,1456,0
20080409,15.24,15.57,15.24,15.24,2767,0
20080410,15.08,15.5,14.77,14.77,767,0
20080415,15.07,15.48,15.07,15.24,7350,0
20080416,15.1,15.57,14.9,15.24,3099,0
20080417,14.77,14.77,14.71,14.76,128205,0
20080418,15.25,15.25,14.82,14.85,1348,0
20080421,15.59,15.59,14.29,14.3,4233,0
20080422,14.19,14.19,14.19,14.19,105,0
20080423,14.24,14.24,14.24,14.24,105,0
20080424,15.22,15.22,15.2,15.2,420,0
20080425,15.06,15.06,14.32,14.32,696,0
20080428,14.51,15.17,14.19,14.19,325,0
20080430,14.19,14.21,14.19,14.19,1638,0
20080501,14.19,14.19,13.29,14.05,2100,0
20080502,14.1,14.1,13.53,13.53,126,0
20080505,13.8,13.82,13.8,13.81,962,0
20080506,13.92,14.48,12.86,13.33,10733,0
20080507,13.24,13.24,13.24,13.24,430,0
20080508,13.24,13.24,13.14,13.19,525,0
20080509,13.06,13.06,12.81,12.81,527,0
20080512,12.86,12.9,12.83,12.86,2940,0
20080513,12.86,12.86,12.86,12.86,840,0
20080514,12.9,12.9,12.67,12.67,1576,0
20080515,12.62,13.28,12.62,13.28,137,0
20080516,13.16,13.16,12.29,12.29,3887,0
20080519,12.28,12.29,12.28,12.29,1843,0
20080520,12.29,12.38,12.29,12.38,1995,0
20080521,12.56,12.56,12.38,12.38,988,0
20080522,12.29,12.49,12.29,12.48,2605,0
20080523,12.49,12.69,12.48,12.48,822,0
20080527,13.17,13.32,12.96,13.29,6755,0
20080528,12.99,13.02,12.96,12.96,1599,0
20080529,12.97,12.97,12.97,12.97,409,0
20080530,13.2,13.3,12.95,13.16,1703,0
20080602,12.99,13.33,12.99,13.33,1155,0
20080603,13.08,13.32,12.95,13.32,1205,0
20080604,12.99,13.16,12.95,13.16,767,0
20080605,13.11,13.11,12.81,12.82,2659,0
20080606,12.79,12.91,12.76,12.91,3956,0
20080609,12.68,12.68,12.6,12.6,14075,0
20080610,13.1,13.17,13.08,13.1,3484,0
20080611,12.37,12.86,12.28,12.85,4049,0
20080612,12.85,12.86,12.43,12.43,315,0
20080613,12.33,12.67,12.28,12.29,4152,0
20080618,12.28,12.28,12.28,12.28,792,0
20080619,12.16,12.16,11.67,12.1,3520,0
20080620,11.68,11.68,10.9,11.02,7191,0
20080623,11.32,11.32,10.6,10.71,13998,0
20080624,10.66,10.66,10.11,10.46,3444,0
20080625,10.75,10.86,10,10.05,13915,0
20080626,10,10,9.71,9.71,2781,0
20080627,9.71,9.93,9.52,9.58,5850,0
20080630,9.52,9.52,9.29,9.39,8734,0
20080701,9.29,9.29,8.67,8.69,11558,0
20080702,8.67,9.05,8.57,8.95,5670,0
20080707,9.19,9.43,9.19,9.43,525,0
20080708,9.21,9.51,9.21,9.48,1591,0
20080709,9.3,9.45,9.27,9.27,2509,0
20080710,9.38,9.38,8.52,8.52,22828,0
20080711,8.62,8.62,8.1,8.4,7090,0
20080714,8.33,8.33,7.29,7.29,13518,0
20080715,7.47,7.6,7.17,7.49,5286,0
20080716,7.5,7.96,7.24,7.83,18900,0
20080717,8.21,9.3,8.21,9.14,22320,0
20080718,9.14,9.51,9.1,9.29,11830,0
20080721,9.52,10.3,9.5,9.68,12176,0
20080722,9.39,9.71,9.33,9.65,19363,0
20080723,9.74,9.75,9.52,9.74,37522,0
20080724,9.76,10.4,9.49,9.52,18418,0
20080725,9.52,9.99,9.36,9.36,5112,0
20080728,10.14,10.14,9.96,10.1,420,0
20080729,9.63,10.08,9.38,9.39,3640,0
20080730,9.38,9.51,9.37,9.37,4172,0
20080731,9.96,9.96,9.3,9.46,4856,0
20080801,10.03,10.3,10,10,7660,0
20080804,10.47,10.57,10.29,10.48,63006,0
20080805,10.48,10.48,10.48,10.48,2199,0
20080806,10.36,10.48,10.04,10.47,3798,0
20080807,10.19,10.48,10.12,10.12,1556,0
20080808,10.48,10.48,10.19,10.2,5983,0
20080811,10.45,10.47,10.03,10.3,2730,0
20080812,10.46,10.47,10.05,10.47,651,0
20080813,10.46,10.46,10.24,10.24,735,0
20080814,10.08,10.38,9.81,9.9,7367,0
20080815,9.7,9.7,9.44,9.48,13847,0
20080818,9.52,9.76,9.51,9.56,11169,0
20080819,9.89,9.89,9.38,9.38,28300,0
20080820,9.45,9.45,9.4,9.42,4187,0
20080821,9.73,11.1,9.73,10.21,29324,0
20080822,10.19,10.57,10.19,10.56,3780,0
20080825,10.38,10.38,10.29,10.29,1575,0
20080826,10.21,10.29,10.18,10.18,17244,0
20080827,10.18,10.18,9.77,9.78,1838,0
20080828,9.78,9.78,9.62,9.62,1751,0
20080829,9.62,9.94,9.62,9.94,6146,0
20080902,9.78,10.67,9.78,10.32,5360,0
20080903,10.25,10.25,10.22,10.24,1132,0
20080904,10.03,10.5,10,10.14,1155,0
20080905,9.87,10.29,9.86,10.2,5254,0
20080908,10.66,10.66,10.21,10.21,1732,0
20080909,10.41,10.41,10.05,10.05,6550,0
20080910,10.27,10.27,10.05,10.19,3215,0
20080911,10.06,10.09,10.06,10.06,1638,0
20080912,10.05,10.05,10.05,10.05,735,0
20080915,9.72,9.84,9.71,9.82,2075,0
20080916,9.73,10,9.05,10,2365,0
20080917,9.82,9.82,9.81,9.81,315,0
20080918,9.71,10.67,9.71,10.35,12692,0
20080919,10.48,11.33,10.38,10.57,51867,0
20080922,10.94,10.95,9.84,10.71,16518,0
20080923,10.69,10.76,9.94,10,8670,0
20080924,10.19,10.92,10,10,1578,0
20080925,10.24,10.24,10.2,10.2,210,0
20080926,9.96,10.47,9.95,9.95,1438,0
20080929,10,10.41,8.81,8.81,3991,0
20080930,9.96,9.96,9.46,9.46,2188,0
20081001,9.39,10.17,9.38,9.44,5569,0
20081002,10.16,10.17,9.62,9.62,2071,0
20081003,9.43,9.82,9.05,9.05,7096,0
20081006,8.73,9.62,8.57,9.15,8992,0
20081007,9.05,9.35,9.05,9.14,3954,0
20081008,9.14,9.24,9.09,9.19,13730,0
20081009,8.6,8.98,8.6,8.67,9681,0
20081010,8.67,8.86,8.62,8.62,7381,0
20081013,9.13,10.04,9.13,9.14,3449,0
20081014,9.32,9.82,9.29,9.81,3469,0
20081015,9.55,9.95,9.52,9.95,1389,0
20081016,10.15,10.95,10.15,10.95,3251,0
20081017,10.95,12.59,10.95,11.9,2722,0
20081020,12.85,13.33,11.9,13.09,20871,0
20081021,13.33,13.33,11.9,12.03,20016,0
20081022,11.9,13.04,11.9,12.19,2514,0
20081023,11.45,11.87,9.96,10.93,2060,0
20081024,9.57,10.25,8.01,9.52,8428,0
20081027,9.52,9.76,9.52,9.57,85913,0
20081028,8.87,9.09,8.87,9.09,2956,0
20081029,9.3,10.03,9.3,10,315,0
20081030,10.47,10.47,10.41,10.41,210,0
20081031,10,10.47,10,10.19,2965,0
20081103,10,10.47,10,10,3799,0
20081104,10,10.01,10,10,420,0
20081105,10,10.01,10,10,525,0
20081106,10,10.06,10,10.03,2069,0
20081107,10.25,10.38,10.09,10.1,1786,0
20081110,10.12,10.12,10.09,10.09,1186,0
20081111,10.1,10.14,10.09,10.14,3675,0
20081112,10.1,10.1,10.08,10.08,525,0
20081113,10.48,10.69,10.48,10.68,735,0
20081114,10.39,10.55,10.1,10.55,1270,0
20081117,10.05,10.05,10.02,10.03,420,0
20081118,10.08,10.1,9.74,10.02,10143,0
20081119,9.81,9.86,9.81,9.81,2641,0
20081120,9.57,9.76,9.57,9.76,459,0
20081121,9.52,9.53,9.24,9.52,5658,0
20081124,9.83,10.32,9.33,10.01,4305,0
20081126,10.25,10.86,10.25,10.86,210,0
20081128,11.1,11.1,9.53,10.71,945,0
20081201,10.94,10.94,10.54,10.54,303,0
20081202,11.07,12,11,12,2172,0
20081203,12.5,12.5,12.24,12.46,2296,0
20081204,10.32,10.32,10.32,10.32,200,0
20081208,10.35,10.95,10.35,10.95,2132,0
20081210,9.87,10.31,9.85,10.31,443,0
20081211,9.79,9.81,9.79,9.81,100,0
20081212,9.93,10.45,9.93,10.45,2723,0
20081215,10.72,10.74,10,10,1721,0
20081216,10.1,10.15,10.1,10.15,3241,0
20081217,10.1,10.1,9.8,9.8,3315,0
20081218,9.75,10,9.75,9.76,2697,0
20081219,9.75,10.32,9.75,9.76,8658,0
20081222,10.16,10.18,10,10.18,3201,0
20081223,10.21,10.21,9.8,10.21,732,0
20081224,10.36,10.62,10.02,10.02,1400,0
20081226,9.75,10,9.75,9.91,7362,0
20081229,10.13,11.63,10.13,11.1,8116,0
20081230,11.46,11.46,9.81,10.23,1533,0
20081231,10.04,10.99,10.01,10.07,2921,0
20090102,10,10.48,10,10.48,2561,0
20090105,10.05,10.05,9.51,10,9766,0
20090106,10.01,10.37,10,10.1,6000,0
20090107,10.05,10.05,10.04,10.05,600,0
20090108,10.03,10.03,9.85,9.95,2479,0
20090109,9.9,10.4,9.85,9.88,5666,0
20090112,10.21,10.23,9.86,9.86,1405,0
20090113,10.23,10.23,10,10,1451,0
20090114,9.88,9.88,9.88,9.88,120,0
20090115,9.91,9.91,9.9,9.9,1308,0
20090116,10.11,10.25,9.92,9.95,973,0
20090120,10.22,10.25,10.19,10.2,2235,0
20090121,10.25,10.25,9.61,9.99,3282,0
20090122,9.75,9.75,9.75,9.75,2335,0
20090123,9.75,10.15,9.75,9.75,3600,0
20090126,9.65,10.97,9.65,10.97,1960,0
20090127,10.67,10.67,9.91,9.91,500,0
20090128,10,10,10,10,1430,0
20090129,10.94,10.94,10,10,260,0
20090130,10.5,10.5,10,10,1396,0
20090203,9.75,9.75,9.6,9.71,2500,0
20090204,9.6,10.48,9.6,9.65,1111,0
20090205,9.7,9.7,9.5,9.5,779,0
20090206,9.5,9.5,9.5,9.5,2905,0
20090209,9.5,9.5,9.5,9.5,951,0
20090210,9.28,9.59,9.28,9.48,1852,0
20090211,9.48,9.6,9.45,9.56,3320,0
20090212,9.4,9.45,9.25,9.25,2519,0
20090213,9.25,9.26,9.25,9.26,300,0
20090217,9.25,9.25,8.53,8.6,2450,0
20090218,8.55,8.57,7.95,8.5,10071,0
20090219,8.54,8.55,8.5,8.55,1750,0
20090220,8.55,8.55,8.25,8.25,4563,0
20090223,8.05,8.07,8.05,8.07,362,0
20090224,8.02,8.02,7.9,7.9,500,0
20090225,8,8.28,7.9,8.28,1310,0
20090226,7.91,8.47,7.91,8.26,8461,0
20090227,8.39,8.5,7.93,8.1,6438,0
20090302,7.9,7.99,7.9,7.96,605,0
20090303,7.9,7.97,7.9,7.9,1871,0
20090304,7.9,7.9,7.88,7.88,2093,0
20090305,7.8,7.8,7.25,7.25,5907,0
20090306,7.93,7.93,7.25,7.25,1300,0
20090309,7.5,7.5,7.17,7.17,8390,0
20090310,7.04,8,7.04,7.43,8144,0
20090311,7.02,7.5,7.02,7.5,2183,0
20090312,7.6,8.25,7.55,8.25,15053,0
20090313,8.5,8.51,8.46,8.5,1700,0
20090316,8.74,8.74,8.01,8.28,2520,0
20090317,8.5,8.5,8,8.5,4300,0
20090318,8.55,8.96,8.33,8.7,2079,0
20090319,8.8,9.51,8.8,9.4,2445,0
20090320,9.4,9.81,9.4,9.77,6850,0
20090323,9.96,9.96,9.85,9.96,1700,0
20090324,9.03,9.03,9.03,9.03,100,0
20090326,9.98,9.99,8.96,9,7847,0
20090327,8.75,8.97,8.5,8.63,11860,0
20090330,8.66,8.75,8,8.71,4771,0
20090331,8.71,9.43,8.5,8.51,17481,0
20090401,9,9,7.9,8.4,3000,0
20090402,8.49,9,8.48,9,7585,0
20090403,9.4,9.79,9.03,9.42,5100,0
20090406,9.01,9.45,9.01,9.41,1600,0
20090407,9.01,9.45,8.25,9.45,3500,0
20090408,9.4,9.45,9.31,9.33,1116,0
20090409,9.45,9.45,9.1,9.43,2841,0
20090413,9.47,10.17,9.47,10.17,7768,0
20090414,10.17,10.17,9.11,9.94,3373,0
20090415,9.93,10.17,9.9,9.9,1240,0
20090416,9.92,10.95,9.92,10.71,14991,0
20090417,11.06,11.2,11,11.2,3356,0
20090420,11.29,11.79,10.08,10.66,14017,0
20090421,10.31,10.31,9.87,9.87,360,0
20090422,10.04,10.04,10.04,10.04,200,0
20090423,9.64,9.64,9.64,9.64,759,0
20090424,9.85,10.62,9.85,10.51,1605,0
20090427,10.76,10.9,10.05,10.49,7821,0
20090428,10.83,10.89,10.07,10.64,5113,0
20090429,10.23,10.78,10.23,10.61,3095,0
20090430,10.81,10.81,10.31,10.31,1400,0
20090501,10.25,10.56,10.25,10.56,4042,0
20090504,10.79,10.79,10.77,10.77,385,0
20090505,10.69,10.77,10.5,10.5,3857,0
20090506,10.31,10.52,10.17,10.39,2400,0
20090507,10.51,10.51,10.5,10.5,1724,0
20090508,10.79,10.8,10.79,10.8,874,0
20090512,10.79,11,10.73,10.73,1902,0
20090513,10.5,10.72,10.5,10.5,1882,0
20090514,10.6,10.67,10.6,10.67,1151,0
20090515,10.68,10.7,10.68,10.7,500,0
20090518,10.67,10.7,10.64,10.65,1946,0
20090519,10.5,10.5,10.5,10.5,500,0
20090520,10.5,10.66,10.5,10.66,1000,0
20090521,10.33,10.52,10.33,10.43,1100,0
20090522,10.27,11.52,10.27,11.5,11509,0
20090526,11.86,12.15,11.74,11.92,3116,0
20090527,11.92,11.93,11.56,11.6,2981,0
20090528,11.82,11.83,11.65,11.65,600,0
20090529,11.2,11.99,11.2,11.99,3032,0
20090601,11.99,12,11.56,11.99,2500,0
20090602,12,12.01,12,12,5015,0
20090603,11.76,12,11.74,11.95,10824,0
20090604,11.64,11.98,11.64,11.79,1759,0
20090605,11.75,11.75,11.47,11.47,1804,0
20090609,11.48,11.49,10.78,10.82,4743,0
20090610,11.09,11.26,10.99,10.99,1900,0
20090612,11.3,11.3,11.3,11.3,1399,0
20090615,11.03,11.03,11,11,917,0
20090616,11,11,10.34,10.76,1200,0
20090617,10.2,10.97,10.2,10.97,517,0
20090618,10.79,10.8,10.79,10.8,215,0
20090619,10.25,10.94,10.01,10.59,12658,0
20090622,10.61,10.85,10.59,10.6,1799,0
20090623,10.6,10.6,10.6,10.6,544,0
20090624,10.65,10.75,10.6,10.62,4002,0
20090626,10.98,11,10.79,11,3239,0
20090629,10.99,11.03,10.99,11.03,2300,0
20090630,10.75,10.75,10.57,10.61,1681,0
20090702,10.66,10.66,10.39,10.4,4570,0
20090706,10.4,10.4,10.4,10.4,700,0
20090707,10.65,10.65,10.38,10.43,2379,0
20090708,9.95,10.7,9.95,10.3,2800,0
20090709,10.99,10.99,10.49,10.55,8063,0
20090713,10.01,10.01,10.01,10.01,469,0
20090714,10.69,10.7,10.38,10.62,868,0
20090715,10.33,10.7,10.33,10.7,2063,0
20090716,10.62,10.7,10.58,10.58,1450,0
20090717,10.65,10.75,10.65,10.65,1654,0
20090720,10.7,10.75,10.11,10.35,2846,0
20090721,10,10.6,10,10.27,1117,0
20090722,10,10.5,10,10.5,1028,0
20090723,9.75,10.39,9.69,10.3,1707,0
20090724,10.55,10.55,10,10.19,4917,0
20090727,10.22,10.22,9.59,10.01,12039,0
20090728,9.01,9.01,7.8,8.04,37790,0
20090729,8,8.47,8,8.46,11730,0
20090730,8.71,9.01,8.51,8.55,25934,0
20090731,9.07,9.46,9,9,6731,0
20090803,9.03,9.05,9,9.01,3138,0
20090804,8.42,9.05,8.42,9.05,11640,0
20090805,9.04,9.45,8.56,9.01,10286,0
20090806,9.02,9.09,9.01,9.01,600,0
20090807,8.72,9.1,8.72,9.1,4443,0
20090810,8.84,9.45,8.84,9.1,3011,0
20090811,8.84,8.85,8.84,8.84,963,0
20090812,8.88,8.89,8.84,8.84,1250,0
20090813,8.84,8.84,8.84,8.84,868,0
20090814,8.21,8.21,8.17,8.18,664,0
20090817,7.9,8.36,7.9,8.1,6111,0
20090818,8.1,8.12,8.1,8.11,600,0
20090819,8.14,8.25,8.14,8.25,220,0
20090821,8.1,8.5,8.1,8.5,300,0
20090824,8.5,8.5,8.5,8.5,0,0
20090825,8.2,8.3,8.2,8.3,1188,0
20090826,8.3,8.33,7.9,8.24,2268,0
20090827,8.5,8.5,8.44,8.45,4401,0
20090828,8.25,8.45,8.1,8.1,1825,0
20090831,7.97,8.01,7.97,8.01,240,0
20090901,8.01,8.01,8.01,8.01,0,0
20090902,8.01,8.01,8.01,8.01,100,0
20090903,8.01,8.01,7.99,7.99,775,0
20090904,8,8,7.75,7.75,8614,0
20090908,7.89,7.9,7.88,7.88,2396,0
20090909,7.9,7.9,7.75,7.75,2200,0
20090910,7.75,7.75,7.75,7.75,653,0
20090911,7.8,7.8,7.7,7.7,6419,0
20090914,7.6,7.6,7.55,7.55,1535,0
20090915,7.6,7.7,7.6,7.7,710,0
20090916,7.55,7.55,7.45,7.5,1932,0
20090917,7.7,7.7,7.5,7.7,2128,0
20090918,7.7,7.8,7.5,7.8,4837,0
20090921,7.5,7.5,7.5,7.5,200,0
20090922,7.77,8,7.77,8,4220,0
20090925,8,8,8,8,100,0
20090928,7.66,7.84,7.66,7.75,2105,0
20090929,7.78,7.78,7.5,7.78,3128,0
20090930,7.76,7.76,7.68,7.7,500,0
20091001,7.45,7.7,7.42,7.65,3100,0
20091002,7.65,7.66,7.4,7.66,3054,0
20091005,7.65,7.65,7.4,7.5,4035,0
20091006,7.6,7.6,7.21,7.25,5146,0
20091007,7.4,7.5,7.4,7.42,54337,0
20091008,7.45,7.59,7.4,7.4,7720,0
20091009,7.4,7.5,7.35,7.5,22818,0
20091012,7.55,7.55,7.45,7.46,10513,0
20091013,7.5,7.67,7.4,7.67,1667,0
20091014,7.67,7.7,7.65,7.68,1215,0
20091015,7.5,7.79,7.5,7.78,2058,0
20091016,7.7,7.8,7.69,7.8,2504,0
20091019,7.7,7.72,7.4,7.4,16265,0
20091020,7.47,7.72,6.66,7.33,61912,0
20091021,7.44,7.85,7.36,7.85,11255,0
20091022,7.7,7.98,7.1,7.75,3425,0
20091023,7.7,7.7,7.2,7.25,2865,0
20091026,7.25,7.26,6.7,6.75,7200,0
20091027,6.7,6.76,6.7,6.7,2350,0
20091028,6.7,6.7,6.1,6.1,9034,0
20091029,6.14,6.53,6.1,6.1,5479,0
20091030,6.13,6.33,6.1,6.12,2048,0
20091102,6.16,6.49,6.14,6.14,1406,0
20091103,6.46,6.46,6.21,6.4,4770,0
20091104,6.49,7,6.4,7,6118,0
20091105,6.57,6.82,6.57,6.73,5580,0
20091106,6.75,7.47,6.7,6.9,10704,0
20091109,6.91,6.91,6.91,6.91,400,0
20091110,6.7,7,6.46,7,2652,0
20091112,6.98,7.4,6.44,7.4,1001,0
20091113,6.97,6.97,6.97,6.97,800,0
20091117,6.54,7.1,6.5,7.1,4170,0
20091118,6.75,7,6.75,7,700,0
20091119,6.5,6.95,6.5,6.95,3134,0
20091120,6.95,6.95,6.75,6.9,1277,0
20091123,6.9,6.9,6.1,6.3,7956,0
20091124,6.31,6.4,6.13,6.16,2063,0
20091125,6.14,6.48,6.14,6.46,1874,0
20091127,6.1,6.1,6.1,6.1,180,0
20091130,6.64,6.64,6.3,6.3,433,0
20091201,6.49,6.9,6.26,6.26,9390,0
20091202,6.28,6.36,6,6.14,14744,0
20091203,6.21,6.27,6.21,6.25,2384,0
20091207,6.32,6.75,6.3,6.3,5805,0
20091208,6.87,6.87,6.39,6.69,46568,0
20091209,6.64,7.25,6.64,6.9,27358,0
20091210,6.9,7.16,6.76,6.76,12481,0
20091211,6.78,6.95,6.78,6.84,2903,0
20091214,6.99,7.19,6.81,7,20803,0
20091215,7,7,6.85,6.85,1391,0
20091216,7.02,7.05,6.81,6.81,11188,0
20091217,6.76,6.84,6.57,6.8,14190,0
20091218,6.7,6.79,6.65,6.65,1412,0
20091221,6.89,7.01,6.76,6.86,8875,0
20091222,6.9,7.12,6.89,7,5508,0
20091223,7.2,7.2,6.95,6.98,3651,0
20091224,7.17,7.19,7.17,7.19,300,0
20091228,7.18,7.18,7.06,7.06,680,0
20091229,7.15,7.25,7.01,7.25,31314,0
20091230,7.2,7.45,7.2,7.35,6209,0
20091231,7.42,7.95,7.3,7.86,14897,0
20100104,7.95,8,7.65,7.65,19943,0
20100105,7.73,8.14,7.73,7.91,137630,0
20100106,7.99,7.99,7.73,7.95,14100,0
20100107,7.94,7.98,7.78,7.85,3106,0
20100108,7.75,7.9,7.75,7.85,3175,0
20100111,7.76,8,7.76,8,6371,0
20100112,7.81,8,7.8,8,2794,0
20100113,8.05,8.05,7.85,8,12770,0
20100114,7.91,8.03,7.9,8.03,1315,0
20100115,8.12,8.22,8.05,8.15,3354,0
20100119,8.25,8.5,8.1,8.24,271719,0
20100120,8.06,8.25,8.06,8.25,5922,0
20100121,8.25,8.5,8.25,8.34,14063,0
20100122,8.38,8.38,8.05,8.08,3353,0
20100125,8.04,8.23,7.9,7.9,4041,0
20100126,7.92,8,7.86,7.96,20057,0
20100127,7.9,7.9,7.83,7.83,12961,0
20100128,7.89,8.04,7.89,8,7120,0
20100129,7.9,8.01,7.9,8,67716,0
20100201,8,8.05,7.76,7.9,13055,0
20100202,7.86,8.05,7.77,8.05,15514,0
20100203,7.86,8.05,7.85,8,26258,0
20100204,7.82,8.22,7.8,8,5799,0
20100205,8.14,8.15,7.85,8,4342,0
20100208,8,8,8,8,1000,0
20100209,7.95,8,7.85,7.95,11225,0
20100210,7.99,7.99,7.9,7.9,12397,0
20100211,7.9,7.9,7.8,7.8,299974,0
20100212,7.83,8,7.8,8,10146,0
20100216,7.81,7.92,7.81,7.9,2663,0
20100217,8,8,7.85,7.85,1767,0
20100219,7.8,7.83,7.75,7.76,2818,0
20100222,7.75,7.81,7.75,7.8,2922,0
20100223,7.8,7.8,7.7,7.7,3224,0
20100224,7.75,7.75,7.7,7.7,955,0
20100225,7.86,7.89,7.65,7.65,4063,0
20100226,7.68,7.87,7.66,7.79,602,0
20100301,7.66,7.66,7.65,7.65,2050,0
20100303,7.65,7.8,7.65,7.75,6637,0
20100304,7.69,7.99,7.65,7.72,2603,0
20100305,7.75,7.75,7.75,7.75,600,0
20100308,7.75,8,7.5,7.55,3958,0
20100309,7.55,7.71,7.5,7.69,8697,0
20100310,7.51,7.51,7.5,7.5,1624,0
20100311,7.5,7.75,7.5,7.75,7568,0
20100312,7.67,7.8,7.65,7.75,3262,0
20100315,7.6,8,7.6,7.99,14647,0
20100316,7.96,7.99,7.71,7.73,5378,0
20100317,7.95,7.95,7.75,7.75,2200,0
20100318,7.86,7.95,7.75,7.84,1400,0
20100319,7.9,7.95,7.76,7.95,9555,0
20100322,7.88,7.9,7.8,7.83,3521,0
20100323,7.76,7.95,7.76,7.95,7109,0
20100324,7.87,7.95,7.87,7.95,1199,0
20100325,7.95,7.95,7.92,7.92,2000,0
20100326,7.96,7.97,7.9,7.94,1000,0
20100329,7.85,7.85,7.77,7.79,1100,0
20100330,7.9,8,7.89,8,3569,0
20100331,7.86,7.99,7.84,7.99,27414,0
20100401,8,8,7.9,7.92,3312,0
20100405,7.93,7.99,7.9,7.95,13976,0
20100406,7.92,8.1,7.9,8.1,11532,0
20100407,8.05,8.15,8.05,8.15,12092,0
20100408,8.1,8.38,8.1,8.3,4301,0
20100409,8.18,8.43,8.18,8.43,231,0
20100412,8.18,8.39,8.15,8.27,3683,0
20100413,8.24,8.35,8.24,8.35,337,0
20100414,8.25,8.49,8.25,8.41,8939,0
20100415,8.26,8.26,8.26,8.26,220,0
20100416,8.26,8.27,8.25,8.25,3235,0
20100419,8.34,8.34,8.05,8.29,3760,0
20100420,8.37,8.39,8.3,8.37,4200,0
20100421,8.48,8.5,8.4,8.5,6532,0
20100422,8.45,8.49,8.4,8.45,12949,0
20100423,8.63,8.91,8.45,8.6,8549,0
20100426,8.8,8.8,8.65,8.7,7600,0
20100427,8.67,8.67,8.55,8.55,2334,0
20100428,8.4,8.6,8.4,8.6,6934,0
20100429,8.47,8.63,8.47,8.5,5629,0
20100430,8.52,8.77,8.52,8.63,17399,0
20100503,8.67,8.8,8.6,8.73,18403,0
20100504,8.59,8.79,8.41,8.7,10293,0
20100505,8.65,8.79,8.45,8.45,18515,0
20100506,8.4,8.49,8.25,8.35,20527,0
20100507,8.64,8.64,8.1,8.35,7529,0
20100510,8.02,8.45,8.02,8.4,8497,0
20100511,8.35,8.47,8.35,8.35,10331,0
20100512,8.43,8.44,8.4,8.44,22386,0
20100513,8.4,8.51,8.35,8.51,17058,0
20100514,8.61,8.76,8.5,8.5,4670,0
20100517,8.35,8.35,8.35,8.35,894,0
20100518,8.4,8.49,8.32,8.35,4855,0
20100519,8.35,8.35,8.3,8.3,700,0
20100520,8.16,8.16,7.8,7.8,2833,0
20100521,7.73,7.95,7.72,7.79,9179,0
20100524,7.74,7.91,7.7,7.85,3625,0
20100525,7.86,7.88,7.71,7.76,1800,0
20100526,7.85,8,7.76,7.76,2596,0
20100527,8.05,8.35,7.94,8.05,88768,0
20100528,8.05,8.1,8.05,8.1,7300,0
20100601,8.01,8.01,7.95,7.97,8869,0
20100602,7.99,8,7.67,7.67,15403,0
20100603,7.95,8.12,7.7,8.02,10863,0
20100604,8,8,7.75,7.75,6285,0
20100607,7.7,7.81,7.66,7.75,2202,0
20100608,7.65,7.7,7.6,7.7,16516,0
20100609,7.65,7.77,7.6,7.77,2173,0
20100610,7.76,7.95,7.76,7.81,6638,0
20100611,7.76,7.93,7.75,7.75,1158,0
20100614,7.71,7.87,7.71,7.78,600,0
20100615,7.7,7.8,7.61,7.8,15424,0
20100616,7.7,7.95,7.55,7.85,47384,0
20100617,7.9,7.9,7.8,7.8,1200,0
20100618,7.83,7.83,7.61,7.61,1895,0
20100621,7.6,7.8,7.6,7.65,1354,0
20100622,7.8,7.8,7.61,7.61,6900,0
20100623,7.6,7.6,7.6,7.6,100,0
20100624,7.75,7.8,7.75,7.75,1500,0
20100625,7.6,7.6,7.6,7.6,218,0
20100628,7.82,7.82,7.27,7.3,25704,0
20100629,7.3,7.4,7.25,7.4,10182,0
20100630,7.48,7.49,7.4,7.47,6600,0
20100701,7.43,7.58,7.26,7.46,8400,0
20100702,7.5,7.5,7.26,7.26,6349,0
20100706,7.26,7.41,7.25,7.28,4919,0
20100707,7.2,7.25,7.2,7.25,700,0
20100708,7.29,7.3,7.25,7.25,2488,0
20100709,7.25,7.25,7.05,7.14,22985,0
20100712,7.1,7.3,7.1,7.25,6067,0
20100713,7.35,7.35,7.05,7.11,17768,0
20100714,7.05,7.05,6.8,6.96,211757,0
20100715,7,7.36,6.8,7.08,6449,0
20100716,6.88,7.13,6.83,7.07,1560,0
20100719,7.01,7.01,6.75,6.8,4116,0
20100720,6.67,6.92,6.65,6.88,6385,0
20100721,6.9,6.99,6.9,6.99,980,0
20100722,7.15,7.15,7,7.01,4997,0
20100723,7,7,6.9,6.96,9058,0
20100726,6.92,6.92,6.78,6.78,1464,0
20100727,6.92,6.95,6.92,6.95,1410,0
20100728,7,7,6.82,6.82,3057,0
20100729,6.95,6.95,6.8,6.8,4507,0
20100730,6.89,7.15,6.81,7.14,7203,0
20100802,7.15,7.15,6.81,7.07,3561,0
20100803,7.02,7.15,7,7.15,6050,0
20100804,7.06,7.06,7.06,7.06,700,0
20100805,7.06,7.06,7.06,7.06,100,0
20100809,7.01,7.01,6.8,6.94,3128,0
20100810,6.85,6.85,6.75,6.75,4147,0
20100811,6.75,6.75,6.46,6.46,7653,0
20100812,6.57,6.58,6.55,6.55,20600,0
20100813,6.5,6.55,6.4,6.4,6126,0
20100816,6.45,6.45,6.3,6.31,6071,0
20100817,6.31,6.31,6.17,6.28,8778,0
20100818,6.18,6.3,6.18,6.3,5805,0
20100819,6.3,6.3,5.95,6.1,19563,0
20100820,6.25,6.26,6,6,2786,0
20100823,6,6.01,6,6,14054,0
20100824,6,6.05,6,6.05,1645,0
20100825,6.05,6.19,6,6.08,2069,0
20100826,6,6.01,5.87,6.01,4412,0
20100827,5.9,6.07,5.85,6,9826,0
20100830,5.87,6.16,5.87,6,6601,0
20100831,6.17,6.17,5.9,6,4259,0
20100901,5.98,6.1,5.88,5.99,4975,0
20100902,6,6.06,5.91,5.97,63538,0
20100903,5.94,5.97,5.85,5.95,15777,0
20100907,5.87,5.87,5.7,5.79,11433,0
20100908,5.8,5.9,5.75,5.83,10627,0
20100909,5.81,5.86,5.65,5.75,21290,0
20100910,5.91,6,5.8,6,16345,0
20100913,5.99,6,5.85,5.85,34022,0
20100914,5.9,5.91,5.9,5.91,3100,0
20100915,5.85,5.94,5.82,5.93,5520,0
20100916,5.85,5.99,5.8,5.94,10155,0
20100917,6,6,5.85,5.97,6946,0
20100920,5.91,5.95,5.83,5.84,6833,0
20100921,5.94,5.94,5.85,5.85,813,0
20100922,5.88,6,5.86,5.86,15700,0
20100923,5.8,5.8,5.8,5.8,580,0
20100924,5.95,5.97,5.81,5.83,2184,0
20100927,5.8,5.9,5.8,5.83,2875,0
20100928,5.83,6.24,5.83,6.2,46415,0
20100929,6.24,6.34,6.15,6.34,46232,0
20100930,6.38,6.59,6.16,6.28,50106,0
20101001,6.28,6.49,6.28,6.35,3755,0
20101004,6.35,6.35,6.11,6.2,1815,0
20101005,6.2,6.25,6.14,6.25,1330,0
20101006,6.16,6.16,6.12,6.12,1315,0
20101008,6.11,6.11,6.06,6.06,1483,0
20101011,6.08,6.09,5.95,6.01,5973,0
20101012,6.09,6.1,6.01,6.01,2519,0
20101013,5.98,6.14,5.98,6,14501,0
20101014,5.96,6,5.95,6,1900,0
20101018,5.96,5.98,5.91,5.98,1189,0
20101019,5.96,6.01,5.9,6.01,5875,0
20101020,5.94,6,5.94,6,2861,0
20101021,5.95,5.99,5.86,5.99,2400,0
20101022,5.86,5.9,5.7,5.7,13253,0
20101025,5.69,5.79,5.53,5.69,7186,0
20101026,5.69,5.74,5.53,5.7,5944,0
20101027,5.7,5.7,5.53,5.66,1654,0
20101028,5.61,5.81,5.53,5.6,10428,0
20101029,5.67,5.82,5.65,5.75,1095,0
20101102,5.65,5.75,5.65,5.75,36390,0
20101103,5.75,5.77,5.75,5.75,26289,0
20101104,5.71,6,5.71,5.95,4888,0
20101105,5.91,6,5.9,5.99,26250,0
20101108,5.9,5.94,5.8,5.94,561,0
20101109,5.95,5.95,5.75,5.9,16224,0
20101110,5.8,5.94,5.8,5.89,9530,0
20101111,5.9,5.9,5.9,5.9,1000,0
20101112,5.85,5.92,5.75,5.75,93869,0
20101115,5.76,5.97,5.55,5.72,5311,0
20101117,5.7,5.75,5.51,5.6,4028,0
20101118,5.61,5.79,5.55,5.79,3667,0
20101119,5.65,5.84,5.65,5.84,2711,0
20101122,5.7,5.7,5.7,5.7,700,0
20101123,5.66,5.71,5.59,5.59,816,0
20101124,5.55,5.72,5.55,5.55,7015,0
20101126,5.5,5.56,5.5,5.56,592,0
20101129,5.55,5.6,5.55,5.6,600,0
20101130,5.55,5.6,5.55,5.55,4898,0
20101201,5.7,5.7,5.55,5.65,28554,0
20101202,5.67,5.68,5.65,5.65,1500,0
20101203,5.65,5.65,5.65,5.65,6256,0
20101206,5.6,5.75,5.6,5.68,53400,0
20101207,5.65,5.7,5.65,5.65,9593,0
20101208,5.63,5.75,5.63,5.68,13787,0
20101209,5.65,5.65,5.65,5.65,1630,0
20101210,5.65,5.79,5.63,5.71,19423,0
20101213,5.65,5.75,5.65,5.66,2806,0
20101214,5.65,5.69,5.65,5.69,600,0
20101215,5.65,5.71,5.65,5.71,1550,0
20101216,5.68,5.74,5.6,5.74,14919,0
20101217,5.72,5.9,5.68,5.7,16992,0
20101220,5.76,5.81,5.71,5.76,1372,0
20101221,5.85,6,5.75,6,11163,0
20101222,6.02,6.1,5.95,5.96,48958,0
20101223,5.93,6.1,5.93,6.01,23019,0
20101227,5.95,5.95,5.95,5.95,564,0
20101228,5.99,6.1,5.95,6.08,4533,0
20101229,5.95,6,5.95,5.95,6742,0
20101230,6,6.05,5.95,6.05,1365,0
20101231,5.96,6.05,5.96,6,2342,0
20110103,5.95,6.24,5.95,6.23,7226,0
20110104,6.21,6.21,6,6.1,4016,0
20110105,6.09,6.25,6.09,6.16,41538,0
20110106,6.16,6.22,6.1,6.22,1923,0
20110107,6.17,6.23,6.14,6.17,2011,0
20110110,6.1,6.24,6.04,6.17,27097,0
20110111,6.05,6.28,6.05,6.28,681,0
20110112,6.35,6.42,6.31,6.31,3683,0
20110113,6.31,6.49,6.31,6.44,3081,0
20110114,6.5,6.5,6.5,6.5,5000,0
20110118,6.5,6.64,6.35,6.57,2376,0
20110119,6.61,6.64,6.58,6.61,2560,0
20110120,6.55,6.65,6.55,6.65,10437,0
20110121,6.65,6.75,6.64,6.74,4935,0
20110124,6.74,6.74,6.63,6.73,5270,0
20110125,6.61,6.61,6.35,6.55,10766,0
20110126,6.41,6.69,6.41,6.66,3728,0
20110127,6.65,6.65,6.65,6.65,287,0
20110128,6.65,6.68,6.3,6.67,19140,0
20110131,6.66,6.66,6.35,6.55,1877,0
20110201,6.49,6.49,6.21,6.48,1496,0
20110202,6.44,6.45,6.4,6.4,117240,0
20110203,6.44,6.54,6.25,6.54,8899,0
20110204,6.26,6.65,6.26,6.65,9980,0
20110207,6.51,6.65,6.5,6.65,690,0
20110208,6.6,6.65,6.47,6.5,7935,0
20110209,6.34,6.5,6.34,6.5,1200,0
20110210,6.5,6.5,6.4,6.46,3180,0
20110211,6.4,6.5,6.15,6.49,10519,0
20110214,6.45,6.45,6.24,6.25,1042,0
20110215,6.26,6.49,6.26,6.49,2011,0
20110216,6.53,6.55,6.3,6.55,3367,0
20110217,6.29,6.52,6.29,6.32,1450,0
20110218,6.2,6.31,6.19,6.2,7857,0
20110222,6.21,6.41,6.16,6.41,1507,0
20110223,6.13,6.65,6.13,6.5,22592,0
20110225,6.02,6.4,6.02,6.38,10733,0
20110228,6.43,6.43,6.13,6.43,2383,0
20110301,6.37,6.45,6.3,6.37,24641,0
20110302,6.43,6.46,6.39,6.45,1350,0
20110303,6.44,6.47,6.41,6.45,6929,0
20110304,6.47,6.48,6.4,6.48,6030,0
20110307,6.47,6.47,6.42,6.42,2700,0
20110308,6.36,6.45,6.36,6.41,5310,0
20110309,6.45,6.46,6.37,6.37,3900,0
20110310,6.35,6.35,6.3,6.3,2764,0
20110314,6.38,6.4,6.15,6.32,8695,0
20110315,6.16,6.31,6.15,6.25,3920,0
20110316,6.31,6.31,6.2,6.22,4794,0
20110317,6.25,6.25,6.22,6.25,3127,0
20110318,6.36,6.4,6.35,6.35,1600,0
20110321,6.25,6.35,6.25,6.26,6139,0
20110322,6.22,6.37,6.21,6.37,5415,0
20110323,6.24,6.43,6.23,6.43,500,0
20110324,6.37,6.37,6.2,6.3,55404,0
20110325,6.3,6.31,6.3,6.31,19158,0
20110328,6.26,6.37,6.25,6.37,3874,0
20110329,6.35,6.5,6.34,6.49,78640,0
20110330,6.59,6.6,6.48,6.5,3150,0
20110331,6.64,6.65,6.55,6.6,4094,0
20110401,6.69,6.8,6.48,6.63,6480,0
20110404,6.6,6.65,6.6,6.6,310,0
20110405,6.64,6.64,6.44,6.44,10216,0
20110406,6.4,6.4,6.4,6.4,200,0
20110407,6.4,6.48,6.4,6.48,400,0
20110408,6.12,6.51,6.12,6.5,9867,0
20110411,6.06,6.37,6.06,6.37,520,0
20110412,6.16,6.5,6.16,6.41,6659,0
20110413,6.34,6.43,6.34,6.39,1984,0
20110414,6.25,6.29,6.25,6.29,718,0
20110415,6.4,6.4,6.39,6.39,1700,0
20110418,6.24,6.5,6.2,6.22,10103,0
20110419,6.22,6.28,6.18,6.28,3200,0
20110420,6.18,6.23,6.16,6.16,1600,0
20110421,6.2,6.26,6.17,6.26,3500,0
20110425,6.26,6.26,6.21,6.22,10571,0
20110426,6.25,6.34,6.24,6.29,26513,0
20110427,6.32,6.33,6.25,6.33,10498,0
20110428,6.3,6.3,6.16,6.18,2440,0
20110429,6.18,6.25,6.18,6.2,600,0
20110502,6.2,6.25,6.2,6.2,13881,0
20110503,6.21,6.21,6.2,6.2,500,0
20110504,6.17,6.19,6.16,6.19,824,0
20110505,6.17,6.21,6.17,6.19,3788,0
20110506,6.26,6.3,6.26,6.27,14919,0
20110509,6.31,6.33,6.26,6.33,7715,0
20110510,6.31,6.35,6.28,6.35,3788,0
20110511,6.26,6.33,6.26,6.3,36220,0
20110512,6.32,6.35,6.32,6.33,930,0
20110513,6.35,6.38,6.33,6.38,10205,0
20110516,6.4,6.54,6.4,6.45,4118,0
20110517,6.43,6.63,6.43,6.53,3611,0
20110518,6.53,6.53,6.53,6.53,200,0
20110519,6.4,6.74,6.4,6.74,894,0
20110520,6.75,6.8,6.75,6.8,20707,0
20110523,6.8,6.81,6.75,6.75,9950,0
20110524,6.51,6.84,6.51,6.62,5481,0
20110525,6.68,6.85,6.58,6.58,6970,0
20110526,6.59,6.64,6.55,6.63,1700,0
20110527,6.57,6.64,6.36,6.36,16206,0
20110531,6.46,6.48,6.46,6.46,8426,0
20110601,6.43,6.47,6.43,6.47,1141,0
20110602,6.46,6.6,6.28,6.54,4192,0
20110603,6.77,6.83,6.63,6.83,8884,0
20110606,6.65,6.78,6.64,6.69,1500,0
20110607,6.64,6.71,6.64,6.71,859,0
20110608,6.58,6.76,6.51,6.76,1827,0
20110609,6.71,6.89,6.6,6.85,6317,0
20110610,6.82,6.85,6.75,6.85,3231,0
20110613,6.7,6.79,6.64,6.69,4375,0
20110614,6.61,6.61,6.49,6.51,2900,0
20110615,6.52,6.52,6.32,6.49,625,0
20110616,6.4,6.53,6.33,6.49,5140,0
20110617,6.43,6.7,6.31,6.7,1936,0
20110620,6.66,6.85,6.47,6.85,1600,0
20110621,6.67,6.7,6.64,6.7,4100,0
20110622,6.68,6.76,6.54,6.69,7547,0
20110623,6.71,6.76,6.39,6.44,11971,0
20110624,6.19,6.54,6.06,6.13,14736,0
20110627,6.13,6.39,6.13,6.13,6117,0
20110628,6.25,6.25,6.03,6.07,3700,0
20110629,6.06,6.06,6,6.02,3142,0
20110630,6.01,6.09,6.01,6.09,1918,0
20110701,6.06,6.15,6.06,6.06,2700,0
20110705,6.2,6.59,6.05,6.05,5713,0
20110706,6.04,6.3,6.04,6.09,4300,0
20110707,6.08,6.1,6.05,6.08,12690,0
20110708,6.07,6.24,6.07,6.19,400,0
20110711,6.08,6.2,6.06,6.06,2879,0
20110712,6.12,6.12,6.03,6.03,4268,0
20110713,6.01,6.08,6.01,6.05,600,0
20110714,6.02,6.12,6.02,6.12,1493,0
20110715,6.1,6.2,6.1,6.14,1538,0
20110718,6.1,6.11,6.1,6.1,300,0
20110719,6.19,6.19,6.1,6.11,1926,0
20110720,6.1,6.2,6.1,6.1,5444,0
20110721,6.1,6.17,6.1,6.1,3527,0
20110722,6.11,6.14,6.1,6.1,2850,0
20110725,6.11,6.16,6.1,6.1,3824,0
20110726,6.13,6.15,6.1,6.15,820,0
20110727,6.12,6.16,5.92,5.95,16050,0
20110728,6,6,5.95,5.95,3010,0
20110729,5.97,5.97,5.96,5.96,1376,0
20110802,5.95,6.1,5.95,5.96,5411,0
20110803,5.96,5.99,5.95,5.99,5528,0
20110804,5.96,6.05,5.95,5.95,4141,0
20110805,5.95,6,5.95,5.95,8600,0
20110808,5.93,6.15,5.54,5.6,2544,0
20110809,5.6,5.6,5.49,5.5,5251,0
20110811,5.51,5.51,5.4,5.47,2840,0
20110812,5.65,5.65,5.24,5.25,3050,0
20110815,5.26,5.89,5.26,5.67,3400,0
20110816,5.26,5.62,5.25,5.25,8909,0
20110817,5.43,5.54,5.19,5.25,8944,0
20110818,5.22,5.22,5.11,5.11,725,0
20110819,5.2,5.25,5.15,5.15,3848,0
20110822,5.15,5.45,5.15,5.28,54101,0
20110824,5.15,5.25,5.14,5.14,1161,0
20110825,5.35,5.35,5.3,5.3,439,0
20110829,5.27,5.27,5.17,5.2,1208,0
20110830,5.17,5.17,5.02,5.02,18646,0
20110901,5.02,5.05,5.02,5.05,3875,0
20110906,5.16,5.16,5.02,5.09,2901,0
20110907,5.08,5.1,5.02,5.02,4037,0
20110908,5.02,5.07,5.02,5.02,3547,0
20110909,5.02,5.02,5.02,5.02,2900,0
20110912,4.97,4.97,4.73,4.73,3990,0
20110913,4.76,4.85,4.75,4.75,4005,0
20110914,4.75,4.75,4.55,4.6,13461,0
20110915,4.6,4.75,4.6,4.73,21007,0
20110916,4.71,5,4.71,5,3306,0
20110919,4.86,4.98,4.82,4.98,2003,0
20110920,4.81,4.86,4.7,4.7,3788,0
20110921,4.75,4.75,4.71,4.72,1808,0
20110922,4.76,5.28,4.72,4.76,1874,0
20110923,4.75,5,4.71,4.71,3263,0
20110926,4.81,4.84,4.73,4.75,2160,0
20110927,5.04,5.04,4.68,4.72,15665,0
20110928,4.74,4.86,4.71,4.72,14623,0
20110929,5.13,5.13,4.73,4.94,2030,0
20110930,4.74,4.97,4.65,4.97,2300,0
20111003,4.85,4.87,4.76,4.8,1008,0
20111004,4.8,4.8,4.71,4.71,3331,0
20111005,4.72,4.74,4.72,4.72,2082,0
20111006,4.72,4.72,4.71,4.72,2145,0
20111007,4.79,4.99,4.72,4.72,4548,0
20111010,4.71,4.73,4.65,4.65,7477,0
20111011,4.68,4.77,4.68,4.77,500,0
20111012,4.68,4.7,4.66,4.66,2000,0
20111013,4.7,4.8,4.7,4.8,2124,0
20111014,4.8,4.8,4.69,4.7,10406,0
20111017,4.79,5,4.6,4.6,2720,0
20111018,4.62,4.73,4.6,4.7,6212,0
20111019,4.68,4.7,4.6,4.61,2865,0
20111020,4.65,4.7,4.6,4.7,12121,0
20111021,4.7,4.78,4.7,4.7,4734,0
20111024,4.8,4.8,4.7,4.7,3912,0
20111025,4.63,4.88,4.63,4.7,12701,0
20111026,4.7,4.9,4.7,4.9,22304,0
20111027,4.99,4.99,4.71,4.83,2101,0
20111028,4.83,4.98,4.83,4.98,2715,0
20111101,4.83,4.95,4.83,4.85,6095,0
20111102,4.91,4.96,4.9,4.96,2825,0
20111103,4.96,4.97,4.85,4.85,9600,0
20111104,4.85,4.9,4.85,4.85,6229,0
20111107,4.85,4.95,4.85,4.95,2676,0
20111108,4.9,4.99,4.9,4.99,961,0
20111109,4.85,4.85,4.85,4.85,100,0
20111110,4.85,4.86,4.85,4.85,461,0
20111111,4.85,4.85,4.85,4.85,5598,0
20111114,4.83,4.85,4.83,4.85,5826,0
20111115,4.85,4.85,4.83,4.85,5600,0
20111116,4.83,4.93,4.83,4.93,526,0
20111117,4.84,4.84,4.84,4.84,100,0
20111118,4.83,5,4.83,5,1002,0
20111121,4.83,4.83,4.83,4.83,105,0
20111122,4.85,4.85,4.8,4.8,9683,0
20111123,4.8,4.85,4.75,4.8,5600,0
20111128,4.85,4.85,4.85,4.85,100,0
20111129,4.75,4.82,4.75,4.82,1870,0
20111130,4.76,4.76,4.7,4.7,7256,0
20111201,4.7,4.75,4.7,4.75,12381,0
20111202,4.8,4.93,4.7,4.75,3990,0
20111205,4.74,4.75,4.7,4.72,5681,0
20111206,4.75,4.75,4.7,4.7,1741,0
20111207,4.71,4.72,4.7,4.72,731,0
20111208,4.71,4.75,4.71,4.73,1400,0
20111209,4.72,4.72,4.72,4.72,300,0
20111212,4.7,4.72,4.7,4.72,1066,0
20111213,4.79,4.85,4.71,4.72,3037,0
20111214,4.72,4.76,4.71,4.71,16764,0
20111215,4.7,4.72,4.62,4.66,11538,0
20111216,4.61,4.73,4.61,4.65,3576,0
20111220,4.69,4.85,4.66,4.77,9720,0
20111221,4.79,4.8,4.65,4.65,4200,0
20111222,4.74,4.74,4.61,4.61,6430,0
20111223,4.64,4.72,4.62,4.62,1700,0
20111227,4.66,4.66,4.61,4.61,1865,0
20111228,4.62,4.7,4.55,4.55,17880,0
20111229,4.55,4.69,4.55,4.55,5902,0
20111230,4.67,4.67,4.55,4.55,7269,0
20120103,4.5,4.67,4.5,4.6,2850,0
20120104,4.55,4.56,4.54,4.55,1893,0
20120105,4.52,4.59,4.51,4.59,522,0
20120106,4.56,4.56,4.56,4.56,100,0
20120109,4.69,4.7,4.5,4.54,2008,0
20120110,4.68,4.68,4.55,4.6,3960,0
20120111,4.67,4.7,4.66,4.7,3780,0
20120112,4.7,4.7,4.55,4.63,2100,0
20120117,4.61,4.64,4.56,4.56,4631,0
20120118,4.53,5,4.53,4.98,5017,0
20120119,4.98,4.98,4.67,4.94,3188,0
20120120,4.94,5.21,4.94,4.95,11102,0
20120123,5.09,5.1,4.95,4.97,10397,0
20120124,5.1,5.1,5.05,5.1,12863,0
20120125,5,5.01,5,5.01,900,0
20120126,5.26,5.48,5.26,5.46,9359,0
20120127,5.73,6.09,5.66,6.04,5255,0
20120130,5.99,6,5.9,6,600,0
20120131,5.91,6.02,5.9,5.9,2743,0
20120201,5.67,5.82,5.6,5.82,9194,0
20120202,6.04,6.06,5.91,5.91,1069,0
20120203,5.97,6.09,5.87,6.09,11721,0
20120206,5.88,5.88,5.88,5.88,347,0
20120207,6.11,6.11,6.01,6.03,1958,0
20120208,6.01,6.45,6.01,6.1,4043,0
20120209,6.16,6.22,6.1,6.12,5442,0
20120210,6.16,6.35,6.16,6.3,4800,0
20120213,6.06,6.26,6.03,6.2,3204,0
20120214,6.13,6.37,6.13,6.27,3900,0
20120215,6.25,6.49,6.15,6.42,8956,0
20120216,6.49,6.75,6.38,6.5,10000,0
20120217,6.44,7.04,6.34,6.95,16884,0
20120221,6.73,6.91,6.73,6.85,33602,0
20120222,6.78,7,6.78,6.95,19209,0
20120223,6.91,6.93,6.81,6.86,3064,0
20120224,6.9,6.9,6.55,6.79,30658,0
20120227,6.84,7,6.7,6.8,23404,0
20120228,6.55,6.99,6.5,6.9,3100,0
20120229,6.92,6.92,6.64,6.74,10842,0
20120301,6.69,7,6.65,6.9,24595,0
20120302,6.94,7,6.7,6.99,4096,0
20120305,6.63,7.01,6.61,6.66,7438,0
20120306,7.03,7.03,6.66,6.86,3932,0
20120307,6.75,7.05,6.75,7,13650,0
20120308,7.09,7.32,7.07,7.32,28905,0
20120309,7.29,7.47,7.01,7.36,3225,0
20120312,7.39,7.39,7.06,7.22,8505,0
20120313,7.22,7.35,7.12,7.12,81878,0
20120314,7.13,7.4,7.12,7.3,3775,0
20120315,7.3,7.31,7.28,7.3,3100,0
20120316,7.36,7.45,7.16,7.41,8185,0
20120319,7.25,7.41,7.25,7.36,1300,0
20120320,7.34,7.34,7.32,7.34,1201,0
20120321,7.38,7.38,7.38,7.38,704,0
20120322,7.32,7.32,7.1,7.13,3315,0
20120323,7.2,7.5,7.15,7.42,15752,0
20120326,7.5,7.5,7.17,7.25,2949,0
20120327,7.2,7.27,7.2,7.27,1866,0
20120328,7.25,7.5,7.21,7.21,1864,0
20120329,7.19,7.28,7.07,7.18,3643,0
20120330,7.12,7.9,7.12,7.9,18348,0
20120402,7.78,8.31,7.46,7.58,11213,0
20120403,7.55,7.75,7.05,7.09,8756,0
20120404,7.16,7.18,7,7.08,7893,0
20120405,7.09,7.14,7.06,7.14,952,0
20120409,7.15,7.15,7.1,7.12,630,0
20120410,7.12,7.12,7.12,7.12,100,0
20120411,7.14,7.23,7.13,7.14,2900,0
20120412,7.13,7.31,7.08,7.11,905,0
20120413,7.06,7.26,7.06,7.26,5060,0
20120416,7.46,7.46,7.46,7.46,100,0
20120417,7.25,7.49,7.25,7.49,1719,0
20120418,7.46,7.47,7.46,7.47,410,0
20120419,7.27,7.27,7.25,7.25,766,0
20120420,7.44,7.44,7.25,7.25,600,0
20120423,7.25,7.41,7.25,7.41,3775,0
20120424,7.31,7.39,7.17,7.38,70539,0
20120425,7.4,7.4,7.19,7.2,6848,0
20120426,7.1,7.3,7.08,7.3,800,0
20120427,7.13,7.2,7.13,7.16,10805,0
20120430,7.1,7.35,7.09,7.28,52206,0
20120501,7.15,7.21,7.11,7.11,1500,0
20120502,7.1,7.11,7.1,7.11,2300,0
20120503,7.1,7.17,7.1,7.17,2100,0
20120504,7.1,7.4,7.1,7.25,1126,0
20120507,7.11,7.36,7.1,7.1,104044,0
20120509,7.15,7.17,7.15,7.17,1080,0
20120510,7.15,7.15,7.15,7.15,1139,0
20120511,7.15,7.25,7.15,7.24,11600,0
20120514,7.2,7.39,7.06,7.39,7686,0
20120515,7.36,7.37,7.35,7.35,700,0
20120516,7.26,7.26,7.07,7.07,516,0
20120517,7.07,7.08,7.07,7.08,598,0
20120518,7.1,7.1,6.25,6.77,11191,0
20120521,7.31,7.4,7.05,7.11,49998,0
20120522,7.3,7.3,7.05,7.05,2020,0
20120523,7.1,7.27,7.1,7.27,6204,0
20120525,7.26,7.3,7.26,7.3,4008,0
20120529,7.16,7.35,7.16,7.33,72286,0
20120530,7.17,7.38,7.17,7.38,1389,0
20120531,7.38,7.38,7.28,7.28,359,0
20120601,7.2,7.25,7.16,7.25,2410,0
20120604,7.19,7.21,7.16,7.21,25839,0
20120605,7.25,7.35,7.24,7.35,2400,0
20120607,7.29,7.29,7.06,7.06,473,0
20120608,7.2,7.34,7.15,7.34,6300,0
20120611,7.35,7.35,7.15,7.25,91915,0
20120612,7.2,7.2,7.05,7.13,2894,0
20120614,7.31,7.31,7.31,7.31,311,0
20120615,7.2,7.35,7.2,7.35,3250,0
20120618,7.35,7.35,7.07,7.07,2498,0
20120620,7.06,7.34,7.05,7.06,2300,0
20120621,7.06,7.08,7.06,7.08,460,0
20120622,7.29,7.57,7.29,7.57,51159,0
20120625,7.4,7.49,7.29,7.35,1829,0
20120626,7.29,7.3,7.11,7.11,2650,0
20120627,7.1,7.38,7.05,7.35,6370,0
20120628,7.29,7.29,7.09,7.1,1185,0
20120629,7.21,7.31,7.04,7.28,7241,0
20120702,7.16,7.16,6.85,6.99,9031,0
20120703,6.86,7.56,6.85,7.56,21368,0
20120705,7.53,7.57,7.28,7.55,3230,0
20120706,7.43,7.59,7.26,7.56,1971,0
20120709,7.48,7.48,7.3,7.3,4826,0
20120710,7.28,7.28,6.75,6.8,133007,0
20120711,6.9,6.9,6.9,6.9,256,0
20120712,6.85,7.09,6.85,7.08,3217,0
20120713,6.96,7.07,6.92,7.07,5781,0
20120716,7,7.07,6.95,7.06,1300,0
20120717,7,7.022,6.9,6.9001,4178,0
20120718,6.91,6.94,6.77,6.9,3997,0
20120719,6.83,7,6.83,6.85,18857,0
20120720,6.89,6.9,6.89,6.9,11868,0
20120723,6.77,6.77,6.77,6.77,269,0
20120724,6.8,6.8,6.5,6.5,15243,0
20120725,6.71,6.78,6.71,6.78,4752,0
20120727,6.83,6.95,6.75,6.77,3548,0
20120730,6.85,6.85,6.85,6.85,900,0
20120731,6.76,6.85,6.76,6.85,652,0
20120801,6.89,6.89,6.72,6.8,1571,0
20120802,6.8,6.92,6.8,6.92,2020,0
20120803,6.82,6.92,6.82,6.92,518,0
20120806,6.92,6.92,6.82,6.82,6217,0
20120807,6.85,6.85,6.58,6.84,9918,0
20120808,6.75,6.75,6.62,6.68,641,0
20120809,6.72,6.745,6.41,6.49,7169,0
20120810,6.7,6.705,6.52,6.705,2842,0
20120813,6.69,6.7,6.69,6.7,225,0
20120814,6.6,6.63,6.6,6.63,560,0
20120815,6.61,6.9,6.61,6.9,494,0
20120817,6.66,6.87,6.66,6.807,1401,0
20120820,6.68,6.68,6.65,6.67,1000,0
20120821,6.74,6.74,6.74,6.74,102,0
20120822,6.84,6.9,6.7,6.84,3250,0
20120823,6.9,6.9,6.64,6.64,2762,0
20120824,6.7,6.76,6.7,6.7005,1273,0
20120827,6.8,6.845,6.75,6.8325,7351,0
20120829,6.87,6.9,6.86,6.88,2000,0
20120830,6.73,6.85,6.71,6.8,6849,0
20120831,6.73,6.83,6.73,6.83,524,0
20120904,6.73,6.8,6.73,6.8,5000,0
20120905,6.78,6.8,6.78,6.783,1000,0
20120906,6.8,6.81,6.5,6.51,13448,0
20120907,6.8,6.81,6.7,6.81,22290,0
20120910,6.85,6.85,6.65,6.7,1861,0
20120911,6.71,6.95,6.71,6.93,20309,0
20120912,7.01,7.01,6.99,6.99,2400,0
20120913,7.02,7.1,6.91,7.05,20500,0
20120914,6.85,7.24,6.85,7.05,12071,0
20120917,7.02,7.25,6.87,7.16,18600,0
20120918,7.31,7.42,7.045,7.42,26992,0
20120919,7.43,7.43,7.06,7.4,900,0
20120920,7.34,7.41,7.34,7.41,16616,0
20120921,7.45,7.49,7.014,7.48,15295,0
20120924,7.48,7.51,7.1001,7.5,14577,0
20120925,7.52,7.66,7.5,7.66,12708,0
20120926,7.71,7.71,7.5001,7.55,2714,0
20120927,7.5,7.65,7.5,7.65,1752,0
20120928,7.66,7.71,7.6,7.6,10016,0
20121001,7.65,7.79,7.07,7.64,12109,0
20121002,7.54,7.8,7.51,7.79,4277,0
20121003,7.79,7.79,7.72,7.72,2329,0
20121004,7.65,7.8,7.65,7.8,3000,0
20121005,7.64,7.7,7.6,7.6,9069,0
20121008,7.25,7.78,7.25,7.71,3426,0
20121009,7.64,7.65,7.52,7.65,1301,0
20121010,7.66,7.69,7.5,7.64,3958,0
20121011,7.63,7.87,7.51,7.51,23284,0
20121012,7.6,7.85,7.6,7.85,1150,0
20121015,7.89,7.89,7.89,7.89,800,0
20121016,7.85,7.85,7.8,7.8,2386,0
20121017,7.87,7.87,7.21,7.4,5480,0
20121018,7.6,7.6,7.2808,7.36,586,0
20121019,7.35,7.55,7.31,7.52,2495,0
20121022,7.5192,7.8,7.5192,7.8,2077,0
20121023,7.51,7.8,7.51,7.8,1067,0
20121025,7.6001,7.6001,7.57,7.57,600,0
20121026,7.56,7.64,7.53,7.59,1544,0
20121031,7.57,7.61,7.36,7.38,2811,0
20121102,7.47,7.69,7.47,7.69,1102,0
20121105,7.71,7.71,7.5,7.65,2813,0
20121106,7.6501,7.725,7.6,7.7,9651,0
20121107,7.56,7.64,7.55,7.64,1108,0
20121108,7.56,7.56,6.92,6.975,11249,0
20121109,6.9,7.09,6.9,7.06,4185,0
20121112,7.15,7.16,6.94,7,14257,0
20121113,6.94,6.94,6.932,6.932,455,0
20121114,6.68,6.68,6.63,6.67,2663,0
20121115,6.64,6.78,6.63,6.67,1200,0
20121116,6.63,6.81,6.52,6.67,3900,0
20121119,6.78,7,6.7,6.7,5479,0
20121120,6.67,6.67,6.67,6.67,100,0
20121121,6.97,7,6.93,6.95,4663,0
20121123,6.69,7,6.69,6.85,1251,0
20121126,6.78,6.78,6.707,6.707,1069,0
20121128,6.98,6.98,6.75,6.75,4480,0
20121129,6.74,6.84,6.7,6.84,4383,0
20121130,6.76,6.88,6.71,6.84,1903,0
20121203,6.96,6.96,6.91,6.91,200,0
20121204,6.71,6.76,6.33,6.35,9718,0
20121205,6.4,6.52,6.27,6.28,14656,0
20121206,6.5,6.54,6.4,6.5,14434,0
20121207,6.21,6.5,6.21,6.47,3700,0
20121211,6.41,6.53,6.41,6.53,4013,0
20121212,6.5,6.55,6.5,6.55,3294,0
20121213,6.5,6.95,6.5,6.66,10658,0
20121214,6.55,6.55,6.55,6.55,400,0
20121217,6.63,6.65,6.5621,6.57,1422,0
20121218,6.68,6.7,6.54,6.54,2333,0
20121219,6.61,6.7,6.59,6.7,4900,0
20121220,6.59,6.79,6.55,6.65,9599,0
20121221,6.78,6.95,6.66,6.95,19076,0
20121224,6.76,6.8,6.75,6.75,4243,0
20121226,7.1,7.1,6.89,6.92,5972,0
20121227,7.01,7.01,6.75,6.79,15629,0
20121228,6.89,7.21,6.76,7.21,3330,0
20121231,7,7.11,6.76,6.91,4600,0
20130102,7.01,7.25,6.89,6.95,31700,0
20130103,6.95,7.123,6.89,6.92,6692,0
20130107,7.01,7.25,7.01,7.04,14812,0
20130108,7.23,7.3,6.88,7.3,4594,0
20130109,7.24,7.24,7.24,7.24,200,0
20130110,6.97,7.2,6.92,6.92,12009,0
20130111,7.05,7.142,6.95,6.951,1100,0
20130115,6.97,6.97,6.75,6.75,1146,0
20130116,6.95,7.32,6.95,6.98,1900,0
20130117,7.01,7.04,6.95,6.96,5990,0
20130118,7.2,7.2,6.96,6.96,500,0
20130122,6.97,7.1,6.97,6.98,1432,0
20130123,6.97,6.98,6.97,6.97,1119,0
20130124,7.01,7.23,6.99,7.125,10645,0
20130125,7.13,7.15,7.06,7.06,2203,0
20130128,7.12,7.1499,7.05,7.05,4096,0
20130129,7.1,7.125,7.05,7.078,1665,0
20130130,7.13,7.13,7.08,7.09,1395,0
20130131,7.1,7.31,7.03,7.31,6857,0
20130201,7.3,7.34,7.13,7.3,20450,0
20130204,7.34,7.35,7.13,7.26,19211,0
20130205,7.18,7.2,7.18,7.2,742,0
20130206,7.2,7.35,7.2,7.27,5400,0
20130207,7.27,7.39,7.27,7.39,4675,0
20130208,7.33,7.34,7.17,7.34,1175,0
20130211,7.29,7.4199,7.2127,7.3,7100,0
20130212,7.3,7.49,7.27,7.27,153484,0
20130213,7.131,7.45,7.131,7.19,1955,0
20130214,7.24,7.374,7.171,7.29,2099,0
20130215,7.22,7.29,7.13,7.146,4544,0
20130219,7.2,7.2813,7.2,7.2813,1400,0
20130220,7.3,7.3,7.29,7.3,2615,0
20130221,7.3,7.3,7.2,7.2,605,0
20130222,7.26,7.3375,7.26,7.31,2400,0
20130225,7.3,7.42,7.27,7.42,6216,0
20130227,7.27,7.4,7.27,7.4,872,0
20130228,7.27,7.3,7.27,7.3,566,0
20130301,7.27,7.33,7.27,7.27,1900,0
20130304,7.27,7.31,7.27,7.3,1163,0
20130305,7.3,7.3,7.2,7.2,15100,0
20130306,7.2135,7.3,7.2135,7.3,2165,0
20130307,7.25,7.45,7.25,7.41,5209,0
20130308,7.48,7.5,7.401,7.466,78263,0
20130311,7.51,7.6514,7.34,7.6514,419,0
20130312,7.51,7.55,7.47,7.51,2300,0
20130313,7.44,7.74,7.4,7.47,12000,0
20130314,7.6,7.94,7.5,7.83,16152,0
20130315,7.95,7.95,7.66,7.66,2800,0
20130318,7.76,7.8,7.54,7.55,27240,0
20130319,7.61,7.71,7.4,7.71,2079,0
20130320,7.57,7.66,7.49,7.66,2250,0
20130322,7.7,7.7,7.51,7.51,379,0
20130325,7.5,7.72,7.5,7.54,940,0
20130326,7.51,7.526,7.5001,7.52,1100,0
20130327,7.51,7.52,7.51,7.52,400,0
20130328,7.5,7.625,7.5,7.5101,1410,0
20130401,7.52,7.75,7.51,7.51,7062,0
20130402,7.51,7.68,7.51,7.62,1967,0
20130403,7.52,7.575,7.51,7.51,2486,0
20130404,7.51,7.54,7.5,7.5,5467,0
20130405,7.54,7.57,7.45,7.56,14802,0
20130408,7.49,7.65,7.49,7.63,5547,0
20130409,7.52,7.65,7.5,7.5,2479,0
20130410,7.5,7.51,7.5,7.5,733,0
20130411,7.5,7.57,7.5,7.52,12317,0
20130412,7.51,7.57,7.51,7.54,4073,0
20130415,7.56,7.56,7.54,7.55,5095,0
20130416,7.57,7.581,7.49,7.58,11039,0
20130417,7.55,7.6,7.5,7.55,7300,0
20130418,7.4,7.54,7.39,7.46,41643,0
20130419,7.59,7.75,7.51,7.69,9390,0
20130422,7.72,7.75,7.53,7.75,5553,0
20130423,7.72,7.97,7.65,7.92,112317,0
20130424,7.73,7.87,7.7,7.7,4586,0
20130425,7.79,7.97,7.75,7.97,5213,0
20130426,7.92,7.95,7.75,7.84,9323,0
20130429,7.87,7.93,7.55,7.92,119125,0
20130430,7.81,7.9,7.76,7.9,4800,0
20130501,7.82,8.04,7.801,8,17362,0
20130502,7.99,8.05,7.85,7.85,12467,0
20130503,7.9,8.04,7.86,8.04,1601,0
20130506,8.04,8.07,7.86,7.87,46354,0
20130507,7.92,7.9448,7.87,7.94,1526,0
20130508,7.95,7.97,7.86,7.86,6282,0
20130509,8.24,8.25,8.03,8.11,52933,0
20130510,8.09,8.25,7.91,7.95,3832,0
20130513,8.03,8.25,7.99,8.08,2303,0
20130514,7.91,7.91,7.5,7.64,4514,0
20130515,7.75,7.87,7.61,7.61,1302,0
20130516,7.6,7.86,7.6,7.86,4830,0
20130517,7.61,7.61,7.61,7.61,112,0
20130520,7.6,7.79,7.6,7.79,4915,0
20130521,7.74,7.85,7.65,7.85,5628,0
20130522,7.91,7.94,7.84,7.84,1512,0
20130523,7.94,8.03,7.9,7.9,11393,0
20130524,7.97,8.25,7.97,8.11,38400,0
20130528,8.12,8.12,7.79,7.79,1800,0
20130529,7.8,8.25,7.8,8.21,18219,0
20130530,8.25,8.25,8.05,8.23,29526,0
20130531,8.2,8.4,8,8.31,2517,0
20130603,8.26,8.4,7.94,8.21,3235,0
20130604,8.29,9.53,8.17,8.3,24369,0
20130605,8.72,8.75,8.12,8.12,1719,0
20130606,8.46,8.5,8.16,8.16,419,0
20130607,8.3,8.5,8.25,8.25,5430,0
20130610,8.23,8.49,8.23,8.49,2866,0
20130611,8.51,9.28,8.2701,8.68,1304,0
20130612,8.52,9.17,8.36,8.73,20116,0
20130613,8.65,8.8,8.0601,8.27,1520,0
20130614,8.74,8.75,8.2,8.2,900,0
20130617,8.3,8.8,8.2,8.21,1432,0
20130618,8.25,8.8,8.25,8.45,961,0
20130619,8.55,8.8,8.2,8.35,1600,0
20130620,8.4,8.5,7.95,8.27,23591,0
20130621,8.49,8.5,8.25,8.5,8775,0
20130624,8.46,8.5,8.19,8.47,1492,0
20130625,8.38,8.5,8.25,8.45,1452,0
20130626,8.39,8.47,8.25,8.47,3160,0
20130627,8.43,8.5,8.119,8.5,2962,0
20130628,8.5,8.5,8.0301,8.22,1453,0
20130701,8.2,8.74,8.2,8.61,7080,0
20130702,8.59,8.6,8.18,8.28,4068,0
20130703,8.5,8.74,8.5,8.74,3997,0
20130705,8.75,8.94,8.51,8.94,4892,0
20130708,8.88,9,8.5,8.75,2636,0
20130709,8.73,8.76,8.73,8.73,400,0
20130710,8.585,8.7,8.291,8.7,10586,0
20130711,8.47,8.75,8.39,8.68,3265,0
20130712,8.52,8.62,8.35,8.57,2300,0
20130715,8.46,8.77,8.25,8.25,1693,0
20130716,8.33,8.79,8.33,8.71,1482,0
20130717,8.56,8.8,8.1,8.79,4532,0
20130718,8.99,9.16,8.67,8.9,25914,0
20130719,8.75,9.19,8.6601,9.05,3621,0
20130722,8.98,9.15,8.762,9.15,4935,0
20130723,9.02,9.24,8.56,9.21,5292,0
20130724,9.2,9.21,9.2,9.21,200,0
20130725,9.25,9.25,8.86,8.88,4060,0
20130726,9.14,9.14,8.77,8.77,2267,0
20130729,8.83,9.17,8.82,8.838,7352,0
20130730,8.84,9.2,8.84,8.9,4265,0
20130731,9.2,9.2,8.87,8.9,3284,0
20130801,8.9,9.1,8.9,9.1,10840,0
20130802,9.01,9.15,9,9.1,5029,0
20130805,9.15,9.18,8.98,8.98,7532,0
20130806,9.08,9.16,9,9.16,11745,0
20130807,9.18,9.18,9.02,9.1,3853,0
20130809,9.03,9.09,9.03,9.03,410,0
20130812,9.03,9.18,9.01,9.06,24120,0
20130813,9.17,9.19,9.06,9.07,2001,0
20130814,9.1,9.2399,8.84,9.12,17465,0
20130815,9.18,9.24,8.96,9.17,5478,0
20130816,9.15,9.2,8.9936,9.17,10170,0
20130819,9.2,9.24,8.95,9.05,7401,0
20130820,9.06,9.25,9.06,9.22,14806,0
20130821,9.26,9.28,9.21,9.21,6700,0
20130822,9.19,9.25,9,9,3295,0
20130823,9.06,9.25,9.04,9.04,2273,0
20130826,9.01,9.24,8.961,9.24,1691,0
20130827,9.1,9.1,8.95,8.96,1050,0
20130828,8.96,9,8.61,8.61,6882,0
20130829,7.96,8.47,7.86,8.25,11943,0
20130830,8.21,8.5,8.21,8.48,3565,0
20130903,8.55,8.59,8.18,8.18,1417,0
20130904,8.34,8.48,8.18,8.23,7540,0
20130905,8.22,8.35,8.15,8.35,6144,0
20130906,8.35,8.37,8.35,8.36,335,0
20130909,8.37,8.37,8,8.22,4931,0
20130910,8.14,8.2,8.05,8.2,1040,0
20130911,8.23,8.49,8.04,8.35,7794,0
20130912,8.25,8.6,8.22,8.6,4223,0
20130913,8.27,8.75,8.23,8.75,1219,0
20130916,8.325,8.93,8.325,8.71,6534,0
20130917,8.71,8.8,8.53,8.8,2950,0
20130918,8.71,8.71,8.39,8.39,2078,0
20130919,8.4,8.62,8.4,8.62,1830,0
20130920,8.88,8.88,8.88,8.88,1727,0
20130923,8.86,8.86,8.66,8.66,400,0
20130924,8.63,8.8,8.25,8.8,4200,0
20130925,8.6,8.75,8.59,8.59,1234,0
20130926,8.68,8.68,8.68,8.68,100,0
20130927,8.71,8.8,8.71,8.8,1097,0
20131001,8.53,8.75,8.53,8.75,3600,0
20131002,8.75,8.8,8.75,8.8,4900,0
20131003,8.84,8.9,8.8,8.9,3100,0
20131004,8.82,8.89,8.82,8.89,200,0
20131007,8.8,9,8.8,8.98,9400,0
20131008,8.86,9,8.72,8.99,5000,0
20131009,8.87,8.87,8.87,8.87,300,0
20131010,8.8,8.8,8.785,8.785,200,0
20131011,8.9,8.95,8.9,8.9,1100,0
20131014,8.81,8.97,8.65,8.89,2125,0
20131015,8.47,8.96,8.47,8.94,24751,0
20131016,8.75,8.91,7.89,8.4,36600,0
20131017,8.12,8.12,8.12,8.12,300,0
20131018,8.39,8.76,8.39,8.76,300,0
20131021,8.62,8.77,8.49,8.5,7500,0
20131022,8.57,8.76,8.57,8.65,84100,0
20131023,8.56,8.7,8.55,8.7,3282,0
20131024,8.61,8.75,8.61,8.61,1500,0
20131025,8.6101,8.6101,8.61,8.61,413,0
20131028,8.61,8.84,8.61,8.68,3000,0
20131029,8.65,9,8.65,8.85,16100,0
20131030,8.91,8.99,8.79,8.82,2700,0
20131031,8.74,8.74,8.65,8.66,1096,0
20131101,8.99,8.99,8.66,8.91,2000,0
20131104,8.96,9,8.75,8.86,15958,0
20131105,8.8,8.96,8.66,8.96,63300,0
20131106,8.97,9,8.62,8.93,18500,0
20131107,8.84,8.95,8.8,8.95,10600,0
20131108,9,9,8.76,8.96,14800,0
20131111,8.75,8.95,8.75,8.91,110569,0
20131112,8.9,8.9,8.8,8.8,2100,0
20131113,8.79,8.9,8.77,8.81,6500,0
20131114,8.78,9,8.76,8.99,12800,0
20131115,8.97,9.13,8.94,9.13,10900,0
20131118,9.11,9.24,9.05,9.24,8200,0
20131119,9.25,9.35,9.05,9.33,7051,0
20131120,9.22,9.22,9,9.19,11900,0
20131121,9.45,9.54,9.11,9.11,2300,0
20131122,9.23,9.54,9,9.18,8377,0
20131125,9.11,9.5,9.05,9.5,26100,0
20131126,9.46,9.46,9.19,9.28,800,0
20131127,9.12,9.28,9.12,9.28,200,0
20131129,9.21,9.21,9.21,9.21,117,0
20131202,9.2,9.53,9.15,9.15,9000,0
20131203,9.3,9.46,9.19,9.32,69654,0
20131204,9.39,9.51,9.32,9.32,1800,0
20131205,9.35,9.35,9.32,9.32,800,0
20131206,9.27,9.28,9.06,9.07,6000,0
20131209,9.42,9.529,9.16,9.16,8203,0
20131210,9.3,9.5,9.17,9.17,9200,0
20131211,9.3,9.5,9.3,9.3,4800,0
20131212,9.37,9.54,9.321,9.46,60931,0
20131213,9.43,9.55,9.3,9.3,1534,0
20131216,9.27,9.58,9.2,9.52,15104,0
20131217,9.38,9.44,9.13,9.39,21000,0
20131218,9.29,9.44,9.06,9.38,26400,0
20131219,9.15,9.25,9.08,9.19,12700,0
20131220,9.09,9.3,9.01,9.2,58700,0
20131223,9.12,9.2,9.01,9.2,6200,0
20131224,9,9.3,9,9.3,7407,0
20131226,9.26,9.3,9.16,9.2,9947,0
20131227,9.16,9.2,9.16,9.17,4800,0
20131230,9.2,9.38,9.17,9.3,355000,0
20131231,9.36,9.45,9.26,9.45,4200,0
20140102,9.45,9.73,9.45,9.64,20654,0
20140103,9.729,9.73,9.461,9.66,6570,0
20140106,9.81,10.29,9.81,9.99,17400,0
20140107,10.01,10.13,9.95,9.99,12400,0
20140108,10.24,10.24,9.99,9.99,1800,0
20140109,10.19,10.2,9.66,10.02,2400,0
20140110,9.5,9.5,9.5,9.5,1000,0
20140113,9.44,9.96,9.44,9.63,16700,0
20140114,10.02,10.02,9.68,9.68,1100,0
20140115,9.74,9.88,9.68,9.68,2400,0
20140116,9.69,9.99,9.69,9.99,7139,0
20140117,9.6,10.03,9.6,9.79,5000,0
20140121,9.8,9.8,9.58,9.7,9200,0
20140122,9.7,9.73,9.46,9.73,18700,0
20140123,9.59,9.73,9.54,9.73,1600,0
20140124,9.56,9.73,9.47,9.73,11700,0
20140127,9.58,9.65,9.58,9.64,1900,0
20140128,9.5,9.59,9.5,9.5,900,0
20140129,9.7,9.71,9.4,9.61,17800,0
20140130,9.63,9.89,9.4,9.89,12800,0
20140131,9.85,9.85,9.65,9.83,21600,0
20140203,9.657,9.86,9.657,9.86,1065,0
20140204,9.84,10.03,9.685,9.85,7131,0
20140205,9.71,10.01,9.71,9.99,1981,0
20140206,9.9,9.9,9.71,9.85,1115,0
20140207,9.85,9.85,9.85,9.85,137,0
20140210,9.8,9.95,9.75,9.8,105229,0
20140211,9.79,9.795,9.71,9.78,6552,0
20140212,9.8,9.8,9.75,9.79,20745,0
20140213,9.75,9.8,9.71,9.74,7230,0
20140214,9.73,9.75,9.621,9.75,4177,0
20140218,9.74,9.75,9.69,9.75,3573,0
20140219,9.75,9.75,9.7,9.71,5431,0
20140220,9.74,9.77,9.65,9.65,198428,0
20140221,9.7,9.85,9.6,9.84,18540,0
20140224,9.84,9.85,9.75,9.82,1684,0
20140225,9.85,9.85,9.83,9.83,1590,0
20140226,9.84,9.84,9.77,9.84,1711,0
20140227,9.84,9.93,9.735,9.85,117217,0
20140228,9.95,9.95,9.79,9.89,3715,0
20140303,9.95,9.95,9.8,9.95,5442,0
20140304,9.95,9.95,9.9,9.93,2350,0
20140305,9.93,9.95,9.83,9.83,1572,0
20140306,9.88,9.95,9.88,9.88,2072,0
20140307,9.95,9.95,9.85,9.85,2295,0
20140310,9.77,9.95,9.77,9.94,2693,0
20140311,9.89,9.94,9.89,9.89,1153,0
20140312,9.895,9.895,9.89,9.89,1121,0
20140313,9.89,9.94,9.88,9.89,2421,0
20140314,9.88,9.934,9.76,9.76,7215,0
20140317,9.75,9.92,9.75,9.92,1362,0
20140318,9.85,9.91,9.75,9.91,6321,0
20140319,9.77,9.8,9.76,9.8,13700,0
20140320,9.75,9.75,9.61,9.74,4981,0
20140321,9.74,9.75,9.65,9.75,6885,0
20140324,9.66,9.67,9.4,9.49,13137,0
20140325,9.47,9.47,9.27,9.27,13511,0
20140326,9.27,9.41,9.27,9.31,5500,0
20140327,9.4,9.4,8.921,9.27,7488,0
20140328,9.27,9.29,9.15,9.18,5584,0
20140331,9.15,9.37,9.11,9.23,4444,0
20140401,9.23,9.44,9.1,9.37,19224,0
20140402,9.48,9.56,9.27,9.56,12524,0
20140403,9.63,9.66,9.58,9.58,2418,0
20140404,9.51,9.515,9.19,9.19,6519,0
20140407,9.27,9.27,9.19,9.19,6404,0
20140408,9.151,9.28,9.151,9.24,897,0
20140409,9.15,9.41,8.911,9.41,14390,0
20140410,9.4,9.4,9.22,9.22,637,0
20140411,9.27,9.31,9.08,9.1,7091,0
20140414,8.91,9,8.49,8.87,18372,0
20140415,8.66,8.98,8.56,8.96,14758,0
20140416,9.04,9.44,9.04,9.44,1046,0
20140417,9.56,9.7,9.19,9.58,5922,0
20140421,9.61,9.71,9.48,9.71,5170,0
20140422,9.61,9.68,9.4,9.63,12102,0
20140423,9.73,9.75,9.55,9.66,31138,0
20140424,9.62,9.62,9.55,9.55,10004,0
20140425,9.55,9.75,9.55,9.71,17767,0
20140428,9.74,9.74,9.57,9.67,7529,0
20140429,9.56,9.6,9.51,9.56,10599,0
20140430,9.6,9.6,9.552,9.59,1049,0
20140501,9.51,9.6,9.41,9.55,15076,0
20140502,9.55,9.6,9.42,9.514,5817,0
20140505,9.42,9.6,9.24,9.52,80170,0
20140506,9.4,9.4,9.31,9.34,882,0
20140507,9.48,9.48,9.12,9.16,4078,0
20140508,9.32,9.32,9.25,9.3,1000,0
20140509,9.35,9.35,8.9,8.97,3686,0
20140512,8.95,9.02,8.95,8.95,2667,0
20140513,8.81,9.09,8.75,9.08,4243,0
20140514,9.21,9.21,8.75,9.0295,10287,0
20140515,8.96,8.96,8.85,8.87,4506,0
20140516,8.86,8.9,8.85,8.89,2916,0
20140519,8.78,8.86,8.65,8.7,13094,0
20140520,8.64,8.86,8.57,8.69,6532,0
20140521,8.8844,9,8.655,8.9,15018,0
20140522,8.72,9.07,8.63,8.85,23505,0
20140523,8.8,8.94,8.8,8.94,1500,0
20140527,8.91,9.04,8.91,9.04,206,0
20140528,9,9,8.9,8.9,613,0
20140529,9.08,9.08,8.9675,8.9675,1111,0
20140530,8.95,8.964,8.95,8.964,654,0
20140602,8.96,9,8.62,8.76,7187,0
20140603,8.63,8.9875,8.63,8.9875,24745,0
20140604,8.97,9.0847,8.8,8.934,3326,0
20140605,9.06,9.06,8.61,8.75,20755,0
20140606,8.74,8.8899,8.63,8.67,3151,0
20140609,8.77,8.77,8.46,8.6,4917,0
20140610,8.54,8.91,8.51,8.9,9500,0
20140611,8.76,8.869,8.585,8.7,11040,0
20140612,8.63,8.829,8.57,8.77,4879,0
20140613,8.54,8.87,8.54,8.87,15772,0
20140616,8.865,8.865,8.53,8.79,8751,0
20140617,8.78,9.13,8.63,8.92,6616,0
20140618,8.58,8.865,8.58,8.83,3307,0
20140619,8.79,8.9134,8.66,8.72,5148,0
20140620,8.84,8.858,8.63,8.83,7946,0
20140623,8.64,8.88,8.62,8.72,3084,0
20140624,8.825,8.84,8.68,8.6801,4445,0
20140625,8.67,8.68,8.21,8.58,7733,0
20140626,8.58,8.59,8.32,8.51,13434,0
20140627,8.63,9.08,8.35,9.08,265294,0
20140630,8.83,8.91,8.62,8.74,3965,0
20140701,8.74,9,8.687,8.85,5644,0
20140702,8.8,8.93,8.67,8.82,4300,0
20140707,8.7,8.9,8.7,8.8,2574,0
20140708,8.8,8.8,8.8,8.8,431,0
20140709,8.69,8.75,8.42,8.62,62897,0
20140710,8.61,8.73,8.6,8.61,1492,0
20140711,8.72,8.75,8.6401,8.67,7054,0
20140714,8.87,8.87,8.83,8.83,373,0
20140715,8.76,9.01,8.76,8.95,9110,0
20140716,8.93,9.07,8.86,9.07,2260,0
20140717,8.8,8.97,8.8,8.94,2496,0
20140718,9.08,9.08,8.95,8.95,35339,0
20140721,9,9.07,9,9.01,8856,0
20140722,9,9.15,9,9.05,23937,0
20140723,9.028,9.17,9.028,9.15,1106,0
20140724,9.18,9.32,9.18,9.32,4716,0
20140725,9.26,9.47,9.26,9.47,3002,0
20140728,9.43,9.63,9.429,9.5,4995,0
20140729,9.6,9.6,9.5,9.585,9330,0
20140730,9.19,9.425,9.1601,9.3,4931,0
20140731,9.4,9.6,9.06,9.13,54916,0
20140801,9.01,9.4,9.01,9.4,18305,0
20140804,9.38,9.4,9.12,9.28,12354,0
20140805,9.35,9.5,9.24,9.42,16766,0
20140806,9.35,9.5,9.28,9.37,5216,0
20140807,9.25,9.43,9.16,9.4,13962,0
20140808,9.18,9.44,9.18,9.34,7014,0
20140811,9.35,9.394,9.3,9.3201,3733,0
20140812,9.33,9.45,9.33,9.364,23736,0
20140813,9.33,9.35,9.06,9.1,10571,0
20140814,9.2,9.34,9.13,9.13,3002,0
20140815,9.1,9.12,9.01,9.02,36910,0
20140818,9.25,9.25,8.94,8.97,870,0
20140819,9,9.35,9,9.05,4066,0
20140820,9.05,9.1,8.95,9.01,22650,0
20140821,8.99,9.23,8.95,9.2,23023,0
20140822,9.16,9.43,9.06,9.22,10769,0
20140825,9.13,9.34,9.13,9.16,9561,0
20140826,9.21,9.21,9.18,9.2,10990,0
20140827,9.2,9.4,9.2,9.33,9774,0
20140828,9.46,9.5,9.295,9.3,7807,0
20140829,9.31,9.36,9.25,9.3,16401,0
20140902,9.35,9.35,9.22,9.26,14860,0
20140903,9.25,9.274,9.25,9.25,2442,0
20140904,9.25,9.45,9.16,9.38,17815,0
20140905,9.35,9.44,9.35,9.4,6163,0
20140908,9.26,9.4,9.26,9.29,1405,0
20140909,9.33,9.4,9.25,9.25,6725,0
20140910,9.25,9.25,9.25,9.25,860,0
20140911,9.43,9.44,9.19,9.27,10893,0
20140912,9.33,9.39,9.26,9.26,659,0
20140915,9.26,9.42,9.25,9.26,10030,0
20140916,9.31,9.39,9.25,9.25,3276,0
20140917,9.16,9.4,9.16,9.25,5435,0
20140918,9.25,9.25,9.25,9.25,2405,0
20140919,9.25,9.43,9.25,9.43,4048,0
20140922,9.43,9.43,9.21,9.29,9141,0
20140923,9.2,9.4,9.1,9.21,16937,0
20140924,9.22,9.25,9.08,9.22,9461,0
20140925,9.14,9.19,9.12,9.19,1709,0
20140926,9.11,9.207,9.11,9.207,4436,0
20140929,9.02,9.12,9.01,9.12,38244,0
20140930,9.05,9.15,9.05,9.15,473,0
20141001,9.06,9.15,9.05,9.15,13010,0
20141002,9.115,9.19,9.105,9.11,6017,0
20141003,9.23,9.34,9.13,9.34,5783,0
20141006,9.25,9.25,9.25,9.25,1527,0
20141007,9.187,9.3,9.187,9.29,1315,0
20141008,9.3,9.43,9.25,9.31,5808,0
20141009,9.35,9.39,9.25,9.38,90564,0
20141010,9.11,9.4,9.11,9.4,6615,0
20141013,9.27,9.32,9.15,9.1556,20252,0
20141014,9.26,9.38,9.17,9.37,3015,0
20141015,9.28,9.37,9.05,9.3,4129,0
20141016,9.31,9.31,9.06,9.25,8981,0
20141017,9.35,9.35,9.34,9.34,876,0
20141020,9.29,9.39,9.26,9.34,2002,0
20141021,9.27,9.38,9.17,9.29,1612,0
20141022,9.27,9.295,9.25,9.295,951,0
20141023,9.29,9.29,9.23,9.27,1219,0
20141024,9.3,9.34,9.29,9.34,1369,0
20141027,9.349,9.349,9.349,9.349,378,0
20141028,9.2267,9.4,9.161,9.35,5467,0
20141029,9.22,9.4,9.2,9.26,14296,0
20141030,9.2,9.34,9.18,9.34,9813,0
20141031,9.24,9.4274,9.24,9.3801,5853,0
20141103,9.48,9.699,9.41,9.699,11686,0
20141104,9.65,9.692,9.33,9.38,5642,0
20141106,9.59,9.64,9.4,9.61,5263,0
20141107,9.61,9.99,9.61,9.99,3740,0
20141110,9.81,9.98,9.6,9.98,5085,0
20141111,9.87,9.87,9.698,9.75,5251,0
20141112,9.44,9.56,9.42,9.54,10772,0
20141113,9.5,9.78,9.5,9.7,6885,0
20141114,9.828,9.86,9.51,9.8,3676,0
20141117,9.57,9.86,9.38,9.38,8600,0
20141118,9.39,9.53,9.35,9.5,5676,0
20141120,9.53,9.53,9.53,9.53,1054,0
20141121,9.59,9.65,9.46,9.64,6551,0
20141124,9.5,9.5,9.5,9.5,466,0
20141125,9.37,9.4895,9.37,9.42,645,0
20141126,9.48,9.53,9.35,9.354,600,0
20141201,9.47,9.49,9.47,9.49,1280,0
20141202,9.49,9.49,9.35,9.35,5406,0
20141203,9.4464,9.4464,9.35,9.36,2386,0
20141204,9.3,9.4,9.26,9.4,2309,0
20141205,9.3,9.79,9.3,9.48,13972,0
20141208,9.43,9.49,9.43,9.48,2651,0
20141209,9.42,9.48,9.26,9.43,7742,0
20141210,9.32,9.47,9.31,9.32,1336,0
20141211,9.34,9.56,9.32,9.56,6417,0
20141212,9.38,9.51,9.34,9.45,4392,0
20141215,9.32,9.5,9.32,9.42,2656,0
20141216,9.35,9.51,9.35,9.35,1983,0
20141218,9.5,9.67,9.43,9.51,6185,0
20141219,9.54,9.56,9.53,9.56,1081,0
20141222,9.38,9.55,9.34,9.55,3265,0
20141223,9.44,9.44,9.33,9.43,1088,0
20141224,9.35,9.478,9.35,9.478,3177,0
20141226,9.42,9.55,9.36,9.55,268330,0
20141229,9.48,9.65,9.48,9.51,8129,0
20141230,9.36,9.67,9.35,9.41,8469,0
20141231,9.55,9.55,9.4,9.42,1197,0
20150102,9.67,9.67,9.45,9.5,4489,0
20150105,9.36,9.49,9.23,9.32,26670,0
20150106,9.37,9.39,9.33,9.39,2536,0
20150107,9.39,9.4,9.31,9.35,8996,0
20150108,9.41,9.65,9.36,9.44,11481,0
20150109,9.43,9.5,9.33,9.37,17262,0
20150112,9.42,9.72,9.34,9.71,25049,0
20150113,9.64,9.97,9.56,9.68,93704,0
20150114,9.79,9.81,9.46,9.49,19097,0
20150115,9.58,9.77,9.36,9.36,24577,0
20150116,9.49,9.55,9.46,9.46,1127,0
20150120,9.52,9.75,9.5,9.52,11631,0
20150121,9.5,9.64,9.35,9.64,4458,0
20150122,9.87,9.87,9.36,9.67,8048,0
20150123,9.54,9.95,9.53,9.95,10723,0
20150126,9.78,9.95,9.77,9.82,4124,0
20150127,9.69,9.86,9.61,9.86,152736,0
20150128,9.78,9.93,9.75,9.91,24676,0
20150129,9.81,9.86,9.81,9.85,689,0
20150130,9.8,9.9,9.78,9.78,3967,0
20150202,9.88,9.98,9.77,9.81,158328,0
20150203,9.88,9.9,9.7,9.76,33099,0
20150204,9.82,9.82,9.621,9.78,1963,0
20150205,9.75,9.75,9.55,9.71,24172,0
20150206,9.8,9.935,9.71,9.72,14100,0
20150209,9.77,9.84,9.6,9.64,14154,0
20150210,9.62,9.64,9.6,9.64,437,0
20150211,9.63,9.69,9.581,9.69,3311,0
20150212,9.66,9.66,9.65,9.65,1000,0
20150213,9.75,9.75,9.56,9.59,18936,0
20150217,9.52,9.6,9.47,9.59,16561,0
20150218,9.568,9.6,9.568,9.568,455,0
20150219,9.6,9.6,9.58,9.59,126121,0
20150220,9.53,9.72,9.51,9.72,2823,0
20150223,9.73,9.73,9.6,9.6,27323,0
20150224,9.71,9.76,9.56,9.74,4664,0
20150225,9.57,9.59,9.56,9.59,715,0
20150226,9.551,9.57,9.551,9.57,365,0
20150227,9.56,9.56,9.56,9.56,319,0
20150302,9.56,9.56,9.51,9.52,1900,0
20150303,9.57,9.62,9.52,9.52,700,0
20150304,9.56,9.56,9.56,9.56,200,0
20150305,9.71,9.76,9.3,9.55,55900,0
20150306,9.53,9.67,9.53,9.67,500,0
20150309,9.55,9.65,9.55,9.65,7800,0
20150310,9.52,9.53,9.51,9.51,700,0
20150311,9.62,9.75,9.52,9.52,1100,0
20150312,9.55,9.65,9.55,9.65,2300,0
20150313,9.51,9.68,9.51,9.68,1200,0
20150316,9.57,9.61,9.51,9.51,500,0
20150317,9.51,9.51,9.47,9.47,700,0
20150318,9.59,9.59,9.41,9.41,700,0
20150319,9.41,9.48,9.41,9.43,2700,0
20150320,9.41,9.5,9.41,9.5,2900,0
20150323,9.41,9.41,9.41,9.41,300,0
20150324,9.4,9.61,9.36,9.6,3000,0
20150325,9.42,9.59,9.42,9.57,800,0
20150326,9.47,9.47,9.47,9.47,100,0
20150327,9.44,9.52,9.42,9.42,1800,0
20150330,9.42,9.47,9.42,9.46,4100,0
20150331,9.49,9.49,9.46,9.47,1161,0
20150401,9.41,9.51,9.41,9.45,1400,0
20150402,9.52,9.56,9.47,9.56,1400,0
20150406,9.53,9.61,9.41,9.55,6400,0
20150407,9.61,9.61,9.46,9.56,2490,0
20150408,9.6,9.6,9.46,9.55,30100,0
20150409,9.63,9.63,9.49,9.63,1802,0
20150410,9.55,9.59,9.55,9.59,200,0
20150413,9.61,9.61,9.59,9.59,3900,0
20150414,9.51,9.51,9.51,9.51,100,0
20150416,9.5,9.55,9.49,9.55,1609,0
20150417,9.47,9.47,9.47,9.47,500,0
20150420,9.54,9.56,9.54,9.56,1862,0
20150422,9.57,9.62,9.55,9.62,3712,0
20150423,9.6,9.65,9.53,9.54,9500,0
20150424,9.55,9.71,9.52,9.71,3672,0
20150427,9.61,9.95,9.61,9.64,10100,0
20150428,9.9,9.9,9.75,9.75,465,0
20150429,9.56,9.6,9.55,9.6,1600,0
20150430,9.75,9.76,9.74,9.75,1700,0
20150501,9.6,9.69,9.6,9.65,7700,0
20150504,9.74,9.74,9.74,9.74,200,0
20150505,9.64,9.64,9.62,9.62,30800,0
20150506,9.68,9.7,9.58,9.69,2209,0
20150507,9.69,9.69,9.68,9.68,200,0
20150508,9.75,9.75,9.55,9.68,6800,0
20150511,9.75,9.75,9.51,9.63,12200,0
20150512,9.52,9.59,9.511,9.57,7608,0
20150513,9.55,9.58,9.51,9.55,7699,0
20150514,9.55,9.75,9.55,9.59,7100,0
20150515,9.73,9.75,9.51,9.73,1875,0
20150518,9.74,9.74,9.51,9.511,3416,0
20150519,9.55,9.6,9.53,9.58,14034,0
20150520,9.54,9.6,9.53,9.6,2994,0
20150521,9.52,9.61,9.51,9.56,400,0
20150522,9.53,9.74,9.5,9.69,3400,0
20150526,9.57,9.57,9.53,9.53,1813,0
20150527,9.56,9.6,9.5,9.5,25300,0
20150528,9.5,9.5,9.4001,9.46,958,0
20150529,9.55,9.55,9.4,9.41,18600,0
20150603,9.41,9.41,9.16,9.36,28900,0
20150604,9.17,9.26,9.17,9.22,1600,0
20150605,9.22,9.25,9.21,9.25,1500,0
20150608,9.11,9.4,9.1,9.35,7400,0
20150609,9.31,9.31,9.3,9.3,338,0
20150610,9.39,9.39,9.15,9.15,3044,0
20150611,9.25,9.4,9.25,9.26,4642,0
20150612,9.2,9.3,9.2,9.3,400,0
20150615,9.2,9.21,9.18,9.18,3300,0
20150616,9.15,9.15,9.15,9.15,400,0
20150617,9.16,9.16,9.15,9.15,10700,0
20150618,9.16,9.25,9.15,9.23,9500,0
20150619,9.15,9.39,9.11,9.39,25600,0
20150622,9.3,9.3,9.15,9.27,17600,0
20150624,9.19,9.25,9.19,9.25,900,0
20150625,9.28,9.4,9.28,9.35,3500,0
20150626,9.49,9.49,9.49,9.49,3300,0
20150629,9.49,9.5,9.45,9.45,2200,0
20150630,9.45,9.49,9.32,9.32,2792,0
20150701,9.34,9.4,9.3,9.37,2700,0
20150702,9.4,9.4,9.4,9.4,300,0
20150706,9.37,9.4,9.3,9.4,3000,0
20150707,9.36,9.36,9.28,9.28,5100,0
20150708,9.27,9.3,9.2,9.2,1100,0
20150709,9.15,9.16,9.15,9.15,9400,0
20150713,9.16,9.35,9.16,9.35,600,0
20150716,9.37,9.73,9.35,9.53,4900,0
20150717,9.75,10,9.75,9.83,26600,0
20150720,9.99,10.08,9.91,9.97,26400,0
20150721,9.97,9.99,9.86,9.96,218800,0
20150722,9.95,9.99,9.95,9.98,2400,0
20150723,9.99,9.99,9.98,9.99,2700,0
20150724,9.99,9.99,9.9,9.92,3900,0
20150727,9.99,9.99,9.9,9.94,8500,0
20150728,9.99,9.99,9.95,9.95,12400,0
20150729,10.03,10.03,9.98,9.99,18200,0
20150730,10.01,10.05,9.99,10,9800,0
20150731,10.03,10.1,10,10.07,25400,0
20150803,10.02,10.15,10,10.15,57118,0
20150804,10.15,10.15,10.05,10.09,6100,0
20150805,10.05,10.1,10.05,10.08,10500,0
20150806,10.07,10.09,9.876,9.99,9885,0
20150807,10.05,10.09,10.05,10.08,1700,0
20150810,9.97,10.1,9.97,10.09,12300,0
20150811,9.95,10.13,9.95,10.13,37872,0
20150812,10.01,10.09,9.95,10.08,7500,0
20150813,10.02,10.04,10,10,3500,0
20150814,9.99,10.1,9.99,10.1,6500,0
20150817,10.03,10.1,10.03,10.06,37500,0
20150818,10.12,10.12,10.01,10.08,1100,0
20150819,10.01,10.08,10.01,10.08,3100,0
20150820,10.04,10.1,9.96,9.96,3100,0
20150821,10,10.12,9.99,10,2000,0
20150824,9.91,9.99,9.59,9.9,7916,0
20150825,10.01,10.09,9.96,10.05,7900,0
20150826,9.95,10.08,9.95,10.05,19800,0
20150827,10.1,10.1,9.81,10.06,1700,0
20150828,10.06,10.09,10.05,10.05,3400,0
20150831,10.05,10.14,10.05,10.1,62500,0
20150901,9.85,10.09,9.63,10.03,5600,0
20150902,10.02,10.14,10.02,10.1,4500,0
20150903,10.11,10.16,10.1,10.15,3200,0
20150904,10.16,10.33,10.15,10.31,3200,0
20150908,10.25,10.35,9.88,10.01,5000,0
20150909,9.9,10.13,9.77,9.97,9600,0
20150910,10.022,10.12,9.95,10.07,1951,0
20150911,10.13,10.14,9.91,10.01,95700,0
20150914,10.07,10.14,9.63,9.71,6100,0
20150915,9.86,9.91,9.52,9.58,7500,0
20150916,9.72,9.83,9.53,9.53,6900,0
20150917,9.57,9.58,9.4,9.4,2815,0
20150918,9.36,9.56,9.3,9.56,12400,0
20150921,9.43,9.5,9.35,9.42,2700,0
20150922,9.63,9.76,9.39,9.39,6100,0
20150923,9.42,9.62,9.355,9.41,18397,0
20150924,9.67,9.736,9.29,9.4999,23984,0
20150925,9.4,9.75,9.32,9.75,11600,0
20150928,9.43,9.962,9.35,9.62,33988,0
20150929,9.55,9.91,9.3,9.47,49500,0
20150930,9.52,9.69,9.45,9.62,5700,0
20151001,9.61,9.62,9.5,9.5,3200,0
20151002,9.65,9.73,9.4,9.55,34300,0
20151005,9.55,9.6,9.42,9.53,17308,0
20151006,9.56,9.73,9.56,9.61,2800,0
20151007,9.55,9.59,9.5,9.52,3237,0
20151008,9.57,9.57,9.43,9.57,2100,0
20151009,9.57,9.58,9.45,9.49,4200,0
20151012,9.42,9.612,9.42,9.51,3827,0
20151013,9.53,9.53,9.52,9.52,1400,0
20151014,9.5,9.5,9.5,9.5,1300,0
20151015,9.57,9.74,9.52,9.72,7200,0
20151016,9.7,9.79,9.55,9.55,10200,0
20151019,9.77,9.874,9.49,9.62,8716,0
20151020,9.68,9.75,9.64,9.64,1500,0
20151021,9.52,9.74,9.52,9.62,2500,0
20151022,9.6,10.05,9.6,9.93,38200,0
20151023,10,10.37,9.97,10.35,49200,0
20151026,10.11,10.36,10.05,10.23,7400,0
20151027,10.23,10.25,10.14,10.14,1200,0
20151028,10.35,10.35,10.07,10.07,500,0
20151029,10.08,10.38,10.08,10.36,7800,0
20151030,10.39,10.48,10.38,10.41,7300,0
20151102,10.48,10.607,10.44,10.607,10960,0
20151103,11.04,11.19,10.7,11,15838,0
20151104,11,11.17,10.91,10.91,5191,0
20151105,11.04,11.15,11.04,11.09,7200,0
20151106,10.99,11.15,10.99,11.05,4700,0
20151109,11.09,11.15,11.045,11.14,5055,0
20151110,11,11.14,11,11.01,4200,0
20151111,11.1,11.14,11.1,11.1,3700,0
20151112,11.17,11.18,11,11.01,1400,0
20151113,11.12,11.13,10.85,11.13,4500,0
20151116,10.99,11.06,10.88,11.06,1600,0
20151117,10.96,11.1,10.82,10.82,7600,0
20151118,10.64,10.93,10.24,10.78,10400,0
20151119,10.77,10.77,10.62,10.64,2400,0
20151120,10.83,10.85,10.55,10.71,13900,0
20151123,10.56,10.56,10.34,10.37,2300,0
20151124,10.44,10.5,10.37,10.5,2000,0
20151125,10.35,10.5,10.35,10.37,2300,0
20151127,10.34,10.34,10.34,10.34,1100,0
20151130,10.38,10.38,10.12,10.32,6800,0
20151201,10.3,10.3,10.12,10.25,9071,0
20151202,10.25,10.46,10.24,10.26,19595,0
20151203,10.5,10.5,10.26,10.37,3082,0
20151204,10.27,10.52,10.22,10.5,6600,0
20151207,10.38,10.89,10.17,10.17,6900,0
20151208,10.17,10.28,10.17,10.203,555,0
20151209,10.17,10.61,10.15,10.25,4600,0
20151210,10.3,10.3,10.16,10.26,9800,0
20151211,10.17,10.25,10.17,10.25,10800,0
20151214,10.2,10.36,10.2,10.277,1371,0
20151215,10.36,10.64,10.26,10.26,16900,0
20151216,10.35,10.66,10.27,10.28,7800,0
20151217,10.28,10.59,10.26,10.59,1300,0
20151218,10.29,10.69,10.29,10.69,13300,0
20151221,10.38,10.68,10.38,10.54,2800,0
20151222,10.46,11.12,10.46,10.985,6649,0
20151223,10.8,11.1,10.56,11.09,5900,0
20151228,10.62,10.94,10.6,10.64,7850,0
20151229,10.553,10.806,10.52,10.594,3069,0
20151230,10.52,11.1,10.32,10.71,10440,0
20151231,10.58,10.74,10.2601,10.58,1924,0
20160104,10.54,10.5499,10.41,10.49,5513,0
20160105,10.5,10.5,10.41,10.41,600,0
20160106,10.38,10.5799,10.34,10.53,4529,0
20160107,10.5,10.74,10.5,10.6,2189,0
20160108,10.9064,10.9064,10.6,10.65,1164,0
20160111,10.63,10.64,10.6,10.64,1125,0
20160112,10.62,10.8999,10.43,10.43,4555,0
20160113,10.84,10.84,10.67,10.67,200,0
20160114,10.63,10.63,10.31,10.36,2333,0
20160115,10.33,10.804,10.21,10.33,4682,0
20160119,10.29,10.9,10.29,10.29,900,0
20160120,10.3528,10.64,10.3,10.3,1050,0
20160121,10.294,10.98,10.2,10.35,5542,0
20160122,10.37,10.37,10.37,10.37,100,0
20160125,10.55,10.55,10.27,10.29,456,0
20160126,10.5,10.5,10.27,10.28,1625,0
20160129,10.3,10.34,10.21,10.32,700,0
20160201,10.19,10.52,10.19,10.26,952,0
20160202,10.5,10.5399,10.5,10.5399,50900,0
20160204,10.49,10.49,10.49,10.49,100,0
20160205,10.5,10.5,10.5,10.5,5000,0
20160208,10.44,10.52,10.13,10.24,153699,0
20160209,10.14,10.31,10.06,10.29,3901,0
20160210,10.29,10.31,10.11,10.2,6140,0
20160211,10.05,10.15,10.05,10.05,6042,0
20160212,10.1172,10.29,10.1172,10.29,796,0
20160216,10.4,10.4,10.05,10.215,176699,0
20160217,10.02,10.42,10.02,10.17,5131,0
20160218,10.26,10.26,10.16,10.24,4365,0
20160219,10.28,10.315,10.15,10.15,3195,0
20160222,10.25,10.4489,10.15,10.15,5294,0
20160223,10.06,10.06,9.85,9.86,3702,0
20160224,10,10.01,9.85,9.85,747,0
20160225,10.02,10.35,9.87,10.04,11433,0
20160226,10.11,10.31,9.94,10.21,5487,0
20160229,10.36,10.5,10.3,10.3,3047,0
20160301,10.3,10.31,10.0715,10.21,4125,0
20160302,10.11,10.2199,10.11,10.2199,602,0
20160303,10.206,10.23,10.06,10.06,1505,0
20160304,9.88,9.91,9.7601,9.91,10070,0
20160307,9.78,10.22,9.711,9.96,3847,0
20160308,9.98,9.98,9.828,9.92,1037,0
20160309,9.87,10.2799,9.87,10.06,25529,0
20160311,10.25,10.26,9.81,10.1,8000,0
20160314,10.1799,10.26,10.001,10.25,4416,0
20160315,10.29,10.29,10.04,10.04,1052,0
20160316,10.02,10.13,10.02,10.13,371,0
20160317,10,10.23,10,10.23,781,0
20160318,10.1,10.19,10.07,10.19,470,0
20160321,10.2,10.2,10.01,10.01,6073,0
20160322,10.01,10.01,10.01,10.01,153,0
20160323,10.01,10.05,10.01,10.02,1281,0
20160324,10.04,10.04,10.04,10.04,101,0
20160328,10.11,10.1355,10.015,10.03,2380,0
20160329,10.04,10.38,10.03,10.15,11806,0
20160330,10.3,10.32,10.15,10.1716,1000,0
20160331,10.076,10.28,10.06,10.16,2329,0
20160401,10.29,10.29,10.1632,10.1632,700,0
20160404,10.28,10.28,10.11,10.1101,1555,0
20160406,10.11,10.11,10.11,10.11,292,0
20160407,10.11,10.11,9.86,10.01,5065,0
20160411,9.91,10,9.91,9.91,946,0
20160412,9.91,9.91,9.76,9.89,4824,0
20160413,9.82,9.99,9.69,9.99,17557,0
20160414,9.95,9.95,9.91,9.93,2548,0
20160415,9.9,9.99,9.9,9.9,5485,0
