Date,Open,High,Low,Close,Volume,OpenInt
20100226,56,56,56,56,0,0
20100301,56,59.12,55.2,56.08,98883,0
20100302,56.4,57.2,56,57.2,9608,0
20100303,57.2,57.52,56.96,56.96,4375,0
20100304,57.36,57.36,56,56.64,6114,0
20100305,56.08,56.72,55.36,56,6638,0
20100308,56.08,56.72,56,56.32,1639,0
20100309,56.64,56.64,56,56,1534,0
20100310,56,56.8,56,56.8,1236,0
20100311,56.8,56.8,56.24,56.64,66836,0
20100312,56.8,56.8,56.24,56.8,551,0
20100315,56.72,57.2,56.24,57.12,760,0
20100316,57.12,57.12,56.08,56.48,463,0
20100317,56.08,56.32,56,56,1244,0
20100318,56.08,56.56,56,56.32,1248,0
20100319,56.48,56.72,56,56.72,2726,0
20100322,56.72,56.72,56,56,812,0
20100323,56.8,56.8,56,56.32,874,0
20100324,56.56,56.56,56,56.24,8172,0
20100325,56,56.56,55.68,56.24,2289,0
20100326,56.64,56.64,56,56,513,0
20100329,56.32,56.48,56,56.08,824,0
20100330,56,56.4,55.04,55.04,966,0
20100331,55.04,56.32,54.88,55.92,2100,0
20100401,56.32,57.2,55.6,57.2,2667,0
20100405,57.2,57.2,56,57.04,413,0
20100406,56.8,58.08,55.44,55.44,1108,0
20100407,55.28,67.44,54.96,67.04,5117,0
20100408,68.4,68.4,56.4,58.96,3899,0
20100409,58.16,58.4,55.2,55.92,8300,0
20100412,56.32,56.32,53.12,53.6,3832,0
20100413,53.2,54.32,52.64,53.44,1095,0
20100414,53.44,53.44,52.08,52.48,638,0
20100415,52.16,53.44,52,53.44,947,0
20100416,53.52,55.68,52.8,55.68,3715,0
20100419,54.24,54.96,53.6,54.24,4738,0
20100420,53.76,57.68,53.68,56.8,7263,0
20100421,56.48,57.12,56,56.88,5532,0
20100422,56.8,56.8,56.08,56.8,1936,0
20100423,56.8,57.12,56,56.72,3025,0
20100426,56,56.64,55.52,56,1351,0
20100427,55.76,56.4,55.52,56.08,3461,0
20100428,56.08,56.4,55.84,56.4,556,0
20100429,56,56.4,55.68,56.16,1153,0
20100430,55.44,56.56,53.6,56.56,3582,0
20100503,56.4,56.48,56.32,56.4,4148,0
20100504,56.56,56.56,56,56.4,1025,0
20100505,56.4,56.56,53.84,56.56,1021,0
20100506,56.4,56.48,53.2,56,1337,0
20100507,55.76,55.76,54.24,54.24,257,0
20100510,55.2,57.76,53.28,56,2891,0
20100511,56.16,56.16,55.6,55.92,250,0
20100512,56.08,60,54.72,55.52,1766,0
20100513,55.84,56,55.52,56,425,0
20100514,55.36,55.92,55.2,55.2,386,0
20100517,55.52,56,55.04,56,375,0
20100518,54.96,56,54.88,56,500,0
20100519,55.6,55.6,53.76,55.04,237,0
20100520,55.28,55.84,52.16,54.8,818,0
20100521,54,54,51.2,52.8,733,0
20100524,52.32,52.72,50,50.48,713,0
20100525,50.32,50.32,47.92,48.24,665,0
20100526,48.24,48.4,45.6,47.2,697,0
20100527,46.8,55.6,46.8,48,1327,0
20100528,47.92,47.92,40.56,47.6,1010,0
20100601,46.08,48.64,43.36,46.88,969,0
20100602,45.68,48.4,43.44,45.04,275,0
20100603,43.92,47.44,43.84,46.32,461,0
20100604,44.08,46.56,44.08,45.2,657,0
20100607,44,46.56,44,46.48,930,0
20100608,44.8,49.04,44.8,48,365,0
20100609,46.4,50.32,46.4,48.64,353,0
20100610,47.6,52.32,47.6,51.2,666,0
20100611,49.44,53.76,49.44,51.2,2028,0
20100614,50.8,53.04,50.08,50.96,475,0
20100615,50.08,53.12,50.08,52.24,1151,0
20100616,51.12,53.76,49.68,53.76,1404,0
20100617,51.76,51.76,49.76,50,913,0
20100618,48.8,50,48.16,48.24,1109,0
20100621,47.92,49.68,47.84,49.52,897,0
20100622,49.36,49.84,48.32,48.72,3853,0
20100623,48.4,52.64,46.48,47.84,5422,0
20100624,47.84,50.4,47.36,50.4,4017,0
20100625,49.2,56,49.2,52.48,66679,0
20100628,52.48,52.48,49.04,50.72,6707,0
20100629,50.08,50.08,41.2,44,4795,0
20100630,44.24,45.2,42.4,42.88,3055,0
20100701,43.76,43.76,42,43.12,531,0
20100702,43.44,44.08,42.4,44,326,0
20100706,45.68,45.68,42.32,44.88,1061,0
20100707,45.12,45.12,40,43.36,1575,0
20100708,45.2,46.4,41.04,43.44,3623,0
20100709,44,44,41.36,41.36,1005,0
20100712,41.36,41.36,38.8,39.52,2127,0
20100713,40.16,43.2,38.56,41.2,2592,0
20100714,41.2,43.12,40.32,40.32,1101,0
20100715,40.56,40.56,37.92,38.56,2078,0
20100716,38.16,38.16,32,32.88,4847,0
20100719,33.28,34.88,32.16,32.16,2761,0
20100720,32.24,33.28,30.08,31.68,2644,0
20100721,32.08,34.32,31.04,33.52,1987,0
20100722,33.84,36.64,33.76,36.32,1288,0
20100723,35.84,36.24,34.16,34.88,1387,0
20100726,35.68,38.4,33.04,38.32,3760,0
20100727,38.8,40.64,38.4,40.16,2619,0
20100728,40,41.44,39.2,40.8,2436,0
20100729,41.28,43.84,41.2,43.84,2026,0
20100730,43.36,44.32,41.68,43.04,1919,0
20100802,44.16,45.92,43.2,45.92,861,0
20100803,45.28,45.92,43.36,43.76,2841,0
20100804,44,46.24,44,46.24,2112,0
20100805,45.92,47.92,45.12,45.12,1301,0
20100806,44.56,46.64,44.4,45.52,898,0
20100809,45.76,46.64,44.88,46.64,750,0
20100810,45.92,46.8,43.28,44.4,2090,0
20100811,43.6,44.88,41.44,41.52,2463,0
20100812,41.28,43.92,39.12,39.36,953,0
20100813,39.36,42.4,36.64,36.64,1211,0
20100816,36.64,36.64,33.92,34.48,1246,0
20100817,34.96,34.96,33.6,34,1859,0
20100818,33.6,38.4,32.08,35.2,5499,0
20100819,36.32,36.32,31.92,32.16,1171,0
20100820,32,35.12,30.64,31.6,3625,0
20100823,32,32.24,31.28,31.84,5125,0
20100824,31.68,31.68,30.96,30.96,758,0
20100825,30.96,31.68,30.96,31.28,1205,0
20100826,31.6,31.6,30.48,30.48,448,0
20100827,30.96,31.2,30.56,31.12,1120,0
20100830,30.48,30.48,30,30,1305,0
20100831,30.16,32.08,30.08,30.4,588,0
20100901,30.96,30.96,30,30.64,1850,0
20100902,30.64,31.12,29.36,30.8,1326,0
20100903,31.6,31.68,30.8,31.6,748,0
20100907,30.4,30.56,29.6,29.6,937,0
20100908,29.76,29.84,28.8,28.88,699,0
20100909,28.96,29.04,28,28.16,1824,0
20100910,28.56,30.24,26.24,26.56,4970,0
20100913,27.28,27.36,24.72,26.72,5977,0
20100914,26.56,26.88,26.08,26.08,795,0
20100915,25.6,25.92,24.72,25.28,953,0
20100916,25.2,25.36,24.8,24.8,303,0
20100917,25.2,25.92,22.56,22.8,9525,0
20100920,22.8,24.4,22.8,23.44,7369,0
20100921,26.8,27.04,24.8,25.52,28229,0
20100922,25.52,27.04,25.52,26.4,14741,0
20100923,27.6,41.04,27.36,33.28,53033,0
20100924,36.08,36.08,31.92,33.6,13887,0
20100927,33.36,34.4,32.4,33.12,2952,0
20100928,33.92,34,32,32.8,1975,0
20100929,32.56,33.2,32,32.8,1313,0
20100930,31.68,34.96,31.68,33.52,9182,0
20101001,33.6,34.72,33.12,33.76,899,0
20101004,33.76,35.12,33.2,33.2,2344,0
20101005,33.6,34,33.28,33.68,12635,0
20101006,33.6,33.6,33.04,33.28,9293,0
20101007,32.96,38.08,32.96,37.44,15860,0
20101008,38.4,42.4,36.4,42.32,12096,0
20101011,44.24,52.16,43.44,47.52,22056,0
20101012,46.8,48.8,44.48,45.76,20786,0
20101013,45.6,47.36,45.44,46.88,15754,0
20101014,46.96,49.28,46,49.12,29013,0
20101015,49.84,52.4,47.92,52.4,12695,0
20101018,50.64,54.72,50.64,54.56,7658,0
20101019,54.16,54.48,46.56,50.32,11763,0
20101020,50.56,52,48.16,51.52,4984,0
20101021,51.84,55.2,51.04,53.44,8897,0
20101022,53.76,54.96,51.68,54.32,2432,0
20101025,54.88,55.2,54.32,54.56,9962,0
20101026,54.4,54.4,50.72,51.36,2179,0
20101027,50.88,50.96,48.8,49.68,1719,0
20101028,49.68,49.68,46.24,48.88,2799,0
20101029,48.48,50.32,48.48,50.16,18184,0
20101101,49.6,52.64,47.68,48.4,8954,0
20101102,49.44,49.44,44.32,47.2,8365,0
20101103,47.76,48.72,43.36,44.4,6534,0
20101104,44.88,44.88,41.28,42.32,7795,0
20101105,42.08,42.72,39.12,42.72,118148,0
20101108,42.8,45.6,40.72,41.68,8680,0
20101109,40.4,44.4,39.76,42.72,3399,0
20101110,42.4,44.88,41.12,44.48,17752,0
20101111,44.08,47.76,44.08,46.64,9231,0
20101112,46.32,46.4,44.72,46.08,8143,0
20101115,46.08,51.36,44.88,48.96,36677,0
20101116,47.76,47.76,41.36,45.36,82032,0
20101117,45.6,45.92,44.08,44.88,37005,0
20101118,45.52,45.52,44.32,44.88,46135,0
20101119,44.96,45.84,44.24,45.68,1174,0
20101122,45.36,47.92,45.36,46.96,1264,0
20101123,46.48,49.92,43.52,44.08,5822,0
20101124,46.72,47.76,43.36,47.12,6919,0
20101126,46.56,46.56,46.4,46.4,34,0
20101129,45.68,46.8,42.96,44.56,3587,0
20101130,44.56,45.28,43.76,43.76,9174,0
20101201,43.6,44,43.2,43.6,3774,0
20101202,43.6,44,42.32,42.48,9434,0
20101203,42.4,42.4,41.2,42,2323,0
20101206,42,42,40.88,41.76,4890,0
20101207,41.68,41.68,40.64,40.88,2658,0
20101208,41.36,41.52,38.24,40.32,9491,0
20101209,40,40.4,39.12,39.2,4006,0
20101210,38.8,38.96,38.16,38.72,1715,0
20101213,38.72,38.96,37.76,38.08,2938,0
20101214,38.4,39.2,38.4,38.8,3171,0
20101215,40,40.48,38.16,39.92,11166,0
20101216,39.84,40.16,38.48,39.36,8120,0
20101217,39.44,40,39.44,39.76,4295,0
20101220,39.84,39.84,39.04,39.28,3733,0
20101221,39.2,40,39.2,39.52,9458,0
20101222,39.52,39.6,38.64,39.36,5306,0
20101223,39.2,41.12,39.12,39.92,16361,0
20101227,40.16,40.64,38.08,38.72,5024,0
20101228,38.8,39.12,38.56,38.56,1266,0
20101229,38.56,40.32,38.56,39.52,4601,0
20101230,39.76,39.76,38.48,38.96,926,0
20101231,38.08,39.04,38.08,39.04,858,0
20110103,39.12,40.8,38.8,40.64,12799,0
20110104,40.72,43.52,40.56,42.08,15292,0
20110105,41.92,43.68,41.76,43.36,14915,0
20110106,43.44,43.68,42.72,43.36,13299,0
20110107,43.2,43.2,39.2,41.52,5893,0
20110110,41.92,42.32,40.4,40.88,12649,0
20110111,41.12,41.12,39.76,40.32,4366,0
20110112,40.4,40.8,39.28,40.48,9598,0
20110113,40.32,40.8,38.64,39.2,12388,0
20110114,38.96,40.16,38.72,40.08,3133,0
20110118,40.24,40.24,37.6,38.72,7691,0
20110119,38.56,38.56,34.32,34.56,3515,0
20110120,34.56,35.12,33.36,34.08,36549,0
20110121,34.48,39.92,34.4,35.2,12372,0
20110124,35.84,35.84,33.68,34.24,7559,0
20110125,34.24,35.92,33.36,33.36,7745,0
20110126,33.76,33.76,31.92,32.08,8893,0
20110127,32,32,30.48,31.76,5483,0
20110128,31.68,31.84,30.4,31.04,3799,0
20110131,31.04,32.56,29.2,31.04,32169,0
20110201,31.2,35.92,31.04,35.52,4802,0
20110202,36.48,36.88,36.08,36.64,4849,0
20110203,36.32,36.32,34.8,35.12,4334,0
20110204,33.76,34.16,32.72,32.88,9722,0
20110207,32.88,32.88,31.6,31.92,6564,0
20110208,32.08,32.08,31.52,32,4583,0
20110209,31.6,32,29.92,30.24,4952,0
20110210,30.16,30.96,29.44,30.8,24591,0
20110211,30.48,36.24,30.48,35.6,6386,0
20110214,35.92,37.2,35.2,36.4,10203,0
20110215,36.08,36.8,36.08,36.24,2791,0
20110216,36.24,40,36.24,39.68,11753,0
20110218,39.68,40.4,39.2,40.32,8792,0
20110222,39.92,45.68,39.2,41.68,24380,0
20110223,43.28,43.92,42.4,42.96,7736,0
20110224,43.84,45.12,42.64,45.12,14163,0
20110225,44.56,45.12,43.28,43.76,4018,0
20110228,44.8,45.28,42.72,43.52,11078,0
20110301,42.72,44.48,41.68,42.16,5565,0
20110302,42.08,44.88,42,44.64,8131,0
20110303,44.8,46.64,44.16,45.84,7012,0
20110304,45.6,46.32,44.72,45.68,3046,0
20110307,46,47.2,45.28,45.44,3983,0
20110308,45.36,52.08,45.36,51.92,33927,0
20110309,51.92,52,50,50.16,7413,0
20110310,50.16,52,48.88,49.92,42172,0
20110311,49.44,49.44,46.56,48.32,6355,0
20110314,47.52,49.84,47.2,48.96,7479,0
20110315,48.64,49.36,47.52,48.88,29653,0
20110316,48.56,49.28,47.6,48,6139,0
20110317,48.56,49.2,47.44,49.2,4456,0
20110318,49.6,50,47.92,50,4253,0
20110321,52,53.6,50.88,53.6,6002,0
20110322,53.6,55.92,49.76,50.8,14027,0
20110323,50.8,52.32,50,51.44,19518,0
20110324,51.44,52.16,50.8,51.68,17939,0
20110325,52,52.32,51.76,52.24,3639,0
20110328,54.72,54.72,52,52.96,11135,0
20110329,53.44,53.52,52,53.04,6044,0
20110330,52.56,53.6,52,53.04,6878,0
20110331,53.28,54.4,53.2,54,9464,0
20110401,54.96,55.36,53.84,54.4,66320,0
20110404,53.84,54.4,52.24,54,6268,0
20110405,54,55.92,51.76,54.32,8763,0
20110406,54.32,54.88,53.2,54.32,11171,0
20110407,54.32,54.72,53.52,54,5774,0
20110408,54,54.08,51.36,51.44,5858,0
20110411,51.44,51.44,46.96,47.84,6176,0
20110412,45.76,45.84,44,44.08,9495,0
20110413,44.24,44.64,42.4,42.48,1667,0
20110414,42.4,44.56,42,44.4,5408,0
20110415,44.64,46.48,44.24,46.48,4181,0
20110418,46.08,56,46.08,55.84,16196,0
20110419,56,56,52,52,12758,0
20110420,53.2,54.24,53.04,53.68,6546,0
20110421,52.48,54.88,51.6,54.88,2667,0
20110425,54.56,55.84,54.56,55.6,4038,0
20110426,55.92,56.8,55.76,56.8,8521,0
20110427,56.56,56.72,56,56.08,5914,0
20110428,55.92,57.6,55.6,57.12,3834,0
20110429,56.96,58.4,56.48,58.24,6946,0
20110502,58.16,59.2,58.16,58.48,5004,0
20110503,58.16,58.16,55.92,56.64,16968,0
20110504,56.64,57.36,55.84,56,29480,0
20110505,56,57.92,55.36,56.4,51901,0
20110506,56.4,57.44,56,56.32,1892,0
20110509,56.48,58.72,56.48,57.36,2783,0
20110510,58.24,58.4,57.2,58.08,16258,0
20110511,57.68,58.4,57.2,57.28,4072,0
20110512,56.72,57.68,56.64,57.52,1294,0
20110513,58.08,58.72,57.36,58.32,974,0
20110516,57.92,59.2,56.8,56.8,6552,0
20110517,58.72,72.64,58,62.48,60427,0
20110518,64.08,66,61.68,64,16469,0
20110519,64,64.88,61.12,64.8,30794,0
20110520,64,65.36,63.36,65.36,10306,0
20110523,65.2,66.32,64.96,65.84,15811,0
20110524,66.24,68.56,65.2,68,18406,0
20110525,67.68,70.88,67.68,69.2,16044,0
20110526,69.2,69.68,64.8,68,15789,0
20110527,68.08,68.4,66.8,68,16481,0
20110531,69.2,69.2,64.96,65.04,26207,0
20110601,65.12,65.12,60.72,61.36,11455,0
20110602,61.68,63.28,60.08,62.48,9435,0
20110603,60.8,68.32,60.8,64.8,118871,0
20110606,64.56,67.6,64,64.4,15061,0
20110607,64.72,69.6,62.32,64.48,10413,0
20110608,64.16,67.04,63.76,64.48,15667,0
20110609,64.8,66.08,63.6,65.36,14534,0
20110610,65.28,67.04,64.32,65.04,19873,0
20110613,65.2,71.12,64.64,68.4,16990,0
20110614,70.48,70.48,67.44,67.76,11365,0
20110615,67.36,69.04,65.2,67.68,16797,0
20110616,67.6,69.92,67.28,67.76,12571,0
20110617,68,69.04,63.52,63.6,26406,0
20110620,64,67.12,63.76,66.88,23943,0
20110621,66.64,67.2,64.4,64.96,13296,0
20110622,64.56,65.6,63.76,64,35351,0
20110623,64.72,65.84,63.6,64.32,14123,0
20110624,64.48,66.64,63.68,64.88,150947,0
20110627,65.28,70.24,65.28,67.84,20126,0
20110628,68.16,70,64,68.08,13254,0
20110629,64.56,69.04,64.56,66,6145,0
20110630,66.32,66.72,65.28,65.36,9976,0
20110701,64.16,66.88,64.16,65.44,18024,0
20110705,65.6,67.36,63.68,64.48,12168,0
20110706,64.16,68.08,64.16,66.4,21362,0
20110707,69.04,69.04,64.96,65.6,6426,0
20110708,65.12,65.76,63.52,64.64,14321,0
20110711,64.16,64.72,62.24,64.4,6856,0
20110712,64.4,66.16,64.24,65.6,7595,0
20110713,65.68,67.04,64.32,64.96,6682,0
20110714,64.72,65.28,62.88,63.84,7959,0
20110715,63.84,64.8,63.2,64.08,8000,0
20110718,64.16,64.48,60.32,64.24,7717,0
20110719,64.48,66.88,60,66,5243,0
20110720,65.84,65.84,63.68,64.16,3678,0
20110721,64.16,65.84,64.16,65.76,3581,0
20110722,65.76,65.76,64.08,64.8,2525,0
20110725,64.32,66,64,64.72,3563,0
20110726,64.64,64.72,61.84,62,3411,0
20110727,62.08,64.4,60,60.4,7696,0
20110728,60.72,65.36,60.72,64,5317,0
20110729,63.76,64.96,61.68,63.76,39669,0
20110801,62.64,64.88,56.88,64,17672,0
20110802,64,64,53.68,56,19159,0
20110803,56,56.96,54,55.84,12734,0
20110804,54.08,55.12,50.72,50.96,14957,0
20110805,50.48,53.04,48,50.32,15669,0
20110808,50.08,54.64,48.96,49.28,21685,0
20110809,50.64,55.44,42.32,52.24,11159,0
20110810,52.16,52.16,42.32,42.96,10047,0
20110811,45.12,47.2,40.88,43.44,13946,0
20110812,43.44,45.6,40.56,41.36,9332,0
20110815,41.44,42.64,38.8,40.32,12020,0
20110816,39.76,43.76,38.8,42.88,25174,0
20110817,42.96,48,42.24,47.28,11116,0
20110818,46.24,46.24,42.8,43.6,15109,0
20110819,43.28,44.72,42.16,43.6,8835,0
20110822,42.96,44.56,39.44,39.92,25182,0
20110823,44,49.44,42.72,48.8,19925,0
20110824,48.56,49.04,44.72,48.8,4728,0
20110825,48.08,49.04,44.16,44.24,10957,0
20110826,43.92,44.4,40.32,44,4419,0
20110829,44.4,47.36,44.24,46.16,9319,0
20110830,45.84,47.84,42.72,44.56,5978,0
20110831,44.8,45.12,40.72,44.88,18951,0
20110901,44.96,48.48,43.36,43.68,9603,0
20110902,42.72,42.72,38.16,40,15268,0
20110906,38.4,40.24,35.84,36.88,11523,0
20110907,37.84,39.2,35.36,38.8,6032,0
20110908,38.4,41.12,36.72,36.96,8121,0
20110909,36.8,39.52,36.64,37.04,11579,0
20110912,36.48,38.8,36.48,37.36,6246,0
20110913,37.52,38.08,36.08,36.56,4349,0
20110914,37.84,38.4,37.04,37.2,56609,0
20110915,37.6,40.24,36.88,38,7637,0
20110916,37.92,38.4,36.96,38.4,13920,0
20110919,38,40.48,38,39.2,20511,0
20110920,39.28,40.32,36.48,36.72,9332,0
20110921,37.6,39.28,36.16,36.8,14707,0
20110922,37.84,39.84,36.96,37.84,18730,0
20110923,37.76,39.52,36.96,39.04,7920,0
20110926,39.2,39.52,37.6,38.96,5064,0
20110927,39.84,39.84,38,38.72,10117,0
20110928,38.56,39.2,38,38,9316,0
20110929,38.96,39.92,37.84,39.12,5972,0
20110930,39.36,39.76,37.92,38.16,12034,0
20111003,38,38.88,37.44,37.76,19618,0
20111004,38,41.36,36.8,39.76,16471,0
20111005,40.08,41.28,38.72,40.8,5799,0
20111006,41.28,41.28,38.96,40.08,7843,0
20111007,39.92,40.32,38,38.72,6179,0
20111010,39.36,45.84,38.88,45.68,12675,0
20111011,45.04,46,43.2,46,5061,0
20111012,45.92,48.24,45.04,46.8,21684,0
20111013,46.32,46.64,45.28,46.48,3952,0
20111014,46.8,47.2,46,46.8,10946,0
20111017,46.8,46.8,44.88,45.04,9274,0
20111018,45.2,50,44.72,49.68,40238,0
20111019,49.52,50,47.44,48.96,12485,0
20111020,49.12,49.12,47.44,48.24,6743,0
20111021,48.4,55.12,48.4,55.12,13267,0
20111024,54.24,58.4,54.24,58.32,9677,0
20111025,56.56,59.6,54.4,55.84,11213,0
20111026,56.72,57.68,54.08,57.36,6422,0
20111027,59.28,59.36,56.88,58.8,20425,0
20111028,58.24,58.24,52.88,54.32,19132,0
20111031,52.08,53.6,49.36,50.8,15706,0
20111101,51.84,53.44,51.2,52.16,15173,0
20111102,53.2,54,50.8,52.48,16868,0
20111103,53.6,55.92,52.32,55.12,12646,0
20111104,54.8,55.44,53.12,54.56,4982,0
20111107,54.72,55.12,51.36,52,10669,0
20111108,54.16,55.6,52.48,55.2,7601,0
20111109,53.68,55.44,52.08,52.16,10177,0
20111110,52.88,54.48,52,53.2,4698,0
20111111,53.92,58.32,53.92,57.12,11674,0
20111114,56.72,56.8,54.8,55.6,11223,0
20111115,55.2,56.08,54.56,55.2,19694,0
20111116,54.72,56.48,54.16,54.48,13648,0
20111117,54.32,54.72,52,52.32,12062,0
20111118,53.04,53.04,48.4,51.84,15908,0
20111121,51.04,51.04,47.44,48.4,6169,0
20111122,48.24,49.68,47.04,47.12,8578,0
20111123,46.88,48,43.6,47.36,13838,0
20111125,46.96,46.96,43.04,43.44,11529,0
20111128,44.72,49.76,44,48.96,24027,0
20111129,50,50.16,46.72,47.04,16178,0
20111130,49.04,49.04,46.24,46.56,18988,0
20111201,48.72,48.88,46.32,46.32,19735,0
20111202,50.64,55.2,50.64,51.84,34255,0
20111205,51.6,54.16,51.36,52.48,15099,0
20111206,52.4,53.84,51.28,51.84,22961,0
20111207,51.6,54.56,49.92,54,33106,0
20111208,55.04,55.92,51.92,52,11601,0
20111209,52.4,54.64,52.4,53.28,15918,0
20111212,53.92,54.32,52.32,52.72,4913,0
20111213,53.28,54,50.96,51.2,8691,0
20111214,50.64,52.16,50,51.44,11690,0
20111215,52,52.24,50.08,50.72,27995,0
20111216,51.04,52.64,50.64,50.88,16933,0
20111219,52.64,52.64,48.88,49.36,6021,0
20111220,48.88,53.36,48.88,53.36,11163,0
20111221,53.04,53.36,50.96,51.76,6278,0
20111222,51.2,51.2,48.8,49.36,9683,0
20111223,49.68,50.48,48.08,48.48,6930,0
20111227,48,48.96,46.56,48.16,5253,0
20111228,48,48,46.16,46.32,3331,0
20111229,47.76,48.4,45.76,46.88,14833,0
20111230,46.72,52.88,46.48,49.12,21767,0
20120103,50.4,50.64,47.04,48.64,8715,0
20120104,48.88,48.88,45.84,47.2,18424,0
20120105,46.8,51.44,46.48,51.28,27693,0
20120106,51.2,52,50,51.36,10088,0
20120109,51.6,51.68,49.52,50.88,12385,0
20120110,51.12,53.28,50.72,53.12,12490,0
20120111,52.48,53.76,52.08,53.12,4269,0
20120112,52.8,55.44,52.16,55.04,5409,0
20120113,54.32,56.56,54.32,56.08,19935,0
20120117,56,56,53.04,53.6,10938,0
20120118,54,54.4,52.16,53.6,7801,0
20120119,54.16,55.28,53.12,54.32,13841,0
20120120,54.32,55.92,52.64,55.68,19447,0
20120123,55.44,56.72,55.36,55.84,43748,0
20120124,55.6,59.6,54,59.2,8488,0
20120125,58,60.24,56.56,59.52,19692,0
20120126,59.92,62.16,59.12,59.92,33725,0
20120127,59.6,60.8,58.48,60.32,11764,0
20120130,60.4,62.24,59.52,61.92,20120,0
20120131,62.08,63.44,61.84,63.2,7692,0
20120201,62.56,64.64,60.16,63.84,34414,0
20120202,63.76,65.44,62.16,64.4,47306,0
20120203,65.44,67.36,63.28,66.24,28859,0
20120206,65.52,65.92,65.12,65.84,7595,0
20120207,65.92,66.08,62.48,62.64,12507,0
20120208,61.2,64,59.44,63.52,11503,0
20120209,63.84,63.84,61.84,63.2,7908,0
20120210,62.4,63.76,57.44,62.24,3829,0
20120213,63.12,63.28,58,61.92,12002,0
20120214,61.52,63.68,61.44,63.6,6165,0
20120215,63.12,64.48,61.68,62,10960,0
20120216,62.32,65.28,62.16,65.04,7128,0
20120217,65.36,65.36,63.28,63.52,7972,0
20120221,63.76,65.6,57.92,58.96,10539,0
20120222,56.08,59.2,54.24,54.64,54265,0
20120223,54.64,58.32,54.56,56.8,12464,0
20120224,57.04,60,57.04,58.64,22422,0
20120227,58.4,58.56,54.48,54.72,13121,0
20120228,54.24,55.84,52.72,53.2,33588,0
20120229,53.36,55.44,52.8,52.96,15549,0
20120301,52.4,54.16,51.6,51.68,10458,0
20120302,51.92,55.2,49.52,50.48,22863,0
20120305,50.32,52.32,50.16,51.28,9059,0
20120306,52.32,52.32,48.8,49.36,16967,0
20120307,49.6,50.64,49.2,49.84,16634,0
20120308,49.76,50.16,48.24,49.12,12304,0
20120309,49.2,51.44,49.2,51.36,54334,0
20120312,25.52,28.8,24.64,28.48,857464,0
20120313,28.48,31.76,27.2,28.72,242644,0
20120314,28.8,29.28,25.68,26.08,69269,0
20120315,25.36,25.52,24,24.96,72606,0
20120316,24.16,25.36,23.6,25.36,218707,0
20120319,25.28,26,24,24.32,120722,0
20120320,24.08,24.4,22.56,23.28,61321,0
20120321,23.36,24,22.56,22.8,53648,0
20120322,22.72,22.72,19.2,19.92,262267,0
20120323,19.84,19.92,18.08,18.72,89970,0
20120326,18.72,20,18.72,19.6,69932,0
20120327,19.2,19.2,18,18.08,55520,0
20120328,18.16,19.28,18.16,18.56,66174,0
20120329,18.56,18.56,17.76,18.16,19187,0
20120330,18.4,18.4,17.6,17.68,28411,0
20120402,17.84,18.88,17.04,17.6,54196,0
20120403,17.28,17.6,16.56,17.12,28232,0
20120404,17.2,17.2,16.48,16.96,24631,0
20120405,17.04,18,17.04,17.52,48205,0
20120409,17.68,18,16.64,16.72,22989,0
20120410,16.72,17.2,16.48,16.56,23023,0
20120411,16.72,17.04,16.16,16.88,46421,0
20120412,16.96,17.76,16.56,16.64,20429,0
20120413,17.04,17.2,16.16,16.56,27094,0
20120416,16.56,16.56,15.52,15.76,130560,0
20120417,16,16.8,14.88,15.68,33544,0
20120418,15.52,16.32,15.04,15.76,16982,0
20120419,18.08,22,16.56,16.64,324101,0
20120420,17.04,17.44,15.12,15.52,76574,0
20120423,15.28,15.6,14.56,14.96,43438,0
20120424,15.04,15.2,14.72,15.04,32074,0
20120425,15.36,15.44,13.36,13.92,130178,0
20120426,14.32,14.56,12.56,12.8,80453,0
20120427,12.8,12.96,11.52,11.76,114943,0
20120430,11.84,12.8,11.84,12.48,37969,0
20120501,12.4,13.6,12.24,13.28,85433,0
20120502,13.2,14.8,13.04,14.48,189417,0
20120503,14.4,14.72,13.6,14.56,64708,0
20120504,14.56,14.56,13.36,14,48028,0
20120507,13.92,14.16,13.68,14.16,21621,0
20120508,14.16,14.48,13.84,14.32,40701,0
20120509,14.16,14.64,13.6,14.32,39758,0
20120510,14.4,16.72,14.08,16,97613,0
20120511,16,16.08,14.8,15.52,25262,0
20120514,15.36,17.68,15.36,16.96,66694,0
20120515,16.88,17.6,16.56,16.8,55225,0
20120516,16.96,17.2,15.76,16.08,59572,0
20120517,16.16,16.4,15.6,15.92,29455,0
20120518,15.92,16.24,15.12,15.6,26297,0
20120521,15.6,16.32,14.4,15.04,25056,0
20120522,14.88,14.96,14,14.32,24713,0
20120523,14.24,14.56,14.08,14.4,13827,0
20120524,14.4,15.44,14.08,15.28,27464,0
20120525,15.36,15.84,14.72,14.8,12165,0
20120529,14.96,15.84,14.56,15.12,16568,0
20120530,15.12,15.84,14.72,15.44,14717,0
20120531,15.36,15.76,14.76,15.76,43631,0
20120601,15.52,17.76,14.72,16.4,61149,0
20120604,16.56,16.96,15.6,16,12755,0
20120605,15.76,16.48,15.52,16,11376,0
20120606,16,16,15.28,16,15370,0
20120607,16,17.2,15.76,17.04,36210,0
20120608,16.96,17.44,16.48,17.04,28036,0
20120611,17.12,18.72,16.88,17.44,64556,0
20120612,17.52,18.08,16.4,16.96,30109,0
20120613,17.6,18.4,16.8,17.12,49101,0
20120614,17.04,17.84,16.32,17.84,51897,0
20120615,17.6,22.56,17.44,21.92,194129,0
20120618,21.6,21.6,19.6,20.88,123443,0
20120619,20.8,21.28,20,20.08,65845,0
20120620,20,21.92,19.84,20.08,61443,0
20120621,20.32,23.76,20,21.6,218882,0
20120622,21.92,24.16,21.84,23.36,464678,0
20120625,23.6,23.92,21.04,22.96,77249,0
20120626,22.8,25.68,22.32,23.6,115358,0
20120627,24,24.96,20.56,22,135350,0
20120628,7.92,8.08,6.32,6.48,2411027,0
20120629,6.16,6.24,5.44,5.44,1072165,0
20120702,5.44,6,4.8,5.52,619515,0
20120703,5.44,6.2392,5.3608,5.94,276087,0
20120705,6,6.08,5.6392,5.712,178948,0
20120706,5.76,5.92,5.2,5.92,162972,0
20120709,5.92,6.32,5.68,6.24,310273,0
20120710,6.24,6.3192,5.632,5.692,202788,0
20120711,6,6,5.3088,5.4808,154357,0
20120712,5.44,6,5.44,5.6,96792,0
20120713,5.92,5.92,5.68,5.6824,61268,0
20120716,6.08,10.72,5.92,10.64,2913413,0
20120717,9.6,14.32,9.6,12.8,3152152,0
20120718,12.56,12.8,10,10.64,861857,0
20120719,9.2,9.84,8.48,9.28,1269811,0
20120720,9.2,9.52,8.48,9.12,452200,0
20120723,8.8,8.8,8.48,8.8,222760,0
20120724,8.56,8.8,8.4,8.56,287131,0
20120725,8.48,10.16,8.4,9.2,680912,0
20120726,9.04,9.2,8.56,8.8,196050,0
20120727,8.96,8.96,8.48,8.8,137180,0
20120730,8.96,9.04,8.64,8.8,76972,0
20120731,8.96,9.04,8.48,8.56,115755,0
20120801,8.72,8.88,8.56,8.72,69675,0
20120802,8.72,8.8,8.08,8.24,171975,0
20120803,8.64,8.64,7.6,8.08,150651,0
20120806,8.24,8.24,7.92,7.944,108764,0
20120807,7.84,8.08,7.84,7.92,71674,0
20120808,7.84,7.9184,7.3784,7.44,138494,0
20120809,7.44,7.76,7.36,7.76,52952,0
20120810,7.396,7.68,7.28,7.392,93108,0
20120813,7.36,7.36,7.04,7.2,149132,0
20120814,7.52,7.52,6.96,7.12,68295,0
20120815,7.04,7.136,6.8,6.84,409821,0
20120816,6.664,7.2056,6.64,6.96,91471,0
20120817,6.88,7.0496,6.48,6.7192,92607,0
20120820,6.52,6.7208,6.5,6.68,32864,0
20120821,6.48,6.88,6.48,6.8248,34749,0
20120822,6.688,7.072,6.688,6.824,58593,0
20120823,6.808,7.04,6.7408,6.8344,29354,0
20120824,6.88,8.16,6.72,7.84,352569,0
20120827,7.76,7.76,7.04,7.36,109341,0
20120828,7.2944,7.7592,7.2944,7.6,69584,0
20120829,7.76,7.76,7.4624,7.52,54855,0
20120830,7.68,7.68,7.2,7.28,54022,0
20120831,7.3592,7.36,7.1304,7.2,35665,0
20120904,7.512,7.512,6.8904,7.2,32614,0
20120905,7.2,7.4,6.9208,7.4,52871,0
20120906,7.6,7.6,7.2,7.36,28073,0
20120907,7.2,7.52,7.2,7.4408,58406,0
20120910,7.52,7.84,7.36,7.52,90053,0
20120911,7.68,7.68,7.36,7.52,47584,0
20120912,7.36,7.76,7.28,7.6,86071,0
20120913,7.76,7.76,7.0568,7.6,55484,0
20120914,7.3616,7.76,7.28,7.424,65147,0
20120917,7.84,9.04,7.84,8.4,895913,0
20120918,8.64,9.68,8.4,9.52,1004084,0
20120919,9.92,10.32,8.64,8.96,788647,0
20120920,9.2,9.28,8.8,9.2,174738,0
20120921,9.2,9.36,8.72,8.96,206270,0
20120924,8.96,8.96,8.16,8.4,232818,0
20120925,8.24,8.32,7.68,7.736,265273,0
20120926,7.84,8.64,7.624,8.4,131352,0
20120927,8.64,9.04,8.08,8.16,182908,0
20120928,8.08,8.24,7.76,7.952,66291,0
20121001,7.92,8.32,7.92,8,65882,0
20121002,8.08,8.096,7.5664,7.6184,144098,0
20121003,7.624,8.56,7.6088,8.56,305865,0
20121004,8.32,8.4,7.84,8.08,104046,0
20121005,8.24,8.48,8.08,8.08,131550,0
20121008,8.24,8.48,7.976,8,104711,0
20121009,8.24,8.48,7.856,8,102148,0
20121010,8.08,8.24,7.92,8.08,61815,0
20121011,8.32,8.4,8.08,8.16,97071,0
20121012,8.16,8.4,8.16,8.16,40257,0
20121015,8.08,8.4,7.928,8,45058,0
20121016,8.08,8.4,7.9192,8.08,154092,0
20121017,8.16,8.16,7.932,8,38352,0
20121018,8,8.08,7.776,7.84,83895,0
20121019,7.92,7.9488,7.3,7.584,123215,0
20121022,7.584,7.6,7.2816,7.2816,36064,0
20121023,7.36,7.6,6.8016,7.48,113768,0
20121024,7.68,7.68,7.36,7.6008,35628,0
20121025,7.64,7.664,7.2,7.28,55774,0
20121026,7.36,7.6256,7.12,7.2048,64862,0
20121031,7.36,7.36,7.1112,7.128,28932,0
20121101,7.6,8.08,7.5192,7.68,185460,0
20121102,7.84,9.2,7.6,8.72,417236,0
20121105,8.88,9.36,8.16,8.24,185411,0
20121106,8.08,8.08,6.0056,6.6168,1045601,0
20121107,6.64,6.8,6.26,6.4808,142040,0
20121108,6.56,6.8,5.84,5.92,299837,0
20121109,5.76,6.064,5.2248,5.48,375680,0
20121112,6,6,5.46,5.48,157988,0
20121113,5.92,5.92,5.36,5.44,344633,0
20121114,5.44,5.76,4.88,5.04,238205,0
20121115,5.04,5.2352,4.72,4.8,220186,0
20121116,4.8,5.44,4.8,5.04,111975,0
20121119,5.12,5.44,4.732,4.8928,179141,0
20121120,5.1136,5.2,4.8,5.16,136673,0
20121121,5.2,5.424,5.12,5.2,195942,0
20121123,5.2,5.36,4.96,5.12,111078,0
20121126,5.04,5.272,4.816,4.928,121352,0
20121127,5.12,5.36,4.8,5.12,165648,0
20121128,5.28,5.36,5.064,5.1208,135120,0
20121129,5.2,5.36,4.96,5.2,363227,0
20121130,5.1656,5.3192,5.12,5.12,104292,0
20121203,5.28,5.28,5.1336,5.2,113617,0
20121204,5.36,5.7192,5.2456,5.576,425447,0
20121205,5.7464,5.916,5.2328,5.36,214322,0
20121206,5.4384,5.592,5.248,5.592,96665,0
20121207,5.76,6,5.36,5.6,171260,0
20121210,5.44,5.9184,5.44,5.9184,139035,0
20121211,5.9184,6.16,5.68,6.104,147311,0
20121212,5.9984,6.176,5.8,6.032,102275,0
20121213,5.92,5.9208,5.6,5.784,108296,0
20121214,5.776,5.784,5.36,5.5928,61660,0
20121217,5.68,5.72,5.04,5.16,236897,0
20121218,5.16,5.272,4.9696,5.124,86594,0
20121219,5.12,5.36,5.056,5.128,70243,0
20121220,5.1208,5.52,4.9664,5.128,59133,0
20121221,5.12,5.2,5.0008,5.12,43528,0
20121224,5.36,5.36,5.0408,5.1208,15284,0
20121226,5.1208,5.1208,5.0528,5.1208,25519,0
20121227,5.12,5.2,5.0408,5.1632,55638,0
20121228,5.2,5.2,4.64,4.96,202468,0
20121231,4.8,5.0392,4.7296,4.96,78272,0
20130102,4.96,5.28,4.96,5.28,60419,0
20130103,5.36,5.556,5.2,5.48,82453,0
20130104,5.52,5.52,5.3032,5.3928,77268,0
20130107,5.36,5.92,5.12,5.8408,180662,0
20130108,5.84,6.0784,5.6,5.7856,90255,0
20130109,5.92,6.72,5.8408,6.48,398432,0
20130110,6.392,6.56,6.0008,6.08,174453,0
20130111,6.072,6.16,5.768,5.8,130672,0
20130114,5.92,6.08,5.6,5.68,102991,0
20130115,5.92,5.92,5.44,5.6,123030,0
20130116,5.6,5.68,5.36,5.52,99077,0
20130117,5.712,5.7192,5.4544,5.464,62221,0
20130118,5.6,5.6,5.36,5.52,60431,0
20130122,5.44,5.604,5.368,5.52,116240,0
20130123,5.68,5.7512,5.548,5.68,41494,0
20130124,5.68,5.76,5.68,5.76,92368,0
20130125,5.28,5.36,5.0728,5.1368,1918179,0
20130128,5.2008,5.4352,5.2,5.32,359757,0
20130129,5.44,5.584,5.2,5.3504,152885,0
20130130,5.3504,5.3608,5.2,5.2,271611,0
20130131,5.304,5.3264,5.132,5.2088,209965,0
20130201,5.24,5.3176,5.2,5.3176,190393,0
20130204,5.36,5.6,5.28,5.52,747359,0
20130205,5.84,5.84,5.44,5.6,308360,0
20130206,5.48,5.72,5.48,5.6,141532,0
20130207,5.58,5.68,5.48,5.52,169157,0
20130208,5.6,5.6008,5.4872,5.5104,94127,0
20130211,5.6,5.6,5.36,5.36,81851,0
20130212,5.6,5.6,5.36,5.368,115146,0
20130213,5.36,5.44,5.36,5.4064,94019,0
20130214,5.48,5.52,5.24,5.28,107751,0
20130215,5.24,5.36,5.144,5.36,127046,0
20130219,5.28,5.28,5.12,5.2,70734,0
20130220,5.2,5.292,5.2,5.2,108696,0
20130221,5.272,5.28,5.16,5.2,71416,0
20130222,5.216,5.32,5.1416,5.272,94636,0
20130225,5.28,5.28,3.92,4.96,335866,0
20130226,4.96,5.1824,4.56,5.032,175862,0
20130227,5.032,5.192,4.8,4.98,105291,0
20130228,4.8048,4.9992,4.752,4.88,249217,0
20130301,4.96,4.96,4.72,4.8,79108,0
20130304,4.72,4.8,4.56,4.568,142173,0
20130305,5.12,5.28,4.88,4.96,443053,0
20130306,5.1016,5.1016,4.84,4.9592,100305,0
20130307,4.88,5.04,4.88,4.8816,82665,0
20130308,4.88,4.96,4.8,4.96,129728,0
20130311,4.96,4.96,4.8424,4.96,38645,0
20130312,5.04,5.1808,4.9024,5.1352,78614,0
20130313,4.96,5.12,4.96,5.04,169513,0
20130314,5,5.272,5,5.2,131711,0
20130315,5.2,5.36,5.12,5.136,116552,0
20130318,5.2,5.36,5.12,5.2,69422,0
20130319,5.28,5.28,4.996,5.12,52251,0
20130320,5.04,5.3048,5.04,5.1928,107454,0
20130321,5.36,5.36,5.04,5.04,95165,0
20130322,5.2712,5.28,5.12,5.2728,53313,0
20130325,5.36,5.36,5.12,5.12,97705,0
20130326,5.2,5.28,5.12,5.2,60501,0
20130327,5.2,5.2,4.96,5.12,80976,0
20130328,5.36,5.36,5.1952,5.28,136994,0
20130401,5.344,5.44,5.16,5.24,98255,0
20130402,5.28,5.28,5.1376,5.2,74111,0
20130403,5.24,5.24,5.1952,5.1968,43083,0
20130404,5.1952,5.272,5.024,5.2,46323,0
20130405,5.0424,5.1984,5.0424,5.12,29381,0
20130408,5.04,5.2,5.04,5.2,92195,0
20130409,5.052,5.184,5.04,5.104,42899,0
20130410,5.0488,5.12,4.9,5.0792,104172,0
20130411,5.04,5.12,5.04,5.104,42211,0
20130412,5.12,5.188,5.0464,5.0624,136067,0
20130415,4.8824,5.1896,4.8824,4.92,88915,0
20130416,5.1088,5.1088,4.68,4.824,133121,0
20130417,4.8,4.88,4.64,4.7104,87796,0
20130418,4.72,4.72,4.64,4.72,43040,0
20130419,4.8,4.96,4.6408,4.9568,57517,0
20130422,4.96,4.96,4.7208,4.7592,66558,0
20130423,4.8,4.8,4.5104,4.68,121565,0
20130424,4.64,4.8792,4.64,4.72,39123,0
20130425,4.64,4.8008,4.64,4.668,66195,0
20130426,4.6456,4.7184,4.504,4.5216,125269,0
20130429,4.64,4.7088,4.44,4.536,104605,0
20130430,4.56,4.632,4.328,4.4008,140434,0
20130501,4.3208,4.472,4.252,4.36,80292,0
20130502,4.48,4.48,4.24,4.32,90908,0
20130503,4.3976,4.3976,4.268,4.2736,68569,0
20130506,4.2408,4.396,4.24,4.2416,60659,0
20130507,4.48,4.48,4.24,4.4,59967,0
20130508,4.48,4.72,4.4,4.64,71238,0
20130509,4.64,4.696,4.424,4.5208,33435,0
20130510,4.56,4.72,4.4,4.48,34105,0
20130513,4.64,4.64,4.4088,4.56,29440,0
20130514,4.6392,5.04,4.5752,4.8816,201027,0
20130515,4.88,4.96,4.56,4.64,117711,0
20130516,4.56,4.72,4.56,4.64,34330,0
20130517,4.64,4.9432,4.64,4.864,77975,0
20130520,4.88,4.88,4.592,4.64,80560,0
20130521,4.88,4.88,4.64,4.8,30551,0
20130522,4.8,4.96,4.4,4.8,83146,0
20130523,4.72,4.8608,4.64,4.8552,67342,0
20130524,4.8,4.96,4.648,4.7992,78324,0
20130528,4.8,4.88,4.72,4.872,115233,0
20130529,4.652,4.8608,4.6496,4.7152,59606,0
20130530,4.72,4.8288,4.644,4.6808,62267,0
20130531,4.72,4.79,4.64,4.68,40949,0
20130603,4.72,4.8392,4.64,4.64,45257,0
20130604,4.7104,4.7104,4.64,4.64,54319,0
20130605,4.7992,4.7992,4.4,4.4112,353160,0
20130606,4.48,4.5584,4.24,4.3984,121493,0
20130607,4.32,4.712,4.32,4.48,357559,0
20130610,4.56,4.8712,4.4088,4.744,126832,0
20130611,4.8,4.9584,4.64,4.856,170787,0
20130612,4.8,4.88,4.72,4.8,32293,0
20130613,4.72,4.88,4.52,4.64,100787,0
20130614,4.64,4.64,4.568,4.5824,22900,0
20130617,4.64,4.6792,4.424,4.56,34923,0
20130618,4.56,4.676,4.44,4.608,21237,0
20130619,4.56,4.632,4.4808,4.484,14967,0
20130620,4.56,4.6312,4.4,4.4104,57828,0
20130621,4.48,4.48,4.28,4.28,46742,0
20130624,4.24,4.4,4.1856,4.256,83987,0
20130625,4.16,4.4784,4.16,4.216,112525,0
20130626,4.16,4.24,4.0416,4.0968,142270,0
20130627,4.24,4.3896,4.152,4.152,50793,0
20130628,4.08,4.16,3.7048,3.7048,219309,0
20130701,3.68,4.1216,3.68,3.9208,182649,0
20130702,4,4.06,3.84,3.9008,38836,0
20130703,4,4.0784,3.9208,4,67905,0
20130705,4,4.1592,3.88,3.92,32477,0
20130708,4.08,4.08,3.92,4,36396,0
20130709,4.08,4.08,3.844,3.8608,27978,0
20130710,3.92,4.2,3.8544,4,105198,0
20130711,4,4.04,3.88,3.9584,84558,0
20130712,3.92,4.32,3.92,4.08,152064,0
20130715,3.74,4.23,3.74,3.86,528181,0
20130716,3.86,4.17,3.86,4.17,355185,0
20130717,4.15,4.4,4.1,4.22,398751,0
20130718,4.19,4.4,4.19,4.4,145181,0
20130719,4.42,4.6,4.3,4.53,207821,0
20130722,4.57,4.57,4.3,4.38,94707,0
20130723,4.36,4.498,4.3,4.44,66027,0
20130724,4.44,4.44,4.25,4.33,151564,0
20130725,4.29,4.3,4.19,4.26,66862,0
20130726,4.21,4.25,4.15,4.25,70523,0
20130729,4.18,4.21,4.03,4.09,107490,0
20130730,4.17,4.28,4.03,4.28,79629,0
20130731,4.6,4.6,4.08,4.3,136744,0
20130801,4.3,4.32,4.12,4.13,66948,0
20130802,4,4.2,3.98,4,267422,0
20130805,4.03,4.25,3.94,4,88033,0
20130806,4.16,4.17,3.97,4.06,155864,0
20130807,4.03,4.14,3.95,4.01,72281,0
20130808,4,4.05,3.96,4,152994,0
20130809,4,4.14,3.91,4.14,125974,0
20130812,4.08,4.11,3.95,3.97,63035,0
20130813,3.95,3.96,3.86,3.88,60042,0
20130814,3.85,3.85,3.73,3.76,172157,0
20130815,3.71,3.749,3.56,3.59,205093,0
20130816,3.59,3.63,3.37,3.46,239508,0
20130819,3.42,3.5899,3.35,3.5,154475,0
20130820,3.58,3.58,3.39,3.43,154609,0
20130821,3.43,3.43,3.29,3.29,119161,0
20130822,3.3,3.455,3.3,3.42,50694,0
20130823,3.43,3.45,3.4,3.41,27707,0
20130826,3.41,3.411,3.3,3.33,134336,0
20130827,3.31,3.39,3.21,3.27,98092,0
20130828,3.28,3.4,3.11,3.31,198021,0
20130829,3.34,3.4899,3.24,3.284,128717,0
20130830,3.29,3.38,3.25,3.3,46423,0
20130903,3.31,3.42,3.3,3.4,89707,0
20130904,3.43,3.56,3.4,3.48,105071,0
20130905,3.49,3.57,3.49,3.54,63715,0
20130906,3.54,3.639,3.52,3.57,103857,0
20130909,3.57,3.72,3.5,3.65,163433,0
20130910,3.68,3.84,3.66,3.75,184925,0
20130911,3.71,3.8,3.45,3.65,115159,0
20130912,3.6,3.68,3.6,3.65,107474,0
20130913,3.65,3.69,3.64,3.66,74716,0
20130916,3.67,3.79,3.67,3.76,59049,0
20130917,3.79,3.84,3.78,3.82,93471,0
20130918,3.83,4.26,3.83,4.16,389644,0
20130919,4.16,4.2,4.1,4.13,86731,0
20130920,4.12,4.2,3.93,4.1,95010,0
20130923,4.08,4.12,3.72,3.97,168576,0
20130924,3.97,4.01,3.82,3.89,33600,0
20130925,4.02,4.25,4.02,4.13,205605,0
20130926,4.13,4.18,3.92,3.96,98600,0
20130927,3.95,4.12,3.93,4.12,43139,0
20130930,4.11,4.17,3.77,4.02,77600,0
20131001,4,4.08,3.94,4.05,21800,0
20131002,4,4.07,4,4.01,21400,0
20131003,4,4.04,3.88,3.95,50000,0
20131004,3.95,3.99,3.87,3.98,28700,0
20131007,3.98,4.03,3.89,3.89,38000,0
20131008,3.92,3.96,3.8,3.8,101600,0
20131009,3.78,3.81,3.65,3.69,113788,0
20131010,3.7,3.7763,3.66,3.73,54817,0
20131011,3.69,3.721,3.52,3.53,155563,0
20131014,3.52,3.54,3.45,3.46,106430,0
20131015,3.42,3.64,3.35,3.36,82395,0
20131016,3.39,3.75,3.39,3.59,265500,0
20131017,3.57,3.65,3.47,3.55,108000,0
20131018,3.53,3.56,3.44,3.47,72100,0
20131021,3.45,3.53,3.36,3.52,75400,0
20131022,3.5,3.53,3.44,3.46,43600,0
20131023,3.45,3.52,3.4472,3.498,44528,0
20131024,3.48,3.76,3.46,3.76,224900,0
20131025,3.77,3.78,3.575,3.6,151134,0
20131028,3.59,3.59,3.48,3.51,75300,0
20131029,3.53,3.53,3.35,3.4,68600,0
20131030,3.46,3.72,3.21,3.28,109200,0
20131031,3.37,3.37,3.12,3.16,126061,0
20131101,3.17,3.27,3.12,3.25,126600,0
20131104,3.28,3.42,3.25,3.27,53234,0
20131105,3.28,3.29,3.2,3.26,20700,0
20131106,3.24,3.24,3,3.06,209700,0
20131107,3.1,3.17,2.99,3.02,150600,0
20131108,3.02,3.15,3.02,3.14,74800,0
20131111,3.14,3.17,3.02,3.1,82780,0
20131112,3.06,3.07,2.94,2.96,107500,0
20131113,2.96,3.35,2.95,3.25,280500,0
20131114,3.22,3.41,3.21,3.26,141700,0
20131115,3.26,3.44,3.2,3.23,141500,0
20131118,3.2,3.2,3.08,3.11,66016,0
20131119,3.08,3.08,2.77,3.02,612020,0
20131120,3.07,3.09,2.85,2.93,206600,0
20131121,2.9,2.9,2.71,2.78,311500,0
20131122,2.84,2.84,2.68,2.82,190002,0
20131125,2.85,2.96,2.85,2.96,72700,0
20131126,2.96,3.06,2.96,3.02,57600,0
20131127,3.02,3.05,2.98,3.02,39900,0
20131129,3.01,3.17,3,3.14,118017,0
20131202,3.14,3.31,3.14,3.19,200300,0
20131203,3.15,3.19,3.01,3.05,107095,0
20131204,3.06,3.09,2.98,2.99,39200,0
20131205,3,3.02,2.86,2.94,27700,0
20131206,2.99,3.01,2.85,2.89,57700,0
20131209,2.89,2.9099,2.85,2.89,40126,0
20131210,2.89,2.98,2.88,2.94,32200,0
20131211,2.98,3.14,2.92,2.93,113900,0
20131212,2.95,3.0047,2.95,3,35313,0
20131213,3,3.09,2.95,2.96,141400,0
20131216,3,3.065,2.956,3.02,216687,0
20131217,2.99,2.99,2.86,2.95,75400,0
20131218,2.95,3,2.89,2.92,56200,0
20131219,2.95,2.96,2.78,2.78,123700,0
20131220,2.78,2.85,2.77,2.8,200800,0
20131223,2.86,2.86,2.73,2.79,99700,0
20131224,2.8,2.82,2.75,2.75,26522,0
20131226,2.75,2.8,2.7,2.75,120274,0
20131227,2.76,2.97,2.76,2.79,75200,0
20131230,2.76,3,2.71,2.9,274800,0
20131231,2.89,3.1,2.89,3.07,212000,0
20140102,3.07,3.47,3.0601,3.36,435712,0
20140103,3.36,3.42,3.27,3.31,123527,0
20140106,3.31,3.39,3.23,3.35,72400,0
20140107,3.39,3.49,3.32,3.47,231800,0
20140108,3.47,3.47,3.31,3.37,58300,0
20140109,3.45,3.48,3.2,3.27,86400,0
20140110,3.3,3.3,3.1,3.27,160700,0
20140113,3.3,3.38,3.12,3.18,70700,0
20140114,3.2,3.32,3.14,3.2,173100,0
20140115,3.24,3.3,3.2,3.29,130600,0
20140116,3.32,3.33,3.25,3.28,168810,0
20140117,3.3,3.35,3.25,3.26,126600,0
20140121,3.3,3.3,3.27,3.29,202400,0
20140122,3.27,3.3,3.27,3.27,361700,0
20140123,3.27,3.3,3.27,3.29,156200,0
20140124,3.29,3.3,3.22,3.25,227600,0
20140127,3.29,3.3,3.01,3.24,282200,0
20140128,3.29,3.29,3.12,3.13,591400,0
20140129,3.13,3.24,3.05,3.06,109700,0
20140130,3.06,3.08,2.86,2.91,288300,0
20140131,2.91,2.97,2.87,2.93,110500,0
20140203,2.95,2.95,2.85,2.865,122054,0
20140204,2.89,2.91,2.81,2.82,126810,0
20140205,2.84,2.85,2.725,2.81,97737,0
20140206,2.83,2.87,2.76,2.84,88825,0
20140207,2.87,2.98,2.7001,2.97,150766,0
20140210,2.96,3.01,2.9308,3,75872,0
20140211,3.04,3.13,2.98,3.06,178610,0
20140212,3.082,3.11,3.039,3.06,180034,0
20140213,3.05,3.13,3.05,3.1,79623,0
20140214,3.1,3.14,3.01,3.07,84456,0
20140218,3.07,3.1,2.9,2.93,188598,0
20140219,2.91,3,2.91,2.95,53822,0
20140220,2.99,3,2.96,2.99,54281,0
20140221,2.99,3,2.95,2.97,34858,0
20140224,2.97,3,2.93,2.95,105220,0
20140225,2.98,2.98,2.88,2.88,106962,0
20140226,2.9799,2.9799,2.896,2.97,114822,0
20140227,2.97,3,2.9,2.9788,45125,0
20140228,3,3.02,2.92,2.96,96648,0
20140303,2.96,3.01,2.86,2.97,88632,0
20140304,2.97,3.09,2.96,3.07,319942,0
20140305,3.1,3.1,3.01,3.1,136137,0
20140306,3.14,3.15,3.07,3.13,67579,0
20140307,3.15,3.3,3.14,3.28,232268,0
20140310,3.33,3.57,3.3,3.42,440988,0
20140311,3.45,3.474,3.32,3.325,75310,0
20140312,3.34,3.35,3.15,3.34,155661,0
20140313,3.37,3.79,3.37,3.5,370618,0
20140314,3.53,3.55,3.32,3.44,121697,0
20140317,3.49,3.5,3.4,3.485,70209,0
20140318,3.48,3.53,3.42,3.45,99746,0
20140319,3.48,3.52,3.44,3.47,108524,0
20140320,3.47,3.52,3.45,3.47,57370,0
20140321,3.48,3.49,3.375,3.41,102271,0
20140324,3.3,3.5071,3.18,3.37,166719,0
20140325,3.39,3.39,3.25,3.3,72632,0
20140326,3.29,3.29,3.15,3.18,110800,0
20140327,3.16,3.23,3.12,3.2,38389,0
20140328,3.2,3.25,3.1,3.21,67623,0
20140331,3.24,3.37,3.2,3.35,54211,0
20140401,3.49,3.49,3.32,3.44,104835,0
20140402,3.44,3.5,3.44,3.5,55463,0
20140403,3.5,3.69,3.4,3.41,197869,0
20140404,3.42,3.45,3.24,3.3,241432,0
20140407,3.27,3.275,3.15,3.19,143165,0
20140408,3.16,3.25,3.15,3.19,106495,0
20140409,3.18,3.26,3.15,3.22,66051,0
20140410,3.25,3.25,3.07,3.1261,106720,0
20140411,3.08,3.15,3.03,3.12,93515,0
20140414,3.12,3.16,2.9,2.94,144302,0
20140415,2.95,2.98,2.7,2.81,306924,0
20140416,2.81,2.9074,2.63,2.88,187089,0
20140417,2.9,2.91,2.85,2.87,23876,0
20140421,2.88,2.92,2.83,2.875,60260,0
20140422,2.9,3.05,2.85,3.01,142981,0
20140423,3.05,3.05,2.89,2.94,59587,0
20140424,2.97,2.97,2.84,2.89,63826,0
20140425,2.86,2.9,2.81,2.84,65234,0
20140428,2.82,2.86,2.72,2.75,60989,0
20140429,2.79,2.94,2.77,2.89,38020,0
20140430,2.86,2.89,2.78,2.83,37340,0
20140501,2.7901,2.847,2.72,2.76,55118,0
20140502,2.83,2.89,2.76,2.86,57538,0
20140505,2.79,2.85,2.71,2.72,67166,0
20140506,2.71,2.78,2.65,2.69,74873,0
20140507,2.67,2.72,2.54,2.71,80670,0
20140508,2.69,2.75,2.65,2.73,121924,0
20140509,2.72,2.74,2.64,2.73,16524,0
20140512,2.69,2.79,2.69,2.73,28979,0
20140513,2.77,2.77,2.65,2.71,44030,0
20140514,2.66,2.75,2.66,2.72,24845,0
20140515,2.69,3.15,2.65,3,915437,0
20140516,3.15,3.15,2.9601,2.99,462639,0
20140519,3.02,3.1,3,3.02,218075,0
20140520,3.02,3.06,2.88,2.88,201627,0
20140521,2.88,3,2.88,2.94,121351,0
20140522,3,3.03,2.96,2.98,199246,0
20140523,3,3,2.96,2.98,113209,0
20140527,3.01,3.08,2.96,2.99,161264,0
20140528,3.02,3.08,2.9704,3.02,232234,0
20140529,3.04,3.06,3,3,201515,0
20140530,3,3.3,3,3.09,377615,0
20140602,3.102,3.18,3.0404,3.1,92527,0
20140603,3.1,3.24,3.05,3.13,899293,0
20140604,3.17,3.29,3.15,3.23,375058,0
20140605,3.25,3.33,3.2,3.25,115756,0
20140606,3.27,3.3,3.22,3.25,112768,0
20140609,3.25,3.38,3.22,3.28,228248,0
20140610,3.25,3.3,3.22,3.3,75900,0
20140611,3.31,3.31,3.25,3.29,92503,0
20140612,3.29,3.37,3.25,3.28,133503,0
20140613,3.27,3.35,3.27,3.35,93829,0
20140616,3.34,3.355,3.33,3.345,87797,0
20140617,3.35,3.505,3.33,3.48,322499,0
20140618,3.5,3.5,3.41,3.49,135437,0
20140619,3.53,3.55,3.45,3.48,78374,0
20140620,3.47,3.51,3.3,3.51,182956,0
20140623,3.55,3.55,3.49,3.52,109464,0
20140624,3.5,3.5,3.36,3.41,84268,0
20140625,3.4,3.42,3.36,3.4,48507,0
20140626,3.41,3.42,3.18,3.27,238999,0
20140627,3.28,3.38,3.2,3.33,102451,0
20140630,3.34,3.426,3.271,3.39,86485,0
20140701,3.39,3.45,3.39,3.42,67143,0
20140702,3.44,3.49,3.42,3.46,119900,0
20140703,3.48,3.5,3.4401,3.5,76907,0
20140707,3.45,3.45,3.3,3.41,147796,0
20140708,3.38,3.38,3.171,3.23,126677,0
20140709,3.21,3.23,3.19,3.19,69382,0
20140710,3.15,3.25,3.08,3.18,156135,0
20140711,3.15,3.26,3.12,3.22,54945,0
20140714,3.21,3.25,3.16,3.23,56328,0
20140715,3.26,3.3099,3.2,3.235,159077,0
20140716,3.25,3.25,3.15,3.17,130318,0
20140717,3.17,3.17,3.12,3.13,95356,0
20140718,3.12,3.15,3.08,3.14,104834,0
20140721,3.1,3.14,3.08,3.08,70475,0
20140722,3.12,3.14,3.04,3.05,101251,0
20140723,3.03,3.08,3.02,3.03,184374,0
20140724,3.04,3.07,3.02,3.06,332827,0
20140725,3.06,3.06,3.04,3.06,107636,0
20140728,3.06,3.08,2.95,3,197896,0
20140729,2.99,3.006,2.85,2.89,525468,0
20140730,2.88,3,2.86,2.93,139321,0
20140731,2.89,3,2.87,2.9,242795,0
20140801,2.88,2.91,2.82,2.91,152165,0
20140804,2.92,2.97,2.87,2.93,151596,0
20140805,2.9,2.94,2.83,2.86,114806,0
20140806,2.87,2.93,2.8501,2.91,115533,0
20140807,2.925,2.9399,2.68,2.7,332905,0
20140808,2.69,2.7,2.51,2.6999,236396,0
20140811,2.7,2.77,2.63,2.6799,84991,0
20140812,2.65,2.76,2.63,2.65,83488,0
20140813,2.69,2.7,2.62,2.66,53504,0
20140814,2.69,2.71,2.63,2.65,56844,0
20140815,2.64,2.69,2.64,2.66,83396,0
20140818,2.69,2.69,2.58,2.61,103819,0
20140819,2.6,2.61,2.58,2.6,110797,0
20140820,2.57,2.5899,2.55,2.58,63804,0
20140821,2.58,2.587,2.39,2.49,191600,0
20140822,2.51,2.6,2.41,2.55,123744,0
20140825,2.55,2.6,2.524,2.59,50152,0
20140826,2.58,2.6098,2.52,2.59,60574,0
20140827,2.57,2.61,2.56,2.56,102116,0
20140828,2.58,2.6,2.52,2.52,46556,0
20140829,2.52,2.57,2.519,2.54,46851,0
20140902,2.54,2.57,2.48,2.48,62338,0
20140903,2.48,2.52,2.43,2.45,69745,0
20140904,2.45,2.5,2.4,2.41,76614,0
20140905,2.4,2.44,2.31,2.33,127386,0
20140908,2.33,2.43,2.25,2.39,96265,0
20140909,2.39,2.42,2.3001,2.31,83124,0
20140910,2.3,2.33,2.21,2.26,149571,0
20140911,2.23,2.328,2.17,2.28,901137,0
20140912,2.28,2.32,2.191,2.22,123728,0
20140915,2.2,2.24,2.11,2.18,207072,0
20140916,2.15,2.15,1.96,1.99,295967,0
20140917,1.85,1.949,1.63,1.72,1158611,0
20140918,1.62,1.75,1.62,1.63,465475,0
20140919,1.6,1.68,1.53,1.61,441414,0
20140922,1.61,1.69,1.61,1.67,352948,0
20140923,1.79,1.94,1.68,1.84,526338,0
20140924,1.83,1.85,1.77,1.8,201428,0
20140925,1.81,1.858,1.71,1.8,189074,0
20140926,1.8,1.8,1.68,1.77,116451,0
20140929,1.77,1.82,1.7,1.82,136168,0
20140930,1.8,1.94,1.77,1.92,164755,0
20141001,1.93,1.93,1.7,1.8,133842,0
20141002,1.85,1.85,1.61,1.71,289151,0
20141003,1.74,1.887,1.7,1.82,222873,0
20141006,1.88,1.88,1.68,1.74,310171,0
20141007,1.71,1.7454,1.66,1.67,130327,0
20141008,1.67,1.67,1.55,1.62,178865,0
20141009,1.65,1.67,1.57,1.5732,79964,0
20141010,1.59,1.7,1.57,1.67,148610,0
20141013,1.65,1.65,1.615,1.64,21645,0
20141014,1.66,1.82,1.606,1.71,106493,0
20141015,1.68,1.77,1.6,1.71,85510,0
20141016,1.68,1.79,1.68,1.76,28084,0
20141017,1.79,1.92,1.75,1.86,159281,0
20141020,1.89,1.99,1.74,1.92,220762,0
20141021,1.95,1.95,1.85,1.89,203395,0
20141022,1.9,1.93,1.7166,1.875,61829,0
20141023,1.89,1.96,1.86,1.895,72850,0
20141024,1.9,1.999,1.881,1.92,70484,0
20141027,1.93,1.96,1.8201,1.89,48850,0
20141028,1.92,1.98,1.8901,1.96,136456,0
20141029,1.93,1.94,1.9,1.93,30062,0
20141030,1.9,1.94,1.8753,1.9,32880,0
20141031,1.94,1.95,1.85,1.86,152081,0
20141103,1.84,1.92,1.84,1.87,119374,0
20141104,1.92,1.92,1.8501,1.86,90365,0
20141105,1.93,1.94,1.8,1.86,47519,0
20141106,1.83,1.92,1.82,1.86,165837,0
20141107,1.83,1.89,1.8,1.84,63741,0
20141110,1.84,1.88,1.7801,1.84,44708,0
20141111,1.8,1.88,1.8,1.84,115567,0
20141112,1.81,1.82,1.75,1.82,56402,0
20141113,1.8,1.88,1.78,1.8,89581,0
20141114,1.8,1.84,1.75,1.81,47000,0
20141117,1.76,1.82,1.7,1.82,145624,0
20141118,1.77,1.83,1.7301,1.83,89775,0
20141119,1.88,1.88,1.77,1.85,111907,0
20141120,1.82,1.93,1.74,1.845,207206,0
20141121,1.88,1.88,1.8,1.82,29206,0
20141124,1.82,1.88,1.8,1.85,90679,0
20141125,1.85,1.9,1.831,1.89,127341,0
20141126,1.9,2.2,1.88,2,327978,0
20141128,2.04,2.12,2.01,2.05,138183,0
20141201,2.03,2.06,1.95,1.97,192627,0
20141202,2.01,2.06,1.92,1.97,100126,0
20141203,1.92,2.01,1.91,1.91,66609,0
20141204,1.91,2.03,1.865,2,211177,0
20141205,1.95,2.04,1.95,2.04,173728,0
20141208,2,2.04,1.964,1.99,241917,0
20141209,1.97,2.07,1.91,2.02,131458,0
20141210,2,2.04,1.94,1.995,146495,0
20141211,1.95,2.05,1.95,1.97,119385,0
20141212,1.97,2.07,1.96,2.05,44469,0
20141215,2.35,2.5,1.7864,1.87,587989,0
20141216,1.83,1.86,1.66,1.77,258921,0
20141217,1.74,1.7897,1.73,1.75,119776,0
20141218,1.74,1.77,1.68,1.7,145923,0
20141219,1.69,1.72,1.58,1.58,165837,0
20141222,1.61,1.61,1.52,1.52,286864,0
20141223,1.56,1.57,1.46,1.48,295971,0
20141224,1.46,1.5,1.46,1.48,102131,0
20141226,1.47,1.59,1.47,1.58,277284,0
20141229,1.63,1.75,1.5711,1.67,360932,0
20141230,1.71,1.71,1.59,1.61,134008,0
20141231,1.58,1.657,1.5,1.58,236500,0
20150102,1.59,1.75,1.59,1.75,214311,0
20150105,1.93,2.63,1.85,2.27,3707648,0
20150106,2.27,2.35,2.0201,2.2,652904,0
20150107,2.2,3.14,2.05,2.51,3165168,0
20150108,2.5,2.75,2.43,2.57,1248079,0
20150109,2.81,2.81,2.52,2.63,538490,0
20150112,2.65,2.69,2.47,2.48,521646,0
20150113,2.5,2.5799,2.28,2.3,542762,0
20150114,2.32,2.43,2.28,2.41,562144,0
20150115,2.41,2.44,2.159,2.16,388706,0
20150116,2.15,2.1501,2.02,2.07,374695,0
20150120,2.17,2.17,2.02,2.06,466531,0
20150121,2.06,2.14,1.98,1.99,496478,0
20150122,2,2.12,1.86,2.1,511933,0
20150123,2.13,2.27,2.06,2.07,447546,0
20150126,2.14,2.405,2.11,2.36,402008,0
20150127,2.37,2.7692,2.32,2.48,965499,0
20150128,2.48,2.6,2.3802,2.5,295061,0
20150129,2.63,2.63,2.42,2.55,378110,0
20150130,2.56,2.57,2.4,2.5,185748,0
20150202,2.48,2.57,2.41,2.55,140154,0
20150203,2.51,2.63,2.4,2.48,104601,0
20150204,2.52,2.52,2.46,2.49,129912,0
20150205,2.46,2.55,2.45,2.52,151282,0
20150206,2.49,2.67,2.46,2.54,346988,0
20150209,2.53,2.66,2.51,2.6,227377,0
20150210,3.25,3.69,3.13,3.25,15815944,0
20150211,3.26,4,3.16,3.78,7229916,0
20150212,3.7,4.13,3.63,3.78,3336445,0
20150213,3.74,3.89,3.57,3.84,1391925,0
20150217,3.85,4.08,3.71,3.99,1060689,0
20150218,4.01,4.95,3.85,4.72,3796533,0
20150219,4.78,5.32,4.51,4.73,3429047,0
20150220,4.65,4.72,4.26,4.58,1357751,0
20150223,4.58,5.03,4.4,4.94,1261677,0
20150224,4.91,4.99,4.61,4.71,719682,0
20150225,4.74,5.03,4.65,4.93,1318866,0
20150226,5,5.2,4.8,5.05,1226931,0
20150227,5.11,5.23,4.95,5.05,879760,0
20150302,4.98,5.17,4.75,4.93,693900,0
20150303,4.9,5.1,4.79,5.1,408900,0
20150304,5.1,5.23,4.93,5.17,676500,0
20150305,5.13,5.61,5.07,5.53,1401900,0
20150306,5.5,6.36,5.4,6.12,2265400,0
20150309,6,6.16,4.92,5.21,3735400,0
20150310,5.13,5.69,5,5.47,1103700,0
20150311,5.35,5.73,5.27,5.44,856400,0
20150312,5.4,5.64,5.3,5.55,311100,0
20150313,5.64,5.64,5.2,5.48,703900,0
20150316,5.4,5.62,3.76,4.01,3640200,0
20150317,4.35,5,4.17,4.76,4408800,0
20150318,4.62,4.93,4.13,4.37,5099100,0
20150319,4.37,4.65,4.31,4.42,1602300,0
20150320,4.49,4.57,4.22,4.34,892800,0
20150323,4.37,4.47,4.22,4.39,521700,0
20150324,4.4,4.85,4.3,4.78,1377400,0
20150325,4.9,5.1,4.2,4.34,1575800,0
20150326,4.19,4.58,4.05,4.45,763000,0
20150327,4.49,4.55,4.19,4.32,521200,0
20150330,4.4,4.64,4.3,4.53,726100,0
20150331,4.54,4.638,4.3775,4.47,345017,0
20150401,4.45,4.49,4.15,4.32,594600,0
20150402,4.28,4.39,4.24,4.36,275900,0
20150406,4.29,4.44,4.24,4.29,293200,0
20150407,4.18,4.4,4.1,4.16,508592,0
20150408,4.17,4.39,4.16,4.26,393500,0
20150409,4.3,4.3397,4.17,4.25,388465,0
20150410,4.24,4.33,4.2,4.23,381500,0
20150413,4.23,4.3,4.12,4.21,422200,0
20150414,4.23,4.29,4.05,4.27,375800,0
20150415,4.26,4.35,4.12,4.16,249995,0
20150416,4.19,4.27,4.12,4.21,294964,0
20150417,4.15,4.25,4.08,4.25,303900,0
20150420,4.31,4.75,4.31,4.68,1577154,0
20150421,4.6,4.85,4.5999,4.69,399722,0
20150422,4.8,4.92,4.53,4.79,738517,0
20150423,4.82,4.92,4.6,4.89,503200,0
20150424,4.94,5.33,4.8601,5.2,1038347,0
20150427,5.23,5.33,4.67,4.8,850700,0
20150428,4.77,4.9695,4.5,4.76,326856,0
20150429,4.72,4.84,4.48,4.62,267500,0
20150430,4.61,4.61,4.25,4.29,469700,0
20150501,4.33,4.57,4.25,4.55,275300,0
20150504,4.6,4.73,4.39,4.71,393800,0
20150505,4.73,4.73,4.33,4.41,338500,0
20150506,4.49,4.65,4.28,4.32,678706,0
20150507,4.38,4.45,4.26,4.37,224629,0
20150508,4.4,4.48,4.32,4.45,182000,0
20150511,4.42,4.49,4.35,4.48,142200,0
20150512,4.65,5.05,4.6001,4.67,1177463,0
20150513,4.71,4.84,4.64,4.77,299347,0
20150514,4.8,5.1,4.65,5.03,576800,0
20150515,5,5.25,4.85,4.99,397436,0
20150518,5,5.15,4.81,5.08,292258,0
20150519,5,5.11,4.87,4.98,203330,0
20150520,5,5.04,4.835,4.85,231599,0
20150521,4.89,4.93,4.65,4.75,291300,0
20150522,4.7,4.88,4.6,4.74,283900,0
20150526,4.7,4.96,4.65,4.93,223064,0
20150527,4.96,5.15,4.8,5.11,421000,0
20150528,5.08,5.49,5.01,5.42,575964,0
20150529,5.43,5.74,5.25,5.58,655500,0
20150601,5.75,5.94,5.34,5.77,605600,0
20150602,5.77,5.99,5.65,5.84,565599,0
20150603,5.73,6.01,5.68,5.97,572200,0
20150604,5.85,6.25,5.85,6.24,944000,0
20150605,6.57,7.4,6.15,7.13,3732800,0
20150608,7.1,7.1,6.56,6.92,1417500,0
20150609,6.86,6.99,6.6701,6.86,560002,0
20150610,6.91,7.78,6.81,7.74,1882642,0
20150611,7.97,8.06,7.5344,7.84,1364245,0
20150612,7.66,7.98,7.65,7.74,559600,0
20150615,7.66,8.96,7.63,8.64,2984900,0
20150616,8.6,9.56,8.41,9.33,2655600,0
20150617,9.42,9.75,8.5,9.29,2366300,0
20150618,9.4,9.89,9.35,9.59,1929500,0
20150619,9.6,9.7,9.15,9.21,1116200,0
20150622,9.33,9.8,9.23,9.56,1514600,0
20150623,9.64,9.79,9.29,9.39,798044,0
20150624,9.28,9.28,8.01,8.47,2495000,0
20150625,8.48,8.75,8.29,8.51,922100,0
20150626,8.55,8.64,7.88,8.26,6043000,0
20150629,7.73,8.16,7.46,7.74,1380000,0
20150630,7.9,8.64,7.8,8.62,1056064,0
20150701,8.95,9.16,8.4,8.52,1076500,0
20150702,8.44,8.46,8.08,8.26,454600,0
20150706,8.2,8.53,8.05,8.47,582700,0
20150707,8.49,8.7,8.17,8.64,526200,0
20150708,8.59,8.65,8.21,8.34,544100,0
20150709,7.7,7.9,7.45,7.47,4752800,0
20150710,7.63,8.46,7.58,8.32,1821500,0
20150713,8.46,8.66,8.11,8.16,874800,0
20150714,8.07,9,8.05,8.91,1180071,0
20150715,9,9.65,8.83,9.05,1495277,0
20150716,9.25,9.39,8.75,9.13,706200,0
20150717,9.2,9.22,8.89,9.08,568700,0
20150720,9.1,10.83,9.03,10.26,4758400,0
20150721,10.2,10.42,9.85,10.15,1065700,0
20150722,10.15,11.05,9.82,10.77,1564200,0
20150723,10.87,11.62,10.64,10.91,2033900,0
20150724,11.03,11.65,10.64,10.81,2029100,0
20150727,10.75,11.25,10.16,11.15,1588800,0
20150728,11.25,11.43,10.67,11.11,1281900,0
20150729,10.98,11.1,10.25,10.63,998400,0
20150730,10.52,11.02,10.22,10.51,928700,0
20150731,10.37,11.25,10.3,10.91,1193500,0
20150803,10.98,11.2,10.33,10.43,988168,0
20150804,10.45,10.75,10.21,10.71,865300,0
20150805,10.73,11.03,10.42,10.94,846700,0
20150806,10.91,11.07,10.22,10.41,950473,0
20150807,10.37,10.37,9.06,9.56,1496500,0
20150810,9.89,10.18,9.67,9.8,705800,0
20150811,9.42,9.78,8.48,9.64,1526635,0
20150812,9.49,9.69,8.97,9.56,719000,0
20150813,9.66,10.43,9.61,9.82,736200,0
20150814,9.77,10.01,9.2,9.22,864800,0
20150817,9.12,9.7,9.06,9.68,521400,0
20150818,9.78,9.78,9.1,9.21,646700,0
20150819,9.23,9.23,8.71,8.8,774100,0
20150820,8.66,9.04,7.76,7.77,1240300,0
20150821,7.53,7.69,6.62,7.04,2778700,0
20150824,6.68,7.6,5.8,7,1586141,0
20150825,7.59,7.59,6.93,7.01,909300,0
20150826,7.23,7.23,6.43,6.82,1202000,0
20150827,7.03,7.62,7.02,7.55,1107700,0
20150828,7.18,7.55,7.01,7.41,707700,0
20150831,7.05,7.55,6.81,6.83,633600,0
20150901,6.73,7.08,6.48,6.81,768900,0
20150902,6.92,7.47,6.65,7.41,786500,0
20150903,7.44,7.69,6.88,6.93,733100,0
20150904,6.85,7.36,6.77,7.32,584600,0
20150908,7.47,7.62,7.23,7.57,675000,0
20150909,7.99,8.31,7.73,8.07,1226600,0
20150910,8.02,8.25,7.82,8.18,598654,0
20150911,8.16,8.25,7.96,8.03,429900,0
20150914,8.04,8.12,7.78,7.93,365900,0
20150915,7.66,8.16,7.45,8.07,763400,0
20150916,8.11,8.2,7.89,7.98,313900,0
20150917,8.35,9.7,8.25,9.48,1840391,0
20150918,9.29,10,9.2,9.6,1551200,0
20150921,9.65,9.79,8.71,9.02,909200,0
20150922,8.87,9.1,8.53,8.88,667500,0
20150923,8.86,8.95,8.53,8.7,472047,0
20150924,8.6,8.67,8.159,8.43,471407,0
20150925,8.6,8.6,7.35,7.52,846300,0
20150928,7.34,7.46,6.01,6.26,1944504,0
20150929,6.26,6.6,5.8,5.89,1283100,0
20150930,6,6.41,5.83,6.09,738600,0
20151001,5.95,6.11,5.41,5.84,965200,0
20151002,5.74,6.3,5.65,6.29,549700,0
20151005,6.25,6.57,5.88,6.2,816362,0
20151006,6.23,6.24,5.56,5.78,815800,0
20151007,5.7,6.3,5.62,6.245,510071,0
20151008,6.27,6.27,5.82,6,557800,0
20151009,6.02,6.3,5.91,6.12,425000,0
20151012,6.15,6.82,6.01,6.65,1232614,0
20151013,6.55,6.94,6.32,6.35,768600,0
20151014,6.41,6.68,6.14,6.24,525000,0
20151015,6.2,6.77,6.11,6.75,648200,0
20151016,6.78,7.15,6.57,6.75,491900,0
20151019,6.65,7.07,6.52,6.8,611874,0
20151020,6.84,6.88,6.12,6.19,725900,0
20151021,6.24,6.27,5.53,5.94,865100,0
20151022,5.92,6.09,5.57,5.87,568900,0
20151023,6.01,6.16,5.77,5.85,436200,0
20151026,5.87,6.15,5.77,5.92,396100,0
20151027,5.85,6.14,5.7,5.83,364700,0
20151028,5.82,6.31,5.67,6.3,809000,0
20151029,6.29,6.46,5.94,6.13,601200,0
20151030,6.14,6.14,5.7,5.77,474500,0
20151102,5.8,6.25,5.78,6.19,551127,0
20151103,6.16,6.31,6.02,6.23,403879,0
20151104,6.23,6.3,5.9,6.08,441851,0
20151105,6.07,6.07,5.71,5.95,549000,0
20151106,5.93,6.11,5.66,6.08,642100,0
20151109,5.9,6.07,5.69,5.87,634928,0
20151110,5.84,5.88,5.52,5.57,539000,0
20151111,5.55,5.59,5.02,5.05,967400,0
20151112,5.04,5.26,4.65,5.16,1039300,0
20151113,5.09,5.44,5.01,5.3,556800,0
20151116,5.32,5.32,5.1,5.2,439000,0
20151117,5.18,5.53,5.06,5.15,491100,0
20151118,5.2,5.56,5.09,5.55,665100,0
20151119,5.5,5.63,5.21,5.32,559700,0
20151120,5.35,5.41,5.15,5.29,421300,0
20151123,5.25,5.37,5.19,5.24,331200,0
20151124,5.17,5.3,5.03,5.2,419900,0
20151125,5.22,5.9,5.21,5.88,654700,0
20151127,5.87,6.08,5.72,5.85,300000,0
20151130,5.85,5.94,5.6,5.69,399000,0
20151201,5.66,5.83,5.51,5.71,293107,0
20151202,5.73,5.79,5.505,5.53,321065,0
20151203,5.54,5.74,5.0074,5.11,502853,0
20151204,5.11,5.2,4.82,5.08,624100,0
20151207,5.04,5.12,4.58,4.62,760300,0
20151208,4.57,4.85,4.43,4.7,626817,0
20151209,4.69,4.82,4.52,4.54,449300,0
20151210,4.54,4.8,4.5,4.72,391500,0
20151211,4.58,4.93,4.53,4.55,554300,0
20151214,4.51,4.66,4.25,4.32,720678,0
20151215,4.31,4.65,4.3,4.43,489900,0
20151216,4.53,4.62,4.31,4.61,565400,0
20151217,4.66,5.1,4.64,5.06,614400,0
20151218,5.1,5.19,4.93,4.96,1593900,0
20151221,5.02,5.17,4.66,4.72,255400,0
20151222,4.72,4.99,4.4,4.63,355889,0
20151223,4.64,4.84,4.5,4.71,316300,0
20151224,4.7,4.88,4.57,4.6,237372,0
20151228,4.6,4.63,4.43,4.49,442054,0
20151229,4.48,5.03,4.47,4.97,579023,0
20151230,4.92,5.07,4.63,4.69,410834,0
20151231,4.65,4.84,4.47,4.64,503681,0
20160104,4.47,4.73,4.4301,4.51,481333,0
20160105,4.53,4.64,4.33,4.41,439499,0
20160106,4.39,4.39,4.115,4.17,589956,0
20160107,3.98,4.15,3.66,3.7,1318854,0
20160108,3.75,4,3.72,3.75,606995,0
20160111,3.8,3.93,2.75,3.01,1799894,0
20160112,3.11,3.38,3.01,3.18,1054307,0
20160113,3.43,3.43,2.76,2.79,1216731,0
20160114,2.88,3.88,2.51,3.76,2100947,0
20160115,3.41,3.74,3.21,3.44,843131,0
20160119,3.55,3.69,3.1,3.25,795400,0
20160120,3.15,3.47,2.82,3.34,959427,0
20160121,3.36,3.53,3.053,3.13,691225,0
20160122,3.23,3.36,3.1,3.31,487406,0
20160125,3.27,3.49,3.25,3.28,564144,0
20160126,3.31,3.32,3.05,3.24,452307,0
20160127,3.24,3.24,3.05,3.07,573536,0
20160128,3.09,3.18,2.97,2.99,722899,0
20160129,2.97,3.25,2.96,3.23,461290,0
20160201,3.21,3.29,3.04,3.11,577940,0
20160202,3.02,3.208,2.9,3.01,525124,0
20160203,3.08,3.08,2.71,2.87,548687,0
20160204,2.85,3.18,2.81,3.01,599147,0
20160205,2.97,2.97,2.63,2.67,750695,0
20160208,2.65,2.65,2.282,2.46,880677,0
20160209,2.44,2.8306,2.41,2.71,535520,0
20160210,2.79,2.84,2.57,2.6,501000,0
20160211,2.5,2.74,2.49,2.67,454271,0
20160212,2.72,2.875,2.6,2.86,439705,0
20160216,2.96,3.11,2.9103,3.11,318199,0
20160217,3.13,3.3,3.03,3.18,416876,0
20160218,3.19,3.22,2.87,2.9,466903,0
20160219,2.99,3.08,2.76,3.03,522644,0
20160222,3.1,3.1899,3.06,3.14,286887,0
20160223,3.11,3.16,2.96,2.97,361098,0
20160224,2.91,3.04,2.7789,2.99,389266,0
20160225,2.99,3.06,2.85,2.92,320267,0
20160226,2.95,3.06,2.8875,3.03,312500,0
20160229,3.02,3.17,2.99,3.03,290738,0
20160301,3.07,3.15,2.905,3.07,427717,0
20160302,3.08,3.55,3.07,3.54,1005651,0
20160303,3.68,3.87,3.56,3.63,598555,0
20160304,3.63,3.86,3.51,3.75,508127,0
20160307,3.71,4.46,3.6601,4.27,955626,0
20160308,4.25,4.4198,4.1,4.35,951465,0
20160309,4.4,4.8099,4.34,4.66,997414,0
20160310,4.72,4.9,4.04,4.14,1104374,0
20160311,4.2,4.56,3.8,4.2,1274013,0
20160314,4.18,4.373,4.1,4.19,409087,0
20160315,4,4.16,3.62,3.65,631847,0
20160316,3.62,3.82,3.5801,3.675,244773,0
20160317,3.69,3.91,3.5,3.66,605529,0
20160318,3.72,3.875,3.51,3.8,746126,0
20160321,3.78,3.98,3.65,3.67,472917,0
20160322,3.6,3.81,3.51,3.72,407112,0
20160323,3.77,3.77,3.38,3.43,768994,0
20160324,3.38,3.53,3.25,3.46,442845,0
20160328,3.58,3.63,3.32,3.46,330003,0
20160329,3.46,3.69,3.33,3.6,582315,0
20160330,3.7,3.78,3.41,3.51,531055,0
20160331,3.55,3.75,3.46,3.62,521519,0
20160401,3.61,3.76,3.54,3.71,486626,0
20160404,3.75,4.06,3.71,3.87,763418,0
20160405,3.83,4,3.8,3.85,410972,0
20160406,3.88,4.2,3.86,4.14,746058,0
20160407,4.13,4.32,4,4.06,997234,0
20160408,4.13,4.19,3.79,3.84,777972,0
20160411,3.86,3.94,3.45,3.49,929165,0
20160412,3.47,3.63,3.43,3.51,457014,0
20160413,3.54,3.79,3.51,3.72,466988,0
20160414,3.74,3.89,3.71,3.83,480074,0
20160415,3.82,3.95,3.71,3.85,264937,0
