Date,Open,High,Low,Close,Volume,OpenInt
20140619,14.5,14.88,14.09,14.11,1583035,0
20140620,14.06,14.54,14.05,14.31,74497,0
20140623,14.68,15.88,14.36,15.15,99632,0
20140624,15.2,16,15.2,15.81,50104,0
20140625,15.75,15.93,15.35,15.45,30844,0
20140626,15.45,15.95,15.23,15.73,40161,0
20140627,15.63,16,15.59,15.96,12039,0
20140630,15.87,16,15.51,15.97,20168,0
20140701,16,18,15.984,17.74,45487,0
20140702,17.86,19.49,17.86,19.44,48200,0
20140703,19.49,20.5,19.462,20.44,19547,0
20140707,20.63,21.6,18.61,19,67698,0
20140708,19,19.84,17.4,17.7,28999,0
20140709,17.7,18.97,17.12,17.92,29755,0
20140710,16.71,17.2,16,16.5,64600,0
20140711,16.45,18.01,16.45,17.75,24435,0
20140714,18.24,18.51,15.88,16.51,109246,0
20140715,16.56,16.71,16.03,16.5,31517,0
20140716,16.47,16.61,16.09,16.39,26298,0
20140717,16.29,16.65,16.2,16.24,31205,0
20140718,16.05,16.38,15.85,16.2,14825,0
20140721,16.06,16.11,15.2,15.2,22520,0
20140722,15.2,16.44,15.161,16.25,6678,0
20140723,16.17,16.17,15.332,15.91,33706,0
20140724,15.94,16.44,15.51,15.79,64212,0
20140725,15.61,15.78,15.16,15.69,55383,0
20140728,15.208,15.8,15.2,15.37,9541,0
20140729,15.26,15.9,15.16,15.65,5805,0
20140730,15.53,15.54,15.15,15.2,8089,0
20140731,15.06,15.06,14.37,14.46,31501,0
20140801,14.53,14.53,12.97,13.23,25471,0
20140804,13.26,13.75,12.8,13.39,28569,0
20140805,13.35,13.38,12.46,13.02,24041,0
20140806,12.35,13,12.13,12.36,16936,0
20140807,12.07,12.6,11.37,12.03,17213,0
20140808,11.56,12.3,11.56,11.7,12789,0
20140811,11.75,12.28,11.63,11.86,19589,0
20140812,11.9,12.18,11.68,11.97,7691,0
20140813,12.21,12.59,11.82,12.09,4917,0
20140814,12.1,12.1,11.522,11.99,38740,0
20140815,11.67,12.245,11.37,11.65,56635,0
20140818,11.95,12.47,11.78,12.24,17341,0
20140819,12.38,12.48,12.02,12.46,10288,0
20140820,12.499,12.9,12.3,12.885,24610,0
20140821,11.88,13,11.83,12.46,30725,0
20140822,12.16,12.75,12,12.6,15506,0
20140825,12.75,13.69,12.75,13.24,29670,0
20140826,12.61,13.45,12.61,13.44,12244,0
20140827,13.5,14.23,13.4,13.9,18357,0
20140828,13.96,14.99,13.64,14.93,19509,0
20140829,14.93,15,14.772,14.96,5815,0
20140902,14.54,14.62,13.91,14.62,13847,0
20140903,14.12,14.49,13.98,14.37,15336,0
20140904,14.06,14.75,13.99,14.175,14638,0
20140905,13.98,14.3,13.98,13.98,18708,0
20140908,14.25,14.58,14.17,14.32,28553,0
20140909,14.54,14.55,13.495,13.75,38658,0
20140910,14.78,14.78,13.75,13.76,23161,0
20140911,13.74,14.09,12.31,12.98,47914,0
20140912,13.46,13.72,12.62,12.7,36093,0
20140915,12.82,14.016,12.76,13.91,30912,0
20140916,13.96,14.45,13.43,13.69,55333,0
20140917,13.35,13.7,12.96,13.04,28900,0
20140918,13.01,14.16,13.01,13.24,12763,0
20140919,13.75,14,12.71,12.71,81577,0
20140922,13.17,13.71,12.54,12.89,28615,0
20140923,12.75,14.39,12.65,14.01,30561,0
20140924,14.01,14.35,13.63,14.08,28681,0
20140925,13.92,14.1,13.66,13.95,22179,0
20140926,13.99,14.2,13.79,14.14,35034,0
20140929,14.05,14.52,13.92,14.39,32164,0
20140930,14.15,14.4,13.8,14.21,516162,0
20141001,15.4,20,15.1,19,908827,0
20141002,19,19.93,18.67,19.38,153156,0
20141003,19.38,22.87,18.91,22.48,204786,0
20141006,24,25.23,22.5,24.13,190426,0
20141007,24,24,22.021,22.45,127014,0
20141008,22.27,22.45,20.49,21,70282,0
20141009,20.81,21.28,18.669,19.01,158787,0
20141010,18.86,20.35,18.86,19.61,58649,0
20141013,19.39,20.47,19.2,20.24,53082,0
20141014,20.53,20.84,19.51,20,70285,0
20141015,20.02,20.08,18.57,19.08,112582,0
20141016,19,21.2,19,20.77,40571,0
20141017,21.01,21.01,20.11,20.79,46674,0
20141020,20.64,22.61,19.76,19.98,79318,0
20141021,20.03,21.8,20.03,21.16,44721,0
20141022,21.4,24.22,20.505,23.5,81985,0
20141023,24.23,24.69,22.5,22.98,43866,0
20141024,23.21,24.49,21.06,21.35,35840,0
20141027,21.19,24.246,19.43,20.09,27119,0
20141028,19.85,20.315,19.33,20.3,30693,0
20141029,20.3,21.17,19.82,20.39,8549,0
20141030,21.02,21.91,19.9,19.91,69666,0
20141031,20.25,22.328,20.25,21.93,91872,0
20141103,21.8,23,20.82,22.58,20969,0
20141104,23,24,21.44,22.42,27325,0
20141105,23.29,23.3,21.55,23.14,15522,0
20141106,22.32,24.25,22.31,24.01,32010,0
20141107,24.01,24.76,23.2,23.49,31264,0
20141110,23.24,23.7,21.75,22.69,45823,0
20141111,22.51,22.51,21.5,21.91,25450,0
20141112,21.43,23.58,21.43,21.6,21489,0
20141113,21.6,21.935,20.901,21.65,19643,0
20141114,21.93,21.93,21.19,21.64,10108,0
20141117,21.63,21.73,20.2,20.26,19737,0
20141118,20.17,21.35,20.17,21.33,14641,0
20141119,21.3,21.3,20.37,20.97,15000,0
20141120,20.86,22.18,20.68,22.17,16775,0
20141121,22.57,23.604,22.04,22.81,15140,0
20141124,23.53,23.85,23,23.84,25493,0
20141125,23.95,23.95,23.17,23.92,10382,0
20141126,23.98,26.29,23.98,26.27,15074,0
20141128,25.66,27.24,25.61,26.77,19163,0
20141201,27.25,28.36,26.72,27.81,32573,0
20141202,28.51,29.99,27.85,29.2,43289,0
20141203,29.42,33.01,29,32.89,50072,0
20141204,33.4,35.48,31.85,32.74,69986,0
20141205,32.65,34.37,32.354,32.83,42229,0
20141208,32.94,33.49,30.86,30.87,34285,0
20141209,30.13,31.911,28.38,30.17,37745,0
20141210,29.79,29.79,28.3,28.75,25131,0
20141211,28.77,29.45,28.46,28.46,24561,0
20141212,29.93,31.52,28.38,30.35,29472,0
20141215,25.29,28.22,21.128,23.06,332648,0
20141216,22.86,23.964,22.3,23.32,152805,0
20141217,22.68,23.66,22.68,23.43,57559,0
20141218,23.42,24.67,23.25,24.05,57530,0
20141219,23.11,24.05,23.11,23.86,103105,0
20141222,23.5,24.05,23.28,23.9,64097,0
20141223,23.73,23.94,22,22.71,142262,0
20141224,22.04,22.535,20.67,20.97,91792,0
20141226,21.6,22.44,20.91,21.44,32148,0
20141229,20.65,21.2,19.36,20.23,115160,0
20141230,19.64,20.05,18.75,19.03,100969,0
20141231,18.86,19.27,18.13,18.89,175992,0
20150102,19.47,20.3,18.95,20.26,73148,0
20150105,20.26,21.962,20.13,21.96,66157,0
20150106,22.19,23.44,22.1,23.02,78955,0
20150107,22.75,23.48,22.52,23.33,47133,0
20150108,23,24.55,23,23.55,437626,0
20150109,23.05,24.42,23.05,23.5,76158,0
20150112,24.07,24.14,23,23.75,96779,0
20150113,23.84,24.32,22.94,23.79,164440,0
20150114,23.61,24.71,23.02,24.32,85764,0
20150115,24.47,24.47,24.01,24.27,93112,0
20150116,24.05,25.93,24.05,25.57,92986,0
20150120,26,26,24.75,25.38,119403,0
20150121,25.51,25.85,24.311,25,46694,0
20150122,25.13,26.75,24.45,26.31,296523,0
20150123,26.25,27.06,26.195,26.62,90413,0
20150126,26.97,26.97,25.3,26.16,47341,0
20150127,26.11,27,25.38,25.78,37256,0
20150128,25.85,27.99,25.85,27.44,134127,0
20150129,27.42,27.73,26.27,27.37,133141,0
20150130,26.95,27.74,26.69,27.01,228396,0
20150202,25.64,25.64,18.3,19.25,927046,0
20150203,18.7,19.28,15.34,15.54,450164,0
20150204,16,17.18,15.6,15.78,288864,0
20150205,15.73,16.47,15.46,15.95,167266,0
20150206,15.94,16.2,15.73,15.92,82777,0
20150209,15.61,16.04,15.61,15.89,82282,0
20150210,15.81,16.07,15.61,15.78,82139,0
20150211,15.69,16.23,15.53,15.83,78719,0
20150212,16,16.63,15.68,16.43,79663,0
20150213,16.45,17.19,16.2,17.14,73940,0
20150217,17.25,17.25,16.1,16.37,49791,0
20150218,16.23,17.67,16.14,17.63,65605,0
20150219,17.82,18.15,17.01,17.19,56581,0
20150220,17.45,17.49,16.55,17.18,62452,0
20150223,17.05,17.45,16.45,17.29,37468,0
20150224,17.41,17.41,16.28,16.88,70400,0
20150225,16.89,17.43,16.3,17.3,34015,0
20150226,16.22,16.63,14.78,16.01,116215,0
20150227,15.961,16.4,15.74,15.745,73281,0
20150302,16.19,16.78,15.5,16.46,97700,0
20150303,16,16.43,15.34,15.4,105100,0
20150304,15.05,15.96,15,15.6,81000,0
20150305,15.57,16.22,15.21,16.08,45500,0
20150306,15.94,15.98,15.49,15.66,53700,0
20150309,15.34,15.56,14.9,15.13,93600,0
20150310,15.15,15.6,14.81,15.33,54700,0
20150311,15.43,15.6,15.05,15.35,41900,0
20150312,15.32,15.6,14.82,15.53,58900,0
20150313,15.74,16.22,15.33,15.5,54400,0
20150316,15.74,15.81,15.1,15.71,47300,0
20150317,15.94,15.94,15.22,15.63,27100,0
20150318,15.63,15.69,15.3,15.57,43400,0
20150319,15.55,16.16,15.51,15.9,40500,0
20150320,15.91,16.18,15.26,15.28,106500,0
20150323,15.21,15.7,14.91,15.15,140400,0
20150324,15.21,15.64,15,15.13,73100,0
20150325,15.15,15.15,14.12,14.3,97600,0
20150326,14.3,14.54,13.94,14.03,74700,0
20150327,14.09,14.62,14,14.01,80700,0
20150330,13.88,14.05,13.14,13.21,94400,0
20150331,13.08,13.31,13,13.09,65400,0
20150401,13.14,13.83,12.91,13.24,69100,0
20150402,13.2,13.26,12.96,13.02,49700,0
20150406,13.09,13.09,12.55,12.69,85600,0
20150407,12.74,12.88,12.08,12.22,110164,0
20150408,12.14,12.55,12.04,12.33,95000,0
20150409,12.33,13.19,12.25,12.87,313271,0
20150410,13,13.76,12.7,12.82,122300,0
20150413,12.85,13.76,12.8,13.34,115400,0
20150414,13.48,13.48,12.91,13.05,103200,0
20150415,12.93,13.31,12.88,13.15,110080,0
20150416,13.19,13.25,12.46,12.53,89136,0
20150417,12.31,12.79,12.3,12.48,103500,0
20150420,12.48,12.96,11.59,12.75,144848,0
20150421,12.45,13.12,12.45,12.52,131784,0
20150422,12.6,12.75,12.04,12.51,114358,0
20150423,12.44,12.51,12.14,12.41,121700,0
20150424,12.45,12.5,11.88,11.92,101900,0
20150427,12.24,12.41,11.52,11.74,123700,0
20150428,11.94,11.94,11.36,11.55,73500,0
20150429,11.47,11.78,11.3,11.37,68300,0
20150430,11.2,11.25,10.4,10.5,153700,0
20150501,10.47,11.13,10.47,11.01,41600,0
20150504,10.81,10.99,10.7,10.96,53000,0
20150505,10.99,10.99,10.8,10.91,43100,0
20150506,8.9,8.92,7.95,8.32,588828,0
20150507,8.52,8.83,8.01,8.66,159799,0
20150508,8.75,8.9,8.58,8.86,82200,0
20150511,8.86,9.17,8.86,9,111300,0
20150512,8.8,9.18,8.51,9.06,81488,0
20150513,9.03,9.08,8.28,8.96,74900,0
20150514,8.96,9.39,8.65,8.92,123300,0
20150515,8.98,9.07,8.7,8.95,61151,0
20150518,8.98,9.26,8.87,9.22,61759,0
20150519,9.63,10.73,8.06,10.63,587800,0
20150520,11.25,12.4,11,11.69,435300,0
20150521,11.1,11.55,10.83,11.17,188200,0
20150522,11.06,11.34,11,11.03,552300,0
20150526,11.18,11.18,10.617,10.91,104618,0
20150527,10.97,11.15,10.68,11.12,60700,0
20150528,11.13,11.13,10.675,10.96,42488,0
20150529,10.94,11.15,10.6,10.95,78500,0
20150601,10.97,10.97,9.99,10.16,81200,0
20150602,9.9,10.72,9.9,10.7,52517,0
20150603,12.5,15.57,12.4,14.95,996100,0
20150604,16.14,16.14,14.19,14.51,433800,0
20150605,14.62,14.81,14.25,14.54,135800,0
20150608,14.36,14.77,14.3,14.64,162500,0
20150609,14.69,14.87,14.42,14.61,110238,0
20150610,14.8,15.43,14.41,15.04,155103,0
20150611,15.12,15.2,14.17,14.6,124502,0
20150612,14.61,14.66,14.13,14.64,68400,0
20150615,14.93,17.02,14.87,16.96,559000,0
20150616,17.61,17.66,15.1,15.69,254500,0
20150617,15.65,16.3,15.38,16.05,105700,0
20150618,16.21,17.01,16.21,16.36,122800,0
20150619,16.48,16.8,15.97,16.48,111200,0
20150622,16.38,16.64,15.92,16.43,99200,0
20150623,16.52,17.04,16.34,16.87,156008,0
20150624,16.81,17,15.75,15.93,110800,0
20150625,16,16.4,15.59,16.05,98200,0
20150626,15.97,16.32,15.55,15.89,975700,0
20150629,15.75,16.33,14.77,14.92,189100,0
20150630,15.17,16.19,14.71,15.97,192278,0
20150701,16.09,16.23,15.49,16.09,85800,0
20150702,16.27,16.27,15.65,15.89,77000,0
20150706,15.65,17,15,16.96,116300,0
20150707,16.85,16.85,16.12,16.66,51600,0
20150708,16.95,16.95,15.72,15.94,54900,0
20150709,16.2,16.75,15.89,16.46,91900,0
20150710,16.7,17.94,16.62,17.67,110300,0
20150713,17.5,17.77,17.01,17.29,114800,0
20150714,17.2,18.137,17.01,17.67,194522,0
20150715,17.79,17.79,16.66,16.89,178592,0
20150716,17.05,17.4,16.74,16.99,82000,0
20150717,17.09,17.17,16.88,16.99,169500,0
20150720,16.95,17.5,16.95,17.25,93000,0
20150721,17.15,17.73,16.97,17.63,314700,0
20150722,17.46,18.59,17.07,18.09,119300,0
20150723,18.22,18.86,18.09,18.1,63100,0
20150724,18.1,18.14,17.51,18.01,100900,0
20150727,17.8,19.17,17.56,19.14,143200,0
20150728,19.23,20.1,18.96,19.63,340700,0
20150729,19.78,19.86,19.1,19.27,156500,0
20150730,19.31,19.57,18.41,18.88,248900,0
20150731,18.88,19.76,18.73,19.72,584200,0
20150803,19.6,20.26,17.67,19.87,91752,0
20150804,19.86,19.9,19.36,19.79,58000,0
20150805,19.86,19.95,19.01,19.23,104200,0
20150806,19.07,19.3,18.24,18.41,96951,0
20150807,18.25,18.55,18.25,18.29,81400,0
20150810,18.32,18.76,18,18.11,144800,0
20150811,18,18.99,17.83,18.71,95774,0
20150812,19.5,19.5,17.74,18.25,148800,0
20150813,18.21,19.06,17.82,18.21,94600,0
20150814,18.13,18.96,17.75,18.91,75300,0
20150817,18.95,19.06,18.58,18.87,166100,0
20150818,19.09,20,18.56,19.36,302600,0
20150819,18.99,19.3,17.68,18.2,111900,0
20150820,18.03,18.38,17.27,17.29,97400,0
20150821,16.8,17.9,16.6,17.41,112700,0
20150824,16.77,17.66,16.02,16.72,131749,0
20150825,17.29,17.91,17.1,17.13,141000,0
20150826,17.56,18.92,17.19,17.7,158800,0
20150827,17.85,17.85,17.2,17.63,142700,0
20150828,17.46,18.89,17.4,18.75,106200,0
20150831,18.74,19.37,18.07,18.98,124800,0
20150901,18.32,19.37,17.97,18.77,109400,0
20150902,18.86,19.5,18,19.2,130100,0
20150903,19.25,19.73,18.39,18.58,131400,0
20150904,18.3,19.65,18.3,18.89,119700,0
20150908,19.16,20.99,19.08,20.46,291400,0
20150909,20.82,20.92,19.67,19.88,214200,0
20150910,19.9,20.98,19.39,20.65,202520,0
20150911,20.64,21.28,18.65,20.84,130400,0
20150914,20.84,21.77,20.75,21.3,150800,0
20150915,21.54,22.15,20.88,21.33,178200,0
20150916,21.35,21.92,20.5,20.93,170100,0
20150917,20.94,21.92,20.47,21.49,122500,0
20150918,21.23,22,20.88,21.99,207400,0
20150921,22.08,22.48,20.66,21.15,94500,0
20150922,21.4,22,20.97,21.4,150600,0
20150923,21.51,21.85,20.89,21.29,108200,0
20150924,21.2,21.66,20.45,21.63,122431,0
20150925,21.89,21.99,19.97,20.08,156600,0
20150928,20.06,20.06,17.49,17.68,208241,0
20150929,17.53,17.9,16.15,16.65,106400,0
20150930,16.94,17.36,16.24,17.28,195300,0
20151001,17.23,17.61,16.22,16.79,178600,0
20151002,16.61,18.66,16.47,18.65,148000,0
20151005,18.9,19.41,18.12,18.43,163213,0
20151006,18.46,18.82,17.1,18.52,177800,0
20151007,18.67,20.1,18.17,20.07,164400,0
20151008,19.88,20.44,19.07,20.04,96600,0
20151009,20.11,21.27,20.11,20.7,460900,0
20151012,20.82,21.01,20.16,20.52,111522,0
20151013,20.45,20.81,19.97,20.13,97100,0
20151014,20.26,20.44,18.41,18.63,114900,0
20151015,18.56,20.06,18.33,19.43,183300,0
20151016,19.56,19.67,18.99,19.4,72900,0
20151019,19.27,19.75,18.45,19.27,198400,0
20151020,19.32,19.57,18.2,18.53,181105,0
20151021,18.65,19.4,16.89,17.18,246100,0
20151022,17.23,18.01,16.6,17,114000,0
20151023,17.21,17.25,15.77,15.85,166100,0
20151026,15.73,18.2,15.15,17.18,279300,0
20151027,17.15,17.15,15.95,16.39,166100,0
20151028,16.49,17.62,16.49,17.49,157900,0
20151029,17.49,17.9,16.82,16.93,90600,0
20151030,16.8,17.05,16.27,16.38,48800,0
20151102,16.36,17.63,16.36,17.31,63027,0
20151103,17.3,17.93,17.13,17.57,133900,0
20151104,17.58,18.45,17.37,18.22,84081,0
20151105,18.19,18.25,17.35,18.01,58900,0
20151106,17.96,19.45,17.25,19.12,61000,0
20151109,19,19.4,18.52,19.12,81159,0
20151110,19.08,19.37,18.54,19.25,68700,0
20151111,19.25,19.45,18.56,19.27,70400,0
20151112,16.9,19.99,15.13,18.1,215500,0
20151113,19.88,19.88,18.09,18.42,74300,0
20151116,18.47,18.47,17.44,18.16,86100,0
20151117,18.28,18.59,17.7,17.81,87700,0
20151118,17.92,18.03,17.15,17.95,116100,0
20151119,17.85,17.87,16.92,17.01,104200,0
20151120,17.12,17.79,16.76,17.25,281100,0
20151123,17.17,18.33,17.05,18.23,59300,0
20151124,18.02,18.7,18.02,18.48,39100,0
20151125,18.38,19.55,18.38,19.54,59700,0
20151127,19.5,20.33,17.99,19.92,116700,0
20151130,20.13,20.15,17.37,19.56,143400,0
20151201,19.68,20.54,18.01,20.26,81057,0
20151202,19.94,20.98,19.49,20.36,107965,0
20151203,20.32,20.51,18.68,19.05,64266,0
20151204,19.25,19.25,17.91,19,94600,0
20151207,19.02,20.17,17.79,17.95,102500,0
20151208,17.75,18.71,17.3,18.5,60390,0
20151209,18.44,18.44,17.27,17.69,92200,0
20151210,17.71,18.19,17.45,18.04,70600,0
20151211,17.86,18.89,17.86,18.56,70700,0
20151214,18.64,19.42,18.392,19.18,117445,0
20151215,19.3,20.5,19.3,19.91,127100,0
20151216,19.99,20.08,19.4,20,165700,0
20151217,20,20,19.15,19.5,171300,0
20151218,19.51,20.3,19.1,19.61,970900,0
20151221,19.89,20.73,19.52,19.89,66900,0
20151222,20.13,20.17,18.23,18.73,115486,0
20151223,18.85,19.21,18.07,18.93,45100,0
20151224,19,19.19,18.42,19.02,35579,0
20151228,18.91,19.69,18.35,18.77,65275,0
20151229,18.86,19.85,18.5,19.81,129618,0
20151230,19.86,20.18,19.17,19.2,54778,0
20151231,19.09,19.69,18.09,18.12,72324,0
20160104,17.58,17.77,16.75,17.22,95120,0
20160105,17.9,17.9,16.27,16.46,121170,0
20160106,16.3,16.33,14.8,14.96,165089,0
20160107,12.36,12.36,9.17,10.09,1009173,0
20160108,11.06,11.29,10.11,10.72,3119252,0
20160111,10.71,10.83,10,10.31,496514,0
20160112,10.4,10.81,10.01,10.55,268174,0
20160113,10.65,10.72,9.7,9.85,317709,0
20160114,9.92,10.649,9.43,10.52,395288,0
20160115,10.32,11.025,10.11,10.55,589810,0
20160119,10.75,10.98,10.15,10.8,337000,0
20160120,10.49,10.96,10.29,10.77,355237,0
20160121,10.82,11.14,10.486,10.77,179563,0
20160122,11,11.87,10.73,11.75,236678,0
20160125,11.69,12.27,11.26,11.55,188206,0
20160126,11.57,11.68,10.9,11.41,142973,0
20160127,11.34,11.4,10.364,10.53,234198,0
20160128,10.72,10.9199,9.8,10.09,506690,0
20160129,10.16,10.74,9.91,10.41,684163,0
20160201,10.4,10.78,10.19,10.57,145755,0
20160202,10.32,10.46,9.65,9.87,131640,0
20160203,9.84,9.98,9.13,9.87,314990,0
20160204,9.8,10.56,9.61,10.1,122128,0
20160205,9.94,10.03,9.65,9.82,189941,0
20160208,9.67,9.68,8.86,9.1,242442,0
20160209,8.96,9.44,8.87,9.16,153416,0
20160210,9.26,10,9.02,9.4,130499,0
20160211,9.12,9.44,9.03,9.38,141517,0
20160212,9.49,10.26,9.2,10.22,125424,0
20160216,10.36,10.69,10.12,10.59,99205,0
20160217,10.7,11.55,10.535,11.26,175858,0
20160218,11.29,11.47,10.37,10.45,116275,0
20160219,10.42,11.02,10.11,10.85,141707,0
20160222,11,11.165,10.81,10.89,91849,0
20160223,10.82,11.08,10.01,10.04,204613,0
20160224,9.8,10.51,9.76,10.09,117456,0
20160225,10.01,10.2,9.62,9.84,108061,0
20160226,9.91,10.22,9.68,9.94,105424,0
20160229,9.91,9.91,9.29,9.66,230272,0
20160301,9.74,10.28,9.48,10.25,185010,0
20160302,10.2,10.97,9.305,10.54,183548,0
20160303,10.88,10.955,9.95,10.06,126785,0
20160304,10.18,10.8472,9.0302,9.14,189886,0
20160307,9.01,9.81,9.01,9.54,126492,0
20160308,9.46,9.6,8.5,8.51,202520,0
20160309,8.83,9.27,8.13,8.58,149424,0
20160310,8.53,8.74,7.575,7.96,214710,0
20160311,8.05,8.8799,7.81,8.19,86642,0
20160314,8.19,8.525,8.12,8.24,83306,0
20160315,8.11,8.25,7.84,7.89,241592,0
20160316,7.82,7.93,7.32,7.45,90628,0
20160317,7.45,7.45,6.8401,6.88,175316,0
20160318,6.94,7.4672,6.88,7.17,299229,0
20160321,7.14,7.86,7.08,7.44,151834,0
20160322,7.66,8.26,7.66,7.85,160464,0
20160323,7.85,8,7.101,7.19,121714,0
20160324,7.1,7.48,6.9,7.35,160845,0
20160328,7.4,7.79,6.88,6.98,477156,0
20160329,6.91,7.79,6.9,7.5,272767,0
20160330,7.6,8.1029,7.32,7.54,175307,0
20160331,7.87,8.02,7.41,7.77,260323,0
20160401,7.67,8.08,7.57,7.78,158726,0
20160404,7.85,8.27,7.78,7.83,173746,0
20160405,7.73,7.94,7.39,7.42,188011,0
20160406,7.43,8.09,7.42,8.08,124740,0
20160407,7.99,8.3099,7.59,7.96,245196,0
20160408,8.07,8.2,7.79,7.95,132012,0
20160411,8.02,8.15,7.7,7.76,66350,0
20160412,7.8,8,7.575,7.74,73642,0
20160413,7.82,8.17,7.66,8.08,92186,0
20160414,8.09,8.59,8.05,8.26,70159,0
20160415,8.19,8.38,8.01,8.23,68501,0
