Date,Open,High,Low,Close,Volume,OpenInt
20100824,17.696,17.696,17.696,17.696,526,0
20100826,17.696,17.696,17.696,17.696,1194,0
20100827,17.323,17.346,17.323,17.346,570,0
20100908,17.887,17.887,17.887,17.887,642,0
20100909,18.078,18.078,18.078,18.078,553,0
20100910,18.837,19.027,18.837,19.027,656,0
20100913,17.627,17.627,17.606,17.606,395,0
20100915,17.809,17.809,17.809,17.809,261,0
20100917,16.845,16.883,16.845,16.883,469,0
20100920,17.848,19.027,17.848,19.02,889,0
20100921,19.119,20.277,19.119,19.409,640,0
20100922,19.942,19.942,19.942,19.942,261,0
20100927,18.405,18.405,17.939,17.939,261,0
20100928,17.939,17.939,17.939,17.939,261,0
20100930,18.106,18.115,18.106,18.115,261,0
20101004,18.99,20.55,18.99,19.204,2821,0
20101006,18.038,18.045,16.812,17.127,1319,0
20101018,17.208,17.208,17.208,17.208,261,0
20101021,17.316,17.316,17.316,17.316,556,0
20101028,19.409,19.409,19.027,19.027,1841,0
20101029,18.275,18.275,18.266,18.266,1511,0
20101108,18.654,18.837,18.654,18.837,395,0
20101110,19.027,19.027,19.027,19.027,1052,0
20101112,19.02,19.02,18.654,18.654,395,0
20101116,19.02,19.02,18.99,18.99,741,0
20101117,18.648,18.648,18.648,18.648,195,0
20101118,19.027,19.027,18.671,19.027,2062,0
20101119,18.671,18.671,18.671,18.671,240,0
20101122,18.746,18.746,18.746,18.746,128,0
20101123,19.767,19.767,19.027,19.027,538,0
20101124,19.027,19.027,19.027,19.027,261,0
20101201,19.027,19.027,19.027,19.027,786,0
20101206,18.746,18.746,18.739,18.739,526,0
20101208,18.951,18.951,18.943,18.951,918,0
20101209,18.951,18.968,18.951,18.968,1183,0
20101210,19.02,19.027,19.02,19.027,526,0
20101213,18.29,18.654,18.275,18.654,656,0
20101214,18.351,18.418,18.342,18.418,1674,0
20101215,18.381,18.381,18.381,18.381,184,0
20101216,18.982,19.014,18.342,19.014,566,0
20101221,19.02,19.02,19.02,19.02,128,0
20101222,18.648,18.648,18.648,18.648,261,0
20101223,18.951,18.951,18.951,18.951,128,0
20101227,18.877,18.877,18.877,18.877,311,0
20101230,18.266,18.266,18.266,18.266,128,0
20110103,17.863,18.266,17.863,18.266,377,0
20110104,18.266,18.266,17.963,17.963,1449,0
20110110,19.027,19.027,18.648,18.648,786,0
20110111,19.027,19.027,19.027,19.027,128,0
20110112,18.648,18.648,17.262,17.848,2532,0
20110113,18.266,18.266,18.229,18.229,261,0
20110118,18.229,18.229,17.513,17.513,3322,0
20110120,17.75,17.803,17.75,17.803,1491,0
20110121,18.769,18.769,18.769,18.769,128,0
20110124,17.887,17.894,17.887,17.887,1709,0
20110125,17.894,18.463,17.619,17.963,6506,0
20110126,18.266,19.027,18.266,19.027,2460,0
20110128,19.027,19.789,19.027,19.789,526,0
20110131,19.027,19.027,19.027,19.027,526,0
20110203,19.081,19.081,19.072,19.072,395,0
20110204,19.072,19.072,19.072,19.072,261,0
20110215,19.027,19.027,19.027,19.027,395,0
20110216,19.105,19.105,19.105,19.105,184,0
20110218,19.027,19.027,18.837,18.837,1514,0
20110222,18.837,18.837,18.837,18.837,526,0
20110223,18.877,18.877,18.877,18.877,128,0
20110225,19.027,19.027,19.027,19.027,128,0
20110303,18.852,18.852,18.852,18.852,128,0
20110307,18.837,18.884,18.837,18.884,1730,0
20110318,19.027,19.027,19.027,19.027,1182,0
20110325,19.789,19.789,19.789,19.789,1315,0
20110331,19.636,19.636,19.379,19.379,778,0
20110401,19.18,19.636,19.18,19.18,311,0
20110405,19.37,19.491,19.332,19.332,2962,0
20110408,19.332,19.332,19.332,19.332,128,0
20110411,19.332,19.332,19.332,19.332,186,0
20110412,19.636,19.636,19.636,19.636,1211,0
20110413,19.636,19.636,19.636,19.636,430,0
20110421,19.332,19.332,19.332,19.332,656,0
20110425,19.37,19.37,19.332,19.332,318,0
20110427,19.37,19.37,19.332,19.332,360,0
20110428,20.154,20.17,20.154,20.17,1478,0
20110429,19.789,19.789,19.789,19.789,557,0
20110503,19.339,19.339,19.339,19.339,195,0
20110504,19.409,19.409,19.409,19.409,1576,0
20110505,19.485,19.485,19.485,19.485,128,0
20110506,19.379,19.782,19.37,19.37,1709,0
20110511,19.37,19.37,19.189,19.189,1984,0
20110513,19.204,19.204,19.027,19.027,991,0
20110523,19.072,19.072,19.059,19.072,395,0
20110524,19.05,19.05,19.05,19.05,378,0
20110527,19.059,19.112,19.027,19.067,1759,0
20110531,19.044,19.044,19.027,19.027,362,0
20110602,19.036,19.409,19.027,19.027,1841,0
20110603,19.059,19.059,19.027,19.027,567,0
20110606,19.036,19.036,19.036,19.036,128,0
20110609,19.105,19.105,19.105,19.105,199,0
20110614,19.112,19.789,19.112,19.789,1101,0
20110615,19.409,19.409,19.105,19.105,294,0
20110621,19.249,19.249,19.217,19.217,526,0
20110622,19.225,19.225,19.217,19.217,321,0
20110624,19.105,19.789,19.105,19.241,1388,0
20110627,19.027,19.027,19.027,19.027,1969,0
20110629,19.217,19.217,19.217,19.217,175,0
20110706,19.257,19.257,19.257,19.257,259,0
20110707,19.257,19.257,19.257,19.257,306,0
20110708,19.332,19.332,19.332,19.332,128,0
20110711,19.036,19.036,19.027,19.027,857,0
20110712,19.067,19.067,19.027,19.027,362,0
20110726,19.112,19.112,19.112,19.112,842,0
20110727,19.112,19.112,19.112,19.112,183,0
20110804,19.105,19.105,19.105,19.105,526,0
20110805,19.767,20.17,19.112,19.112,591,0
20110808,19.105,19.105,19.105,19.105,128,0
20110809,19.027,19.027,19.027,19.027,691,0
20110816,19.067,19.072,19.067,19.072,306,0
20110817,19.072,19.072,19.067,19.067,370,0
20110818,19.044,19.044,19.044,19.044,128,0
20110823,17.788,19.409,16.585,19.409,14924,0
20110825,19.257,19.379,19.257,19.379,786,0
20110826,19.204,19.409,19.204,19.409,261,0
20110907,19.059,19.059,19.036,19.036,1245,0
20110916,19.18,19.18,19.18,19.18,261,0
20110921,19.067,19.067,19.027,19.027,935,0
20110922,19.172,19.18,19.165,19.18,1774,0
20110923,19.332,19.332,19.332,19.332,177,0
20110927,19.05,19.05,19.05,19.05,142,0
20110930,19.409,19.409,19.409,19.409,128,0
20111007,19.942,19.979,19.56,19.56,1354,0
20111012,19.524,19.524,19.524,19.524,327,0
20111014,19.044,19.044,19.044,19.044,128,0
20111018,19.067,19.072,19.044,19.044,1973,0
20111019,19.044,19.072,19.044,19.067,403,0
20111021,19.027,19.027,19.027,19.027,136,0
20111025,19.067,19.067,19.027,19.027,898,0
20111101,19.067,19.067,19.067,19.067,128,0
20111107,19.119,19.158,19.119,19.158,371,0
20111111,19.498,19.507,19.498,19.507,395,0
20111114,19.478,19.478,19.478,19.478,128,0
20111115,19.067,19.067,19.067,19.067,158,0
20111116,19.072,19.072,19.072,19.072,261,0
20111121,19.379,19.379,19.379,19.379,128,0
20111123,19.379,19.379,19.379,19.379,183,0
20111125,19.379,19.379,19.379,19.379,261,0
20111201,19.036,19.044,19.036,19.044,733,0
20111205,19.409,19.409,19.409,19.409,1052,0
20111206,19.416,19.416,19.409,19.409,290,0
20111209,19.416,19.416,19.416,19.416,278,0
20111212,19.445,19.445,19.409,19.409,656,0
20111214,19.409,19.598,19.409,19.598,3144,0
20111219,19.445,19.445,19.409,19.409,885,0
20111220,19.956,19.979,19.956,19.979,786,0
20111223,19.544,19.789,19.439,19.56,12218,0
20111229,19.553,19.796,19.553,19.643,2363,0
20111230,19.544,19.979,19.544,19.934,4205,0
20120103,19.963,19.963,19.189,19.189,1155,0
20120104,19.189,19.189,19.189,19.189,128,0
20120106,19.857,19.857,19.775,19.775,395,0
20120110,19.828,19.963,19.538,19.956,2629,0
20120111,19.835,19.835,19.553,19.789,4200,0
20120112,19.821,19.821,19.821,19.821,128,0
20120113,19.424,19.424,19.409,19.409,786,0
20120117,19.15,19.18,19.15,19.18,2650,0
20120118,19.067,19.067,18.877,18.877,4791,0
20120120,19.027,19.027,19.014,19.014,1617,0
20120126,19.044,19.044,18.99,18.99,1962,0
20120127,19.027,19.027,19.027,19.027,5013,0
20120130,19.143,19.143,19.027,19.027,5338,0
20120201,19.217,19.409,19.217,19.409,2767,0
20120202,19.409,19.409,19.409,19.409,656,0
20120207,19.036,19.036,19.036,19.036,128,0
20120208,19.195,19.195,19.027,19.027,2101,0
20120210,19.828,19.828,19.828,19.828,656,0
20120213,19.485,19.485,19.409,19.409,2219,0
20120215,19.409,19.409,19.409,19.409,2101,0
20120227,19.424,19.424,19.409,19.409,3416,0
20120228,19.332,19.332,19.143,19.143,2117,0
20120302,19.782,19.782,19.782,19.782,1315,0
20120306,19.158,19.234,19.158,19.234,395,0
20120309,19.631,19.631,19.264,19.264,918,0
20120312,19.294,19.379,19.294,19.379,261,0
20120314,19.279,19.279,19.264,19.264,463,0
20120320,19.18,19.18,19.18,19.18,191,0
20120322,19.866,19.902,19.866,19.902,1052,0
20120327,19.332,19.332,19.332,19.332,395,0
20120328,19.195,19.195,19.18,19.18,403,0
20120330,19.119,19.119,19.119,19.119,464,0
20120403,19.682,19.682,19.682,19.682,261,0
20120404,19.636,19.902,19.445,19.888,3127,0
20120409,19.217,19.217,19.217,19.217,128,0
20120410,19.409,19.409,19.409,19.409,128,0
20120412,20.086,20.17,20.086,20.17,656,0
20120419,20.17,20.17,20.17,20.17,261,0
20120424,20.024,20.024,20.024,20.024,1202,0
20120426,20.17,20.17,19.866,19.866,918,0
20120427,19.979,19.979,19.979,19.979,827,0
20120501,19.979,19.979,19.979,19.979,128,0
20120507,19.979,19.979,19.979,19.979,503,0
20120515,19.987,19.987,19.987,19.987,234,0
20120521,19.995,19.995,19.995,19.995,136,0
20120522,19.987,19.995,19.979,19.979,1971,0
20120525,20.17,20.665,20.17,20.665,1315,0
20120604,19.987,19.987,19.979,19.979,593,0
20120606,20.17,20.17,20.17,20.17,395,0
20120614,20.17,20.17,20.17,20.17,3128,0
20120615,20.17,20.17,20.17,20.17,261,0
20120622,19.995,19.995,19.979,19.979,395,0
20120625,20.496,20.534,20.208,20.208,705,0
20120627,20.208,20.208,20.17,20.17,1361,0
20120628,19.987,19.987,19.987,19.987,128,0
20120702,20.55,20.55,19.979,20.55,1857,0
20120705,19.979,20.55,19.979,20.55,395,0
20120710,20.534,20.534,20.534,20.534,231,0
20120716,20.033,20.033,19.995,19.995,786,0
20120720,20.414,20.665,19.979,19.979,1354,0
20120723,20.177,20.177,20.062,20.062,526,0
20120730,20.459,20.567,20.434,20.55,4088,0
20120731,20.665,20.741,20.665,20.741,2651,0
20120801,20.725,20.725,20.725,20.725,128,0
20120802,20.55,20.573,20.55,20.573,395,0
20120803,20.665,20.665,20.665,20.665,8258,0
20120809,20.55,20.55,20.208,20.208,261,0
20120814,20.269,20.559,20.269,20.559,656,0
20120816,20.398,20.398,20.216,20.216,261,0
20120824,23.023,23.023,23.023,23.023,254,0
20120827,22.004,22.004,20.208,20.245,4890,0
20120828,20.208,20.741,20.208,20.741,2427,0
20120829,20.253,20.253,20.253,20.253,128,0
20120831,20.732,20.779,20.732,20.779,1584,0
20120905,20.528,20.559,20.528,20.559,3734,0
20120907,20.269,20.269,20.269,20.269,128,0
20120912,20.541,20.541,20.541,20.541,128,0
20120917,20.55,20.55,20.55,20.55,1315,0
20120918,20.505,20.505,20.505,20.505,128,0
20120920,20.361,20.55,20.361,20.361,2497,0
20120921,20.55,20.643,20.55,20.643,395,0
20120924,20.703,20.703,20.703,20.703,128,0
20120928,19.979,19.979,19.979,19.979,128,0
20121001,19.987,20.74,19.987,20.144,987,0
20121002,20.132,20.177,20.132,20.177,261,0
20121003,20.741,20.779,20.741,20.779,1967,0
20121004,20.55,20.55,20.55,20.55,799,0
20121005,20.434,20.434,20.434,20.434,128,0
20121008,20.102,20.108,20.094,20.094,653,0
20121009,20.521,20.816,20.475,20.816,1980,0
20121010,20.559,20.732,20.55,20.732,1585,0
20121012,20.024,20.024,20.024,20.024,526,0
20121015,20.55,20.55,20.55,20.55,1856,0
20121017,20.513,20.513,20.513,20.513,128,0
20121018,20.376,20.376,20.361,20.361,395,0
20121022,20.298,20.298,20.298,20.298,386,0
20121023,20.298,20.298,20.298,20.298,128,0
20121024,20.319,20.319,20.319,20.319,218,0
20121025,20.277,20.277,20.277,20.277,128,0
20121026,20.17,20.17,20.17,20.17,128,0
20121101,20.245,20.245,20.245,20.245,177,0
20121102,20.245,20.323,20.245,20.323,2100,0
20121106,20.245,20.245,20.036,20.036,1207,0
20121107,20.284,20.284,20.284,20.284,261,0
20121109,19.987,19.987,19.979,19.979,1445,0
20121113,20.17,20.245,20.17,20.245,870,0
20121115,19.979,19.979,19.979,19.979,1315,0
20121116,20.009,20.17,19.979,20.17,656,0
20121127,20.17,20.17,20.17,20.17,1057,0
20121129,19.979,19.979,19.979,19.979,526,0
20121130,19.995,19.995,19.979,19.987,2768,0
20121210,19.979,19.979,19.979,19.979,261,0
20121212,19.956,19.956,19.956,19.956,128,0
20121214,19.379,20.116,19.303,20.116,3007,0
20121217,19.636,19.636,19.636,19.636,526,0
20121218,20.315,20.315,19.333,19.866,4922,0
20121220,19.742,19.742,19.742,19.742,261,0
20121221,19.598,19.705,19.598,19.705,525,0
20121226,20.054,20.054,20.054,20.054,256,0
20121227,19.992,19.992,19.735,19.836,4376,0
20121228,19.79,19.79,19.79,19.79,645,0
20130102,19.813,20.428,19.813,20.428,741,0
20130104,20.2,20.2,20.2,20.2,2701,0
20130107,20.878,20.924,20.878,20.924,384,0
20130110,21.072,21.257,20.978,21.257,1996,0
20130115,20.286,20.371,20.286,20.371,431,0
20130116,20.209,20.209,20.209,20.209,256,0
20130123,20.343,20.343,20.343,20.343,384,0
20130124,20.302,20.357,20.279,20.357,1386,0
20130129,20.209,20.209,20.209,20.209,133,0
20130205,19.708,19.708,19.708,19.708,246,0
20130206,20.217,20.217,19.946,19.946,2060,0
20130213,20.01,20.01,20.01,20.01,384,0
20130214,19.984,19.984,19.968,19.968,908,0
20130219,20.014,20.014,19.968,19.968,2702,0
20130226,20.014,20.022,20.007,20.007,805,0
20130301,20.093,20.093,20.007,20.007,3754,0
20130304,20.2,20.931,20.2,20.931,256,0
20130305,20.722,20.729,20.235,20.729,473,0
20130306,20.054,20.247,20.054,20.247,428,0
20130311,20.822,20.822,20.822,20.822,126,0
20130318,20.746,20.846,20.746,20.846,1806,0
20130319,19.582,20.318,19.432,19.432,32164,0
20130320,19.62,19.93,19.48,19.93,9603,0
20130321,19.968,20.038,19.968,20.038,384,0
20130322,20.046,20.193,20.007,20.045,1028,0
20130325,20.123,20.123,20.123,20.123,516,0
20130326,20.512,20.512,20.106,20.106,451,0
20130328,20.512,20.512,20.313,20.313,598,0
20130401,20.637,20.637,20.313,20.637,430,0
20130404,20.353,20.637,20.353,20.637,2956,0
20130405,20.616,20.616,20.616,20.616,124,0
20130411,20.616,20.616,20.616,20.616,226,0
20130415,20.616,20.637,20.616,20.637,980,0
20130416,20.616,20.616,20.616,20.616,221,0
20130417,20.629,20.629,20.486,20.486,1278,0
20130418,20.551,20.637,20.551,20.59,18044,0
20130425,20.908,21.257,20.877,21.257,2453,0
20130426,21.027,21.424,21.027,21.424,4485,0
20130429,21.503,21.503,21.503,21.503,921,0
20130502,21.186,21.186,20.948,21.027,2763,0
20130507,21.05,21.05,21.05,21.05,124,0
20130509,21.075,21.076,21.05,21.05,1616,0
20130510,20.71,20.71,20.709,20.709,718,0
20130515,21.185,21.185,21.185,21.185,251,0
20130516,21.186,21.186,21.186,21.186,251,0
20130523,20.859,20.859,20.859,20.859,177,0
20130529,21.186,21.2,21.186,21.186,825,0
20130530,21.384,21.384,21.384,21.384,124,0
20130603,21.186,21.186,20.637,20.868,2790,0
20130604,20.751,20.868,20.575,20.575,1593,0
20130605,20.948,20.948,20.948,20.948,377,0
20130607,20.908,20.948,20.908,20.948,1261,0
20130612,20.646,20.646,20.629,20.629,1378,0
20130614,20.988,21.027,20.971,20.971,3530,0
20130621,21.076,21.186,21.076,21.186,251,0
20130624,21.186,21.424,21.185,21.424,2359,0
20130625,21.186,21.265,21.186,21.226,2748,0
20130626,21.191,21.281,21.191,21.281,864,0
20130627,21.297,23.377,21.297,23.377,1534,0
20130701,22.641,22.672,22.271,22.271,987,0
20130702,21.943,21.962,21.457,21.588,644,0
20130705,21.297,21.297,21.297,21.297,352,0
20130708,21.549,21.549,20.973,20.973,3088,0
20130709,21.019,21.019,21.019,21.019,174,0
20130710,21.418,22.213,21.418,21.856,1225,0
20130712,21.457,21.457,21.087,21.087,370,0
20130717,21.071,21.071,21.071,21.071,318,0
20130718,21.816,21.824,21.054,21.054,493,0
20130723,21.111,21.168,21.021,21.168,580,0
20130730,21.143,21.143,21.094,21.119,494,0
20130801,21.457,21.827,21.457,21.689,640,0
20130802,21.054,21.062,21.054,21.062,370,0
20130806,20.989,20.989,20.989,20.989,122,0
20130815,21.015,21.015,20.503,20.73,1202,0
20130816,20.504,20.504,20.503,20.503,1230,0
20130820,21.054,21.126,21.001,21.126,864,0
20130822,20.949,20.949,20.949,20.949,122,0
20130823,21.143,21.442,21.119,21.442,4092,0
20130826,20.659,20.787,20.659,20.787,908,0
20130827,20.811,21.943,20.811,21.939,5078,0
20130828,21.654,21.928,21.654,21.928,2452,0
20130829,21.509,21.928,21.509,21.702,1396,0
20130830,22.315,22.347,22.315,22.347,5099,0
20130903,21.928,21.928,21.922,21.922,612,0
20130904,21.928,21.928,21.928,21.928,122,0
20130905,21.928,21.928,21.661,21.928,2141,0
20130906,21.927,21.927,21.927,21.927,845,0
20130910,21.928,23.686,21.928,23.686,2264,0
20130912,21.216,21.322,21.216,21.322,401,0
20130913,23.233,23.873,23.233,23.321,1111,0
20130916,21.865,22.722,21.387,21.984,949,0
20130918,23.321,23.321,23.321,23.321,370,0
20130919,23.25,23.25,22.068,22.099,739,0
20130920,23.321,23.321,23.321,23.321,122,0
20130923,23.321,23.327,21.661,21.727,3827,0
20130924,23.313,23.321,23.313,23.321,494,0
20130926,22.669,22.669,22.669,22.669,120,0
20130930,22.279,22.279,22.279,22.279,120,0
20131002,23.105,23.105,23.105,23.105,120,0
20131007,21.95,21.95,21.95,21.95,242,0
20131009,21.87,21.87,21.87,21.87,120,0
20131010,22.03,22.03,22.03,22.03,169,0
20131016,21.661,21.703,21.661,21.703,484,0
20131017,21.661,21.661,21.661,21.661,242,0
20131018,21.661,21.661,21.455,21.463,2181,0
20131022,21.661,21.661,21.661,21.661,605,0
20131024,21.661,21.661,21.661,21.661,120,0
20131025,21.191,21.275,21.191,21.275,353,0
20131029,21.455,21.455,21.455,21.455,120,0
20131030,21.661,21.661,21.661,21.661,242,0
20131031,22.652,22.652,22.652,22.652,484,0
20131104,21.464,21.693,21.464,21.693,363,0
20131112,22.487,22.487,22.487,22.487,242,0
20131119,21.547,22.435,21.547,22.435,263,0
20131120,21.547,21.547,21.547,21.547,363,0
20131121,21.62,22.157,21.208,22.157,1696,0
20131127,22.446,22.446,22.446,22.446,120,0
20131202,21.827,21.827,21.827,21.827,363,0
20131209,21.547,21.547,21.547,21.547,242,0
20131211,21.628,21.669,21.579,21.579,2061,0
20131216,21.712,21.81,21.712,21.785,2097,0
20131223,21.628,22.405,21.628,22.405,2423,0
20131226,22.049,22.132,22.049,22.09,1069,0
20131230,21.856,21.856,21.502,21.502,475,0
20131231,21.545,21.73,21.545,21.628,1545,0
20140103,21.687,21.881,21.687,21.881,654,0
20140106,22.301,22.301,22.301,22.301,118,0
20140107,22.54,22.54,22.54,22.54,240,0
20140108,21.797,21.797,21.427,21.51,4277,0
20140110,21.67,21.67,21.67,21.67,118,0
20140113,21.67,21.67,21.67,21.67,475,0
20140114,21.881,21.881,21.679,21.679,475,0
20140117,21.705,21.705,21.67,21.67,237,0
20140124,22.083,22.083,21.746,21.881,1069,0
20140128,21.967,22.277,21.967,22.277,594,0
20140205,21.797,21.797,21.797,21.797,297,0
20140211,21.925,21.939,21.925,21.939,237,0
20140214,22.176,22.427,22.176,22.427,356,0
20140218,21.967,21.981,21.967,21.975,861,0
20140221,22.386,22.427,22.386,22.427,237,0
20140224,22.09,22.176,22.09,22.176,764,0
20140304,22.301,22.301,22.301,22.301,297,0
20140311,22.018,22.018,22.018,22.018,232,0
20140317,22.335,22.335,22.335,22.335,118,0
20140318,22.722,22.722,22.679,22.679,1422,0
20140325,22.487,22.707,22.478,22.478,780,0
20140326,23.002,23.002,22.667,22.95,24577,0
20140327,22.623,22.881,22.494,22.71,22427,0
20140328,22.752,22.862,22.63,22.724,12754,0
20140331,22.63,22.966,22.63,22.82,7770,0
20140401,22.852,23.045,22.503,22.907,3950,0
20140402,22.777,23.053,22.752,22.95,11768,0
20140403,22.71,23.181,22.606,23.181,1802,0
20140408,22.67,22.67,22.67,22.67,671,0
20140409,22.752,22.966,22.71,22.966,4309,0
20140410,22.752,22.881,22.667,22.881,1488,0
20140411,23.267,23.267,23.097,23.097,1636,0
20140414,22.855,23.009,22.71,22.966,3378,0
20140416,22.169,22.169,22.169,22.169,1163,0
20140417,22.358,22.545,22.358,22.545,992,0
20140422,22.58,22.58,22.58,22.58,232,0
20140423,22.838,22.932,22.838,22.932,2329,0
20140425,22.795,22.838,22.795,22.804,2354,0
20140429,23.246,23.246,23.246,23.246,425,0
20140430,23.181,23.181,22.537,22.94,3225,0
20140501,22.786,22.786,22.786,22.786,116,0
20140502,23.026,23.68,22.966,23.68,2042,0
20140505,23.783,23.783,23.377,23.377,536,0
20140506,22.804,22.804,22.804,22.804,467,0
20140522,23.559,23.598,23.559,23.598,467,0
20140523,23.611,23.611,23.568,23.568,933,0
20140528,23.568,23.601,23.568,23.577,2333,0
20140529,23.611,23.611,23.421,23.429,780,0
20140603,23.602,23.602,23.602,23.602,525,0
20140604,22.63,22.966,22.555,22.953,2097,0
20140605,22.545,22.95,22.357,22.458,3599,0
20140606,22.537,22.537,22.537,22.537,116,0
20140611,22.966,22.966,22.966,22.966,325,0
20140612,22.649,22.71,22.537,22.537,3364,0
20140613,22.58,22.58,22.58,22.58,248,0
20140618,22.64,22.64,22.64,22.64,232,0
20140620,22.71,22.966,22.71,22.966,962,0
20140623,22.795,22.82,22.795,22.795,2329,0
20140624,22.838,22.958,22.838,22.958,1978,0
20140625,23.044,23.21,23.044,23.21,460,0
20140627,23.412,23.412,23.388,23.388,626,0
20140702,23.428,23.428,23.008,23.008,343,0
20140703,23.044,23.428,23.044,23.396,2216,0
20140707,23.342,23.342,23.342,23.342,1142,0
20140709,23.246,23.246,23.157,23.157,2384,0
20140711,24.068,24.077,23.017,23.017,756,0
20140714,23.017,23.017,23.008,23.017,1184,0
20140715,23.078,23.121,22.957,23.121,4408,0
20140716,22.957,22.957,22.957,22.957,158,0
20140717,23.167,23.167,23.078,23.167,1253,0
20140718,23.21,23.21,23.21,23.21,289,0
20140722,23.254,23.254,23.254,23.254,366,0
20140724,23.21,24.06,23.21,24.06,2423,0
20140728,23.151,23.151,23.151,23.151,182,0
20140804,23.428,23.428,23.428,23.428,228,0
20140805,23.647,23.647,23.647,23.647,458,0
20140807,23.428,23.428,23.263,23.263,913,0
20140811,23.508,23.858,23.246,23.858,20335,0
20140812,23.675,23.885,23.647,23.858,57252,0
20140813,23.647,23.911,23.626,23.893,39123,0
20140814,23.736,23.92,23.736,23.885,20035,0
20140815,23.833,24.042,23.833,23.911,30850,0
20140818,24.042,24.042,23.841,23.92,11023,0
20140820,23.841,23.964,23.771,23.911,25537,0
20140821,23.841,23.954,23.715,23.945,30841,0
20140822,23.911,23.945,23.841,23.937,29214,0
20140825,23.867,23.954,23.867,23.945,20988,0
20140826,23.911,24.042,23.911,23.945,2215,0
20140827,23.824,24.051,23.824,24.051,14184,0
20140902,23.92,23.989,23.92,23.989,814,0
20140904,23.981,23.981,23.736,23.893,7941,0
20140905,23.871,23.871,23.867,23.867,228,0
20140908,23.937,23.945,23.867,23.867,1361,0
20140909,23.657,23.815,23.657,23.805,1331,0
20140910,23.781,23.964,23.7,23.759,4156,0
20140911,23.828,23.858,23.828,23.858,626,0
20140912,23.901,24.902,23.885,24.56,34801,0
20140915,24.34,24.691,24.306,24.656,18782,0
20140916,24.402,24.568,24.322,24.568,6628,0
20140917,24.464,24.638,24.464,24.55,2311,0
20140918,24.287,27.143,24.287,25.094,18397,0
20140919,24.761,26.713,24.761,24.821,33800,0
20140922,24.969,25.311,24.882,25.311,15712,0
20140923,24.935,25.207,24.436,24.436,29228,0
20140924,24.436,24.902,24.436,24.717,4910,0
20140925,24.912,24.912,24.865,24.865,1965,0
20140926,25.071,25.688,24.634,24.742,22514,0
20140929,24.992,25.098,24.159,24.493,9021,0
20140930,24.768,24.768,24.768,24.768,1905,0
20141001,24.546,24.546,24.546,24.546,1468,0
20141002,24.535,24.545,23.735,24.269,37938,0
20141003,24.511,25.357,23.921,25.144,88558,0
20141006,24.26,24.412,23.725,24.412,12709,0
20141007,24.305,24.33,24.018,24.26,16039,0
20141008,24.296,25.644,24.064,25.027,29945,0
20141009,25.09,25.562,25.062,25.062,14505,0
20141010,25.59,25.59,25.055,25.161,15816,0
20141013,25.527,25.527,25.017,25.036,5628,0
20141014,25.688,25.688,22.733,23.429,22821,0
20141015,24.153,24.153,23.429,23.429,5745,0
20141016,23.429,23.429,22.448,22.761,8785,0
20141017,23.635,23.652,23.429,23.429,2981,0
20141020,23.223,23.223,23.027,23.027,1787,0
20141021,23.429,23.789,23.429,23.652,829,0
20141022,23.474,23.608,23.474,23.608,672,0
20141023,23.876,23.876,23.867,23.867,896,0
20141027,23.769,23.769,23.769,23.769,672,0
20141028,23.832,23.832,23.832,23.832,121,0
20141029,23.652,23.922,23.652,23.74,1232,0
20141031,24.1,24.252,23.706,24.232,2020,0
20141103,24.1,24.1,23.652,23.652,7211,0
20141104,23.696,23.696,23.189,23.313,10330,0
20141105,23.375,23.375,23.135,23.341,6511,0
20141107,23.385,23.5,23.243,23.305,6528,0
20141110,23.537,23.608,23.244,23.608,6454,0
20141111,23.671,23.725,23.243,23.608,2572,0
20141112,23.59,24.501,23.519,23.74,6946,0
20141113,24.081,24.707,23.466,24.153,3698,0
20141114,24.286,25.438,24.286,25.385,22197,0
20141117,24.919,25.366,24.751,24.963,13890,0
20141118,24.732,25.135,24.367,24.367,3026,0
20141119,24.555,24.555,23.635,23.902,7450,0
20141120,24.09,24.09,24.09,24.09,875,0
20141121,23.642,24.144,23.493,23.537,20972,0
20141124,23.51,24.535,23.51,24.055,14195,0
20141125,23.893,25.189,23.893,24.786,18321,0
20141126,25.214,25.214,24.776,24.894,14503,0
20141128,25.152,25.152,24.76,24.76,3666,0
20141201,25.189,25.189,24.581,24.884,11672,0
20141202,24.821,25.189,23.687,24.001,13670,0
20141203,23.789,23.804,23.789,23.804,232,0
20141204,23.769,23.848,23.681,23.779,14453,0
20141205,23.832,23.992,23.663,23.992,16761,0
20141208,23.858,23.992,23.725,23.992,19090,0
20141209,24.027,24.232,23.858,24.125,7868,0
20141210,24.198,24.296,23.93,24.296,9766,0
20141211,24.252,24.473,23.876,24.473,6142,0
20141212,24.34,25.767,23.893,25.742,42559,0
20141215,25.366,25.76,24.948,24.948,27521,0
20141216,25.242,25.776,25.135,25.135,10168,0
20141217,25.062,25.776,23.947,23.966,17062,0
20141218,24.072,24.179,23.879,24.162,23914,0
20141219,24.081,24.33,23.887,24.33,14497,0
20141222,24.223,25.206,23.888,25.206,14453,0
20141223,24.697,25.76,23.902,25.492,25447,0
20141224,25.474,25.767,25.447,25.66,17331,0
20141226,25.896,26.25,25.487,25.587,10211,0
20141229,25.806,26.25,25.577,25.577,8688,0
20141230,25.742,26.25,25.542,25.55,21581,0
20141231,25.941,26.259,25.677,25.687,33991,0
20150102,25.677,26.259,24.286,24.286,19918,0
20150105,24.532,24.768,24.376,24.522,6678,0
20150106,24.395,24.395,24.105,24.186,21257,0
20150107,24.251,24.35,24.141,24.231,34517,0
20150108,24.35,24.405,24.122,24.296,2743,0
20150109,24.322,24.532,24.241,24.532,43306,0
20150112,24.386,25.423,24.268,25.423,31858,0
20150113,24.796,24.841,24.45,24.568,16298,0
20150114,24.305,24.686,24.305,24.486,15740,0
20150115,24.405,24.615,24.405,24.54,10158,0
20150116,24.631,25.006,24.622,24.822,18265,0
20150120,24.522,24.877,24.522,24.831,5498,0
20150121,24.577,26.186,24.577,25.504,131372,0
20150122,26.014,26.259,25.642,25.713,31929,0
20150123,26.124,26.124,25.323,25.323,43773,0
20150126,26.224,26.224,24.041,24.76,207571,0
20150127,24.441,24.705,24.441,24.66,6826,0
20150128,24.35,24.56,24.35,24.386,16607,0
20150129,24.395,24.495,24.341,24.341,5871,0
20150202,24.386,24.477,24.268,24.369,12373,0
20150203,24.423,24.45,24.405,24.405,442,0
20150204,24.45,24.45,24.251,24.259,3079,0
20150205,24.296,24.36,24.296,24.36,1869,0
20150206,24.305,24.322,24.277,24.322,2530,0
20150209,24.405,24.436,24.296,24.322,7590,0
20150210,24.296,24.532,24.296,24.341,5813,0
20150211,24.35,24.35,24.305,24.305,330,0
20150212,24.346,24.482,24.346,24.46,4922,0
20150213,24.35,24.395,24.286,24.368,9169,0
20150217,24.376,24.515,24.297,24.381,28583,0
20150218,24.386,24.405,24.386,24.405,9061,0
20150219,24.405,25.806,24.341,25.113,87562,0
20150220,25.232,25.404,25.15,25.15,1651,0
20150223,25.259,25.658,24.386,24.515,97925,0
20150224,24.46,25.677,24.368,25.55,146410,0
20150225,25.468,25.687,25.35,25.428,44298,0
20150226,25.432,25.632,25.196,25.35,22866,0
20150227,25.478,25.605,25.15,25.597,37762,0
20150302,25.478,25.632,25.378,25.559,34645,0
20150303,25.532,25.613,25.396,25.55,38822,0
20150304,25.487,25.613,25.423,25.423,59829,0
20150305,25.45,25.667,24.951,25.378,133736,0
20150306,25.45,25.622,25.413,25.432,72036,0
20150309,25.504,25.658,25.051,25.478,92383,0
20150310,25.55,25.658,24.814,25.006,104590,0
20150311,24.922,24.977,24.922,24.922,1869,0
20150312,24.922,25.041,24.922,25.006,38273,0
20150313,24.967,25.213,24.913,24.996,40582,0
20150316,24.86,25.041,24.86,24.967,36183,0
20150317,25.022,25.032,24.913,24.977,17268,0
20150318,24.951,25.523,24.931,25.196,109980,0
20150319,25.295,25.423,25.242,25.268,22216,0
20150320,25.278,25.687,24.75,25.478,159250,0
20150323,25.632,25.677,25.442,25.442,64118,0
20150324,25.687,25.687,25.196,25.442,87434,0
20150325,25.259,25.658,24.75,24.896,196974,0
20150326,25.033,25.116,24.718,25.079,83051,0
20150327,24.977,25.108,24.95,25.006,21895,0
20150330,24.865,24.95,24.865,24.94,5069,0
20150331,24.95,24.95,24.782,24.862,6344,0
20150401,24.764,24.764,24.764,24.764,108,0
20150402,24.904,24.977,24.875,24.977,2050,0
20150406,24.977,25.246,24.913,25.033,19415,0
20150407,25.154,25.348,24.931,25.061,23014,0
20150408,24.709,25.069,24.709,24.931,32682,0
20150410,24.931,25.014,24.828,24.904,6579,0
20150414,24.94,24.94,24.848,24.921,3020,0
20150415,24.931,24.996,24.931,24.95,755,0
20150416,25.116,25.228,25.108,25.154,2309,0
20150417,24.94,25.079,24.94,25.079,7874,0
20150420,25.098,25.218,24.913,24.986,8626,0
20150421,24.94,24.94,24.921,24.921,7767,0
20150422,24.94,25.218,24.94,24.986,51301,0
20150423,25.023,25.274,24.986,25.088,21032,0
20150424,25.006,25.042,24.894,24.905,43114,0
20150427,25.061,25.088,25.006,25.069,27827,0
20150428,24.921,25.042,24.884,24.884,5608,0
20150429,24.94,25.023,24.94,25.023,9060,0
20150430,24.755,25.061,24.755,24.94,23514,0
20150501,24.996,25.061,24.996,25.061,12295,0
20150504,24.726,25.033,24.726,25.033,13051,0
20150505,24.764,26.174,24.764,25.905,94700,0
20150506,26.174,26.887,26.164,26.349,72610,0
20150507,26.405,26.535,25.96,26.062,21907,0
20150508,26.145,26.729,26.145,26.386,82619,0
20150511,26.368,26.683,26.368,26.424,41849,0
20150512,26.516,26.804,26.507,26.609,73983,0
20150513,26.637,26.841,26.554,26.609,34080,0
20150514,26.164,26.775,25.96,26.414,30524,0
20150515,26.748,27.508,25.988,26.239,98820,0
20150518,26.108,27.11,25.59,26.739,140524,0
20150519,26.878,27.101,26.739,26.869,106033,0
20150520,25.886,28.686,25.886,28.028,179153,0
20150521,27.045,28.51,27.045,28.054,62989,0
20150522,28.028,28.028,26.905,27.25,110554,0
20150526,27.23,28.639,26.954,28.232,182721,0
20150527,28.398,29.872,28.288,29.622,168044,0
20150528,29.391,29.52,29.057,29.195,44567,0
20150529,29.233,30.002,28.918,29.316,173436,0
20150601,29.177,29.632,29.02,29.307,24392,0
20150602,29.242,29.445,28.982,28.982,11355,0
20150603,29.168,29.168,28.908,28.918,5500,0
20150604,29.316,29.974,29.159,29.168,37859,0
20150605,29.316,29.642,29.224,29.251,7335,0
20150608,29.343,29.603,29.131,29.177,50586,0
20150609,29.335,29.53,29.159,29.159,9869,0
20150610,29.326,29.697,29.224,29.224,14733,0
20150611,29.297,29.586,28.76,29.02,37134,0
20150612,29.224,29.297,28.648,28.77,11972,0
20150615,28.982,29.029,28.12,28.222,16286,0
20150616,28.38,28.75,27.897,28.13,19630,0
20150617,28.288,28.297,27.972,28.008,3020,0
20150618,28.241,28.454,28.093,28.14,4854,0
20150619,28.278,28.305,27.86,27.86,1941,0
20150622,28.12,28.195,27.926,27.972,5608,0
20150623,28.054,28.166,27.824,28.084,6062,0
20150624,28.195,28.241,28.13,28.14,2696,0
20150625,28.722,28.921,28.581,28.77,11128,0
20150626,28.778,28.778,28.599,28.778,5510,0
20150630,28.911,28.939,28.091,28.288,10033,0
20150701,28.373,28.514,28.147,28.316,2543,0
20150702,28.467,28.467,28.014,28.014,6995,0
20150706,28.108,28.637,27.9,28.259,6995,0
20150707,28.269,28.279,27.977,27.977,2332,0
20150708,28.259,28.609,27.486,27.486,9644,0
20150709,28.108,28.232,27.402,27.429,8160,0
20150710,27.806,27.806,26.674,26.722,11234,0
20150713,27.117,27.117,26.769,26.769,530,0
20150714,27.043,27.251,26.91,26.91,2052,0
20150715,26.91,26.91,26.391,26.41,3164,0
20150716,26.712,26.712,26.08,26.175,1696,0
20150717,26.071,26.071,25.948,25.948,6147,0
20150720,25.711,25.891,25.58,25.731,7524,0
20150721,25.731,25.731,25.731,25.731,318,0
20150722,25.797,25.797,25.711,25.711,742,0
20150723,25.694,25.711,25.664,25.674,2967,0
20150727,25.854,26.042,25.854,26.042,318,0
20150728,25.788,25.788,25.788,25.788,212,0
20150730,26.42,26.42,25.807,25.807,3179,0
20150731,26.136,26.136,25.759,25.759,636,0
20150807,25.986,26.127,25.986,26.127,953,0
20150810,25.91,25.91,25.91,25.91,106,0
20150811,25.919,26.052,25.919,25.995,1217,0
20150813,26.005,26.033,25.825,25.825,1484,0
20150817,25.967,25.967,25.967,25.967,106,0
20150820,26.391,26.391,25.948,25.948,530,0
20150824,25.948,25.948,25.948,25.948,4353,0
20150825,25.703,26.58,25.703,25.703,318,0
20150909,25.872,25.872,25.872,25.872,318,0
20150910,26.005,26.005,25.948,25.948,4162,0
20150915,26.042,26.042,25.523,25.664,66767,0
20150916,25.872,25.872,25.504,25.627,4981,0
20150917,25.617,25.637,25.496,25.496,14403,0
20150918,25.617,26.373,25.211,26.231,96443,0
20150921,26.25,26.25,26.146,26.146,2226,0
20150922,26.146,27.127,26.033,26.986,9432,0
20150923,26.438,26.892,26.438,26.892,4112,0
20150924,26.845,27.127,26.175,26.287,9623,0
20150925,26.699,26.699,26.074,26.074,1975,0
20150928,25.988,25.988,25.988,25.988,312,0
20150929,25.304,25.776,25.304,25.584,1352,0
20150930,26.449,26.449,26.449,26.449,312,0
20151001,26.161,26.219,25.834,25.834,9150,0
20151002,26.007,26.189,25.988,26.026,26097,0
20151005,26.017,27.228,26.007,26.593,103421,0
20151006,26.719,27.642,26.247,26.487,65814,0
20151007,26.295,27.642,26.295,26.363,49068,0
20151008,26.545,27.603,26.228,26.285,94199,0
20151009,26.545,27.555,26.363,26.565,94615,0
20151012,26.237,26.478,26.199,26.478,3536,0
20151013,26.228,26.305,25.151,25.344,73509,0
20151014,25.584,25.69,25.382,25.382,3327,0
20151015,25.506,25.632,25.247,25.41,5926,0
20151016,25.94,25.94,25.468,25.603,5926,0
20151019,25.498,25.697,25.498,25.641,1517,0
20151020,25.498,25.66,25.498,25.622,728,0
20151021,25.68,25.68,25.574,25.603,1975,0
20151022,25.498,25.603,25.498,25.594,520,0
20151023,25.68,25.68,25.498,25.546,728,0
20151026,25.488,25.891,25.488,25.718,13828,0
20151027,25.536,25.69,25.536,25.68,4055,0
20151028,25.69,25.853,25.69,25.795,9462,0
20151029,25.68,25.805,25.632,25.69,9670,0
20151030,25.488,25.554,25.16,25.295,50115,0
20151102,25.334,26.68,25.295,26.363,117881,0
20151103,26.18,27.056,25.93,26.285,90151,0
20151104,26.305,26.305,26.065,26.161,10798,0
20151105,26.285,26.285,25.872,25.969,53649,0
20151106,26.661,26.68,25.536,25.882,33063,0
20151109,26.277,26.338,26.045,26.045,34410,0
20151110,26.209,26.228,26.103,26.18,4159,0
20151111,26.257,26.267,26.161,26.209,2599,0
20151113,26.017,26.017,26.017,26.017,104,0
20151116,26.113,26.401,25.362,25.901,45852,0
20151117,26.026,26.237,25.526,25.642,40133,0
20151118,25.622,25.709,25.016,25.295,56977,0
20151119,25.506,25.506,25.353,25.353,9878,0
20151120,25.344,25.344,25.344,25.344,728,0
20151123,25.372,25.498,25.324,25.324,2495,0
20151124,25.304,25.468,25.304,25.42,8214,0
20151125,25.401,25.45,25.344,25.45,624,0
20151127,25.546,25.834,25.506,25.564,5302,0
20151130,25.594,25.594,25.304,25.304,6030,0
20151201,25.516,25.554,25.42,25.498,2170,0
20151202,25.516,25.584,25.506,25.584,986,0
20151203,25.506,25.66,25.416,25.603,28697,0
20151204,25.43,25.622,25.43,25.584,9774,0
20151207,25.45,25.574,25.45,25.488,1456,0
20151208,25.584,25.612,25.584,25.594,1040,0
20151209,25.66,25.718,25.45,25.584,12061,0
20151210,25.584,25.651,25.584,25.651,312,0
20151211,25.66,25.786,25.334,25.68,2495,0
20151214,25.67,25.776,25.651,25.651,2892,0
20151215,25.651,26.69,25.651,25.766,6758,0
20151216,25.834,26.074,25.738,25.863,3639,0
20151218,25.728,25.728,25.728,25.728,728,0
20151222,25.872,25.882,25.872,25.882,208,0
20151223,25.93,26.074,25.92,26.074,728,0
20151224,26.103,26.103,25.824,25.824,936,0
20151228,26.352,26.352,26.342,26.342,420,0
20151229,26.293,26.293,25.783,26.156,4261,0
20151230,25.832,25.832,25.832,25.832,144,0
20151231,26.097,26.215,25.96,26.215,2423,0
20160104,26.382,26.382,26.381,26.381,447,0
20160111,26.247,26.247,26.247,26.247,510,0
20160119,26.382,26.382,26.372,26.372,1019,0
20160120,26.248,26.268,26.248,26.268,484,0
20160121,26.368,26.46,26.368,26.391,924,0
20160125,28.344,28.344,26.438,26.438,612,0
20160128,26.46,26.46,26.46,26.46,102,0
20160129,26.489,26.578,26.489,26.578,408,0
20160202,26.686,26.686,26.686,26.686,102,0
20160205,26.695,26.695,26.695,26.695,102,0
20160208,28.452,28.452,28.452,28.452,1529,0
20160209,26.764,26.864,26.504,26.864,651,0
20160210,26.862,26.862,26.862,26.862,163,0
20160211,26.588,26.588,26.49,26.49,775,0
20160218,26.588,26.617,26.588,26.588,1631,0
20160225,27.294,27.294,27.294,27.294,408,0
20160303,26.617,26.617,26.489,26.489,3019,0
20160308,26.489,26.489,26.489,26.489,108,0
20160311,27.076,27.076,27.076,27.076,107,0
20160317,27.078,27.569,26.98,27.529,5606,0
20160321,27.461,27.461,27.461,27.461,102,0
20160322,27.471,27.785,27.432,27.451,2552,0
20160323,27.549,27.834,27.402,27.402,9073,0
20160328,28.215,28.36,27.96,27.98,4527,0
20160329,28.17,28.17,28.0101,28.0101,600,0
20160330,28.0201,28.0201,28.0201,28.0201,302,0
20160331,27.54,27.57,26.8399,27,16627,0
20160401,27,28.9899,26.99,28.68,44859,0
20160404,28.62,28.96,28.38,28.61,23492,0
20160405,28.65,28.77,28.52,28.56,20492,0
20160406,28.62,28.62,28.4,28.4,2000,0
20160407,28.75,28.75,28.52,28.58,2400,0
20160408,28.6,28.8699,28.6,28.7295,700,0
20160411,28.7195,28.7195,28.71,28.71,200,0
20160412,28.61,28.94,28.51,28.51,10200,0
20160413,28.62,28.65,28.62,28.65,4151,0
20160414,28.63,28.67,28.63,28.67,1000,0
20160415,28.53,28.73,28.53,28.73,200,0
