Date,Open,High,Low,Close,Volume,OpenInt
20090805,13.881,13.881,13.881,13.881,0,0
20090806,15.269,15.65,14.398,14.973,26148056,0
20090807,14.945,15.511,14.836,15.205,2652012,0
20090810,15.389,15.389,14.445,14.779,2615966,0
20090811,14.789,14.808,14.345,14.502,2491113,0
20090812,14.945,14.992,14.492,14.808,1568223,0
20090813,14.808,15.473,14.808,15.316,1243258,0
20090814,15.269,15.731,15.039,15.363,689166,0
20090817,15.056,15.149,14.992,15.011,274885,0
20090818,15.251,15.918,15.131,15.797,1563169,0
20090819,15.585,16.602,15.549,16.556,2237604,0
20090820,16.612,16.612,16.001,16.436,2033716,0
20090821,16.464,16.631,16.269,16.492,933086,0
20090824,16.215,16.52,16.009,16.196,1103891,0
20090825,16.333,16.564,16.242,16.52,573484,0
20090826,16.37,16.52,15.872,16.52,765666,0
20090827,16.52,16.852,16.242,16.804,1254649,0
20090828,16.751,17.585,16.658,17.091,1399285,0
20090831,16.983,17.027,16.483,16.842,1085667,0
20090901,16.89,17.063,15.678,16.52,1494946,0
20090902,16.436,16.89,16.177,16.36,1397598,0
20090903,16.631,16.631,15.731,16.15,3952299,0
20090904,16.427,16.658,16.187,16.436,1251930,0
20090908,16.436,16.593,16.15,16.379,621208,0
20090909,16.52,16.52,15.937,15.973,595591,0
20090910,15.741,16.158,15.688,15.779,448650,0
20090911,15.731,16.037,15.307,15.621,670257,0
20090914,15.399,15.64,15.094,15.408,1744568,0
20090915,15.964,16.056,15.389,15.899,2147295,0
20090916,16.102,16.427,15.835,16.269,2185312,0
20090917,16.341,16.564,15.297,15.399,1562884,0
20090918,15.335,15.75,14.973,14.992,972314,0
20090921,15.066,15.389,14.686,15.37,597506,0
20090922,15.694,16.074,15.566,15.964,1203766,0
20090923,16.305,16.464,16.009,16.102,573006,0
20090924,16.037,16.52,15.502,16.187,841453,0
20090925,16.177,16.177,15.826,15.854,506176,0
20090928,16.027,16.52,15.76,16.333,252342,0
20090929,16.242,16.51,15.688,15.76,385411,0
20090930,15.731,16.037,15.694,15.797,553887,0
20091001,15.731,15.817,15.001,15.094,713703,0
20091002,14.992,15.141,14.715,14.89,680221,0
20091005,14.9,15.297,14.808,15.259,204034,0
20091006,15.492,15.918,15.215,15.242,507188,0
20091007,15.335,15.37,14.733,14.926,315188,0
20091008,14.908,14.973,14.751,14.817,602116,0
20091009,14.789,15.224,14.751,15.039,940599,0
20091012,15.011,15.224,14.846,15.122,1392575,0
20091013,14.982,15.426,14.945,15.297,602188,0
20091014,15.585,15.731,15.307,15.603,755196,0
20091015,16.102,16.612,15.826,15.881,2260473,0
20091016,15.947,15.947,15.001,15.205,1365565,0
20091019,15.233,15.399,14.865,15.03,2315454,0
20091020,15.122,15.482,15.056,15.297,528321,0
20091021,15.149,15.65,14.908,15.259,252534,0
20091022,15.113,15.113,14.445,15.066,1062622,0
20091023,14.926,15.186,14.733,14.855,1225437,0
20091026,14.723,14.917,14.632,14.657,175407,0
20091027,14.76,14.798,14.121,14.299,355244,0
20091028,14.345,14.345,13.781,13.817,672082,0
20091029,13.835,14.067,13.622,13.918,1278598,0
20091030,13.974,14.058,13.762,13.881,300498,0
20091102,13.974,13.974,13.622,13.762,298821,0
20091103,13.584,13.716,13.364,13.412,392907,0
20091104,13.51,14.112,13.26,13.679,870097,0
20091105,13.899,14.566,13.744,14.177,296166,0
20091106,14.177,14.521,13.762,14.15,278191,0
20091109,14.121,14.566,13.965,14.492,273277,0
20091110,14.521,14.521,14.049,14.299,158589,0
20091111,14.372,14.372,13.993,14.214,165774,0
20091112,14.251,14.76,14.251,14.435,140372,0
20091113,14.445,14.576,14.261,14.417,67101,0
20091116,14.464,15.001,14.372,14.817,168482,0
20091117,14.648,14.982,14.417,14.873,106343,0
20091118,14.945,14.945,14.632,14.836,124780,0
20091119,14.657,14.705,14.112,14.408,125955,0
20091120,14.398,14.483,14.168,14.289,457792,0
20091123,14.381,14.445,14.022,14.058,502695,0
20091124,13.974,14.187,13.89,14.121,564833,0
20091125,14.232,14.789,14.214,14.345,146200,0
20091127,14.003,14.696,13.936,14.677,66543,0
20091130,14.686,14.798,14.112,14.677,298725,0
20091201,14.715,15.122,14.715,14.77,451457,0
20091202,14.836,14.908,14.232,14.445,914609,0
20091203,14.417,14.751,14.417,14.741,548762,0
20091204,15.178,15.463,14.435,15.288,1023072,0
20091207,15.269,15.668,15.269,15.611,333452,0
20091208,15.37,15.704,15.316,15.502,269503,0
20091209,15.37,15.557,15.122,15.557,104403,0
20091210,15.549,15.722,15.502,15.52,276002,0
20091211,15.445,15.454,15.233,15.345,83540,0
20091214,15.492,15.64,15.445,15.593,242842,0
20091215,15.593,15.64,15.463,15.492,151711,0
20091216,15.621,15.854,15.492,15.731,341060,0
20091217,15.65,15.713,14.936,15.094,160938,0
20091218,15.085,15.549,15.02,15.168,451464,0
20091221,15.539,15.593,15.141,15.259,155869,0
20091222,15.269,15.482,15.02,15.482,337893,0
20091223,15.502,15.585,15.408,15.53,241410,0
20091224,15.473,15.731,15.473,15.53,33189,0
20091228,15.502,16.473,15.502,16.083,859405,0
20091229,16.215,16.36,16.102,16.225,245903,0
20091230,16.018,16.455,16.018,16.37,326866,0
20091231,16.298,16.927,16.298,16.927,600573,0
20100104,16.937,17.492,16.666,17.454,582043,0
20100105,17.538,17.806,16.751,17.585,325293,0
20100106,17.538,17.863,17.205,17.721,575981,0
20100107,17.62,17.739,17.26,17.61,293621,0
20100108,17.492,17.863,17.444,17.739,313199,0
20100111,17.768,18.093,17.61,17.854,553994,0
20100112,17.712,17.712,17.342,17.585,990484,0
20100113,17.548,17.548,16.89,17.047,1019873,0
20100114,17.101,17.463,16.795,17.055,1151210,0
20100115,17.177,17.177,16.795,16.881,173080,0
20100119,16.564,16.795,16.009,16.483,411934,0
20100120,16.389,16.666,16.14,16.621,209323,0
20100121,16.538,17.11,16.464,16.64,365778,0
20100122,16.546,16.713,16.083,16.251,997883,0
20100125,16.351,16.473,16.158,16.333,282365,0
20100126,15.76,16.658,15.585,16.436,827029,0
20100127,16.323,16.612,15.964,16.112,752616,0
20100128,16.242,16.417,15.964,16.398,15622411,0
20100129,16.398,16.528,15.964,16.083,3627372,0
20100201,16.083,16.37,16.001,16.196,550520,0
20100202,16.206,16.473,16.056,16.379,1915673,0
20100203,16.233,16.37,16.177,16.305,1389551,0
20100204,16.083,16.269,15.788,15.937,1487576,0
20100205,15.964,16.027,15.363,15.918,582066,0
20100208,15.807,16.001,15.611,15.741,538427,0
20100209,15.769,16.083,15.566,15.722,204848,0
20100210,15.603,15.678,15.278,15.549,624482,0
20100211,15.511,15.964,15.269,15.854,399784,0
20100212,15.713,16.093,15.539,16.064,176271,0
20100216,16.102,16.206,15.983,16.177,456664,0
20100217,16.288,16.288,15.891,16.112,548575,0
20100218,16.168,16.196,16.009,16.15,499068,0
20100219,16.196,16.305,16.064,16.225,404754,0
20100222,16.196,16.279,15.947,16.056,914694,0
20100223,16.056,16.187,15.854,16.083,1966822,0
20100224,16.196,16.538,16.112,16.417,920908,0
20100225,16.658,17.018,16.37,16.742,2506510,0
20100226,16.704,16.833,16.621,16.795,303253,0
20100301,17.307,17.397,16.77,16.937,942451,0
20100302,16.833,17.342,16.833,17.325,1059947,0
20100303,17.351,18.452,17.351,17.5,1149067,0
20100304,17.593,17.806,17.12,17.638,428559,0
20100305,17.629,18.195,17.629,17.916,406952,0
20100308,18.027,18.064,17.666,17.872,239809,0
20100309,17.989,18.509,17.721,17.907,996979,0
20100310,18.008,18.49,17.916,18.268,588769,0
20100311,18.314,18.481,18.314,18.38,426407,0
20100312,18.416,18.509,17.989,18.186,538479,0
20100315,18.102,18.102,17.61,17.97,193590,0
20100316,17.97,18.213,17.73,18.046,175296,0
20100317,18.131,18.5,18.102,18.408,334303,0
20100318,18.452,18.509,18.027,18.49,228755,0
20100319,18.509,18.767,18.223,18.61,687688,0
20100322,18.39,18.648,18.231,18.452,511524,0
20100323,18.49,18.786,18.462,18.711,304557,0
20100324,18.692,18.692,18.112,18.157,165807,0
20100325,18.277,18.277,17.872,18.186,630461,0
20100326,18.195,18.692,18.195,18.425,567297,0
20100329,18.592,18.879,18.452,18.711,319859,0
20100330,18.767,18.979,18.471,18.861,382362,0
20100331,18.871,19.14,18.667,19.027,715258,0
20100401,19.149,19.247,18.592,18.969,350740,0
20100405,19.149,19.159,18.314,18.749,661328,0
20100406,18.556,19.275,18.509,19.14,254792,0
20100407,19.045,19.193,18.879,18.952,156239,0
20100408,18.952,18.952,18.582,18.601,151429,0
20100409,18.601,18.638,18.352,18.519,214217,0
20100412,18.434,18.648,18.205,18.528,309757,0
20100413,18.38,18.73,18.277,18.648,255678,0
20100414,19.093,19.952,18.969,19.942,516743,0
20100415,19.99,20.359,19.99,20.323,664295,0
20100416,20.332,20.341,20.055,20.248,371541,0
20100419,20.064,20.396,19.713,20.267,525941,0
20100420,20.796,21.174,20.527,20.702,919091,0
20100421,20.823,21.118,19.86,20.212,583647,0
20100422,20.212,20.23,19.407,19.923,695912,0
20100423,19.827,20.005,19.511,19.883,203763,0
20100426,19.759,20.378,19.713,20.165,275480,0
20100427,20.23,20.23,19.266,19.436,270788,0
20100428,19.6,19.703,19.14,19.445,339129,0
20100429,19.741,20.174,19.741,19.805,344054,0
20100430,19.961,20.074,18.961,18.979,389261,0
20100503,19.111,19.869,18.871,19.545,457980,0
20100504,19.407,19.407,18.434,18.556,600776,0
20100505,18.452,18.565,17.768,18.131,677065,0
20100506,18.112,18.121,17.167,17.768,989157,0
20100507,17.806,18.046,17.01,17.854,651036,0
20100510,18.509,19.351,18.509,19.193,966442,0
20100511,18.815,19.247,18.667,19.121,234860,0
20100512,19.027,19.361,18.969,19.175,381739,0
20100513,19.275,19.275,18.806,18.934,315417,0
20100514,18.889,18.961,18.249,18.721,545482,0
20100517,18.74,18.989,18.434,18.989,316473,0
20100518,19.065,19.323,18.452,18.582,365565,0
20100519,18.361,18.767,17.519,18.528,625629,0
20100520,18.295,18.786,17.989,18.601,1201881,0
20100521,18.416,18.74,18.083,18.333,889542,0
20100524,18.277,18.509,17.872,17.944,518880,0
20100525,17.585,17.899,17.139,17.796,735217,0
20100526,18.102,18.898,18.027,18.528,1022330,0
20100527,18.853,19.942,18.777,19.75,1151557,0
20100528,19.832,19.887,18.786,19.111,859529,0
20100601,19.121,19.426,18.824,18.871,492754,0
20100602,18.824,19.535,18.824,19.535,931186,0
20100603,19.49,20.359,19.49,20.046,698351,0
20100604,19.805,19.841,19.045,19.256,341075,0
20100607,19.323,19.526,19.017,19.221,794437,0
20100608,19.38,19.526,19.084,19.516,1288428,0
20100609,19.665,20.267,19.398,19.498,867072,0
20100610,19.897,20.332,19.887,20.174,1091253,0
20100611,19.897,20.341,19.832,20.295,856701,0
20100614,20.5,20.509,19.722,19.905,1448931,0
20100615,20.127,21.007,19.961,20.59,1305518,0
20100616,20.563,21.738,20.406,21.174,2909271,0
20100617,21.554,21.922,21.312,21.608,2219011,0
20100618,21.554,21.776,21.109,21.322,1374416,0
20100621,21.645,21.655,20.711,21.276,768332,0
20100622,21.184,21.322,20.452,20.599,1297503,0
20100623,20.823,21.007,19.905,20.86,1236262,0
20100624,20.961,20.989,19.184,19.656,1920278,0
20100625,19.841,20.425,19.545,19.869,10360745,0
20100628,19.933,20.23,18.989,20.127,1044271,0
20100629,19.694,19.703,18.844,19.407,1434330,0
20100630,19.331,19.723,19.128,19.489,1453506,0
20100701,19.732,19.942,19.14,19.812,1242954,0
20100702,19.878,20.074,19.684,19.961,597963,0
20100706,20.183,20.554,19.203,19.313,1144053,0
20100707,19.203,20.074,18.969,20.055,1025771,0
20100708,20.137,20.359,19.759,20.165,314821,0
20100709,20.119,20.369,19.897,20.369,351629,0
20100712,20.221,20.711,19.85,20.452,539657,0
20100713,20.646,20.823,20.49,20.805,711915,0
20100714,20.823,21.155,20.563,20.627,581736,0
20100715,20.59,21.286,20.277,21.202,902798,0
20100716,20.998,21.239,20.341,20.35,713026,0
20100719,20.406,20.702,20.156,20.608,568488,0
20100720,20.387,20.443,19.99,20.359,769542,0
20100721,20.518,20.692,20.101,20.147,544098,0
20100722,20.387,21.22,20.258,21.147,907300,0
20100723,21.192,21.405,20.823,21.174,682589,0
20100726,21.184,21.239,20.277,21.1,744667,0
20100727,21.147,21.341,20.573,20.749,1050288,0
20100728,20.711,20.869,20.147,20.174,383570,0
20100729,20.277,20.35,19.769,20.147,551399,0
20100730,19.971,20.277,19.516,20.137,299783,0
20100802,20.341,21.1,19.99,20.203,1091838,0
20100803,20.101,20.267,19.778,19.99,451195,0
20100804,20.074,20.777,19.665,20.674,666491,0
20100805,20.462,21.055,20.462,21.045,501202,0
20100806,20.876,21.036,20.721,20.905,293465,0
20100809,20.989,21.22,20.805,21.192,244930,0
20100810,20.895,21.118,20.545,20.636,402141,0
20100811,19.007,19.203,17.844,18.721,2522488,0
20100812,18.925,19.332,18.692,18.889,1979951,0
20100813,18.861,19.017,18.462,18.5,4276605,0
20100816,18.5,18.786,18.24,18.759,1605495,0
20100817,18.871,19.167,18.777,18.853,837226,0
20100818,18.806,19.266,18.592,19.203,901021,0
20100819,19.13,19.294,18.861,18.979,636539,0
20100820,18.777,19.017,18.777,18.907,449248,0
20100823,18.917,19.036,18.711,18.879,623491,0
20100824,18.509,18.952,18.462,18.73,1181073,0
20100825,18.74,18.898,18.24,18.777,1212475,0
20100826,18.989,19.455,18.749,19.065,839395,0
20100827,19.084,19.111,18.519,18.796,1106687,0
20100830,18.702,18.844,18.444,18.509,637935,0
20100831,18.324,18.742,18.232,18.65,684901,0
20100901,18.786,19.769,18.657,19.436,1198815,0
20100902,19.628,19.656,19.275,19.48,329236,0
20100903,19.59,19.628,19.184,19.417,550106,0
20100907,19.238,19.426,18.934,19.045,474605,0
20100908,19.027,19.149,18.314,18.582,1145776,0
20100909,18.629,18.786,18.037,18.205,1674840,0
20100910,18.083,18.186,17.037,17.26,2665512,0
20100913,17.368,17.647,17.36,17.538,1257869,0
20100914,17.425,18.675,17.224,18.416,1309073,0
20100915,18.323,18.61,17.5,17.684,1195485,0
20100916,17.593,18.186,17.585,17.815,926695,0
20100917,17.954,18.806,17.863,18.546,1555209,0
20100920,18.638,19.417,18.314,19.093,1350425,0
20100921,19.203,20.285,18.907,19.221,1050190,0
20100922,19.247,19.85,19.159,19.211,1538508,0
20100923,19.111,20.036,18.711,19.741,1116888,0
20100924,19.786,20.156,19.732,19.971,847714,0
20100927,20.341,20.462,20.11,20.314,719943,0
20100928,20.452,20.749,20.183,20.636,707408,0
20100929,20.636,20.823,20.471,20.665,419197,0
20100930,20.709,21.285,20.672,20.83,1130628,0
20101001,20.932,20.97,20.684,20.942,669058,0
20101004,20.913,20.942,20.285,20.646,848853,0
20101005,20.767,20.932,20.59,20.777,442870,0
20101006,20.749,20.998,20.212,20.617,1108921,0
20101007,20.674,21.257,20.599,21.174,881486,0
20101008,20.961,21.017,20.406,20.545,1199960,0
20101011,20.599,20.786,20.425,20.674,418748,0
20101012,20.721,20.721,20.119,20.378,923881,0
20101013,20.554,20.581,19.933,20.359,1025428,0
20101014,20.387,20.823,20.165,20.749,917084,0
20101015,20.869,21.026,20.277,20.998,912278,0
20101018,21.063,21.081,20.74,21.045,499868,0
20101019,20.702,21.026,20.452,20.721,563683,0
20101020,20.86,20.961,20.434,20.452,330687,0
20101021,20.545,20.554,20.267,20.314,374563,0
20101022,20.359,20.815,20.314,20.805,565093,0
20101025,20.823,21.396,20.74,21.155,699663,0
20101026,21.1,21.729,20.951,21.674,1597827,0
20101027,21.664,21.978,21.461,21.932,1215693,0
20101028,22.174,22.255,21.368,21.683,1460630,0
20101029,21.76,23.094,21.619,22.841,1457060,0
20101101,22.673,22.887,21.997,22.052,926580,0
20101102,22.302,22.617,22.09,22.283,436543,0
20101103,22.321,22.924,22.174,22.839,632011,0
20101104,23.099,23.478,22.83,23.405,1062226,0
20101105,23.469,23.783,23.275,23.478,669452,0
20101108,23.275,23.673,23.071,23.367,404538,0
20101109,23.423,23.553,22.933,22.977,440760,0
20101110,22.996,23.071,22.562,22.776,289539,0
20101111,22.581,23.229,22.071,22.996,1309350,0
20101112,22.962,23.886,22.728,23.802,1047236,0
20101115,24.015,24.024,23.21,23.294,538836,0
20101116,23.154,23.202,22.599,23.043,615597,0
20101117,23.015,23.32,22.673,22.766,689103,0
20101118,22.924,23.284,22.839,23.202,717478,0
20101119,23.071,23.442,22.986,23.386,348001,0
20101122,23.506,24.07,23.442,24.07,980911,0
20101123,23.969,24.117,23.747,24.042,697324,0
20101124,24.172,24.43,24.126,24.339,890260,0
20101126,24.293,25.034,24.219,24.996,594137,0
20101129,25.053,25.079,24.394,24.913,1102718,0
20101130,24.913,25.218,24.143,24.16,5864914,0
20101201,24.506,24.986,24.329,24.858,1785245,0
20101202,24.949,26.357,24.831,26.292,2063552,0
20101203,25.913,25.913,24.478,24.571,2771735,0
20101206,24.849,24.885,24.329,24.849,969468,0
20101207,22.915,23.405,22.655,23.005,12683736,0
20101208,23.127,23.821,23.005,23.506,5303109,0
20101209,23.821,24.535,23.664,24.439,3679347,0
20101210,24.709,24.709,24.21,24.43,1509465,0
20101213,24.616,24.709,24.385,24.598,1315730,0
20101214,24.662,24.754,24.033,24.329,1022215,0
20101215,24.506,24.868,23.978,24.43,1945515,0
20101216,24.615,25.589,24.447,25.581,2639280,0
20101217,25.625,26.283,25.478,26.069,3037871,0
20101220,25.811,26.32,25.634,25.737,1577745,0
20101221,25.865,25.996,25.606,25.802,1615376,0
20101222,25.865,26.088,25.348,26.044,1037337,0
20101223,26.034,26.338,25.828,26.034,635858,0
20101227,25.939,26.781,25.746,26.615,1438329,0
20101228,26.624,26.653,26.117,26.19,630544,0
20101229,26.327,26.531,26.049,26.493,680278,0
20101230,26.503,26.774,26.234,26.727,736390,0
20101231,26.497,26.517,26.179,26.293,603479,0
20110103,26.467,26.56,25.615,25.728,1559911,0
20110104,25.728,26.19,24.959,25.913,1757136,0
20110105,25.774,26.069,25.681,25.903,1030517,0
20110106,25.949,26.403,25.7,26.394,1037103,0
20110107,26.375,26.384,25.71,26.161,894461,0
20110110,26.152,26.931,25.846,26.745,1662419,0
20110111,26.968,27.078,26.691,27.059,1464050,0
20110112,27.096,27.144,25.93,26.069,1685577,0
20110113,26.283,26.523,25.93,26.236,1042146,0
20110114,26.227,26.893,25.913,26.847,927956,0
20110118,25.588,25.811,25.2,25.681,10825334,0
20110119,25.913,26.375,25.459,25.69,3219555,0
20110120,25.625,25.746,25.245,25.634,2265100,0
20110121,25.846,26.069,25.596,25.7,1105294,0
20110124,25.968,26.117,25.522,25.996,2322597,0
20110125,26.052,26.052,25.357,25.93,1571999,0
20110126,26.034,26.265,25.728,26.143,1643439,0
20110127,26.301,27.246,26.301,27.04,4030656,0
20110128,27.115,27.171,25.792,25.958,1351202,0
20110131,25.945,26.724,25.87,26.573,1415886,0
20110201,26.691,27.3,26.615,26.902,1710748,0
20110202,26.856,27.208,26.56,26.653,1220968,0
20110203,26.634,27.374,26.467,27.218,1331854,0
20110204,27.569,28.893,27.504,28.875,2667580,0
20110207,28.846,29.134,28.281,28.495,1054835,0
20110208,29.059,29.847,28.687,29.532,3747800,0
20110209,29.551,30.493,29.383,30.327,4638286,0
20110210,30.536,30.545,29.755,30.061,3786783,0
20110211,30.105,30.864,29.911,30.808,2816620,0
20110214,31.075,31.79,31.075,31.504,2809065,0
20110215,31.362,31.706,30.929,31.199,2138128,0
20110216,31.381,32.02,31.288,31.817,1362045,0
20110218,31.306,31.532,31.122,31.325,1534663,0
20110222,30.705,30.761,29.734,30.169,2173824,0
20110223,30.522,30.541,28.606,29.002,3595197,0
20110224,29.475,31.574,29.299,31.447,3817817,0
20110225,31.685,32.01,31.277,31.797,2067307,0
20110228,31.482,31.954,30.996,31.453,1760015,0
20110301,29.85,30.051,29.467,29.68,10948058,0
20110302,29.717,30.117,29.651,30.043,2876081,0
20110303,30.348,30.609,29.942,30.545,3549358,0
20110304,30.59,30.674,30.089,30.348,2214951,0
20110307,30.503,30.541,29.217,29.598,1805432,0
20110308,29.543,30.127,29.237,29.977,2118156,0
20110309,29.246,29.515,28.632,28.687,4746810,0
20110310,28.522,28.8,27.901,28.696,3910592,0
20110311,28.587,29.17,28.419,28.903,1419303,0
20110314,28.772,28.847,28.429,28.687,1773543,0
20110315,27.964,28.947,27.622,28.753,2139074,0
20110316,28.715,28.847,27.277,27.426,3077564,0
20110317,28.084,28.122,26.234,27.201,3912221,0
20110318,27.901,28.289,27.705,28.132,3308475,0
20110321,28.372,28.903,28.372,28.753,2149776,0
20110322,28.903,29.041,28.252,28.495,1635604,0
20110323,28.504,28.782,28.16,28.772,1332497,0
20110324,29.012,29.068,28.391,28.829,1441021,0
20110325,28.791,28.939,28.55,28.623,983134,0
20110328,28.641,29.227,28.522,28.753,1157533,0
20110329,28.54,28.866,28.4,28.734,1585162,0
20110330,29.06,29.31,28.4,29.218,1870232,0
20110331,29.309,29.506,28.588,28.86,1703148,0
20110401,29.227,29.6,28.819,29.246,1727530,0
20110404,29.068,29.31,27.798,28.391,2025148,0
20110405,28.532,30.061,28.4,29.384,2203357,0
20110406,29.869,30.489,29.448,30.404,2303456,0
20110407,30.498,30.59,29.977,30.127,1786939,0
20110408,30.489,30.748,29.942,30.221,898815,0
20110411,29.968,30.275,29.448,29.905,958783,0
20110412,29.708,29.84,28.651,29.106,2030398,0
20110413,29.572,29.958,29.05,29.505,945432,0
20110414,29.256,29.496,28.485,28.829,1265892,0
20110415,28.687,29.543,28.372,29.448,1306072,0
20110418,29.125,29.412,28.326,29.319,867779,0
20110419,29.281,29.68,29.17,29.477,779961,0
20110420,29.859,30.266,29.633,30.211,1201951,0
20110421,30.266,30.674,30.173,30.248,898293,0
20110425,30.34,30.34,29.689,29.915,646588,0
20110426,30.229,30.229,29.553,30.014,1144574,0
20110427,29.933,31.081,29.84,30.979,1058517,0
20110428,30.898,31.379,30.489,30.517,777465,0
20110429,30.567,31.079,30.357,31.041,879727,0
20110502,31.157,31.303,30.545,30.757,763230,0
20110503,30.887,31.015,29.816,29.845,1267685,0
20110504,30.099,30.257,29.616,30.192,806043,0
20110505,29.937,30.987,29.768,30.839,882667,0
20110506,31.322,32.474,31.195,32.391,2055553,0
20110509,32.474,33.069,32.15,32.901,1481125,0
20110510,33.124,33.569,33.04,33.224,1805291,0
20110511,33.228,33.471,32.968,33.285,1490968,0
20110512,33.291,33.466,32.316,32.529,2183059,0
20110513,32.511,32.854,32.363,32.372,1090815,0
20110516,32.194,32.456,31.676,31.788,814758,0
20110517,31.954,31.954,31.379,31.797,1354701,0
20110518,31.907,32.242,31.231,32.131,737454,0
20110519,32.381,32.529,32.131,32.297,761584,0
20110520,32.281,32.671,31.826,31.908,1418705,0
20110523,31.473,31.483,29.486,29.717,2686220,0
20110524,29.812,29.977,29.208,29.42,3035833,0
20110525,30.432,32.176,30.257,32.01,7242142,0
20110526,32.029,32.335,31.222,32.204,1984111,0
20110527,32.289,32.588,31.704,32.485,1846045,0
20110531,31.417,31.612,31.052,31.351,11549811,0
20110601,31.397,31.779,31.222,31.331,3645686,0
20110602,31.369,31.685,30.6,31.1,2494667,0
20110603,31.284,31.676,30.707,31.444,4399164,0
20110606,31.555,31.555,30.86,30.925,1489764,0
20110607,31.359,31.779,30.987,31.591,5372165,0
20110608,31.359,31.704,30.848,30.996,1888649,0
20110609,31.826,32.141,31.311,31.761,3498330,0
20110610,31.806,31.908,30.969,31.33,1535586,0
20110613,31.33,31.834,30.596,31.052,2484593,0
20110614,31.321,31.973,31.311,31.751,2354228,0
20110615,31.761,31.908,31.156,31.222,2063164,0
20110616,31.006,31.137,30.38,31.042,2340171,0
20110617,31.33,31.482,29.946,30.235,2172163,0
20110620,30.198,30.839,29.946,30.467,2056176,0
20110621,30.661,32.002,30.561,31.695,1982101,0
20110622,31.61,33.759,31.213,33.488,4125874,0
20110623,33.006,33.555,32.402,33.323,4096933,0
20110624,33.285,33.332,32.559,33.044,11034133,0
20110627,33.072,33.507,32.559,32.977,1943853,0
20110628,33.313,34.775,33.313,34.374,3348180,0
20110629,34.69,35.155,34.085,35.08,2760476,0
20110630,35.165,35.999,34.556,35.351,2830229,0
20110701,35.557,36.273,35.547,35.965,1946274,0
20110705,36.049,36.355,35.825,36.245,1023175,0
20110706,36.073,36.353,35.615,36.353,1323423,0
20110707,36.4,36.699,35.853,35.965,2485339,0
20110708,35.453,35.547,34.449,35.314,2172770,0
20110711,34.606,35.462,34.515,34.784,1566503,0
20110712,34.597,34.642,32.569,32.941,3727530,0
20110713,33.257,33.741,32.607,32.912,2091643,0
20110714,32.977,33.947,32.652,32.727,2403149,0
20110715,32.904,33.443,32.512,33.035,1477444,0
20110718,32.82,33.219,32.002,32.559,1288055,0
20110719,32.835,33.918,32.686,33.676,1923729,0
20110720,33.741,34.42,33.417,33.555,1593961,0
20110721,33.398,34.597,33.238,34.197,2203365,0
20110722,34.169,34.784,33.75,34.486,1473078,0
20110725,34.085,34.085,33.389,33.574,1543725,0
20110726,33.758,34.375,33.684,34.104,2929301,0
20110727,33.91,34.095,31.098,31.284,4355598,0
20110728,31.531,32.378,30.148,32.228,5056769,0
20110729,31.277,31.911,30.541,31.286,4129254,0
20110801,31.628,31.723,30.653,30.887,2557771,0
20110802,30.56,31.455,29.803,29.812,2261274,0
20110803,30.41,30.552,29.138,30.494,1828324,0
20110804,29.96,30.233,28.71,28.748,2798072,0
20110805,29.09,30.225,27.061,27.294,4702680,0
20110808,26.634,26.979,24.579,25.294,4697586,0
20110809,25.751,27.62,25.517,27.564,4526779,0
20110810,27.061,28.252,26.588,27.211,3271235,0
20110811,27.787,28.977,27.535,28.57,2909299,0
20110812,29.294,29.768,28.745,28.877,2767183,0
20110815,29.138,30.141,29.014,29.406,1452406,0
20110816,29.154,29.47,28.523,28.811,1876721,0
20110817,29.146,29.797,28.476,28.56,2044781,0
20110818,27.73,27.815,26.308,26.614,2478285,0
20110819,26.634,27.675,26.187,26.318,1355398,0
20110822,26.781,26.885,25.405,25.714,2772564,0
20110823,25.88,27.258,25.36,27.22,3869095,0
20110824,29.787,31.127,29.192,30.019,7454439,0
20110825,29.872,30.019,28.661,28.726,2694305,0
20110826,28.449,29.335,27.629,29.326,2248309,0
20110829,29.768,30.606,29.537,30.561,1446758,0
20110830,30.28,31.415,30.019,30.82,1842913,0
20110831,30.976,32.092,30.462,30.799,2463038,0
20110901,30.726,30.839,29.284,29.359,3346847,0
20110902,28.813,29.336,28.381,28.961,1365654,0
20110906,28.364,29.289,28.113,29.273,1268377,0
20110907,29.96,30.923,29.897,30.418,1568790,0
20110908,29.926,31.025,29.86,30.782,2083502,0
20110909,30.427,30.932,29.765,30.045,2045808,0
20110912,29.626,31.322,29.581,31.195,2200339,0
20110913,31.195,32.089,30.792,31.93,2204745,0
20110914,32.098,34.207,32.005,34.01,5074562,0
20110915,34.347,35.093,33.787,34.28,3212923,0
20110916,34.124,34.392,33.515,34.048,1932231,0
20110919,33.582,35.447,33.041,34.851,3510008,0
20110920,34.991,35.242,33.842,33.89,2903919,0
20110921,34.104,35.447,33.478,33.572,3530089,0
20110922,32.508,32.667,30.763,31.707,3808225,0
20110923,31.602,32.705,31.156,32.471,2236374,0
20110926,32.489,32.733,31.312,31.819,2714222,0
20110927,32.378,32.798,32.062,32.182,2258417,0
20110928,30.811,31.341,30.688,30.801,11414169,0
20110929,31.108,31.312,30.11,30.951,5259488,0
20110930,30.908,31.143,30.259,30.58,5537898,0
20111003,30.475,31.006,29.552,29.755,3926576,0
20111004,29.699,30.541,28.795,30.176,3987255,0
20111005,30.11,30.512,29.485,30.427,3763668,0
20111006,30.56,30.932,30.129,30.745,2662538,0
20111007,30.932,31.195,30.351,30.679,1346171,0
20111010,30.792,31.781,30.792,31.407,4027772,0
20111011,31.37,31.64,30.792,31.099,1393381,0
20111012,31.277,31.583,30.706,31.398,2597220,0
20111013,31.156,32.593,31.052,31.781,6452447,0
20111014,32.638,33.415,32.453,33.311,3344625,0
20111017,33.144,33.301,32.481,32.715,2282506,0
20111018,32.593,33.563,32.574,33.441,1494750,0
20111019,33.069,33.078,32.191,32.313,3248579,0
20111020,32.219,32.489,30.904,31.707,2507482,0
20111021,32.024,32.191,31.185,31.574,2583750,0
20111024,31.8,33.226,31.726,32.984,2753149,0
20111025,32.508,32.993,32.062,32.136,2637869,0
20111026,32.657,32.78,31.388,31.513,2479615,0
20111027,31.957,32.426,31.231,31.503,4626569,0
20111028,31.688,31.716,29.008,31.341,7673028,0
20111031,30.814,31.903,30.775,31.512,3833121,0
20111101,30.503,31.185,30.12,30.792,1735658,0
20111102,31.195,31.258,30.233,30.418,2297621,0
20111103,31.268,32.194,30.612,32.037,3370422,0
20111104,31.54,32.382,31.532,32.083,1474495,0
20111107,32.043,32.285,31.36,32.266,1852810,0
20111108,32.406,32.526,31.602,32.406,1015402,0
20111109,31.773,32.228,30.858,31.006,1494243,0
20111110,31.408,31.504,30.686,30.895,1024501,0
20111111,31.214,32.089,31.016,31.996,1238137,0
20111114,31.837,32.014,30.633,30.877,1721497,0
20111115,30.763,31.277,30.522,30.782,1739438,0
20111116,30.578,31.07,29.737,29.951,1841131,0
20111117,29.869,29.969,28.879,29.113,1859308,0
20111118,29.364,29.466,27.534,27.863,3459297,0
20111121,27.405,27.749,26.863,27.48,3899872,0
20111122,27.638,28.2,27.153,27.441,2272826,0
20111123,27.059,27.414,26.751,27.03,2552637,0
20111125,26.77,27.182,26.415,26.536,959237,0
20111128,27.396,27.563,26.238,26.668,5106968,0
20111129,26.668,27.396,26.611,26.938,3375855,0
20111130,27.401,28.095,27.042,27.919,3920976,0
20111201,27.824,28.346,27.172,27.91,5211826,0
20111202,28.25,29.525,28.138,29.075,5773291,0
20111205,29.41,29.803,28.719,28.962,3105749,0
20111206,28.86,29.113,28.044,28.747,2899760,0
20111207,28.579,29.29,28.4,29.132,2681269,0
20111208,29.094,29.525,28.541,28.625,3150463,0
20111209,28.015,28.598,27.801,28.56,3143388,0
20111212,26.705,27.651,25.74,27.492,3936249,0
20111213,27.566,28.071,27.126,27.285,3496036,0
20111214,27.022,27.398,26.376,26.788,2263994,0
20111215,27.154,27.408,26.788,26.835,2552470,0
20111216,27.107,27.332,26.396,26.987,9643905,0
20111219,27.014,27.014,25.664,25.815,2749733,0
20111220,26.17,27.173,26.16,27.014,3160333,0
20111221,27.014,27.23,25.815,26.15,2508639,0
20111222,26.339,27.304,26.123,27.191,2974725,0
20111223,27.379,27.743,27.031,27.538,1255724,0
20111227,27.425,27.669,27.201,27.492,853037,0
20111228,27.511,27.52,26.844,26.93,1427382,0
20111229,27.041,27.369,26.939,27.285,1090796,0
20111230,27.137,27.325,26.854,27.042,892638,0
20120103,27.633,28.269,27.069,27.126,2458012,0
20120104,27.097,27.258,26.33,26.658,2161568,0
20120105,26.695,26.939,26.405,26.695,2142481,0
20120106,26.619,26.751,26.255,26.526,2599452,0
20120109,27.454,28.476,27.408,28.315,3573620,0
20120110,28.598,29.168,28.466,28.718,2863288,0
20120111,28.756,29.654,28.662,29.235,2661340,0
20120112,29.235,29.92,28.879,29.682,2120827,0
20120113,29.535,29.982,29.245,29.583,2590646,0
20120117,29.702,30.231,29.487,29.655,3391853,0
20120118,30.846,32.795,30.714,31.802,4725035,0
20120119,31.746,32.185,31.485,31.504,3366609,0
20120120,31.417,31.894,31.241,31.68,2503864,0
20120123,31.718,31.765,31.185,31.54,2147690,0
20120124,31.532,32.083,31.475,31.737,3284740,0
20120125,32.242,32.373,31.575,31.811,3239270,0
20120126,31.866,32.26,31.709,31.933,2725387,0
20120127,31.737,32.308,31.67,31.839,3144917,0
20120130,31.485,31.866,31.249,31.604,1770535,0
20120131,31.83,31.932,31.264,31.801,1731566,0
20120201,32.223,32.702,31.989,32.439,4200723,0
20120202,32.609,32.962,32.56,32.795,3862076,0
20120203,33.02,33.244,32.767,32.916,2541663,0
20120206,32.832,32.841,31.989,32.139,2012066,0
20120207,32.176,32.459,31.811,32.402,1508384,0
20120208,32.413,32.797,32.271,32.685,1604198,0
20120209,32.806,33.09,32.601,32.919,1258226,0
20120210,32.702,33.169,32.185,32.317,949603,0
20120213,32.654,32.955,31.866,32.617,1378690,0
20120214,32.392,32.739,32.037,32.336,1955041,0
20120215,32.721,33.244,32.617,32.777,2119957,0
20120216,32.823,33.685,32.532,33.602,1789562,0
20120217,33.441,33.534,32.644,33.02,1900072,0
20120221,33.077,33.621,33.058,33.234,2182341,0
20120222,33.115,34.031,33.115,33.639,2597511,0
20120223,33.544,34.912,33.459,34.847,5080598,0
20120224,34.998,35.046,33.889,34.028,2062338,0
20120227,33.676,34.847,33.301,34.649,2414336,0
20120228,34.511,35.063,34.256,34.678,2303129,0
20120229,34.614,35.324,34.396,35.238,3682249,0
20120301,35.361,35.418,34.818,34.968,1339307,0
20120302,34.932,34.951,34.038,34.292,2091801,0
20120305,34.21,34.247,33.068,33.215,2655313,0
20120306,32.432,33.248,32.422,33.09,2127582,0
20120307,33.191,33.701,33.043,33.491,1071991,0
20120308,34.009,34.491,33.822,34.124,1781084,0
20120309,34.161,34.5,33.775,34.453,1420122,0
20120312,34.414,34.537,33.822,34.292,930968,0
20120313,34.649,35.299,34.555,35.262,1376876,0
20120314,35.234,35.957,34.668,34.773,2377933,0
20120315,34.922,35.506,34.687,35.506,1728250,0
20120316,35.582,36.483,35.421,35.636,2501341,0
20120319,35.515,35.882,35.372,35.787,909900,0
20120320,35.449,35.872,35.262,35.759,1876130,0
20120321,35.693,36.295,35.59,36.07,1446721,0
20120322,35.9,36.052,35.599,35.683,2092953,0
20120323,35.573,35.891,35.281,35.825,1580637,0
20120326,36.162,36.531,35.702,36.521,1773640,0
20120327,36.381,36.69,36.088,36.464,1871418,0
20120328,36.512,36.549,35.535,35.702,1774985,0
20120329,35.401,36.079,35.262,36.052,1268792,0
20120330,36.162,36.879,35.872,36.643,2574689,0
20120402,36.569,36.681,35.835,36.381,1528216,0
20120403,36.154,36.663,35.854,36.079,1283564,0
20120404,35.779,35.854,34.876,35.176,1395783,0
20120405,35.234,35.712,35.119,35.382,1091352,0
20120409,34.961,35.449,34.857,35.337,1159946,0
20120410,35.157,35.486,34.387,34.602,2134561,0
20120411,34.838,35.929,34.697,35.242,1695605,0
20120412,35.382,36.154,35.262,35.872,1331940,0
20120413,35.654,35.664,34.988,35.055,950823,0
20120416,35.281,35.327,34.791,34.838,1875224,0
20120417,35.138,35.683,34.998,35.486,1201314,0
20120418,35.309,35.554,34.893,35.242,939755,0
20120419,34.773,34.969,33.483,33.578,3080852,0
20120420,33.617,33.617,31.602,32.233,8550446,0
20120423,31.755,31.811,31.162,31.246,4670036,0
20120424,31.21,31.274,30.446,30.728,3961204,0
20120425,32.468,33.163,32.12,32.891,4403751,0
20120426,32.619,33.146,32.356,32.965,1727302,0
20120427,32.994,33.2,32.441,32.533,1824845,0
20120430,32.365,32.552,32.056,32.422,1431889,0
20120501,32.468,32.863,32.13,32.403,1250810,0
20120502,32.092,32.779,31.838,32.704,940949,0
20120503,32.637,32.656,31.3,31.368,1990075,0
20120504,30.963,31.368,29.683,29.741,4167940,0
20120507,29.674,30.08,29.345,29.43,2110809,0
20120508,29.235,29.779,29.055,29.665,3051292,0
20120509,29.309,29.374,28.886,29.215,2615691,0
20120510,29.336,29.478,28.801,29.036,2370492,0
20120511,28.858,29.29,28.783,29.093,3088253,0
20120514,28.849,29.574,28.65,29.273,1973497,0
20120515,29.327,29.769,29.064,29.196,2285765,0
20120516,29.206,29.769,28.878,28.933,2067387,0
20120517,29.073,29.093,28.255,28.274,1650973,0
20120518,28.425,28.443,27.937,28.228,2430552,0
20120521,28.21,29.064,27.928,29.064,3054062,0
20120522,29.093,29.545,28.988,29.402,3028326,0
20120523,29.798,31.583,29.62,31.52,5048420,0
20120524,31.454,31.52,30.494,30.571,2665657,0
20120525,30.653,31.405,30.625,31.172,1643816,0
20120529,31.546,32.45,31.228,32.393,2037897,0
20120530,31.922,32.017,30.908,31.085,2790227,0
20120531,31.292,31.396,30.532,31.123,2037293,0
20120601,30.496,30.722,29.013,29.128,4136156,0
20120604,29.355,29.759,28.377,28.706,4225455,0
20120605,28.759,29.61,28.579,29.534,3834175,0
20120606,29.902,31.016,29.692,30.996,2403339,0
20120607,31.432,31.48,30.903,30.977,2456747,0
20120608,30.875,32.008,30.564,31.819,2671311,0
20120611,32.056,32.214,31.162,31.256,1642263,0
20120612,31.316,32.13,31.316,31.893,1964337,0
20120613,31.883,32.434,31.638,32.008,2189802,0
20120614,31.912,31.922,30.846,31.461,2510245,0
20120615,31.509,32.434,31.49,32.177,1936456,0
20120618,32.065,33.133,31.932,32.829,1817215,0
20120619,32.979,33.057,32.488,32.773,2027747,0
20120620,32.867,33.566,32.857,33.311,3098765,0
20120621,33.291,33.426,32.48,32.565,2453562,0
20120622,32.545,33.104,32.471,32.867,5886644,0
20120625,32.516,32.717,32.16,32.31,2297162,0
20120626,32.414,32.697,32.074,32.48,1975258,0
20120627,32.507,33.114,32.424,32.961,1208613,0
20120628,32.594,32.81,32.046,32.405,1793696,0
20120629,33.075,33.945,33.074,33.907,2010595,0
20120702,33.783,34.18,33.311,33.517,2314012,0
20120703,33.471,33.811,33.471,33.754,1037951,0
20120705,33.754,33.963,33.498,33.605,908023,0
20120706,33.527,33.546,32.177,32.565,1558086,0
20120709,32.584,32.678,31.281,31.441,2326551,0
20120710,31.734,32.177,31.403,31.571,2259194,0
20120711,31.554,31.687,31.1,31.261,2005328,0
20120712,31.09,31.158,30.353,30.77,2238308,0
20120713,30.742,31.403,30.676,31.307,1777752,0
20120716,31.139,31.252,30.583,30.922,1456929,0
20120717,31.261,31.374,30.76,31.207,1909821,0
20120718,31.158,32.16,31.081,31.912,2247855,0
20120719,32.612,34.379,32.507,34.038,3671350,0
20120720,33.954,33.999,33.291,33.321,1584023,0
20120723,32.717,32.867,31.856,32.574,1598860,0
20120724,32.755,33.141,31.893,32.282,1033113,0
20120725,32.272,32.82,31.941,32.31,2167316,0
20120726,33.067,33.745,33.057,33.471,1387108,0
20120727,33.802,34.445,33.575,34.124,1217410,0
20120730,34.301,34.661,33.735,33.973,1275184,0
20120731,34.228,35.551,34.208,34.851,2498456,0
20120801,35.05,35.058,34.388,34.651,1632985,0
20120802,34.33,35.077,34.095,34.512,1392431,0
20120803,35.086,35.378,34.632,35.05,1517499,0
20120806,35.123,35.359,34.945,35.012,1196682,0
20120807,35.209,35.541,35.002,35.324,1633086,0
20120808,35.378,35.606,35.181,35.397,1818242,0
20120809,34.983,35.484,34.955,35.247,1058314,0
20120810,35.162,35.349,34.728,35.086,1552427,0
20120813,35.086,35.086,34.085,34.255,2235753,0
20120814,34.69,34.728,33.98,34.142,2575422,0
20120815,34.047,34.595,33.999,34.547,1692336,0
20120816,34.661,35.077,34.661,34.861,2741085,0
20120817,35.652,35.776,34.379,34.793,3174851,0
20120820,34.896,34.896,33.443,33.963,2696551,0
20120821,33.716,34.529,33.716,34.359,2031176,0
20120822,34.237,34.641,34.038,34.463,1402972,0
20120823,34.228,34.283,33.735,34.018,1276848,0
20120824,34.018,34.321,33.849,34.047,1379609,0
20120827,34.067,34.124,33.662,33.783,1408814,0
20120828,33.839,34.396,33.699,34.255,1622041,0
20120829,34.369,34.812,34.208,34.567,1265452,0
20120830,34.473,34.473,33.858,34.018,1447467,0
20120831,34.274,34.757,33.916,34.538,1404535,0
20120904,34.35,34.557,33.369,33.897,2279306,0
20120905,33.633,33.642,33.104,33.225,1713534,0
20120906,33.662,34.767,33.234,34.577,2422830,0
20120907,34.671,34.785,34.095,34.189,1677701,0
20120910,33.963,34.18,33.008,33.057,1719292,0
20120911,33.095,33.595,32.895,33.018,1314997,0
20120912,33.263,33.525,33.067,33.273,1461410,0
20120913,33.321,33.435,32.536,33.123,2316114,0
20120914,33.141,33.527,32.773,33.114,3602446,0
20120917,33.234,33.426,32.943,33.321,1619666,0
20120918,33.283,33.369,32.875,33.36,1111262,0
20120919,33.33,33.606,32.968,33.253,2191953,0
20120920,32.807,33.122,31.519,32.021,4242353,0
20120921,32.571,34.269,32.571,33.69,7234951,0
20120924,33.205,33.34,32.476,32.827,4657607,0
20120925,32.789,33.196,31.244,31.317,3584549,0
20120926,31.061,31.822,30.73,31.746,4349627,0
20120927,31.481,33.196,31.281,33.113,4335492,0
20120928,32.685,33.224,32.353,33.079,2730664,0
20121001,33.34,33.718,32.78,32.91,2117612,0
20121002,33.113,33.113,32.348,32.656,1801892,0
20121003,32.762,33.253,32.665,32.799,2872682,0
20121004,32.799,32.799,32.257,32.656,1204153,0
20121005,32.941,33.471,32.42,32.675,1593318,0
20121008,32.257,32.476,31.983,32.144,1058063,0
20121009,31.784,32.011,31.346,31.868,2189136,0
20121010,31.954,31.983,30.883,30.92,1525753,0
20121011,31.317,31.766,30.893,31.244,1451103,0
20121012,31.052,31.317,30.874,31.288,2817675,0
20121015,31.403,31.65,31.119,31.491,1806993,0
20121016,31.592,32.817,31.529,32.59,1960664,0
20121017,32.343,32.827,32.144,32.362,1413411,0
20121018,32.324,32.637,32.078,32.305,1344077,0
20121019,32.371,32.43,31.216,31.491,2011823,0
20121022,31.766,31.958,31.307,31.689,1339313,0
20121023,31.271,31.64,31.139,31.537,1154416,0
20121024,31.812,31.868,30.92,31.052,1425131,0
20121025,31.375,32.011,31.346,31.973,1622690,0
20121026,31.973,32.248,31.689,32.097,1330424,0
20121031,31.896,31.973,31.134,31.336,2408430,0
20121101,31.582,32.789,31.356,32.732,1973568,0
20121102,32.931,33.065,32.2,32.229,2026096,0
20121105,31.307,32.656,31.297,32.561,1463056,0
20121106,32.59,33.471,32.458,33.471,2112764,0
20121107,32.997,33.311,32.154,32.219,2187149,0
20121108,33.196,33.196,32.097,32.105,1398137,0
20121109,32.257,32.257,31.708,31.766,1495131,0
20121112,31.859,32.11,31.515,31.886,801759,0
20121113,31.555,32.087,31.479,31.573,1171321,0
20121114,31.954,32.154,31.187,31.336,1270477,0
20121115,31.38,31.519,30.44,30.597,1448646,0
20121116,30.561,30.72,30.056,30.303,2517718,0
20121119,30.625,31.143,30.368,31.07,1756361,0
20121120,31.612,31.766,30.835,31.129,1254749,0
20121121,31.1,31.269,30.854,31.139,822237,0
20121123,31.297,32.011,31.168,31.832,861830,0
20121126,31.896,32.485,31.698,32.295,1745627,0
20121127,32.125,32.762,31.876,32.371,2165614,0
20121128,31.896,32.855,31.886,32.77,1793269,0
20121129,33.103,33.616,32.941,33.301,2009147,0
20121130,32.817,33.612,32.163,33.301,4388195,0
20121203,33.577,33.756,32.855,33.026,1844924,0
20121204,33.132,33.36,32.912,33.132,1781081,0
20121205,33.244,33.36,32.732,32.762,1673188,0
20121206,32.827,33.35,32.694,33.321,1261836,0
20121207,32.476,32.789,32.21,32.494,8964366,0
20121210,32.619,32.752,32.353,32.685,2829454,0
20121211,32.883,33.094,32.571,32.789,4598028,0
20121212,33.007,33.094,32.685,32.799,5193456,0
20121213,33.205,33.214,31.868,31.973,6976891,0
20121214,31.462,31.563,28.937,29.545,10404504,0
20121217,29.676,30.359,29.43,30.35,7439475,0
20121218,30.58,30.835,30.065,30.616,4364999,0
20121219,30.635,30.835,30.303,30.35,2637445,0
20121220,30.407,30.587,29.81,30.266,2507279,0
20121221,29.546,29.951,29.42,29.752,3695772,0
20121224,29.685,29.724,29.392,29.555,842617,0
20121226,29.62,29.948,29.193,29.297,1722109,0
20121227,29.487,29.878,29.118,29.762,2903246,0
20121228,29.468,29.859,29.373,29.555,2067594,0
20121231,29.724,30.152,29.383,30.028,2808207,0
20130102,30.767,31.365,30.587,30.874,3869910,0
20130103,30.797,31.289,30.682,31.032,2455300,0
20130104,31.025,31.09,30.542,30.835,2857656,0
20130107,30.758,30.825,30.455,30.663,1772969,0
20130108,30.787,31.025,30.445,30.455,2210140,0
20130109,30.835,31.271,30.7,31.129,3104699,0
20130110,31.746,31.868,31.326,31.803,4699860,0
20130111,31.822,32.605,31.774,32.581,5045610,0
20130114,31.915,32.845,31.915,32.799,5191773,0
20130115,32.542,32.675,32.087,32.135,3555791,0
20130116,32.078,32.837,32.04,32.789,2916263,0
20130117,32.997,33.176,32.817,33.026,2220255,0
20130118,32.845,32.968,32.551,32.675,1984682,0
20130122,32.685,32.835,32.571,32.675,1455469,0
20130123,33.056,33.205,32.42,32.656,2402471,0
20130124,31.983,32.551,31.868,32.191,4697364,0
20130125,32.097,32.527,32.087,32.41,3698390,0
20130128,32.637,32.762,32.362,32.714,4053901,0
20130129,32.542,32.931,32.43,32.799,2501307,0
20130130,32.724,33.518,32.719,33.253,2654528,0
20130131,33.7,34.242,33.443,33.938,7142314,0
20130201,34.146,34.44,33.983,34.401,2948378,0
20130204,33.918,34.355,33.34,33.378,4574435,0
20130205,33.462,33.747,33.263,33.596,3097934,0
20130206,33.427,33.957,33.295,33.813,2193494,0
20130207,33.813,33.813,32.767,33.168,4472658,0
20130208,33.471,33.709,33.253,33.508,3474617,0
20130211,33.567,33.861,33.205,33.586,3161893,0
20130212,33.397,33.538,32.997,33.34,3291028,0
20130213,33.388,33.673,33.103,33.369,2802563,0
20130214,33.291,33.841,33.196,33.813,3411968,0
20130215,33.737,33.948,33.186,33.34,2668350,0
20130219,33.205,33.728,33.017,33.723,2571296,0
20130220,33.663,33.9,32.893,32.893,3505803,0
20130221,32.704,32.898,31.271,31.945,6519338,0
20130222,32.229,32.704,31.983,32.343,1998728,0
20130225,32.381,32.471,31.252,31.261,3228579,0
20130226,31.433,31.689,30.986,31.433,3642241,0
20130227,32.068,32.61,31.906,31.963,3791377,0
20130228,31.963,32.551,31.62,32.467,3666416,0
20130301,32.181,32.343,31.556,31.973,3320129,0
20130304,31.841,31.973,31.317,31.822,1792279,0
20130305,32.05,32.6,31.954,32.571,3215721,0
20130306,32.542,32.987,32.458,32.931,2593826,0
20130307,32.912,33.33,32.637,33.176,3240200,0
20130308,33.253,33.596,33.186,33.462,2075102,0
20130311,33.283,33.833,33.176,33.452,2969365,0
20130312,33.417,33.713,33.205,33.634,2369028,0
20130313,33.663,34.25,33.452,34.146,2897898,0
20130314,34.203,35.085,34.184,34.782,4579532,0
20130315,34.819,34.894,33.975,34.155,3630670,0
20130318,33.756,34.061,33.253,33.452,3023832,0
20130319,33.577,33.983,33.244,33.489,3520388,0
20130320,33.851,34.232,33.538,34.089,3123635,0
20130321,33.774,34.103,33.505,33.918,2916237,0
20130322,34.118,34.376,33.745,34.147,1814331,0
20130325,34.213,34.233,33.623,33.879,1351205,0
20130326,34.021,34.317,33.918,34.137,1001825,0
20130327,33.831,34.079,33.623,33.992,1558009,0
20130328,34.147,34.27,33.84,34.243,1545381,0
20130401,34.165,34.336,33.564,33.707,1939653,0
20130402,33.927,33.965,33.163,33.268,2413407,0
20130403,33.268,33.453,32.523,32.725,1918306,0
20130404,32.783,33.078,32.391,33.001,1609110,0
20130405,32.439,32.83,31.791,32.745,1514835,0
20130408,32.735,33.069,32.401,33.06,1295456,0
20130409,33.108,33.505,32.638,33.172,1678287,0
20130410,33.2,33.86,33.181,33.745,1553463,0
20130411,33.613,34.26,33.394,33.982,1916738,0
20130412,33.86,33.889,32.967,33.297,1690508,0
20130415,33.078,33.126,32.167,32.219,2582720,0
20130416,32.505,33.001,32.291,32.982,2357961,0
20130417,32.19,32.209,30.789,30.908,6711028,0
20130418,31.569,31.743,29.802,29.922,4304432,0
20130419,29.836,30.407,29.405,29.816,3898071,0
20130422,29.912,30.368,29.157,30.121,3815790,0
20130423,30.387,30.923,30.255,30.876,2677820,0
20130424,30.876,31.321,30.566,31.113,3362009,0
20130425,31.294,31.656,31.026,31.122,2634265,0
20130426,31.083,31.083,30.484,30.626,3244391,0
20130429,30.856,31.275,30.711,31.026,2141925,0
20130430,30.97,30.97,30.093,30.484,5505440,0
20130501,30.58,30.591,29.807,29.874,3967317,0
20130502,30.093,30.741,29.865,30.607,3471479,0
20130503,30.886,30.895,30.377,30.407,4919212,0
20130506,30.571,31.38,30.484,31.284,3443826,0
20130507,31.399,31.428,30.97,31.035,1772152,0
20130508,31.122,31.971,31.069,31.952,2666828,0
20130509,31.933,32.505,31.857,32.305,3165730,0
20130510,32.391,32.562,32.262,32.485,1640146,0
20130513,32.267,32.553,32.039,32.067,1567613,0
20130514,32.029,32.257,31.791,32.143,1670999,0
20130515,32.104,32.61,31.991,32.602,1776770,0
20130516,32.592,32.925,32.334,32.624,2594683,0
20130517,32.896,33.172,32.773,32.839,2877228,0
20130520,32.658,32.956,32.658,32.848,1455271,0
20130521,33.011,33.505,32.848,33.468,2174693,0
20130522,33.365,33.613,32.648,32.962,3551355,0
20130523,32.658,32.764,32.277,32.401,2993204,0
20130524,32.295,32.523,32.119,32.523,1584993,0
20130528,32.935,33.011,32.439,32.848,2193154,0
20130529,32.783,33.098,32.572,32.839,2388577,0
20130530,34.527,36.463,34.432,36.073,8660831,0
20130531,35.6,36.498,35.397,35.986,3505124,0
20130603,35.939,35.986,34.898,35.579,2852776,0
20130604,35.671,36.425,35.661,36.055,3472123,0
20130605,35.996,36.025,35.118,35.292,1574626,0
20130606,35.472,35.501,34.759,35.053,3117060,0
20130607,35.062,35.6,34.48,35.569,3222086,0
20130610,35.768,35.777,35.09,35.127,2763608,0
20130611,34.748,35.062,34.584,34.614,2274948,0
20130612,34.966,34.986,34.069,34.317,2233818,0
20130613,34.288,35.65,34.174,35.603,3033734,0
20130614,35.632,36.267,35.547,36.064,2268240,0
20130617,36.267,36.782,36.198,36.544,2577291,0
20130618,36.495,37.226,36.439,37.178,2854133,0
20130619,37.119,37.292,36.525,36.525,2505143,0
20130620,36.178,36.398,35.421,35.557,3297610,0
20130621,35.537,35.959,35.132,35.863,8342722,0
20130624,35.479,35.488,34.633,35.2,3841722,0
20130625,35.622,36.064,35.317,35.594,2711975,0
20130626,35.872,36.188,35.488,35.738,2153479,0
20130627,35.959,36.302,35.777,35.805,2747433,0
20130628,35.498,36.092,35.268,35.863,2397022,0
20130701,36.312,36.332,35.824,36.083,2829536,0
20130702,36.408,37.397,36.287,36.92,4208548,0
20130703,36.831,37.292,36.583,37.021,1586121,0
20130705,37.05,37.59,36.612,37.236,1505832,0
20130708,37.348,37.446,35.679,35.757,2360109,0
20130709,36.188,36.427,35.863,36.055,1444084,0
20130710,36.055,36.792,35.92,36.772,1809210,0
20130711,36.006,37.031,35.959,37.021,1747864,0
20130712,37.119,37.397,37.109,37.368,1911733,0
20130715,37.377,37.493,36.418,36.466,2246298,0
20130716,36.612,37.551,36.612,37.292,3257628,0
20130717,37.426,38.126,37.282,37.34,2500644,0
20130718,37.178,37.301,35.93,36.074,3861766,0
20130719,36.218,36.603,35.981,36.312,1850844,0
20130722,36.678,36.678,36.016,36.257,1028627,0
20130723,36.534,36.612,35.986,36.083,1719846,0
20130724,35.757,36.446,35.362,35.391,2137373,0
20130725,35.019,35.479,34.826,35.401,2659149,0
20130726,35.048,35.352,34.874,35.288,1277460,0
20130729,35.132,35.401,34.902,35.104,1364848,0
20130730,35.258,35.498,34.865,35.352,1214456,0
20130731,35.508,35.557,35.075,35.19,1375513,0
20130801,35.527,35.996,35.335,35.882,2032401,0
20130802,35.777,35.968,35.43,35.968,1582872,0
20130805,35.709,35.882,35.459,35.517,1227147,0
20130806,35.43,35.45,35.21,35.362,1119249,0
20130807,35.469,35.795,35.19,35.777,1879856,0
20130808,36.074,36.074,35.767,35.805,2021670,0
20130809,35.669,35.728,35.249,35.335,1444409,0
20130812,35.342,36.267,35.254,36.168,1029810,0
20130813,36.302,36.573,35.805,36.476,1433583,0
20130814,36.362,36.398,35.641,35.709,1591761,0
20130815,34.615,35.44,34.297,34.557,2617403,0
20130816,34.511,34.879,34.433,34.78,1411645,0
20130819,34.846,34.931,34.615,34.78,2423027,0
20130820,34.865,35.594,34.806,35.298,1815375,0
20130821,35.152,35.488,34.902,35.104,1503591,0
20130822,34.75,35.622,34.615,35.123,1036039,0
20130823,35.298,35.542,35.004,35.249,1909736,0
20130826,35.45,36.183,35.352,35.959,1448805,0
20130827,36.302,36.302,34.874,35.075,3084020,0
20130828,37.348,37.849,36.362,36.724,7067537,0
20130829,36.754,37.416,36.583,37.368,3747643,0
20130830,37.377,37.406,36.734,36.948,2613382,0
20130903,37.242,37.55,36.498,36.796,1808562,0
20130904,37.007,37.541,36.615,37.395,1312051,0
20130905,37.559,37.608,37.145,37.214,1497978,0
20130906,37.59,37.59,36.678,36.994,1788148,0
20130909,37.292,37.416,37.06,37.198,1706022,0
20130910,37.416,38.058,37.368,38.049,2537426,0
20130911,37.638,37.863,37.109,37.657,2493978,0
20130912,37.732,37.854,37.041,37.446,2085220,0
20130913,37.57,37.686,37.128,37.407,1509238,0
20130916,37.771,38.067,37.456,37.686,2250175,0
20130917,38.36,38.95,38.119,38.718,3859596,0
20130918,38.815,39.259,38.447,39.249,2450401,0
20130919,39.326,39.375,38.746,39.326,2592282,0
20130920,39.712,41.091,39.403,40.164,9043651,0
20130923,41.199,41.199,40.037,40.407,3078747,0
20130924,40.387,41.101,40.184,40.928,3085746,0
20130925,41.034,41.111,39.973,40.734,2135377,0
20130926,40.986,41.17,40.572,40.794,1748407,0
20130927,40.638,41.275,40.387,41.209,2279503,0
20130930,40.628,41.776,40.503,41.574,3650381,0
20131001,41.632,42.105,41.469,41.901,2840268,0
20131002,41.564,41.931,41.44,41.893,1799491,0
20131003,41.875,42.066,41.333,41.786,2364230,0
20131004,41.901,42.193,41.776,41.981,1786953,0
20131007,41.689,41.981,41.38,41.499,1511424,0
20131008,41.603,41.951,40.88,41.111,2246619,0
20131009,41.469,41.555,40.367,40.724,2859351,0
20131010,41.796,42.144,41.086,41.99,3363994,0
20131011,41.739,41.981,41.28,41.776,1966642,0
20131014,41.622,42.76,41.508,42.684,2091360,0
20131015,42.722,42.887,42.056,42.212,1944048,0
20131016,42.54,43.04,42.335,42.946,1763536,0
20131017,42.549,43.553,42.462,43.524,2412930,0
20131018,44.663,44.663,43.476,44.451,2840889,0
20131021,44.537,45.56,44.441,45.407,4493445,0
20131022,45.416,45.416,44.837,45.232,4954456,0
20131023,44.884,44.945,43.148,43.804,5872518,0
20131024,43.696,44.103,43.388,43.901,3110719,0
20131025,43.602,44.296,43.597,44.035,2270546,0
20131028,43.765,44.152,43.64,43.92,1973678,0
20131029,44.266,44.663,43.987,44.199,2296359,0
20131030,44.451,44.451,42.849,43.283,2149110,0
20131031,43.427,44.015,43.425,43.842,1802443,0
20131101,44.19,44.276,43.011,43.158,2287344,0
20131104,43.515,43.716,43.04,43.466,1441440,0
20131105,43.466,43.621,43.031,43.456,1293610,0
20131106,43.602,43.901,43.398,43.785,1086473,0
20131107,43.775,43.91,42.056,42.134,3347909,0
20131108,42.462,42.84,41.593,42.8,3737525,0
20131111,43.016,43.016,42.355,42.664,947106,0
20131112,43.001,43.602,42.76,43.553,1392465,0
20131113,42.8,43.795,42.8,43.795,1022017,0
20131114,43.33,43.515,41.091,41.449,6181958,0
20131115,41.479,43.245,41.39,43.05,5011968,0
20131118,43.05,43.158,42.316,42.425,1394954,0
20131119,42.309,42.704,41.425,41.449,1274151,0
20131120,41.739,41.749,40.966,41.209,1148644,0
20131121,41.43,41.709,41.228,41.546,1599190,0
20131122,41.555,41.998,41.449,41.786,1162515,0
20131125,42.395,42.462,41.884,42.183,1657944,0
20131126,42.405,43.292,42.027,43.187,1938863,0
20131127,42.946,43.245,42.203,43.109,1977721,0
20131129,43.417,43.515,43.099,43.168,1181374,0
20131202,43.901,44.595,43.369,43.427,2533859,0
20131203,43.359,43.398,43.05,43.215,1677579,0
20131204,42.927,43.33,42.868,42.946,2740374,0
20131205,43.939,46.014,43.486,45.927,4760996,0
20131206,46.622,46.622,45.31,45.32,2854876,0
20131209,45.31,45.878,44.922,45.715,2146908,0
20131210,45.715,45.754,44.855,44.972,1657530,0
20131211,45.127,45.348,44.451,44.498,1348738,0
20131212,44.827,44.864,44.133,44.152,1417331,0
20131213,44.421,44.537,44.005,44.054,1644992,0
20131216,47.982,48.782,46.67,48.349,12593583,0
20131217,48.591,52.634,48.542,51.69,9036729,0
20131218,51.822,51.822,50.427,51.532,4412960,0
20131219,51.34,51.397,49.749,49.875,3131781,0
20131220,49.865,50.432,49.768,50.078,2985534,0
20131223,50.688,50.688,50.225,50.476,1339555,0
20131224,50.717,51.184,50.645,51.019,768192,0
20131226,51.222,51.34,50.866,51.117,722995,0
20131227,51.281,51.445,51.01,51.174,829433,0
20131230,51.184,51.242,50.603,51.097,1130495,0
20131231,51.261,51.68,50.941,51.271,892556,0
20140102,51.242,51.272,50.312,51.048,1499347,0
20140103,50.856,51.35,50.377,51.242,1202724,0
20140106,51.192,51.775,50.836,50.893,1302940,0
20140107,51.212,51.445,50.893,51.377,1377716,0
20140108,51.494,52.278,51.252,52.143,2368768,0
20140109,52.358,52.521,51.156,51.61,1272617,0
20140110,52.298,52.377,51.262,51.68,1721371,0
20140113,51.989,52.143,50.797,51.038,1438052,0
20140114,51.699,54.142,51.136,53.59,3594870,0
20140115,53.986,55.441,53.832,55.236,2803906,0
20140116,55.033,55.226,53.471,53.743,2483994,0
20140117,53.58,54.704,53.55,54.432,3215943,0
20140121,54.877,55.092,54.179,54.402,1711675,0
20140122,54.491,55.441,54.151,55.412,2632698,0
20140123,54.976,55.412,54.044,54.346,1603897,0
20140124,54.113,54.287,52.502,52.831,1827088,0
20140127,52.958,53.57,52.104,52.792,2169299,0
20140128,52.745,53.132,51.35,53.055,2601447,0
20140129,52.298,54.237,51.746,52.425,2472524,0
20140130,53.152,53.59,52.445,53.375,1236519,0
20140131,52.192,53.607,52.192,52.979,1627825,0
20140203,53.132,53.491,51.35,51.64,1177987,0
20140204,51.882,52.512,51.485,52.367,1391027,0
20140205,52.512,53.065,51.572,52.338,930011,0
20140206,52.348,54.17,51.989,53.521,1861987,0
20140207,53.783,55.111,53.452,54.849,1759718,0
20140210,54.481,54.762,53.879,54.597,1273464,0
20140211,54.491,56.389,54.481,56.303,1788823,0
20140212,56.429,57.981,56.429,57.147,2667515,0
20140213,55.683,57.701,55.634,57.282,2332387,0
20140214,55.75,56.604,55.693,56.313,2907142,0
20140218,56.73,56.73,55.974,56.594,1636999,0
20140219,56.419,56.641,55.74,55.944,1506812,0
20140220,56.266,57.234,55.944,57.205,2298101,0
20140221,57.622,57.691,56.624,56.769,1856277,0
20140224,56.73,58.164,56.73,57.756,2133824,0
20140225,58.174,58.174,56.614,57.205,2781156,0
20140226,58.562,61.558,58.146,60.017,5066646,0
20140227,59.822,60.328,58.931,59.512,1697687,0
20140228,59.29,60.084,58.942,59.822,1570790,0
20140303,59.62,60.571,59.001,59.861,1582121,0
20140304,60.598,62.15,60.385,61.422,3792667,0
20140305,61.239,62.276,61.025,61.16,2542993,0
20140306,61.365,61.965,61.132,61.704,1254382,0
20140307,61.578,62.004,60.551,60.841,1560736,0
20140310,61.015,61.491,60.569,60.889,1394324,0
20140311,61.063,61.714,59.925,60.132,1669904,0
20140312,59.891,61.379,58.612,61.259,2433890,0
20140313,61.471,62.538,60.152,60.773,3648700,0
20140314,60.859,61.325,60.318,60.773,1437611,0
20140317,61.113,62.044,60.85,61.481,1440601,0
20140318,61.821,62.328,61.14,62.143,1346238,0
20140319,62.328,63.176,62.113,62.717,1803554,0
20140320,62.765,63.671,62.61,63.593,2050507,0
20140321,63.739,64.1,61.967,62.222,2389481,0
20140324,62.348,62.668,60.712,61.501,2548019,0
20140325,62.016,63.271,61.618,62.318,1658100,0
20140326,62.698,63.176,60.487,61.159,2918081,0
20140327,61.12,61.447,60.215,61.13,2592820,0
20140328,61.334,62.979,61.218,62.425,1471632,0
20140331,62.805,63.613,62.553,62.717,1521898,0
20140401,62.823,63.541,62.533,63.34,2255444,0
20140402,62.445,63.593,62.163,62.941,2154566,0
20140403,62.941,63.858,61.802,62.25,2217437,0
20140404,62.865,63.038,58.461,60.175,3987798,0
20140407,59.396,60.313,57.284,58.773,4444178,0
20140408,59.029,59.378,58.471,58.589,2265045,0
20140409,59.434,60.916,59.434,60.829,1977575,0
20140410,60.906,60.906,58.053,58.287,2094594,0
20140411,57.878,58.386,56.924,56.992,2249415,0
20140414,56.992,58.005,56.583,57.274,1994291,0
20140415,57.508,57.8,55.765,57.391,2568895,0
20140416,57.897,57.897,56.583,57.751,1839955,0
20140417,57.78,60.04,57.372,59.291,1960725,0
20140421,59.389,60.548,59.222,60.264,1289862,0
20140422,59.992,62.113,59.992,61.772,2344585,0
20140423,62.298,62.913,62.103,62.904,2771195,0
20140424,63.759,63.759,61.871,63.662,2826148,0
20140425,63.147,63.32,60.556,60.702,1978630,0
20140428,61.258,61.267,58.734,59.182,3153645,0
20140429,59.039,59.933,58.427,59.321,2224083,0
20140430,58.783,61.996,58.783,61.831,2606022,0
20140501,61.267,63.195,60.936,61.821,1937255,0
20140502,63.276,63.28,61.521,62.583,1376851,0
20140505,62.192,62.755,61.364,62.563,1389544,0
20140506,66.145,66.29,64.509,65.57,13125175,0
20140507,65.97,66.806,64.606,65.056,57540033,0
20140508,65.056,67.119,64.957,66.164,5514904,0
20140509,66.757,66.757,64.927,65.639,3974399,0
20140512,66.145,67.362,65.639,67.313,2813347,0
20140513,67.451,67.517,66.757,66.954,2364196,0
20140514,66.74,67.772,65.774,66.712,3105946,0
20140515,66.865,67.138,65.348,66.145,3295952,0
20140516,66.3,67.119,65.551,66.682,5344827,0
20140519,67.284,67.585,66.35,66.523,3880873,0
20140520,66.563,66.583,65.16,65.746,2987022,0
20140521,65.746,66.642,65.6,66.612,1735176,0
20140522,66.632,67.402,66.095,66.875,1610251,0
20140523,67.303,68.754,66.924,68.696,3288108,0
20140527,69.135,69.407,68.471,69.067,3249081,0
20140528,68.696,68.893,68.005,68.258,3587053,0
20140529,68.629,68.988,67.976,68.929,2830960,0
20140530,69.962,70.107,67.585,68.813,3998683,0
20140602,69.524,70.107,68.745,69.757,2731819,0
20140603,69.454,70.192,68.978,69.573,2291050,0
20140604,69.388,69.972,69.27,69.727,1990248,0
20140605,69.836,70.107,69.359,69.981,2802533,0
20140606,70.38,70.449,69.369,69.747,1629424,0
20140609,69.991,70.594,69.593,69.904,1789005,0
20140610,69.865,70.351,69.62,69.972,1685182,0
20140611,69.786,70.484,69.474,69.865,2561575,0
20140612,69.464,70.147,69.329,69.875,1397072,0
20140613,70.283,70.545,69.047,69.544,1387237,0
20140616,69.593,70.049,68.745,69.017,1609115,0
20140617,69.017,70.024,69.017,69.888,1413163,0
20140618,69.985,70.278,68.978,69.633,1414809,0
20140619,69.476,69.73,68.772,69.35,1302365,0
20140620,69.575,70.347,69.291,69.976,2233187,0
20140623,70.014,70.357,69.213,69.653,1365324,0
20140624,70.182,70.69,69.057,69.095,1565234,0
20140625,69.067,70.102,68.499,70.034,1311895,0
20140626,70.122,70.268,68.812,69.38,831117,0
20140627,69.165,69.585,68.685,69.36,1732047,0
20140630,69.34,70.465,69.34,70.465,1820715,0
20140701,70.864,72.477,70.739,72.382,2191773,0
20140702,71.941,72.938,71.941,72.664,1644639,0
20140703,73.006,73.691,72.752,73.505,817598,0
20140707,73.75,73.866,72.771,72.87,1950106,0
20140708,72.674,72.84,70.495,71.755,1960557,0
20140709,72.02,72.577,71.461,72.577,1002079,0
20140710,70.465,71.902,70.445,71.52,1583134,0
20140711,71.638,71.843,71.052,71.57,1280228,0
20140714,72.91,73.232,71.774,72.392,1252097,0
20140715,72.362,72.724,71.071,71.783,1488776,0
20140716,71.48,72.724,71.128,72.01,1552587,0
20140717,71.629,72.029,70.063,70.298,1822330,0
20140718,71.167,73.583,70.994,73.329,3472393,0
20140721,72.86,73.817,72.83,73.74,1571967,0
20140722,73.896,74.738,73.622,73.711,2454412,0
20140723,74.013,74.023,71.951,71.99,2500729,0
20140724,72.145,72.244,70.66,70.894,2114734,0
20140725,70.67,70.69,68.156,68.363,3767729,0
20140728,68.459,69.174,67.599,68.938,3253835,0
20140729,68.832,69.585,68.285,68.324,1954595,0
20140730,69.33,69.456,68.166,68.938,1794462,0
20140731,68.449,68.734,67.267,67.833,1889722,0
20140801,68.578,69.135,67.179,68.872,1957734,0
20140804,68.753,70.004,68.372,69.75,1580440,0
20140805,69.155,69.826,68.285,68.558,1576513,0
20140806,68.314,69.39,68.205,68.726,1058980,0
20140807,69.31,69.31,67.902,68.081,1147783,0
20140808,68.402,68.924,67.777,68.862,1311384,0
20140811,68.938,69.859,68.938,69.243,1449729,0
20140812,69.31,69.799,68.892,69.565,963568,0
20140813,69.546,70.522,69.496,70.367,1108317,0
20140814,71.061,72.577,71.061,72.194,1942085,0
20140815,72.88,73.222,71.783,73.123,2162523,0
20140818,73.632,73.721,72.694,73.691,1281803,0
20140819,73.896,74.912,73.75,73.935,1916075,0
20140820,73.985,74.796,73.955,74.678,1163400,0
20140821,74.435,74.932,74.063,74.571,1590466,0
20140822,74.806,74.806,73.827,74.512,1619927,0
20140825,75.284,75.49,73.74,74.083,1750648,0
20140826,74.169,74.453,73.593,74.268,1385223,0
20140827,74.307,74.806,73.827,74.463,1375624,0
20140828,73.856,74.786,73.28,74.658,1892113,0
20140829,80.281,82.91,74.796,80.261,6436863,0
20140902,81.122,83.243,80.564,83.127,4255476,0
20140903,83.37,84.27,82.616,83.488,3343412,0
20140904,83.625,85.306,83.566,84.172,2870891,0
20140905,84.437,86.097,84.328,85.921,2719967,0
20140908,86.166,87.673,85.57,86.221,2960824,0
20140909,86.409,87.127,86.001,86.435,2240024,0
20140910,86.314,87.117,85.766,87.017,1928508,0
20140911,86.928,87.127,85.863,87.087,1829540,0
20140912,87.027,87.087,85.453,85.893,1865941,0
20140915,86.186,86.274,84.348,84.777,1636336,0
20140916,84.388,86.304,83.762,85.961,2163951,0
20140917,86.325,86.774,85.735,86.098,1595150,0
20140918,86.53,87.854,86.383,87.844,1851083,0
20140919,88.445,89.18,87.236,87.434,4263195,0
20140922,87.482,87.501,84.803,85.549,2432436,0
20140923,85.382,86.305,84.764,85.921,2122602,0
20140924,86.05,87.385,85.717,87.355,1478061,0
20140925,87.178,87.178,84.165,84.842,1828244,0
20140926,84.931,86.021,84.842,85.863,1002165,0
20140929,84.637,85.677,84.46,85.481,1001394,0
20140930,85.971,86.275,84.588,85.373,1516956,0
20141001,85.49,85.49,83.253,83.94,2268102,0
20141002,83.489,83.804,79.328,81.654,3493124,0
20141003,82.055,82.871,81.496,81.909,2104366,0
20141006,82.498,82.928,80.996,81.33,1990804,0
20141007,80.878,81.134,79.455,79.514,1555700,0
20141008,79.484,82.194,77.815,81.741,2820886,0
20141009,81.37,81.741,79.073,79.092,1924109,0
20141010,76.294,76.324,67.464,70.025,10800157,0
20141013,69.475,70.781,67.512,67.75,6648613,0
20141014,70.712,71.546,67.769,70.673,7035120,0
20141015,68.945,72.076,68.553,71.192,3256369,0
20141016,69.348,74.666,69.181,74.185,3463242,0
20141017,75.971,78.208,75.393,75.707,4240002,0
20141020,75.235,76.599,74.382,76.532,1464386,0
20141021,77.511,80.917,77.483,80.838,2457125,0
20141022,80.967,81.438,79.22,79.348,1763713,0
20141023,80.604,81.35,79.602,79.857,1855164,0
20141024,80.171,80.868,79.259,80.32,1148355,0
20141027,79.986,80.427,78.623,80.045,1526236,0
20141028,80.624,82.664,80.055,82.624,1857748,0
20141029,82.938,83.547,81.997,83.292,1448541,0
20141030,82.272,82.988,79.662,80.848,2035690,0
20141031,83.517,86.275,82.919,84.637,2594807,0
20141103,84.822,86.235,84.479,84.725,1624510,0
20141104,84.293,84.941,83.273,83.764,1863643,0
20141105,84.184,85.166,83.225,85.088,1507068,0
20141106,84.822,86.245,84.725,85.991,1744066,0
20141107,86.197,86.285,83.155,83.45,2012652,0
20141110,83.331,84.469,81.938,84.303,1463744,0
20141111,84.234,84.676,83.784,84.548,807828,0
20141112,84.303,85.652,84.008,85.421,1059381,0
20141113,85.441,86.717,84.912,85.81,1251553,0
20141114,85.921,87.385,84.696,87.35,1320213,0
20141117,87.121,87.385,85.951,86.864,1141352,0
20141118,86.697,90.054,86.687,89.7,2040806,0
20141119,90.279,90.279,87.434,87.58,1912116,0
20141120,86.873,89.219,86.373,88.248,1540938,0
20141121,89.984,90.014,87.777,88.523,1779430,0
20141124,88.856,89.641,88.689,89.436,1210259,0
20141125,90.123,90.828,89.367,89.446,2641739,0
20141126,90.199,92.103,89.866,92.027,1645076,0
20141128,92.595,92.668,90.937,91.654,886560,0
20141201,91.28,91.614,88.335,89.247,1749357,0
20141202,89.043,90.682,88.041,90.475,2017144,0
20141203,91.8,93.724,91.29,93.35,3225714,0
20141204,99.65,101.85,97.649,101.15,6317608,0
20141205,101.91,103.03,99.83,102.04,3014349,0
20141208,102.05,102.22,97.796,98.826,3550611,0
20141209,98.02,101.11,95.431,100.72,2335197,0
20141210,100.08,101.57,97.314,97.394,2265859,0
20141211,98.207,100.88,97.983,98.677,1599112,0
20141212,97.129,99.291,96.981,97.344,1345286,0
20141215,98.099,98.966,95.421,96.373,1711208,0
20141216,95.685,97.816,94.214,95.511,2254091,0
20141217,95.856,98.34,94.052,97.489,2830399,0
20141218,99.251,100.45,98.488,100.1,3379333,0
20141219,100.19,100.8,97.942,98.637,6617659,0
20141222,99.471,100.05,98.488,99.87,1616782,0
20141223,100.79,100.95,99.046,99.251,1321210,0
20141224,99.471,99.7,98.756,99.192,645558,0
20141226,99.441,99.8,98.697,99.096,585042,0
20141229,99.096,99.85,97.686,99.76,1392791,0
20141230,99.62,100.39,99.076,99.321,1191051,0
20141231,99.57,101.47,98.906,99.066,1545923,0
20150102,99.401,100.66,97.627,98.578,1370732,0
20150105,98.557,99.291,96.907,96.996,1583617,0
20150106,97.45,97.577,93.737,94.791,2253610,0
20150107,95.578,97.882,95.066,97.351,3138225,0
20150108,99.006,102.72,98.836,102.21,3386148,0
20150109,102.89,104.19,101.03,103.3,2379322,0
20150112,103.47,104.04,101.17,101.6,1898574,0
20150113,102.93,105.75,100.18,101.03,2471073,0
20150114,99.67,101.92,98.498,101.83,2131131,0
20150115,101.99,103.94,99.52,99.79,1865606,0
20150116,99.166,102.33,98.786,102.24,1561159,0
20150120,102.11,103.64,101.03,103.27,1623077,0
20150121,102.75,105.26,102.58,103.78,1958180,0
20150122,104.28,104.88,99.97,103.6,2851169,0
20150123,103.43,105.87,102.67,105.36,2442646,0
20150126,105.13,105.43,103.03,105.12,975849,0
20150127,103.47,104.37,101.26,103.2,1547740,0
20150128,105.53,106.7,103.27,103.41,2949535,0
20150129,103.04,104.99,100.72,104.92,1608578,0
20150130,103.69,105.12,101.07,101.32,1719737,0
20150202,101.69,101.92,97.656,100.87,2191283,0
20150203,100.95,102.14,99.83,101.64,1562664,0
20150204,100.97,103.68,100.9,103.21,1691476,0
20150205,103.15,104.61,102.17,104.59,1684002,0
20150206,104.66,105.48,102.68,103.15,1084603,0
20150209,102.37,102.77,100.27,100.69,2065971,0
20150210,101.48,105.83,101.33,105.41,2071161,0
20150211,105.17,106.66,104.72,106.3,1743286,0
20150212,107.15,108.38,106.82,108.04,2139642,0
20150213,108.34,108.53,106.45,108.48,1484117,0
20150217,108.53,109.66,107.43,109.19,1554746,0
20150218,108.65,108.91,107.63,108.34,1693783,0
20150219,108.34,109.41,107.99,109.22,1339948,0
20150220,109.74,110.45,108.78,110.36,1958037,0
20150223,111.29,111.52,110.26,111.14,2422205,0
20150224,111.78,111.88,109.92,111.47,2357035,0
20150225,111.58,112.17,110.6,110.97,3869072,0
20150226,121.37,127.93,121.19,127.3,9063670,0
20150227,126.75,126.75,124.24,125.67,3434159,0
20150302,125.28,128.87,125.28,127.07,2832148,0
20150303,126.6,126.99,125.62,126.27,1897780,0
20150304,125.74,127.92,122.47,127.45,3669954,0
20150305,127.47,129.54,126.83,128.58,2202805,0
20150306,128.03,128.5,125.55,125.94,2267283,0
20150309,125.84,126.64,125.01,125.19,1810861,0
20150310,123.82,125.01,122.61,123.22,1796038,0
20150311,123.4,124.56,122.62,122.76,1801520,0
20150312,121.02,124.31,119.7,124.22,2264743,0
20150313,123.81,124.83,122.06,123.1,1869856,0
20150316,124.98,128.46,124.78,127.91,2343235,0
20150317,126.86,127.65,125.55,127.15,1930882,0
20150318,126.24,129.67,126.12,128.83,2151369,0
20150319,128.89,131.33,128.41,130.43,2476454,0
20150320,131.85,132.53,130.59,131.64,4420759,0
20150323,133.35,134.61,132.24,132.79,2414393,0
20150324,133.32,133.72,131.26,131.48,2613940,0
20150325,131.01,131.68,122.87,122.9,4945823,0
20150326,118.79,123.61,115.53,123.18,4562626,0
20150327,123.46,127.43,123.32,126.64,2459851,0
20150330,128.36,129.29,126.73,128.94,1976526,0
20150331,127.74,127.92,125.18,125.41,1660557,0
20150401,124.96,125.39,122.09,124.1,2210090,0
20150402,124.57,125.34,123.1,123.49,1468804,0
20150406,121.86,125.18,121,124.29,1440355,0
20150407,124.26,125.6,123.87,124.12,1633262,0
20150408,123.88,125.9,123.77,125.23,1377585,0
20150409,124.31,126.37,124.12,125.65,1413378,0
20150410,125.99,126.4,124.53,125.26,1181280,0
20150413,125.68,125.9,123.57,123.82,1061310,0
20150414,123.51,123.81,120.65,122.45,1624917,0
20150415,123.24,124.75,123.12,124.37,1710754,0
20150416,124.29,124.61,123.27,123.8,1564757,0
20150417,122.17,122.75,119.45,120.36,2714979,0
20150420,121.37,122.3,120.71,121.52,1346451,0
20150421,122.79,123.52,121.43,121.59,2087137,0
20150422,122.38,126.43,121.25,126.32,2285832,0
20150423,123.69,123.93,121.05,122.54,2840011,0
20150424,122.21,122.21,114.45,118.04,5574195,0
20150427,118.53,120.45,117.27,118.68,2765902,0
20150428,118.9,119.51,113.16,116.01,3141608,0
20150429,114.6,116.08,113.34,115.6,2116239,0
20150430,115.26,117.48,114.84,115.45,2160380,0
20150501,116.45,121.92,116.43,121.3,2565343,0
20150504,121.3,122.32,119.37,119.67,1438331,0
20150505,118.63,119.19,115.2,115.36,2236311,0
20150506,116.39,116.92,113.97,115.35,1465242,0
20150507,118.53,122.12,118.53,120.98,2383191,0
20150508,121.69,123.4,121.23,121.82,1503023,0
20150511,121.99,122.33,121.1,121.31,1257109,0
20150512,120.53,122.06,119.81,121.44,1039173,0
20150513,122.11,123.31,120.82,121.62,1201342,0
20150514,122.61,127.11,122.12,125.37,2356787,0
20150515,126.22,127.92,125.02,126.3,2291064,0
20150518,126.38,128.79,125.71,128.57,1820675,0
20150519,129.25,130.24,127.68,127.89,1625188,0
20150520,128.35,129.46,126.54,127.54,1895332,0
20150521,127.93,128.42,126.27,128,2157344,0
20150522,128.43,132.18,128.23,131.03,2313863,0
20150526,132.71,132.88,129.03,129.69,2711116,0
20150527,130.48,143.05,130.01,139.76,11566474,0
20150528,143.24,143.69,134.34,140.64,25219330,0
20150529,142.35,147.4,142.34,146.26,11971135,0
20150601,146.43,148.66,143.38,144.82,8461620,0
20150602,144.61,144.87,141.38,142.39,4177389,0
20150603,144.2,144.2,141.05,141.3,3082786,0
20150604,140.74,141.67,138.75,139.47,2836467,0
20150605,139.24,142.27,137.6,142.04,3907091,0
20150608,141.83,142,135.84,136.94,5509634,0
20150609,137.26,139,134.83,138.49,4460773,0
20150610,138.21,142.21,138.12,141.1,4314465,0
20150611,140.44,141.5,139.29,140.26,3190792,0
20150612,139.56,139.75,138.16,138.74,1937954,0
20150615,137.46,142.25,137.32,141.36,3499394,0
20150616,140.95,141.73,139.65,140.26,2125757,0
20150617,140.17,141.14,138.13,139.35,2567102,0
20150618,139.4,142.39,139.4,141.64,2553979,0
20150619,141.65,142.55,140.27,141.53,2713691,0
20150622,142.8,143.77,140.66,141.91,2307141,0
20150623,142.6,142.6,139.53,140.31,2170236,0
20150624,140.72,140.87,138.5,138.64,2261509,0
20150625,138.8,139.72,137.51,137.9,1771369,0
20150626,137.53,137.72,133.48,133.88,7248420,0
20150629,131.58,133.94,129.8,130.77,4085881,0
20150630,132.53,133.11,130.88,131.66,2896970,0
20150701,133.14,136.4,133.05,134.23,4347558,0
20150702,134.32,136.45,134.08,136.34,3310944,0
20150706,134.86,136.31,132.6,132.93,3047652,0
20150707,132.68,133.18,124.97,131.57,5983546,0
20150708,128.86,130.1,125.65,126.84,5186197,0
20150709,128.94,130.12,122.54,123.5,7417016,0
20150710,125.4,129.58,125.3,128.6,5143493,0
20150713,130.14,130.14,127.25,127.96,2554483,0
20150714,128.13,131.23,127.3,131.05,2654043,0
20150715,130.43,132.22,129.58,130.48,2332044,0
20150716,132.36,133.5,129.65,133.43,3430071,0
20150717,133.69,133.73,130.72,132.39,2927716,0
20150720,133.28,134.34,132.48,133.37,2378821,0
20150721,133.83,135.08,132.87,133.24,3183336,0
20150722,125.83,128.76,124.2,128.35,6193231,0
20150723,129.94,133.73,129.26,130.73,3090053,0
20150724,132.13,132.58,127.13,127.27,3665703,0
20150727,126.14,126.29,122.92,123.47,3522649,0
20150728,124.4,128.33,122.34,127.21,2813536,0
20150729,127.16,127.9,124.27,127.37,3372629,0
20150730,124.56,127.58,123.89,126.44,3954234,0
20150731,127.13,127.13,123.78,123.96,3088438,0
20150803,125.22,126.28,123.06,124.61,2753329,0
20150804,124.37,124.37,117.64,122.3,4792065,0
20150805,121.84,124.51,119.85,123.57,3448850,0
20150806,123.86,124.22,119.45,122.1,4646946,0
20150807,119.87,122.8,119.67,121.39,3081977,0
20150810,122.31,126.19,121.84,126.07,2918227,0
20150811,124.46,125.04,121.76,123.03,2699933,0
20150812,120.44,125.47,119.47,124.55,2760028,0
20150813,124.44,125.61,122.83,123.01,1471026,0
20150814,122.82,123.32,120.02,120.81,2675529,0
20150817,120.17,124.34,119.65,124.34,2149651,0
20150818,124.58,124.58,120.63,121.09,1968737,0
20150819,120.43,121.62,118.17,120.3,3118926,0
20150820,118.94,119.49,113.94,113.94,4215406,0
20150821,111.68,114.4,110.27,110.39,5701172,0
20150824,100.13,113.92,99.056,108.9,6969974,0
20150825,113.1,113.91,107.18,107.48,4434077,0
20150826,111.54,115.64,110.13,115.1,5992027,0
20150827,119.35,125.79,119.24,125.07,9275914,0
20150828,124.35,126.51,123.51,126.41,3666914,0
20150831,125.43,126.83,123.82,124.78,3037456,0
20150901,120.37,123.84,116.98,118.24,5022448,0
20150902,121,122.89,119.02,122.86,3705075,0
20150903,124.22,125.69,122.04,122.59,3023927,0
20150904,120.09,122.63,119.5,120,2516220,0
20150908,124.22,128.11,123.64,127.94,3581606,0
20150909,128.94,130.55,125.11,125.96,3180207,0
20150910,127.33,127.94,123.62,127.51,3656835,0
20150911,126.95,129.98,125.72,129.84,3998352,0
20150914,131.25,132.46,129.36,129.95,3497410,0
20150915,130.89,133.68,129.76,133.11,3109740,0
20150916,133.04,133.04,129.43,130.66,2093002,0
20150917,130.68,132.21,129.37,129.78,2004513,0
20150918,127.73,128.66,125.79,126.78,4430282,0
20150921,127.56,128.55,125.41,126.45,1661972,0
20150922,124.2,125.04,122.91,123.91,2262593,0
20150923,124.03,126.99,123.02,124.74,2201857,0
20150924,123.31,124.56,118.69,123.31,4528142,0
20150925,125.16,128.11,124.41,125.93,3531063,0
20150928,125.16,127.36,120.04,120.08,4014179,0
20150929,121.14,121.7,117.31,118.91,4829724,0
20150930,121.02,124.44,120.23,124.22,4423539,0
20151001,122.32,124.11,118.74,121.36,4596640,0
20151002,119.23,122.57,117.46,122.54,3543240,0
20151005,123.17,124.08,120.19,120.45,3933499,0
20151006,119.99,120.24,110.82,116.36,11674062,0
20151007,117.9,118.78,115.08,117.89,3752250,0
20151008,116.77,117.21,113.07,115.95,4167309,0
20151009,115.82,117.33,114.81,116.17,3469873,0
20151012,116.84,117.23,115.02,116.93,2434842,0
20151013,115.6,115.93,112.49,112.7,3268290,0
20151014,112.28,117,111.66,116.71,3374366,0
20151015,117.25,121.22,116.94,121.1,4963072,0
20151016,121.13,121.21,119.14,120.3,1999218,0
20151019,120.23,120.49,116.62,118.2,1871226,0
20151020,117.72,119.3,116.85,119.13,2205932,0
20151021,120.99,121.9,119.34,119.73,2838859,0
20151022,120.85,124.82,120.44,124.55,3456387,0
20151023,126.66,129.01,123.27,128.75,3572526,0
20151026,127.25,127.25,121.96,122.82,5850920,0
20151027,122.31,124.36,120.17,120.72,3248666,0
20151028,124,127.04,122.91,126.28,3116324,0
20151029,120.23,123.37,117.97,119.32,6197525,0
20151030,120.08,123.23,119.4,122.34,2567935,0
20151102,122.87,124.42,121.68,123.01,2623468,0
20151103,120.71,124.16,120.71,121.36,2639036,0
20151104,121.72,124.07,119.29,123.32,4337286,0
20151105,124.12,124.21,119.83,120.29,2848822,0
20151106,122.46,128.96,122.44,128.84,4557593,0
20151109,127.56,128.12,124.91,125.69,2843098,0
20151110,122.32,123.29,119.01,119.1,4504555,0
20151111,119.44,121.92,119.06,119.19,2612419,0
20151112,119.44,120.64,118.16,119.09,2675721,0
20151113,118.24,119.13,114.48,116.79,4007895,0
20151116,116.72,121,116.33,120.7,2797294,0
20151117,120.69,122.89,120.23,121.29,1999520,0
20151118,121.15,125.3,120.83,125.12,2039977,0
20151119,125.3,125.33,122.23,124.42,3299992,0
20151120,125.4,125.86,122.94,125.59,2823662,0
20151123,125.94,125.94,123.42,123.62,1610545,0
20151124,122.62,127.78,122.62,127.53,3588629,0
20151125,128.18,128.35,126.85,127.58,2153197,0
20151127,127.81,129.62,127.05,129.21,1334590,0
20151130,128.6,129.87,126.31,129.62,3282280,0
20151201,130.34,132.92,130.08,132.04,4352973,0
20151202,132.22,134.15,130.71,131.37,5450840,0
20151203,143.94,145.93,141.97,143.86,12143310,0
20151204,143.88,146.95,142.33,146.62,6071523,0
20151207,145.76,148.77,144.62,147.88,4505561,0
20151208,145.91,147.64,144.84,146.84,3478127,0
20151209,146.21,147.06,143.5,144.72,3099920,0
20151210,145.18,148.49,144.26,146.4,3328977,0
20151211,143.7,146.78,143.39,143.5,2795383,0
20151214,143.23,144.43,140.35,141.6,3729196,0
20151215,141.77,143.32,140.42,142.36,3562361,0
20151216,142.7,143.8,139.94,143.41,2974116,0
20151217,144.45,145.02,139.95,140.02,2445872,0
20151218,139.77,141.43,138.09,139.74,5213506,0
20151221,142.63,145.52,141.39,145.32,2671417,0
20151222,146.74,146.74,142.29,144.62,2175609,0
20151223,145.54,146.18,143.91,146.03,1622354,0
20151224,145.93,146.8,145.24,145.84,746092,0
20151228,145.42,145.92,143.45,145.87,1392180,0
20151229,146.51,148.29,144.53,147.45,2261035,0
20151230,147.02,148.4,146.63,146.88,1223524,0
20151231,146.1,147.01,144.64,144.67,1621767,0
20160104,141.6,141.88,139.42,141.81,2376198,0
20160105,142.67,142.83,136.76,137.07,3129785,0
20160106,134.13,135.61,131.84,132.85,4025109,0
20160107,130.88,133.33,127.77,128.62,4333279,0
20160108,129.6,133.02,127.64,127.78,5338233,0
20160111,129.07,129.54,125.01,127.62,3906970,0
20160112,129.43,131.24,126.44,129.49,3246440,0
20160113,127.33,129.55,122.67,122.9,4065328,0
20160114,123.78,126.26,119.89,124.78,5386283,0
20160115,119.81,123.38,118.91,119.57,6823830,0
20160119,122.35,124.39,118.62,119.67,5495336,0
20160120,117.44,125.17,116.78,123.42,7925167,0
20160121,124.39,125.58,122.94,124.12,4340519,0
20160122,126.06,126.06,123.82,124.1,5156124,0
20160125,124.02,124.57,123.59,124.08,5225724,0
20160126,124.59,126.09,123.59,123.98,10832322,0
20160127,123.24,125,119.69,121.95,4959861,0
20160128,122.53,126.13,121.6,125.95,4241375,0
20160129,129.01,133.9,127.69,133.27,19533135,0
20160201,132.9,138.23,132.52,137.23,3955390,0
20160202,134.56,137.14,131.27,132.8,4717900,0
20160203,136.8,137.16,129.86,130.93,4823179,0
20160204,130.97,136.82,130.07,135.67,4613228,0
20160205,136.55,136.55,126.56,127.94,6317357,0
20160208,126.57,126.57,118.83,121.46,8550357,0
20160209,119.43,125.31,118.38,119.31,5062856,0
20160210,122.09,123.26,118.26,118.81,3725594,0
20160211,116.12,117.25,113.87,115.93,5849035,0
20160212,117.37,121.93,115.35,121.26,3389853,0
20160216,122.86,126.37,122.54,125.82,3136683,0
20160217,126.58,130.39,126.31,130.25,2846654,0
20160218,131.33,131.56,125.66,126.65,3396372,0
20160219,126.63,128.36,124.59,128.25,2704423,0
20160222,129.57,131.99,129.06,130.21,1958091,0
20160223,129.73,130.07,127.64,127.74,1622440,0
20160224,126.09,130.82,125.09,129.91,1998125,0
20160225,130.35,132.05,128.27,132.03,2233003,0
20160226,133.76,134.52,131.81,132.67,2343534,0
20160229,132.9,137.46,132.46,133.53,2893076,0
20160301,134.92,138.18,134.18,137.97,3965466,0
20160302,137.4,137.78,134.6,136.52,4001793,0
20160303,137.3,138.39,133.86,136.88,4814360,0
20160304,145.52,147.37,141.25,145.58,6497358,0
20160307,144.28,145.75,140.11,143.04,3619057,0
20160308,141.82,142.35,138.95,139.17,2702845,0
20160309,140.29,142.06,140.01,141.49,2792374,0
20160310,142.99,145.32,141.53,143.94,5472691,0
20160311,145.51,149.52,145.27,148.33,5026596,0
20160314,146.62,148.7,146.51,147.65,2853844,0
20160315,148.01,149.49,145.6,147.98,3099370,0
20160316,147.46,149.27,146.85,148.63,3490583,0
20160317,147.37,151.72,147.37,151.55,4470822,0
20160318,151.94,153,150.87,152.49,7056844,0
20160321,152.59,153,150.83,152.89,2820679,0
20160322,152.4,155.61,151.55,154.76,3394481,0
20160323,154.82,155.32,152.34,152.99,2757731,0
20160324,151.76,153.29,151.12,153,2565064,0
20160328,153.28,153.5,152.07,153.1,1459630,0
20160329,153.27,154.93,152.18,154.13,2356011,0
20160330,155,157.28,154.54,156.93,2317419,0
20160331,157.02,157.37,154.45,154.5,2062801,0
20160401,154.04,157.92,151.16,157.8,2270818,0
20160404,158,158.328,155.66,156.01,1551074,0
20160405,154.45,157.05,154.45,155.03,4538467,0
20160406,154.7,157.77,153.71,157.54,2519621,0
20160407,157.48,157.95,154.69,154.97,1915673,0
20160408,156.28,156.9,154.64,156.15,1639610,0
20160411,157.43,157.8,155.6,155.61,1463840,0
20160412,156.01,156.37,153,155.43,1353460,0
20160413,156.47,159.65,155.61,159.48,1904605,0
20160414,157.29,159.11,156,158.82,2520026,0
20160415,158.13,158.34,154.52,155.49,2441147,0
