Date,Open,High,Low,Close,Volume,OpenInt
20071030,8.3935,8.3935,8.3935,8.3935,0,0
20071031,8.3935,8.841,8.0649,8.3935,4530489,0
20071101,8.3302,8.5756,8.2748,8.5756,342714,0
20071102,8.6245,8.6245,8.289,8.3935,149519,0
20071105,8.3935,8.4635,8.2191,8.3935,186160,0
20071106,8.429,8.4988,8.2536,8.3935,307370,0
20071107,8.289,8.4635,8.1836,8.3935,281514,0
20071108,8.4635,8.4635,7.7361,8.2958,328788,0
20071109,8.0927,8.289,8.0438,8.1836,256266,0
20071112,8.2536,8.3235,8.0438,8.0649,96071,0
20071113,8.0303,8.3235,7.869,8.2536,275276,0
20071114,8.3801,8.3935,8.0438,8.3235,205790,0
20071115,8.1626,8.3935,8.1492,8.2191,96193,0
20071116,8.1281,8.359,8.1281,8.359,113442,0
20071119,8.3801,8.3801,8.1836,8.1904,73426,0
20071120,8.2191,8.3235,8.1836,8.2679,43027,0
20071121,8.1904,8.3235,7.9459,8.2536,57190,0
20071123,8.1492,8.4214,8.1492,8.3935,79739,0
20071126,8.3935,8.5477,8.289,8.3935,262134,0
20071127,8.4702,8.7432,8.429,8.5334,383879,0
20071128,8.6101,8.7087,8.2258,8.5199,38996,0
20071129,8.5199,8.6387,8.359,8.6387,56771,0
20071130,8.6733,8.6733,8.4912,8.6034,45560,0
20071203,8.6101,8.6733,8.5334,8.6733,150409,0
20071204,8.6387,8.7432,8.2326,8.5334,189425,0
20071205,8.5899,8.6034,8.2191,8.6034,24124,0
20071206,8.5899,8.7366,8.4635,8.7087,253951,0
20071207,8.5267,8.7432,8.3801,8.7432,36897,0
20071210,9.0929,9.275,9.0794,9.1495,207768,0
20071211,9.3031,9.4219,8.9599,9.1284,98914,0
20071212,9.1983,9.2329,8.9186,9.0794,192432,0
20071213,9.0929,9.2329,8.7432,9.1495,35665,0
20071214,8.9531,9.184,8.8832,9.0929,14117,0
20071217,8.8486,9.0231,8.6034,9.0231,17446,0
20071218,9.0231,9.1697,8.9531,9.1697,62332,0
20071219,9.1628,9.184,9.0231,9.0862,107694,0
20071220,9.0929,9.0929,8.6387,8.7432,85084,0
20071221,8.8133,8.8975,8.68,8.862,49100,0
20071224,8.9674,9.0584,8.9109,9.0584,3503,0
20071226,9.0929,9.1495,8.7643,9.0162,85862,0
20071227,8.9531,8.9531,8.6101,8.7087,14440,0
20071228,8.7432,9.002,8.7154,8.82,18193,0
20071231,9.0231,9.1074,8.862,9.0652,38521,0
20080102,9.0929,9.2118,8.7921,8.9186,55417,0
20080103,8.8696,9.002,8.8696,8.932,3645,0
20080104,8.8133,8.82,8.6598,8.6598,7666,0
20080107,8.8832,9.0508,8.6034,8.8486,29737,0
20080108,8.6245,8.7154,8.5688,8.6034,6005,0
20080109,8.4702,8.9599,8.4702,8.7853,16013,0
20080110,8.6598,8.6877,8.6245,8.6245,6934,0
20080111,8.5334,8.5334,8.0792,8.2468,20124,0
20080114,8.4003,8.6666,8.3724,8.4003,121336,0
20080115,8.3302,8.4214,8.1836,8.2258,46630,0
20080116,8.2603,8.4845,8.2603,8.4567,11848,0
20080117,8.5612,8.5688,8.1559,8.1559,62297,0
20080118,8.1702,8.6523,8.1137,8.4078,162473,0
20080122,8.1281,8.3514,8.0506,8.2326,59065,0
20080123,8.1836,8.2536,7.6942,8.1492,19978,0
20080124,8.5199,8.5199,8.0438,8.3379,8935,0
20080125,8.3657,8.3935,8.2536,8.3935,17243,0
20080128,8.4845,8.5124,8.3379,8.3868,76184,0
20080129,8.45,8.4635,8.1348,8.4078,21776,0
20080130,8.3446,8.4567,8.2536,8.359,7434,0
20080131,8.2815,8.4635,8.2468,8.4635,41059,0
20080201,8.2603,8.4003,8.1836,8.3935,41536,0
20080204,8.5688,8.6666,8.2958,8.4635,49767,0
20080205,8.4214,8.4777,8.3302,8.3446,62973,0
20080206,8.4145,8.4567,8.3446,8.359,30538,0
20080207,8.359,8.4003,8.1836,8.3935,105937,0
20080208,8.3446,8.3935,8.3235,8.3868,7147,0
20080211,8.5688,8.5688,8.2536,8.3935,18437,0
20080212,8.3169,8.3935,8.3169,8.3935,10264,0
20080213,8.3935,8.429,8.3801,8.429,6576,0
20080214,8.3657,8.429,8.2401,8.3801,14010,0
20080215,8.3302,8.3935,8.3235,8.3935,1537,0
20080219,8.5334,8.6523,8.1492,8.3801,137886,0
20080220,8.2258,8.4912,8.2115,8.3868,94475,0
20080221,8.4424,8.4424,8.2326,8.2326,2574,0
20080222,8.3801,8.3801,8.2536,8.3302,4146,0
20080225,8.4145,8.4702,8.3025,8.4567,235268,0
20080226,7.981,8.3935,7.981,8.3935,56298,0
20080227,8.3935,8.4635,8.1002,8.4635,52068,0
20080228,8.4003,8.9885,8.3235,8.4078,230702,0
20080229,8.6523,8.6523,8.3235,8.429,50985,0
20080303,8.3868,8.7011,8.1904,8.3379,12695,0
20080304,8.3724,8.3724,8.0506,8.3302,36962,0
20080305,8.2258,8.2258,7.911,8.1002,182063,0
20080306,8.2603,8.2603,7.9459,7.9459,43846,0
20080307,7.9459,8.1348,7.9459,8.0716,10164,0
20080310,7.939,7.939,7.5543,7.5543,34765,0
20080311,7.5403,7.6661,7.5403,7.6242,33190,0
20080312,7.5473,7.5473,7.2255,7.2745,54534,0
20080313,7.2115,7.2884,7.0018,7.2115,28692,0
20080314,7.1975,7.1975,7.0297,7.0297,1429,0
20080317,6.61,6.6449,6.3373,6.3582,33454,0
20080318,6.3022,6.3652,5.9315,6.3092,30666,0
20080319,6.4001,6.6029,6.3792,6.4001,41779,0
20080320,6.4001,6.4631,6.4001,6.4631,50435,0
20080324,6.7918,7.4214,6.7918,7.2326,11770,0
20080325,7.4143,7.6871,7.3514,7.6591,39190,0
20080326,7.6942,7.7572,7.5263,7.6942,11970,0
20080327,7.9529,7.9529,7.6103,7.6942,27100,0
20080328,7.897,7.897,7.6591,7.6942,12867,0
20080331,7.6242,7.6451,7.3654,7.5473,7518,0
20080401,7.7641,7.82,7.6942,7.7641,33883,0
20080402,7.7151,7.7361,7.6451,7.729,5906,0
20080403,7.5892,7.6172,7.5192,7.6103,6842,0
20080404,7.6451,7.6451,7.5263,7.5543,6434,0
20080407,7.5892,7.5892,7.4982,7.5333,68149,0
20080408,7.5543,7.6103,7.5192,7.5612,6720,0
20080409,7.5822,7.5822,7.4563,7.4563,7863,0
20080410,7.3654,7.3654,7.2745,7.3025,16013,0
20080411,7.2745,7.3165,7.2745,7.3025,13438,0
20080414,7.2954,7.3654,7.2605,7.2605,3601,0
20080415,7.3094,7.5122,6.9946,7.3654,57493,0
20080416,7.5263,7.5263,7.3514,7.4074,16847,0
20080417,7.2954,7.3723,7.2045,7.2185,2624,0
20080418,7.3094,7.3795,7.3094,7.3234,18994,0
20080421,7.4143,7.4143,7.3234,7.3304,8735,0
20080422,7.3304,7.3304,7.0996,7.1556,43319,0
20080423,7.2045,7.3444,7.1346,7.1975,35386,0
20080424,7.1835,7.1835,7.1206,7.1415,3660,0
20080425,7.1346,7.1346,7.0227,7.0716,17871,0
20080428,7.1136,7.2465,7.0646,7.1556,19838,0
20080429,7.2045,7.2745,7.1276,7.1276,18156,0
20080430,7.3094,7.4423,7.3094,7.4283,108975,0
20080501,7.4353,7.4634,7.3375,7.4283,95618,0
20080502,7.4982,7.4982,7.3654,7.4494,12295,0
20080505,7.911,8.3235,7.7991,8.3025,200948,0
20080506,8.3235,8.3235,8.2468,8.2468,6547,0
20080507,8.3025,8.3025,8.2191,8.2536,6287,0
20080508,7.862,8.1904,7.5053,8.0792,21542,0
20080509,7.897,8.0927,7.897,8.0716,34841,0
20080512,8.1769,8.2191,8.1769,8.2191,7147,0
20080513,8.3868,8.3868,7.974,8.0303,18370,0
20080514,8.086,8.2191,8.0506,8.2048,28586,0
20080515,8.3446,8.3446,8.1836,8.1836,39748,0
20080516,8.1492,8.1626,8.1492,8.1626,428,0
20080519,8.3379,8.3379,8.1492,8.1492,7695,0
20080520,8.2536,8.2536,7.925,8.0159,19021,0
20080521,8.1769,8.2191,7.6103,7.8899,12713,0
20080522,8.0438,8.0438,7.3795,7.7641,4817,0
20080523,7.848,7.9949,7.848,7.9949,8518,0
20080527,7.974,8.0438,7.7641,7.8899,12353,0
20080528,7.82,7.82,7.4843,7.743,12719,0
20080529,8.1348,8.1348,7.876,7.9669,3495,0
20080530,8.037,8.0438,7.869,7.925,16514,0
20080602,8.0581,8.1002,7.8551,7.974,114043,0
20080603,7.981,7.9949,7.974,7.9949,10376,0
20080604,7.743,7.743,7.7221,7.7361,6524,0
20080605,7.7221,7.7711,7.6871,7.7711,1286,0
20080609,7.8271,7.8271,7.82,7.82,715,0
20080610,7.7991,7.9319,7.7991,7.82,1286,0
20080611,7.981,7.981,7.7991,7.8131,2159,0
20080612,7.806,7.806,7.806,7.806,142,0
20080613,7.806,7.883,7.7991,7.82,1429,0
20080616,7.862,7.9949,7.862,7.904,7721,0
20080617,7.8271,7.848,7.7991,7.7991,9292,0
20080618,7.7501,7.8131,7.7501,7.7781,3216,0
20080619,7.806,7.806,7.806,7.806,142,0
20080620,7.974,7.974,7.7641,7.806,21114,0
20080623,7.4913,7.5333,7.3654,7.3654,17913,0
20080624,7.2884,7.2884,7.0576,7.0576,93742,0
20080625,7.2045,7.2045,7.0297,7.1415,4433,0
20080626,7.0506,7.0506,6.9318,6.9318,858,0
20080627,7.0227,7.0227,6.9737,7.0157,1572,0
20080630,6.9038,6.9598,6.6589,6.7989,7768,0
20080701,6.7498,6.7569,6.715,6.7569,8035,0
20080702,6.533,6.533,6.2462,6.2462,2574,0
20080703,6.0295,6.0853,6.0295,6.0853,2430,0
20080707,6.3373,6.3861,6.3373,6.3861,35426,0
20080708,6.4001,6.4351,6.3162,6.3162,24733,0
20080709,6.638,6.6939,6.582,6.638,22875,0
20080710,6.547,6.547,6.2953,6.2953,5004,0
20080711,6.1623,6.2043,6.0574,6.2043,3003,0
20080714,6.1273,6.2392,5.8196,6.0084,4456,0
20080715,6.0924,6.1833,5.9735,6.0505,9366,0
20080717,6.4072,6.4701,6.2673,6.4701,8692,0
20080721,6.7779,6.9598,6.7779,6.9598,2927,0
20080723,7.0018,7.0157,6.9038,6.9248,12887,0
20080724,6.7079,6.7708,6.7079,6.7708,287,0
20080725,6.638,6.638,6.638,6.638,142,0
20080728,6.4842,6.519,6.4842,6.5051,2708,0
20080729,6.456,6.4771,6.456,6.4771,715,0
20080730,6.4911,6.4911,6.3232,6.4701,858,0
20080731,6.5051,6.5051,6.3512,6.3512,5531,0
20080801,6.3652,6.3652,6.3582,6.3582,287,0
20080805,6.1693,6.54,6.1623,6.2953,8234,0
20080806,6.1484,6.2252,6.1273,6.1693,1000,0
20080807,6.1693,6.1693,5.9105,5.9105,21774,0
20080808,5.8406,6.1904,5.8056,5.9455,4861,0
20080811,5.8826,5.9455,5.8196,5.8685,23732,0
20080812,5.7007,5.7915,5.3439,5.7915,1858,0
20080813,5.7706,5.7706,5.5818,5.5888,99666,0
20080814,5.6168,5.7706,5.5958,5.6237,93820,0
20080815,5.6308,5.6797,5.5958,5.6517,51034,0
20080818,5.6447,5.6728,5.5328,5.6657,115992,0
20080819,5.7216,5.7216,5.5958,5.6308,858,0
20080820,5.6237,5.7496,5.6237,5.6797,2288,0
20080821,5.8476,5.8476,5.6377,5.7216,7743,0
20080822,5.7287,5.8126,5.7216,5.8056,4575,0
20080825,5.8616,5.9455,5.6937,5.8616,10110,0
20080826,5.6027,5.6657,5.5259,5.6657,1573,0
20080827,5.5958,5.8685,5.5958,5.8685,1286,0
20080828,5.6237,5.7706,5.4768,5.7706,11943,0
20080829,5.7147,5.7216,5.6588,5.7216,11715,0
20080902,5.8826,6.2252,5.8406,6.0853,16998,0
20080903,6.1204,6.1553,6.0574,6.1553,19308,0
20080904,6.1273,6.1273,5.7007,5.8196,9292,0
20080908,6.1134,6.1693,5.8965,6.0154,8730,0
20080909,5.9455,5.9455,5.6098,5.7915,12393,0
20080910,5.8826,5.8826,5.8826,5.8826,228,0
20080911,5.5958,5.6447,5.5888,5.6377,17383,0
20080912,5.5958,5.7357,5.5958,5.6728,58903,0
20080915,5.4209,5.5398,5.4209,5.4279,6445,0
20080916,5.3859,5.7076,5.3719,5.5398,5866,0
20080917,5.1201,5.442,4.9732,5.316,17454,0
20080918,5.1481,5.5678,5.0712,5.5678,20181,0
20080919,5.5678,5.5747,5.5678,5.5747,287,0
20080922,5.5538,5.5747,5.337,5.337,5004,0
20080923,5.3859,5.3929,5.1131,5.2181,243629,0
20080924,5.2041,5.337,5.2041,5.337,287,0
20080925,5.19,5.19,5.19,5.19,142,0
20080926,5.1551,5.1551,4.8962,5.0991,2002,0
20080929,5.19,5.19,5.0362,5.19,1429,0
20080930,5.19,5.253,5.1342,5.253,1716,0
20081002,5.1342,5.1342,4.9382,4.9382,874,0
20081006,4.8543,4.8543,4.3017,4.6166,1774,0
20081007,4.4277,4.4836,4.4206,4.4766,29966,0
20081008,4.3228,4.3228,4.2668,4.2668,2144,0
20081009,4.2668,4.2668,4.2668,4.2668,1787,0
20081010,4.2598,4.2598,3.6232,3.7632,3431,0
20081013,4.0429,4.0639,4.0429,4.0639,287,0
20081014,4.2038,4.4836,4.0989,4.4836,6005,0
20081015,4.5536,4.5536,4.3088,4.3088,4288,0
20081016,4.5955,4.5955,4.4906,4.4906,4288,0
20081017,4.3228,4.3647,4.3228,4.3647,4288,0
20081020,4.3157,4.4346,4.3157,4.4346,4288,0
20081021,4.4346,4.7005,4.4346,4.6795,4717,0
20081022,4.4346,4.4346,4.1969,4.1969,6206,0
20081023,4.2318,4.2389,4.1129,4.2389,4814,0
20081027,3.854,3.994,3.8192,3.9661,8247,0
20081028,3.9521,3.9521,3.5744,3.6373,43783,0
20081029,3.6163,3.6722,3.6023,3.6232,10437,0
20081030,3.5953,3.7143,3.5744,3.6512,88324,0
20081031,3.7772,4.2389,3.6583,3.7492,8863,0
20081103,3.8401,3.973,3.6373,3.973,17652,0
20081104,4.1409,4.4557,4.1339,4.3786,4789,0
20081105,4.6445,5.4629,4.2668,4.5606,28105,0
20081106,4.4067,4.4067,4.2668,4.3297,7329,0
20081107,4.3438,4.3438,4.2808,4.2808,3914,0
20081110,4.5116,4.5116,4.3927,4.3927,142,0
20081111,4.4976,4.4976,4.2248,4.2248,1000,0
20081112,3.5744,3.5744,3.1827,3.2806,25870,0
20081113,3.4974,3.4974,3.2315,3.3085,7070,0
20081117,3.3994,3.3994,3.3994,3.3994,142,0
20081118,3.1827,3.5953,3.1827,3.5953,1000,0
20081119,3.4974,3.4974,3.4974,3.4974,357,0
20081120,2.8048,3.2876,2.504,3.2876,8711,0
20081121,2.9867,3.2386,2.8818,3.2386,2557,0
20081124,3.1827,3.1827,2.9937,2.9937,287,0
20081125,3.6302,3.854,3.4974,3.5044,8930,0
20081126,3.4763,3.4763,3.3436,3.3436,1000,0
20081128,3.7982,3.9241,3.7982,3.9241,887,0
20081202,3.7772,3.7842,3.7772,3.7842,773,0
20081203,3.9101,3.9101,3.9101,3.9101,428,0
20081204,3.8471,4.036,3.4064,3.4064,6889,0
20081205,3.6722,3.7002,3.1127,3.2876,3717,0
20081208,3.98,3.987,3.7701,3.7701,1486,0
20081209,4.092,4.092,3.7632,3.7632,1028,0
20081210,3.1827,3.4694,3.1827,3.4694,715,0
20081215,3.2736,3.2736,3.2176,3.2666,2002,0
20081216,3.2945,3.2945,3.2945,3.2945,142,0
20081217,3.5673,3.5883,3.4974,3.4974,1667,0
20081219,3.4064,3.4064,3.4064,3.4064,1716,0
20081222,3.1686,3.1896,3.1475,3.1475,2039,0
20081223,3.1475,3.2806,2.7768,3.2806,2717,0
20081224,2.9797,2.9797,2.3782,2.9517,8313,0
20081226,2.7978,2.8468,2.7629,2.8468,3003,0
20081229,2.6929,2.6929,2.581,2.658,10534,0
20081230,2.6999,2.7978,2.6999,2.7978,45963,0
20081231,2.7978,2.8119,2.6859,2.7839,18980,0
20090102,3.1475,3.5673,3.1475,3.5673,1748,0
20090105,3.5813,4.3088,3.5813,4.2947,5753,0
20090106,4.6865,5.0572,3.7422,4.1409,24114,0
20090107,3.7492,3.7492,3.6652,3.6652,4812,0
20090108,3.4905,3.4974,3.4554,3.4974,22908,0
20090109,3.4974,3.7002,3.4974,3.6232,10051,0
20090112,4.1339,4.3577,3.6373,3.7073,14934,0
20090113,3.7772,4.1969,3.7772,4.0429,7680,0
20090114,3.4974,3.917,3.4974,3.7492,8839,0
20090115,3.6092,3.6092,3.6092,3.6092,142,0
20090116,3.6932,4.1549,3.6932,3.959,4540,0
20090120,3.6092,3.6092,3.6092,3.6092,142,0
20090121,3.6443,3.6443,3.6443,3.6443,142,0
20090122,3.5253,3.5253,3.5253,3.5253,142,0
20090127,3.7842,3.8052,3.7842,3.8052,3825,0
20090203,3.6023,4.022,3.6023,4.022,571,0
20090212,4.1898,4.2038,4.1898,4.1969,99528,0
20090218,4.1059,4.1969,3.8471,4.1969,24166,0
20090219,4.1898,4.1898,4.1898,4.1898,2736,0
20090220,3.9521,3.9521,3.9521,3.9521,142,0
20090223,4.0081,4.0081,3.5253,3.5953,887,0
20090224,3.6023,3.6023,3.6023,3.6023,142,0
20090225,2.9937,4.4346,2.9937,4.4346,2491,0
20090226,4.6585,5.358,4.1898,4.1969,3570,0
20090227,4.0709,4.0709,3.4623,3.7282,4976,0
20090302,4.0779,4.1829,3.7282,3.7912,1000,0
20090309,3.7143,3.7143,3.7143,3.7143,236,0
20090310,3.8121,3.8121,3.8121,3.8121,142,0
20090311,3.6932,3.6932,3.6932,3.6932,147,0
20090312,3.6722,3.6722,3.1827,3.4694,2617,0
20090313,3.4974,3.4974,3.4974,3.4974,40946,0
20090317,3.5604,3.6023,3.4064,3.4974,82782,0
20090318,3.5253,3.5253,3.3016,3.5184,3065,0
20090319,3.5673,3.5673,3.4834,3.4834,6436,0
20090323,3.8052,3.8121,3.7282,3.8121,15875,0
20090324,3.854,3.9031,3.8261,3.8261,3843,0
20090325,3.8891,4.1478,3.8891,4.0569,8007,0
20090326,4.3017,4.3017,4.0569,4.0779,5976,0
20090327,4.0639,4.1898,4.0569,4.0709,16946,0
20090330,4.0639,4.0639,4.0569,4.0569,354,0
20090331,4.1619,4.2318,4.0081,4.092,8822,0
20090402,4.1969,4.2108,4.1269,4.1898,12725,0
20090403,4.1969,4.2178,4.1969,4.2178,6863,0
20090406,4.3438,4.3438,4.2808,4.3367,6658,0
20090407,3.8471,4.1339,3.7632,4.015,2002,0
20090408,4.2038,4.2038,4.2038,4.2038,571,0
20090409,4.1969,4.3017,4.1689,4.2877,1945,0
20090413,4.4486,4.6725,4.3647,4.6725,4575,0
20090414,4.5536,4.5536,4.3786,4.4067,6009,0
20090415,4.3507,4.5606,4.3507,4.5536,3146,0
20090416,4.3786,4.3786,4.3577,4.3577,287,0
20090417,4.3017,4.3017,4.3017,4.3017,3002,0
20090420,3.9241,4.4416,3.9241,4.2668,10151,0
20090421,4.6235,5.0292,4.3228,4.3228,15467,0
20090422,4.3367,4.3786,4.1689,4.1829,50327,0
20090423,4.1829,4.3507,4.1829,4.1969,14868,0
20090424,4.2668,4.2668,4.0709,4.1759,165172,0
20090427,4.029,4.0989,3.9101,3.987,2764,0
20090428,4.0429,4.0429,4.029,4.029,2226,0
20090429,4.1969,4.5746,4.1969,4.2318,16795,0
20090501,4.0081,4.4697,3.994,4.0009,21152,0
20090504,3.8612,4.6375,3.8612,4.2737,9277,0
20090505,4.3367,4.3367,4.3297,4.3297,1000,0
20090506,4.4067,4.6585,4.4067,4.6585,3216,0
20090507,4.6166,4.7635,4.4766,4.4766,5996,0
20090508,4.6515,4.6515,4.5256,4.6375,1863,0
20090511,4.4416,4.4416,3.8751,4.3017,4382,0
20090512,4.4137,4.4836,4.2389,4.3786,6024,0
20090513,4.4067,4.4067,4.0569,4.0569,5160,0
20090514,4.0081,4.0081,3.6792,3.8401,8935,0
20090518,3.9101,4.2737,3.9101,4.1409,5177,0
20090519,4.1478,4.5046,4.1339,4.3647,9355,0
20090520,4.5046,5.1061,4.5046,4.8543,30423,0
20090521,4.8753,4.9662,4.8753,4.9033,8077,0
20090522,4.8823,4.9662,4.8123,4.9662,2134,0
20090526,5.1481,5.1481,5.0012,5.1061,31021,0
20090528,4.7493,5.1411,4.6515,4.8614,9722,0
20090529,5.0502,5.0712,4.9522,5.0712,2144,0
20090601,5.3859,5.3859,5.127,5.1761,39887,0
20090602,5.2111,5.2111,5.0502,5.1342,5905,0
20090603,5.0922,5.0922,4.9662,4.9662,2645,0
20090604,5.0782,5.1061,4.9592,4.9662,4717,0
20090605,4.9103,4.9103,4.8962,4.8962,3002,0
20090608,5.1481,5.246,5.0922,5.1761,24516,0
20090609,5.6308,5.7986,5.4908,5.5747,74814,0
20090610,5.7357,5.7706,5.6937,5.7706,78984,0
20090611,5.8896,6.0644,5.8755,6.0644,67157,0
20090612,6.1623,6.2743,6.0505,6.0784,21917,0
20090615,6.0295,6.2252,6.0295,6.1764,32068,0
20090616,6.3092,6.3092,6.0505,6.2113,78650,0
20090617,6.1204,6.1204,5.9665,6.0014,23350,0
20090618,5.8476,6.1833,5.8476,6.1484,14735,0
20090619,6.1553,6.2183,6.0014,6.0014,858,0
20090622,6.2533,6.2533,5.6867,5.7776,20933,0
20090623,6.0084,6.0154,5.8336,5.9875,32360,0
20090624,5.9875,6.0154,5.8755,6.0154,29736,0
20090625,5.9735,6.1553,5.9525,5.9525,4502,0
20090626,5.9455,5.9525,5.7776,5.8755,10437,0
20090629,6.0924,6.3792,6.0084,6.3232,47643,0
20090630,6.3302,6.3302,5.6308,5.9384,18115,0
20090701,5.9245,6.1693,5.8406,6.1693,13349,0
20090702,6.0993,6.0993,6.0505,6.0644,428,0
20090706,6.0574,6.0574,5.8406,5.9525,8503,0
20090707,5.7636,6.0924,5.7636,5.9384,9216,0
20090708,5.8056,5.8965,5.7357,5.8685,4878,0
20090709,6.2043,6.2043,5.6308,5.8476,5976,0
20090710,5.5538,5.8755,5.5259,5.7496,9883,0
20090713,6.1484,6.1484,5.8056,5.9105,3168,0
20090714,6.1904,6.1904,5.5678,5.9384,64285,0
20090715,6.0993,6.2603,5.7496,5.8616,84554,0
20090716,6.0714,6.2882,5.9455,5.9875,131575,0
20090717,6.0853,6.0853,5.9384,6.0154,8521,0
20090720,6.0644,6.2813,5.8755,6.1693,55556,0
20090721,6.2043,6.2533,6.0364,6.2462,2875,0
20090722,6.1904,6.3162,6.1904,6.2813,3447,0
20090723,6.2252,6.2953,6.2252,6.2673,3482,0
20090724,6.2113,6.2392,6.0364,6.2392,3288,0
20090727,6.575,6.7569,6.5051,6.6449,35748,0
20090728,6.6449,6.7219,5.9944,6.1904,34148,0
20090729,6.1623,6.4072,6.0434,6.2043,18336,0
20090730,6.2882,6.8198,6.2882,6.6799,15304,0
20090731,6.575,6.631,6.2743,6.631,8257,0
20090803,6.9107,7.2745,6.8828,7.0996,16839,0
20090804,6.9038,6.9038,6.4842,6.589,20748,0
20090805,6.7708,6.7918,6.2252,6.5541,24719,0
20090806,6.4421,7.0857,6.2953,6.4001,11069,0
20090807,6.575,6.575,6.5051,6.561,14061,0
20090810,6.3792,6.3792,6.0084,6.2882,22017,0
20090811,6.0154,6.0154,5.8545,5.9245,12838,0
20090812,6.2743,6.3373,6.1484,6.3302,25110,0
20090813,6.3302,6.3302,6.3302,6.3302,0,0
20090814,6.0644,6.638,5.8545,6.4631,38666,0
20090817,6.0154,6.4281,5.8755,6.1693,11088,0
20090818,6.3652,6.4351,6.3652,6.4351,287,0
20090819,6.4281,6.4842,6.4281,6.4701,2288,0
20090820,6.4001,6.4001,6.0853,6.0853,930,0
20090821,6.1484,6.4072,6.1484,6.4001,8761,0
20090824,6.9248,7.1066,6.8897,6.9667,25268,0
20090825,7.2884,7.82,7.2884,7.3444,12543,0
20090826,7.6661,7.6661,7.4843,7.4843,1382,0
20090827,7.5962,7.6382,7.3934,7.5683,4613,0
20090828,7.4214,7.6591,7.4214,7.4913,14152,0
20090831,7.4494,7.988,7.4353,7.4843,19735,0
20090901,7.5192,7.7011,7.4982,7.5333,4620,0
20090902,7.4423,7.897,7.0157,7.6591,7051,0
20090903,7.3795,7.6522,7.1626,7.6522,4998,0
20090904,7.6661,7.7781,7.3654,7.6591,5004,0
20090908,8.2815,8.6034,8.2258,8.6034,16626,0
20090909,8.4003,10.701,8.2815,8.4145,161518,0
20090910,7.974,8.1702,7.7572,7.9529,15612,0
20090911,8.0227,8.0227,7.7781,7.869,3431,0
20090914,7.6802,7.925,7.6661,7.876,7006,0
20090915,8.0093,8.1769,7.3304,7.918,12019,0
20090916,7.9669,8.8486,7.9669,8.2536,57664,0
20090917,8.2326,8.5612,8.0792,8.2048,47235,0
20090918,7.918,8.0792,7.7641,8.0792,8077,0
20090921,7.883,8.0227,7.7641,8.0227,7742,0
20090922,8.0438,8.0581,7.883,7.883,1956,0
20090923,7.9459,8.4567,7.9459,8.1205,31238,0
20090924,8.1137,8.2326,7.8271,8.2326,1144,0
20090925,7.862,7.862,7.7921,7.806,2860,0
20090928,7.7991,7.925,7.7851,7.925,19175,0
20090929,7.9459,7.9459,7.4634,7.5122,8874,0
20090930,7.4843,7.5263,7.3444,7.4353,5259,0
20091001,7.3795,7.6591,7.1276,7.4283,9863,0
20091002,7.3934,7.82,7.3934,7.5122,21159,0
20091005,7.3444,7.8411,7.1696,7.5053,18211,0
20091006,7.5192,7.6942,7.2814,7.5683,31098,0
20091007,7.5473,8.1702,7.5333,7.5822,75340,0
20091008,7.5543,7.5543,7.2674,7.4494,37451,0
20091009,7.2954,7.3864,7.2045,7.3654,9743,0
20091012,7.4004,7.5192,7.3795,7.4634,4446,0
20091013,7.5192,7.5192,7.3864,7.3864,726,0
20091014,7.5822,7.6591,7.4074,7.4982,2895,0
20091015,7.6242,7.8411,7.6242,7.7991,6361,0
20091016,7.8411,7.8411,7.3723,7.5962,8655,0
20091019,7.806,8.1836,7.6942,8.1137,27853,0
20091020,7.9949,7.9949,7.5543,7.6591,23061,0
20091021,7.5333,7.7151,7.3094,7.3514,33454,0
20091022,7.3234,7.4143,7.1556,7.2954,22359,0
20091023,7.4494,7.5192,7.1415,7.3514,12693,0
20091026,10.471,10.701,10.045,10.289,283130,0
20091027,10.324,10.352,9.807,10.177,28229,0
20091028,9.687,10.317,9.275,9.674,219545,0
20091029,9.799,10.212,9.779,9.968,20928,0
20091030,10.038,10.121,9.674,9.764,10058,0
20091102,9.939,10.06,9.785,9.919,10471,0
20091103,9.883,9.883,9.4564,9.785,7621,0
20091104,9.862,9.925,9.792,9.925,2396,0
20091105,9.989,10.828,9.989,10.471,8420,0
20091106,10.248,10.457,9.61,10.367,4319,0
20091109,10.869,11.345,10.869,11.163,12756,0
20091110,11.318,11.318,10.254,10.625,7880,0
20091111,10.778,11.045,10.688,10.835,4271,0
20091112,10.443,11.01,10.443,10.625,6060,0
20091113,10.856,10.856,10.638,10.786,606,0
20091116,11.058,11.394,10.793,11.087,29360,0
20091117,11.331,11.891,11.331,11.612,7470,0
20091118,11.716,12.22,11.695,11.716,7923,0
20091119,11.778,11.778,10.848,10.961,13049,0
20091120,10.856,10.856,10.668,10.759,1716,0
20091123,11.464,11.891,11.408,11.836,14920,0
20091124,11.598,11.598,11.261,11.458,1342,0
20091125,11.325,11.632,11.297,11.352,2400,0
20091127,11.54,11.547,10.912,10.912,1153,0
20091130,11.646,11.646,11.401,11.423,10359,0
20091201,11.73,11.73,11.54,11.709,12616,0
20091202,11.576,11.745,11.576,11.605,858,0
20091203,11.926,12.184,11.926,12.184,3267,0
20091204,12.228,12.386,12.045,12.368,1961,0
20091207,12.346,13.15,12.346,12.794,9261,0
20091208,12.737,12.787,12.247,12.535,3996,0
20091209,12.779,13.221,12.066,12.723,5572,0
20091210,13.297,13.5,13.164,13.5,3265,0
20091211,13.612,13.618,13.444,13.618,2302,0
20091214,13.381,13.381,12.682,13.116,1322,0
20091215,12.94,13.478,12.66,12.898,6061,0
20091216,12.24,13.618,12.24,12.968,1429,0
20091217,12.597,12.597,12.556,12.556,643,0
20091218,12.794,12.794,12.353,12.605,11133,0
20091221,12.696,13.01,12.696,12.73,2030,0
20091222,12.836,13.29,12.836,13.276,3695,0
20091223,13.745,14.199,13.738,13.92,10257,0
20091224,14.144,14.619,14.08,14.619,4895,0
20091228,14.499,15.968,14.499,15.829,10727,0
20091229,16.025,16.025,15.332,15.402,20269,0
20091230,15.458,15.458,15.046,15.193,4325,0
20091231,15.046,15.62,15.046,15.046,1559,0
20100104,16.087,16.647,16.087,16.57,17921,0
20100105,16.913,17.075,16.55,17.075,14198,0
20100106,17.248,17.346,17.017,17.298,28867,0
20100107,16.954,17.544,16.844,17.424,7277,0
20100108,17.57,17.983,17.144,17.759,9416,0
20100111,17.57,17.577,16.997,17.234,5905,0
20100112,16.871,16.871,16.108,16.277,8308,0
20100113,16.312,16.55,16.312,16.55,1862,0
20100114,16.368,16.368,15.899,16.053,7101,0
20100115,15.731,15.738,15.731,15.738,1416,0
20100119,16.927,17.459,16.927,17.326,8076,0
20100120,17.089,17.089,16.424,16.647,2373,0
20100121,16.829,17.479,16.376,16.376,4236,0
20100122,16.57,16.57,16.13,16.158,1722,0
20100125,15.899,16.263,15.885,16.123,6141,0
20100126,15.773,16.43,15.766,16.151,6059,0
20100127,16.416,16.416,16.27,16.27,1073,0
20100128,16.515,16.515,16.248,16.248,111098,0
20100129,16.376,16.376,16.376,16.376,142,0
20100201,16.822,16.927,16.802,16.807,4803,0
20100202,17.403,17.997,17.403,17.858,6819,0
20100203,18.228,18.228,17.863,18.012,12657,0
20100204,18.221,18.221,17.69,17.69,3050,0
20100205,17.444,17.444,17.137,17.172,3917,0
20100208,17.41,17.766,17.41,17.613,1855,0
20100209,17.878,17.878,17.613,17.83,2891,0
20100210,17.494,17.494,17.102,17.102,3439,0
20100211,17.466,17.661,17.466,17.606,2828,0
20100212,17.766,17.815,17.766,17.815,335,0
20100216,19.83,20.025,19.39,20.025,9960,0
20100217,19.669,20.278,19.669,20.278,10344,0
20100218,19.998,19.998,19.096,19.481,5355,0
20100219,20.284,20.284,19.571,20.005,2973,0
20100222,19.34,19.802,19.333,19.802,3029,0
20100223,19.865,20.082,19.83,19.892,5788,0
20100224,20.908,21.193,20.717,20.879,71460,0
20100225,21.005,21.005,20.292,20.424,4620,0
20100226,20.452,20.97,20.452,20.955,3288,0
20100301,21.097,21.95,21.097,21.886,9757,0
20100302,21.544,21.544,20.837,21.097,7599,0
20100303,20.914,20.914,20.061,20.467,7879,0
20100304,20.943,21.299,20.943,21.285,1896,0
20100305,21.362,21.852,21.362,21.376,5210,0
20100308,21.382,21.382,21.263,21.306,3645,0
20100309,21.683,21.683,21.474,21.474,846,0
20100310,22.096,22.579,21.95,21.97,8294,0
20100311,22.908,23.425,22.908,23.032,7572,0
20100312,23.545,23.74,23.481,23.614,9808,0
20100315,22.74,22.74,21.789,21.823,7301,0
20100316,21.578,22.208,21.11,21.712,34177,0
20100317,22.306,22.802,22.306,22.768,15403,0
20100318,22.229,22.229,22.062,22.062,1358,0
20100319,22.264,22.705,22.264,22.327,1889,0
20100322,22.482,22.482,22.215,22.313,7539,0
20100323,23.069,23.698,22.732,23.565,81996,0
20100324,23.104,23.782,22.908,23.571,30987,0
20100325,23.335,23.677,23.222,23.222,19516,0
20100326,23.313,23.383,23.258,23.376,7771,0
20100329,24.482,24.482,23.467,24.04,15170,0
20100330,23.951,23.964,23.782,23.915,6819,0
20100331,23.782,25.027,23.643,24.201,15962,0
20100401,24.46,24.475,23.824,24.404,4641,0
20100405,24.468,24.797,23.999,24.453,7921,0
20100406,24.104,24.58,24.104,24.306,4797,0
20100407,23.72,24.124,23.321,23.705,26668,0
20100408,23.782,24.475,23.782,24.475,1621,0
20100409,23.886,24.425,23.86,23.957,5774,0
20100412,23.545,23.747,23.538,23.662,4133,0
20100413,23.446,23.446,22.522,23.047,19885,0
20100414,23.047,23.636,22.719,23.082,11309,0
20100415,22.732,22.732,22.243,22.243,12272,0
20100416,21.893,22.201,21.502,22.138,40934,0
20100419,21.719,21.719,21.061,21.467,5452,0
20100420,21.467,21.998,21.439,21.838,5789,0
20100421,21.767,21.767,21.193,21.193,3910,0
20100422,21.474,21.474,21.23,21.439,4237,0
20100423,21.321,22.033,21.321,21.816,3889,0
20100426,21.607,21.929,21.321,21.321,6883,0
20100427,21.313,21.662,21.306,21.306,4397,0
20100428,21.411,21.467,21.411,21.418,1858,0
20100429,21.313,21.789,21.124,21.382,2201,0
20100430,21.321,21.635,19.969,20.494,37135,0
20100503,20.879,21.698,20.879,21.257,4127,0
20100504,20.333,20.333,19.277,19.592,17493,0
20100505,20.005,20.25,19.732,20.109,15350,0
20100506,20.166,20.25,18.536,19.417,7869,0
20100507,19.628,19.628,19.375,19.606,3288,0
20100510,20.39,21.614,20.39,20.872,5764,0
20100511,20.152,20.452,20.131,20.452,2226,0
20100512,20.46,21.397,20.347,21.09,4085,0
20100513,20.508,20.578,19.039,19.648,9425,0
20100514,18.991,19.262,18.991,19.262,1579,0
20100517,18.544,18.991,17.871,18.605,11720,0
20100518,18.493,19.956,18.074,19.235,8592,0
20100519,18.802,18.802,18.228,18.466,4867,0
20100520,17.717,18.214,17.522,17.563,3609,0
20100521,17.41,18.102,17.277,17.424,9738,0
20100524,17.837,18.474,17.759,17.963,3733,0
20100525,17.444,18.501,16.941,17.501,2137,0
20100526,18.501,19.137,18.501,18.507,5884,0
20100527,18.893,19.585,17.863,18.942,2288,0
20100528,17.858,19.501,17.668,18.724,2850,0
20100601,18.361,18.416,18.354,18.416,2101,0
20100602,19.473,19.473,17.963,18.782,968,0
20100603,18.788,19.046,18.782,18.802,2860,0
20100604,18.193,18.963,18.193,18.291,1732,0
20100607,18.396,18.396,17.717,17.724,3630,0
20100608,17.536,17.844,17.222,17.697,1429,0
20100610,17.837,18.991,17.501,17.592,6967,0
20100611,17.697,18.48,17.697,17.921,858,0
20100614,17.921,18.185,17.914,17.921,7531,0
20100615,18.684,19.089,18.684,18.885,7119,0
20100616,19.262,19.41,19.11,19.13,1981,0
20100617,19.292,19.523,19.13,19.523,858,0
20100618,18.514,19.096,18.514,19.068,715,0
20100621,18.159,18.613,17.99,18.613,2002,0
20100622,19.032,19.34,18.879,18.907,3798,0
20100624,18.83,18.83,18.83,18.83,169,0
20100625,18.948,18.948,18.046,18.046,858,0
20100628,18.032,18.032,17.354,17.354,3717,0
20100629,17.179,17.179,16.319,16.507,3098,0
20100630,16.71,16.71,15.877,16.228,6680,0
20100701,16.115,16.115,15.766,16.101,8999,0
20100702,15.899,16.263,15.899,16.263,2092,0
20100706,17.871,18.032,17.634,17.641,10042,0
20100707,17.794,18.004,17.27,18.004,15106,0
20100708,17.906,18.032,17.906,18.032,715,0
20100709,17.808,18.152,17.808,18.152,1229,0
20100713,17.837,18.116,17.592,18.054,40705,0
20100714,17.563,17.563,17.137,17.486,17767,0
20100715,17.263,17.263,16.515,16.683,5906,0
20100716,16.13,16.585,16.13,16.585,1265,0
20100719,16.185,16.192,16.185,16.192,2070,0
20100720,15.941,16.376,15.941,16.376,4293,0
20100721,16.452,16.486,16.437,16.479,886,0
20100722,16.613,16.613,16.277,16.577,2973,0
20100723,16.592,16.781,16.445,16.716,5189,0
20100726,16.716,16.716,16.165,16.376,1501,0
20100727,16.774,16.774,16.473,16.473,1501,0
20100728,16.221,16.507,16.221,16.473,786,0
20100729,16.236,16.236,15.738,15.738,3363,0
20100730,15.668,15.99,15.668,15.99,1286,0
20100802,17.346,17.431,16.802,17.313,2708,0
20100803,16.935,16.935,16.564,16.577,4146,0
20100804,17.137,17.382,17.094,17.382,2681,0
20100805,17.382,17.486,17.382,17.438,3962,0
20100809,17.906,18.291,17.906,18.137,5491,0
20100812,17.871,17.871,17.871,17.871,287,0
20100816,15.038,17.116,15.038,17.116,3392,0
20100818,17.361,17.361,17.361,17.361,142,0
20100819,16.787,16.787,16.787,16.787,199,0
20100820,16.787,16.787,16.543,16.543,287,0
20100825,15.493,15.493,14.926,15.151,2312,0
20100826,14.907,14.907,14.702,14.877,1000,0
20100827,14.836,15.389,14.836,15.016,15316,0
20100830,15.109,15.109,14.689,14.779,1432,0
20100901,15.458,15.759,15.458,15.759,1487,0
20100902,15.437,16.087,15.437,15.759,571,0
20100903,15.437,15.536,15.431,15.536,1366,0
20100907,15.968,16.185,15.968,16.185,624,0
20100908,16.43,16.437,16.263,16.263,858,0
20100909,15.975,15.975,15.975,15.975,142,0
20100910,16.29,16.437,16.108,16.437,571,0
20100913,17.005,17.017,16.473,16.969,3526,0
20100914,16.829,16.829,16.787,16.787,1930,0
20100915,16.445,16.535,16.445,16.507,782,0
20100916,17.969,17.969,17.969,17.969,142,0
20100917,17.024,17.024,16.787,16.787,287,0
20100920,17.313,17.313,17.313,17.313,287,0
20100921,17.599,18.221,17.599,18.032,3467,0
20100924,19.061,19.061,18.123,19.046,1705,0
20100928,17.606,17.837,17.255,17.837,1233,0
20100929,17.878,17.878,17.871,17.871,528,0
20101001,18.396,18.396,18.396,18.396,287,0
20101004,18.774,18.774,18.207,18.207,1858,0
20101005,19.068,20.005,18.375,18.745,4060,0
20101007,18.998,18.998,18.998,18.998,428,0
20101013,19.585,19.585,19.585,19.585,858,0
20101014,19.375,19.375,18.955,18.955,1520,0
20101015,19.375,19.375,19.375,19.375,1375,0
20101018,19.991,20.859,19.83,19.83,1734,0
20101019,19.697,19.697,19.669,19.669,1629,0
20101020,20.844,20.984,20.844,20.984,1286,0
20101025,21.936,22.186,21.936,22.167,2890,0
20101027,21.481,21.481,18.571,20.992,4969,0
20101028,21.838,21.838,21.097,21.097,3835,0
20101101,22.208,22.376,21.173,22.313,1144,0
20101102,21.774,22.285,21.774,22.285,580,0
20101104,21.852,22.278,19.235,20.572,7311,0
20101108,20.746,20.746,20.746,20.746,287,0
20101109,21.236,21.236,21.236,21.236,428,0
20101111,20.641,20.705,20.641,20.641,1771,0
20101118,22.348,22.383,22.348,22.383,288,0
20101119,20.676,22.243,20.676,22.243,7841,0
20101122,22.404,23.607,22.404,23.292,2046,0
20101124,21.879,21.879,21.879,21.879,571,0
20101129,22.033,22.033,21.502,21.509,2675,0
20101130,21.061,21.334,21.061,21.334,3146,0
20101201,21.655,21.683,21.523,21.683,1199,0
20101202,21.767,22.327,21.767,22.327,965,0
20101203,21.732,22.383,21.732,22.278,1286,0
20101206,23.118,23.579,23.118,23.501,3910,0
20101207,23.516,23.782,23.516,23.712,3267,0
20101208,23.726,23.726,22.761,23.361,1429,0
20101209,23.516,23.516,22.775,22.942,1286,0
20101210,23.118,23.251,22.95,23.152,4824,0
20101213,22.866,22.942,22.79,22.942,1429,0
20101215,22.942,22.942,22.942,22.942,459,0
20101216,23.712,23.712,23.712,23.712,1226,0
20101220,26.244,26.266,25.223,25.622,4008,0
20101221,26.384,26.384,25.201,25.405,925,0
20101222,26.889,26.908,24.873,26.712,1824,0
20101227,25.25,25.25,25.25,25.25,516,0
20101229,20.2,26.439,20.2,26.16,2153,0
20101230,27.832,27.832,25.489,26.509,4739,0
20101231,26.439,26.439,26.439,26.439,142,0
20110103,26.447,26.859,26.432,26.859,2511,0
20110104,27.615,27.615,26.922,27.153,8007,0
20110105,26.069,26.859,26.069,26.859,6163,0
20110110,25.489,25.489,25.489,25.489,428,0
20110111,25.481,26.503,25.481,25.67,3296,0
20110118,24.699,24.732,24.699,24.732,571,0
20110127,23.194,23.194,23.194,23.194,287,0
20110128,23.531,23.593,23.292,23.292,1000,0
20110131,21.061,22.04,21.061,22.027,4574,0
20110201,21.845,22.383,21.845,22.383,571,0
20110202,22.984,22.999,22.725,22.732,1000,0
20110203,22.649,22.649,22.649,22.649,377,0
20110204,21.369,21.369,21.369,21.369,159,0
20110207,22.746,23.538,22.725,23.531,10114,0
20110208,23.222,23.222,22.921,22.963,1178,0
20110210,22.501,22.53,22.501,22.515,858,0
20110211,22.124,23.145,22.124,23.145,1310,0
20110214,24.048,24.048,22.677,22.677,456,0
20110216,23.194,24.013,23.194,23.991,858,0
20110217,23.593,23.593,23.523,23.545,2788,0
20110218,23.629,23.629,23.425,23.432,571,0
20110222,22.732,22.732,22.732,22.732,428,0
20110228,22.635,23.398,22.635,22.635,398,0
20110301,21.11,21.11,21.11,21.11,287,0
20110302,20.676,21.11,20.676,20.712,3589,0
20110303,21.159,21.166,21.159,21.159,428,0
20110307,21.621,21.621,21.53,21.544,636,0
20110308,21.865,22.131,21.823,22.11,1144,0
20110310,21.551,21.551,21.551,21.551,428,0
20110315,20.774,20.774,20.774,20.774,287,0
20110316,21.936,22.103,21.124,21.802,1716,0
20110317,0,21.956,0,21.956,1123,0
20110321,23.047,25.04,22.746,23.187,2765,0
20110323,24.621,24.621,23.411,23.411,1144,0
20110324,23.187,23.187,21.754,22.515,5223,0
20110325,22.593,22.67,22.593,22.67,858,0
20110331,24.194,24.194,24.194,24.194,858,0
20110404,24.482,24.482,24.482,24.482,142,0
20110412,22.417,22.732,22.417,22.732,334,0
20110414,23.398,23.398,23.398,23.398,319,0
20110418,23.278,23.278,23.278,23.278,142,0
20110419,23.251,23.251,23.152,23.152,1168,0
20110420,22.082,22.823,22.082,22.823,1609,0
20110426,23.111,23.118,22.79,22.79,1000,0
20110427,23.021,23.761,23.021,23.747,1522,0
20110428,22.186,22.768,22.186,22.768,2144,0
20110429,22.802,22.908,22.397,22.908,1144,0
20110503,21.823,21.823,21.823,21.823,428,0
20110504,21.922,23.082,21.922,23.082,891,0
20110505,21.725,22.635,21.725,22.635,428,0
20110506,21.683,21.796,21.683,21.796,658,0
20110510,20.354,20.354,20.354,20.354,142,0
20110516,20.032,20.032,20.012,20.012,428,0
20110519,22.376,22.376,21.537,21.537,287,0
20110526,20.131,21.662,20.131,20.914,2288,0
20110606,20.305,20.305,20.305,20.305,142,0
20110607,20.32,20.634,20.32,20.634,287,0
20110615,19.871,19.871,18.717,18.717,2145,0
20110616,17.634,17.634,17.634,17.634,428,0
20110617,18.501,18.501,17.606,17.606,1983,0
20110622,18.325,18.325,18.325,18.325,142,0
20110623,16.844,18.109,16.844,18.109,858,0
20110627,17.039,17.039,16.969,17.012,5356,0
20110628,18.012,18.012,17.277,17.277,1000,0
20110701,17.592,17.592,17.592,17.592,715,0
20110705,18.605,18.605,18.605,18.605,142,0
20110707,19.53,19.585,19.53,19.571,2441,0
20110712,19.222,19.222,17.906,17.906,517,0
20110715,18.55,18.55,18.55,18.55,142,0
20110718,18.522,18.522,18.522,18.522,142,0
20110722,19.571,19.571,19.571,19.571,288,0
20110725,18.445,18.55,18.438,18.55,2474,0
20110726,17.878,17.935,17.878,17.935,872,0
20110729,17.486,17.486,17.486,17.486,1785,0
20110802,16.592,16.592,16.452,16.452,1564,0
20110808,12.632,14.199,12.632,14.151,1891,0
20110809,13.338,13.989,13.247,13.247,428,0
20110810,13.374,13.514,12.269,12.597,4097,0
20110815,14.256,14.269,13.156,13.156,2717,0
20110816,13.08,13.08,13.08,13.08,142,0
20110829,13.989,14.339,13.92,14.339,786,0
20110831,13.807,13.913,13.702,13.702,1000,0
20110901,13.793,13.793,13.793,13.793,142,0
20110906,13.276,13.276,12.584,12.591,3925,0
20110907,13.164,13.207,13.164,13.207,1192,0
20110912,11.54,11.598,11.54,11.54,1536,0
20110916,11.807,11.814,11.583,11.8,2860,0
20110923,11.948,11.948,11.948,11.948,858,0
20110926,11.394,11.394,11.374,11.374,2373,0
20111003,10.877,10.877,10.744,10.744,1000,0
20111007,10.751,10.751,10.751,10.751,142,0
20111010,11.352,11.367,11.254,11.331,4146,0
20111018,11.646,11.646,11.646,11.646,287,0
20111020,11.948,11.948,11.948,11.948,232,0
20111024,13.682,13.689,13.311,13.311,9268,0
20111025,13.695,13.695,13.689,13.695,3157,0
20111027,14.256,14.256,14.256,14.256,142,0
20111028,14.668,14.689,14.668,14.689,2857,0
20111031,14.269,14.305,14.269,14.305,739,0
20111103,15.913,15.913,15.913,15.913,1000,0
20111104,13.074,13.074,13.074,13.074,142,0
20111107,13.353,13.353,13.353,13.353,142,0
20111110,15.633,15.633,15.633,15.633,466,0
20111111,14.017,14.017,13.989,13.989,715,0
20111114,14.563,14.563,14.563,14.563,142,0
20111115,13.423,13.975,13.074,13.975,906,0
20111116,13.745,13.745,13.164,13.164,2144,0
20111118,12.386,12.416,12.381,12.401,1096,0
20111122,11.891,11.891,11.891,11.891,715,0
20111128,11.674,11.681,11.199,11.199,1519,0
20111129,11.471,11.471,10.668,11.471,3660,0
20111202,11.276,11.891,11.276,11.891,1418,0
20111206,11.374,11.374,11.374,11.374,428,0
20111208,11.156,11.156,11.156,11.156,287,0
20111209,10.772,10.772,10.751,10.751,571,0
20111212,11.156,11.156,10.317,10.408,4020,0
20111213,10.597,11.163,10.387,10.899,3283,0
20111214,10.716,11.54,10.716,10.723,2359,0
20111215,10.498,10.66,10.498,10.618,1144,0
20111219,10.877,10.877,10.877,10.877,2860,0
20111220,11.192,11.192,11.192,11.192,287,0
20111222,10.668,10.668,10.491,10.491,3288,0
20111223,10.528,10.548,10.498,10.498,1352,0
20111227,10.491,10.675,10.491,10.52,5576,0
20111228,10.513,10.708,10.415,10.569,3717,0
20111229,10.289,10.701,10.191,10.339,6715,0
20111230,10.277,10.387,10.277,10.297,1716,0
20120103,9.758,9.758,9.4564,9.4564,2092,0
20120104,9.554,9.716,9.492,9.709,3342,0
20120109,9.869,9.869,9.785,9.862,3468,0
20120110,9.932,9.989,9.849,9.849,1683,0
20120111,9.652,9.652,9.2682,9.4081,5590,0
20120112,9.625,9.625,9.569,9.583,1000,0
20120113,9.506,9.506,9.275,9.275,566,0
20120117,9.1628,9.1773,8.8275,9.0095,3542,0
20120118,9.1074,9.2963,9.0997,9.2963,1821,0
20120119,9.4426,9.4426,9.3657,9.3657,3717,0
20120120,9.205,9.513,9.205,9.513,2365,0
20120124,8.5688,8.7711,8.5688,8.6101,3288,0
20120125,9.0719,9.0719,8.3935,8.3935,6005,0
20120126,8.359,8.359,8.0581,8.289,2212,0
20120127,8.3446,8.3446,8.3446,8.3446,287,0
20120130,7.729,7.729,7.729,7.729,715,0
20120202,8.4145,9.002,8.4145,8.7997,4483,0
20120206,8.8832,8.8832,8.8832,8.8832,822,0
20120207,8.7432,8.7432,8.4356,8.45,4180,0
20120208,8.4988,8.4988,8.4988,8.4988,428,0
20120209,8.4635,8.4635,8.3235,8.4078,3598,0
20120213,8.3801,8.3801,8.2679,8.3724,7021,0
20120215,8.2048,8.2048,7.743,7.7501,3191,0
20120216,7.7361,7.8131,7.5543,7.8131,1199,0
20120221,8.3935,8.7154,8.3935,8.6034,4761,0
20120223,8.1205,8.2958,8.1205,8.2958,2052,0
20120224,8.0438,8.1626,8.0438,8.1626,5552,0
20120227,7.5333,7.5333,7.2535,7.3514,6482,0
20120229,7.743,7.743,7.3584,7.3584,287,0
20120307,7.2045,7.2045,7.2045,7.2045,287,0
20120309,7.2255,7.3795,7.2255,7.3795,3358,0
20120312,7.0786,7.1136,7.0786,7.1136,1885,0
20120313,7.0996,7.1556,7.0996,7.1556,428,0
20120314,7.3514,7.4074,7.2465,7.2465,1286,0
20120316,7.5192,7.5263,7.4913,7.5263,3720,0
20120319,7.5122,7.5122,7.1556,7.2115,1798,0
20120320,6.6799,7.1415,6.6799,6.9318,6170,0
20120321,6.715,6.7918,6.61,6.7359,2788,0
20120322,6.5261,6.5541,6.5051,6.5541,1443,0
20120323,6.54,6.9598,6.54,6.9248,3575,0
20120326,7.1626,7.4634,7.0157,7.4634,6881,0
20120327,7.0716,7.1346,7.0646,7.0646,1215,0
20120328,6.7849,6.7849,6.6799,6.7219,2045,0
20120329,6.701,6.701,6.4351,6.4631,1144,0
20120403,6.456,6.456,6.456,6.456,930,0
20120404,6.0714,6.0714,5.6657,5.6657,11764,0
20120409,5.0431,5.0431,5.0431,5.0431,1429,0
20120410,5.3299,6.0154,5.3299,6.0154,428,0
20120411,5.6098,5.9804,5.5607,5.5607,2925,0
20120413,5.6797,5.7915,5.6797,5.7636,3288,0
20120416,5.5049,5.5049,5.5049,5.5049,142,0
20120417,6.8058,7.4214,6.8058,7.2884,10376,0
20120418,7.1626,7.1766,6.9946,7.1206,2403,0
20120419,6.9038,6.9038,6.4631,6.6449,2419,0
20120420,6.638,7.3934,6.533,7.2465,5845,0
20120423,6.7498,6.7498,6.61,6.6799,3288,0
20120424,6.652,7.4074,6.2953,6.2953,7775,0
20120425,6.589,6.6659,6.589,6.652,571,0
20120427,6.3792,6.575,6.3792,6.4771,571,0
20120430,7.1696,7.1696,6.3792,6.3792,547,0
20120501,6.4701,6.6449,6.4631,6.547,2224,0
20120502,6.519,6.519,6.4281,6.4281,571,0
20120503,6.8618,6.8618,6.4701,6.4701,1276,0
20120508,5.5958,5.5958,5.5958,5.5958,428,0
20120509,5.5958,5.5958,5.5958,5.5958,428,0
20120510,5.7147,5.7147,5.3859,5.3859,2296,0
20120511,5.3859,5.3859,5.3859,5.3859,142,0
20120514,5.2251,5.2251,4.9103,4.9103,2288,0
20120515,4.3438,4.4067,4.1269,4.3858,4956,0
20120516,3.854,4.0779,3.854,3.959,3989,0
20120517,3.8401,3.8401,3.6373,3.6722,11862,0
20120518,3.5673,3.5744,3.3575,3.3575,7426,0
20120521,3.3505,3.3924,3.3365,3.3924,1716,0
20120522,3.0986,3.1475,2.9028,2.9867,4309,0
20120523,2.8188,2.8188,2.7629,2.7629,3616,0
20120524,2.8747,2.9307,2.8747,2.9307,1286,0
20120525,2.9587,3.1475,2.9377,2.9377,1572,0
20120531,2.9937,3.2176,2.9937,3.1616,1143,0
20120601,2.9028,3.2806,2.9028,3.2806,428,0
20120604,2.9028,2.9727,2.9028,2.9587,2574,0
20120606,3.0357,3.0776,2.9167,3.0636,44829,0
20120608,3.1127,3.2455,3.1127,3.1616,1429,0
20120611,3.0427,3.0427,2.9028,2.9028,11437,0
20120612,2.8678,2.9937,2.8328,2.8328,5927,0
20120613,2.6719,2.7558,2.4761,2.6299,5206,0
20120614,2.504,2.567,2.4551,2.4551,2222,0
20120615,2.4551,2.567,2.4551,2.567,1010,0
20120618,2.4201,2.4691,2.3922,2.3922,5522,0
20120619,2.4062,2.4201,2.2593,2.3082,5004,0
20120620,2.2732,2.3361,2.2243,2.2732,5005,0
20120621,2.2802,2.3852,2.2103,2.3852,8696,0
20120622,2.3082,2.3292,2.1754,2.3292,824,0
20120625,2.1334,2.1334,1.8536,1.9654,12697,0
20120626,1.9865,2.1334,1.9865,2.1334,858,0
20120627,2.1193,2.1754,2.1193,2.1334,1025,0
20120628,2.0914,2.0914,2.0914,2.0914,142,0
20120629,2.1263,2.2313,2.0564,2.1754,1855,0
20120702,2.1263,2.1263,1.9585,2.0705,858,0
20120703,2.0634,2.0634,2.0634,2.0634,287,0
20120705,1.9375,1.9375,1.9375,1.9375,357,0
20120706,1.9306,2.0634,1.9306,1.9654,2728,0
20120709,1.9515,1.9515,1.8745,1.9445,1410,0
20120710,1.8815,1.8815,1.8676,1.8676,428,0
20120712,1.8815,1.8815,1.8815,1.8815,571,0
20120713,1.9096,1.9096,1.9096,1.9096,142,0
20120717,1.9853,1.9853,1.9853,1.9853,428,0
20120719,1.8466,1.9024,1.8185,1.8536,4288,0
20120723,1.7556,1.7556,1.7346,1.7346,3931,0
20120725,1.7556,1.7556,1.7556,1.7556,142,0
20120726,1.6857,1.6857,1.6857,1.6857,142,0
20120727,1.5877,1.5877,1.5877,1.5877,322,0
20120801,1.7766,1.7766,1.7486,1.7486,4717,0
20120802,1.7137,1.7346,1.7129,1.7129,715,0
20120803,1.7906,1.7906,1.7486,1.7486,3002,0
20120806,1.7976,1.7976,1.7976,1.7976,428,0
20120807,2.1193,2.2103,2.1193,2.2033,2585,0
20120808,2.546,2.546,2.3292,2.3292,14113,0
20120809,1.9096,2.0494,1.8185,2.0074,6005,0
20120813,1.8185,1.8185,1.7417,1.7486,25983,0
20120814,1.7556,1.8745,1.7067,1.8396,12398,0
20120815,1.7766,1.7766,1.7766,1.7766,330,0
20120817,1.9654,1.9654,1.9654,1.9654,142,0
20120820,1.9515,2.0844,1.9501,2.0844,25294,0
20120821,2.0074,2.0074,2.0074,2.0074,715,0
20120824,2.0494,2.0494,2.0494,2.0494,142,0
20120827,2.0284,2.0284,1.9592,1.9592,530,0
20120828,1.9515,1.9515,1.9515,1.9515,4291,0
20120830,1.9375,1.9935,1.8466,1.9935,5718,0
20120831,1.8886,2.0424,1.8886,2.0424,1000,0
20120904,2.2662,2.3013,2.2662,2.2942,4329,0
20120905,2.3361,2.4411,2.3222,2.3922,13654,0
20120906,2.2662,2.3571,2.2522,2.3571,2002,0
20120910,2.504,2.8398,2.504,2.7839,28195,0
20120911,2.658,2.7198,2.588,2.7138,11609,0
20120912,2.8119,2.8119,2.3782,2.679,13223,0
20120913,2.4201,2.623,2.4131,2.497,6309,0
20120914,2.5322,2.7419,2.5322,2.546,5576,0
20120919,2.6999,2.7629,2.6929,2.7629,11680,0
20120920,2.8678,2.8678,2.623,2.7978,12067,0
20120921,2.5322,2.8328,2.5322,2.574,11867,0
20120924,2.9517,3.6722,2.9098,3.4905,54049,0
20120925,3.7073,3.7073,3.3016,3.4974,97155,0
20120926,3.4064,3.5604,3.1896,3.3436,62059,0
20120927,3.4834,3.5324,3.2736,3.4905,22000,0
20120928,2.9867,3.2876,2.9867,3.2876,34909,0
20121001,3.1686,3.2736,3.1055,3.1055,3777,0
20121002,3.5533,3.5673,3.4275,3.5114,10731,0
20121003,3.6722,3.6722,3.5114,3.6023,24533,0
20121004,3.6023,3.6023,3.5114,3.5114,4739,0
20121005,3.4974,4.1268,3.2666,3.7632,55964,0
20121008,3.7002,3.7353,3.5744,3.7002,3845,0
20121009,3.4554,3.4834,3.1546,3.4763,15664,0
20121010,3.4905,3.4905,3.3365,3.3715,4159,0
20121011,3.3155,3.4974,3.2176,3.3522,19185,0
20121012,3.3225,3.3575,3.3225,3.3575,5590,0
20121015,4.0569,6.3512,4.0569,4.2458,211162,0
20121016,4.6865,4.9662,4.6166,4.7565,39129,0
20121017,5.253,5.8965,5.253,5.7915,74212,0
20121018,5.2041,5.2041,4.7704,4.9173,45316,0
20121019,4.8962,4.9873,4.6935,4.8461,10036,0
20121022,5.1201,5.5818,5.0712,5.5538,17230,0
20121023,4.5467,4.8614,4.5467,4.7775,32336,0
20121024,4.8263,4.8263,4.4486,4.5746,14050,0
20121025,4.4766,4.6096,4.4766,4.5116,2501,0
20121026,4.4277,4.5955,4.4277,4.5955,4596,0
20121031,4.1269,4.1269,3.8612,4.092,21195,0
20121101,3.987,3.987,3.5533,3.8052,17848,0
20121102,3.8751,4.015,3.8751,3.917,5530,0
20121105,3.8891,3.98,3.7701,3.8612,3620,0
20121106,3.9517,3.9517,3.9443,3.9451,2018,0
20121107,3.9101,3.98,3.6792,3.854,6323,0
20121108,3.5883,3.6373,3.3994,3.5324,8865,0
20121109,3.5953,3.833,3.5883,3.833,3804,0
20121112,3.3715,3.4541,3.3016,3.3924,7533,0
20121113,3.2246,3.2315,3.1896,3.2315,4717,0
20121114,3.1196,3.1196,2.9377,2.9727,7649,0
20121115,2.9658,2.9658,2.8679,2.8679,715,0
20121116,2.8538,2.8608,2.7278,2.8608,12725,0
20121119,3.2036,3.4064,3.1127,3.2315,10651,0
20121120,2.9528,3.1756,2.9447,3.0217,13746,0
20121121,3.2666,3.2945,3.2176,3.2525,11687,0
20121123,3.5813,3.7772,3.5813,3.7772,10866,0
20121126,3.8331,4.05,3.6302,3.7772,6896,0
20121127,3.7772,3.9101,3.7073,3.7073,1429,0
20121128,3.6023,3.7213,3.6023,3.6932,3129,0
20121129,3.6741,3.6741,3.6443,3.6443,886,0
20121130,3.6092,3.6232,3.6023,3.6232,428,0
20121204,3.5114,3.5762,3.4974,3.5393,858,0
20121205,3.5114,3.5114,3.3016,3.3016,428,0
20121206,3.5463,4.1198,3.5463,4.1198,2430,0
20121207,3.8261,3.8331,3.8261,3.8331,858,0
20121210,3.7842,3.7842,3.6512,3.7213,5704,0
20121211,3.6373,3.6373,3.5393,3.5604,1858,0
20121212,3.5533,3.5533,3.3855,3.3865,12831,0
20121213,3.4074,3.4074,3.2442,3.2442,1000,0
20121217,3.4694,3.4694,2.9798,2.9798,7292,0
20121218,3.2315,3.3645,3.2253,3.3574,13966,0
20121219,3.3505,3.3505,3.3016,3.3016,1687,0
20121221,3.0427,3.2176,2.9727,3.0077,11795,0
20121224,3.0007,3.0007,2.8958,2.9867,2522,0
20121226,2.9447,2.9587,2.9447,2.9517,1429,0
20121227,2.9867,3.0916,2.9377,3.0077,4933,0
20121228,3.0077,3.0636,3.0007,3.0077,8935,0
20121231,2.9587,2.9587,2.9447,2.9527,6361,0
20130102,3.0846,3.2106,3.0567,3.1686,7863,0
20130103,3.1336,3.1336,3.0707,3.1336,571,0
20130107,2.9727,3.0567,2.9587,3.0147,6340,0
20130108,2.9867,2.9867,2.9517,2.9797,4189,0
20130109,2.9797,3.2596,2.9797,3.1055,6376,0
20130111,3.1127,3.2315,3.1127,3.2315,1144,0
20130114,3.1336,3.1406,3.0918,3.0918,1816,0
20130115,3.0077,3.0357,2.9098,3.0216,2501,0
20130116,3.0916,3.0916,3.0776,3.0776,1916,0
20130117,3.0776,3.1475,3.0776,3.1475,571,0
20130122,3.0427,3.0427,2.8888,2.9028,11293,0
20130123,2.9937,3.0077,2.9377,2.9377,1286,0
20130124,3.4833,3.4833,3.0357,3.0986,7469,0
20130128,2.8747,2.9238,2.8678,2.8678,5289,0
20130129,2.8398,2.8398,2.8259,2.8259,693,0
20130130,2.7978,2.7978,2.7839,2.7839,8675,0
20130131,2.8958,2.8966,2.679,2.7489,5718,0
20130204,2.8048,2.8048,2.7069,2.7069,2002,0
20130205,2.9867,3.1827,2.9867,3.1055,19297,0
20130206,3.0707,3.2176,3.0636,3.2176,6524,0
20130207,3.2736,3.2736,3.2596,3.2596,858,0
20130208,3.2596,3.3016,3.2525,3.2736,9687,0
20130211,3.3365,3.3365,3.2945,3.2993,3073,0
20130214,3.4904,3.4926,3.3295,3.4926,1000,0
20130215,3.3715,3.3924,3.3575,3.3924,1474,0
20130219,3.3994,3.4794,3.3994,3.4794,3394,0
20130220,3.4763,3.8471,3.4763,3.5253,10102,0
20130221,3.3715,3.4694,3.2596,3.2596,6791,0
20130225,3.2596,3.2596,3.2525,3.2525,1000,0
20130226,3.2666,3.2666,3.2246,3.2315,2800,0
20130227,3.1127,3.1427,3.1127,3.1427,1716,0
20130301,3.0287,3.0776,3.0287,3.0776,2296,0
20130304,3.1546,3.1546,3.1546,3.1546,428,0
20130305,3.2596,3.3784,3.2596,3.3784,3301,0
20130306,3.3645,3.4064,3.3645,3.4064,571,0
20130314,3.2386,3.3225,3.2386,3.3225,2131,0
20130318,3.3575,3.3575,3.3575,3.3575,142,0
20130319,3.4554,3.4623,3.3715,3.4554,2831,0
20130320,3.5813,3.6722,3.2229,3.6722,2860,0
20130321,3.6722,3.8743,3.0567,3.6373,15372,0
20130322,3.6443,3.6722,3.6302,3.667,31221,0
20130325,3.8821,3.9774,3.8471,3.896,8448,0
20130326,3.9241,4.022,3.9241,4.022,2769,0
20130327,4.2947,4.4207,4.1306,4.1969,7795,0
20130401,4.4598,4.4626,4.1009,4.2178,8564,0
20130402,4.5467,4.7731,4.5467,4.5746,4780,0
20130403,4.7984,4.8571,4.6935,4.7565,5395,0
20130404,4.5467,4.8683,4.3786,4.5898,16667,0
20130408,4.3199,4.6096,4.3199,4.5746,958,0
20130409,4.7284,5.0711,4.7284,4.9453,23606,0
20130410,4.9732,5.099,4.9033,5.0922,17380,0
20130412,4.8683,4.8683,4.5886,4.8613,2537,0
20130415,5.0012,5.0013,4.7844,4.8543,11771,0
20130416,4.8683,4.8683,4.8683,4.8683,142,0
20130417,4.9033,4.9033,4.9033,4.9033,142,0
20130418,5.1201,5.3195,5.0642,5.302,22310,0
20130419,5.2391,5.3691,5.1481,5.1551,3575,0
20130422,5.2739,5.2739,4.9033,5.0642,55100,0
20130423,4.9803,5.2181,4.9662,5.1551,4065,0
20130424,5.1342,5.1971,5.1306,5.1481,1966,0
20130425,5.4328,5.4328,5.0116,5.0116,1911,0
20130426,5.2041,5.2041,5.0153,5.169,1572,0
20130429,5.0712,5.295,4.9313,5.295,1454,0
20130430,5.0851,5.0851,5.0851,5.0851,1672,0
20130501,5.0642,5.0642,4.8334,4.8334,715,0
20130502,4.7635,4.7635,4.6725,4.6795,3674,0
20130503,4.6935,4.8962,4.6935,4.8962,7503,0
20130506,4.9103,4.9103,4.7914,4.7914,16480,0
20130507,4.6375,4.6375,4.4766,4.4836,15754,0
20130508,4.3616,4.3858,4.3616,4.3858,2343,0
20130509,4.4626,4.8893,4.4626,4.8893,8418,0
20130510,4.7214,4.7214,4.6375,4.6445,888,0
20130513,5.3929,5.3929,5.3509,5.3509,2748,0
20130514,5.3509,5.3509,5.337,5.337,2407,0
20130516,5.1761,5.8056,5.1761,5.5188,2638,0
20130517,5.5049,5.5193,5.2739,5.2739,4288,0
20130520,5.2391,5.253,4.9943,5.0222,5441,0
20130521,5.1481,5.4209,5.1481,5.2811,2759,0
20130522,5.1201,5.253,5.1201,5.253,287,0
20130523,5.232,5.3859,5.232,5.379,7292,0
20130524,5.316,5.316,5.183,5.183,2574,0
20130529,5.253,5.253,5.253,5.253,142,0
20130530,5.3299,5.3299,5.3299,5.3299,3002,0
20130531,5.3719,5.3859,5.3719,5.3859,1858,0
20130603,5.302,5.302,5.295,5.302,5290,0
20130604,5.2739,5.3509,5.2739,5.3509,9150,0
20130605,5.295,5.5118,5.1831,5.1831,5254,0
20130607,5.2181,5.2181,5.2181,5.2181,287,0
20130610,5.4489,5.4559,5.4489,5.4489,3840,0
20130611,5.183,5.246,5.1551,5.1551,5813,0
20130614,5.0431,5.4839,5.0431,5.4839,1572,0
20130617,5.9944,6.0505,5.9595,5.9595,7516,0
20130618,6.0154,6.0154,5.8684,5.8684,3503,0
20130619,5.7147,5.7147,5.6237,5.6237,473,0
20130620,5.5259,5.5259,5.4559,5.4699,999,0
20130621,5.4489,5.4489,5.4489,5.4489,287,0
20130624,5.4489,5.4489,5.4489,5.4489,287,0
20130625,5.8755,5.8755,5.6098,5.8056,9056,0
20130626,5.5468,5.8406,5.5259,5.8406,1283,0
20130627,5.6797,6.2252,5.6797,6.2252,5118,0
20130628,6.3001,6.3001,6.1693,6.1693,637,0
20130701,6.0924,6.0924,6.0434,6.0434,692,0
20130702,6.0434,6.0434,6.0014,6.0014,287,0
20130703,6.0154,6.0154,6.0154,6.0154,715,0
20130705,6.2953,6.9667,6.2323,6.4072,12686,0
20130708,6.6589,6.7918,6.6029,6.7638,11523,0
20130709,6.6449,6.9107,6.3512,6.715,11937,0
20130710,6.596,6.7849,6.4187,6.547,17544,0
20130711,7.1346,7.2395,6.9318,7.1066,21069,0
20130712,7.0786,7.4423,7.0646,7.2605,8967,0
20130715,7.4143,7.9256,7.4143,7.7991,22820,0
20130716,7.8211,7.8211,7.4143,7.4143,9240,0
20130717,7.3584,7.3723,7.3444,7.3444,715,0
20130719,7.4216,8.3235,7.4216,7.904,2253,0
20130722,7.6732,7.6732,7.4214,7.4843,7971,0
20130723,7.6942,8.0093,7.6942,7.883,9318,0
20130724,7.9529,7.9529,7.9174,7.9174,571,0
20130725,7.8543,7.8543,7.6809,7.6809,1552,0
20130729,7.4522,7.5105,7.4522,7.5105,571,0
20130730,7.8241,8.1137,7.8241,7.8481,6966,0
20130731,8.0649,8.4465,7.897,7.981,8704,0
20130801,8.3935,11.786,8.3935,9.0584,19756,0
20130802,9.0231,9.0442,8.5891,8.7643,4252,0
20130805,9.1284,10.358,9.0929,9.2329,8058,0
20130806,9.2682,9.4782,9.0929,9.4782,8374,0
20130807,9.4703,9.828,9.4357,9.513,8978,0
20130808,9.2682,9.414,8.3446,9.3031,10388,0
20130809,9.2682,9.3657,8.6101,9.0997,7102,0
20130812,8.3868,8.4988,8.1256,8.3379,11269,0
20130813,8.5553,8.7087,8.5553,8.7087,1942,0
20130814,9.1983,9.1983,8.8486,9.1284,3328,0
20130815,9.0407,9.184,8.8208,8.8284,1059,0
20130816,8.8486,9.506,8.8486,9.2817,2954,0
20130819,9.716,10.415,9.716,9.995,15352,0
20130820,10.093,10.093,9.513,9.821,12452,0
20130821,9.799,9.932,9.506,9.73,6298,0
20130822,9.758,9.758,9.3041,9.618,4503,0
20130823,9.618,10.02,9.618,10.016,1660,0
20130826,9.3031,9.3657,8.8352,9.3657,6860,0
20130827,8.4003,9.2817,7.2326,7.7396,52765,0
20130828,8.2258,8.9952,8.1702,8.3514,22352,0
20130829,8.7011,9.1773,8.7011,9.1628,31923,0
20130830,9.4012,9.716,9.1284,9.2607,20825,0
20130903,9.1562,9.1562,8.6944,8.862,9157,0
20130904,8.9396,9.1628,8.9396,8.9741,6371,0
20130905,8.9396,8.9531,8.9186,8.9531,1322,0
20130906,8.5756,8.7087,8.5756,8.7087,7370,0
20130909,9.0508,9.4357,9.0508,9.1495,8763,0
20130910,9.814,9.912,9.667,9.723,4575,0
20130911,9.947,10.24,9.764,10.24,6888,0
20130912,9.52,9.799,9.0584,9.547,40573,0
20130913,9.583,9.75,9.4426,9.744,5078,0
20130916,10.765,10.772,10.226,10.444,8526,0
20130917,11.079,12.611,11.079,12.002,64415,0
20130918,12.331,12.381,11.905,12.262,35585,0
20130919,12.394,12.689,12.386,12.611,30888,0
20130920,12.611,12.787,12.386,12.458,21806,0
20130923,12.584,13.43,12.394,12.946,66798,0
20130924,13.122,14.325,13.122,13.906,12725,0
20130925,14.248,14.445,13.898,14.29,14009,0
20130926,14.305,14.305,13.478,13.478,29451,0
20130927,13.528,13.772,12.983,13.037,20720,0
20130930,12.898,13.709,12.605,13.199,15726,0
20131001,13.576,13.92,13.521,13.731,7863,0
20131002,13.387,13.612,12.8,13.416,6863,0
20131003,12.723,13.164,12.401,12.675,8579,0
20131004,12.912,12.912,12.386,12.806,12438,0
20131007,12.912,12.912,12.206,12.416,53040,0
20131008,12.639,13.052,12.386,12.926,8149,0
20131009,12.667,12.667,12.052,12.282,6284,0
20131010,12.597,12.716,12.597,12.716,2226,0
20131011,13.016,13.269,13.016,13.08,2144,0
20131014,13.29,13.464,13.29,13.464,4486,0
20131015,13.989,14.004,13.653,13.975,20788,0
20131016,14.962,14.962,14.227,14.689,14868,0
20131017,15.382,16.192,15.186,16.081,18443,0
20131018,16.409,16.409,15.753,15.983,11151,0
20131021,15.746,16.067,15.563,15.877,7863,0
20131022,15.829,15.863,15.515,15.598,6434,0
20131023,12.877,13.269,12.625,13.247,32453,0
20131024,13.031,13.772,12.877,13.702,13582,0
20131025,13.779,14.401,13.709,13.975,28030,0
20131028,12.976,13.367,12.8,12.906,19443,0
20131029,12.87,13.15,12.708,12.885,4717,0
20131030,12.15,12.752,11.674,11.862,18014,0
20131031,11.569,12.855,11.352,12.8,20950,0
20131101,12.906,12.906,12.752,12.752,858,0
20131104,13.367,13.598,13.185,13.493,2157,0
20131105,14.158,14.199,13.766,14.164,3288,0
20131106,14.767,14.983,14.612,14.646,5862,0
20131107,14.605,14.843,14.605,14.661,1858,0
20131108,14.646,14.752,14.646,14.752,3431,0
20131111,13.92,13.927,13.569,13.612,17061,0
20131112,13.185,13.569,12.843,12.843,4433,0
20131113,13.395,14.325,13.395,14.031,9150,0
20131114,15.986,16.433,15.186,16.223,31327,0
20131115,16.399,16.517,16.281,16.517,6882,0
20131118,16.99,17.47,16.61,16.938,12815,0
20131119,16.585,17.25,16.079,16.846,4427,0
20131120,16.543,16.913,16.028,16.517,7951,0
20131121,15.742,16.551,15.632,15.944,3084,0
20131122,16.34,16.34,15.608,15.656,9975,0
20131125,15.657,16.71,15.177,15.422,15188,0
20131126,14.401,15.161,14.326,15.077,5577,0
20131127,14.529,14.672,14.462,14.462,8188,0
20131202,15.253,15.827,15.06,15.506,7357,0
20131203,14.975,16.011,14.705,15.194,34152,0
20131204,15.051,15.523,15.051,15.337,15783,0
20131205,15.321,16.011,15.237,15.438,4035,0
20131206,15.844,16.231,15.784,16.011,2610,0
20131209,16.214,16.214,15.413,15.751,5322,0
20131210,15.708,15.835,15.565,15.801,1424,0
20131211,15.844,16.34,15.844,16.223,6882,0
20131212,16.054,16.054,15.431,15.542,5233,0
20131213,16.011,16.13,16.011,16.13,712,0
20131216,15.776,16.922,15.624,16.205,7196,0
20131217,15.616,15.675,14.958,15.212,5102,0
20131218,15.161,15.279,15.077,15.253,23732,0
20131219,15.413,15.928,15.034,15.827,16020,0
20131220,15.809,16.204,15.759,16.129,2940,0
20131223,15.978,16.037,15.7,16.02,4035,0
20131224,15.565,15.565,15.11,15.261,3353,0
20131226,15.001,15.001,14.713,14.748,8069,0
20131227,14.958,15.472,13.778,14.891,10324,0
20131230,13.956,14.562,13.956,14.41,3442,0
20131231,14.494,14.748,14.242,14.748,5814,0
20140102,14.182,14.427,14.182,14.284,3649,0
20140103,14.04,14.107,14.04,14.107,1129,0
20140106,14.326,14.326,13.914,14.234,1306,0
20140107,14.326,14.621,14.208,14.596,2729,0
20140108,14.2,14.537,14.014,14.133,5459,0
20140109,13.854,13.879,13.483,13.526,4984,0
20140110,14.217,14.217,13.669,13.956,7714,0
20140113,14.242,14.326,13.778,13.862,1898,0
20140114,14.494,14.554,14.09,14.2,3084,0
20140115,13.585,13.737,12.641,13.737,14239,0
20140116,12.675,12.894,12.591,12.641,25031,0
20140117,12.818,12.894,12.32,12.404,6764,0
20140121,11.57,12.152,11.393,11.596,11510,0
20140122,11.419,11.798,11.334,11.435,12104,0
20140123,11.521,11.521,11.377,11.411,2255,0
20140124,11.351,11.672,11.04,11.048,6527,0
20140127,10.601,10.845,10.577,10.754,2136,0
20140128,10.921,11.318,10.921,10.964,5577,0
20140129,10.921,11.057,10.921,11.057,1187,0
20140130,11.209,11.233,11.124,11.233,1187,0
20140204,11.621,11.621,11.217,11.495,2119,0
20140205,11.545,11.588,11.526,11.526,864,0
20140206,11.453,11.453,11.178,11.178,938,0
20140207,11.673,11.673,11.562,11.562,2267,0
20140210,11.46,11.46,11.093,11.093,1813,0
20140211,11.807,12.093,11.807,12.091,2481,0
20140212,11.646,11.68,11.505,11.505,1070,0
20140213,11.756,11.984,11.09,11.984,4848,0
20140214,12.126,12.126,11.765,11.765,997,0
20140218,11.756,11.756,11.486,11.638,2204,0
20140219,11.975,12.792,11.975,12.084,4037,0
20140220,12.708,13.281,12.396,13.104,5854,0
20140221,12.699,12.868,12.699,12.851,2525,0
20140224,12.742,12.742,12.742,12.742,381,0
20140225,12.582,13.189,12.171,12.591,5126,0
20140226,12.304,12.464,11.993,12.208,4388,0
20140227,11.849,11.849,11.807,11.807,1349,0
20140228,12.22,12.809,12.22,12.355,1803,0
20140303,12.271,12.658,12.271,12.404,1207,0
20140304,12.404,12.404,12.404,12.404,249,0
20140305,13.121,13.121,12.548,12.919,3970,0
20140306,12.278,12.641,11.882,12.641,1306,0
20140307,12.623,12.623,12.623,12.623,592,0
20140310,11.824,11.824,11.503,11.529,6739,0
20140311,12.06,12.363,11.799,12.363,6205,0
20140312,11.882,12.355,11.882,12.271,1445,0
20140313,12.185,12.185,12.185,12.185,119,0
20140314,11.966,12.312,11.966,12.312,3639,0
20140317,12.211,12.363,12.211,12.363,2211,0
20140318,11.959,12.337,11.959,12.337,1611,0
20140319,12.203,12.278,12.194,12.278,1753,0
20140324,12.607,12.843,12.464,12.497,6747,0
20140325,12.961,13.147,12.961,13.019,1617,0
20140326,13.273,13.66,12.91,13.324,4746,0
20140327,13.425,13.475,13.071,13.475,4294,0
20140328,13.695,13.695,13.062,13.695,2016,0
20140331,13.652,14.326,13.652,13.905,6983,0
20140401,14.069,14.823,14.069,14.823,1581,0
20140402,14.689,14.748,14.301,14.301,4509,0
20140403,14.545,14.731,14.077,14.713,3723,0
20140404,14.672,14.903,14.116,14.747,12346,0
20140407,14.158,14.352,14.073,14.073,3081,0
20140408,14.2,14.478,14.2,14.242,2048,0
20140409,14.393,14.916,14.369,14.494,8297,0
20140410,14.604,15.121,14.554,14.579,5825,0
20140411,14.124,14.588,14.124,14.158,10071,0
20140415,14.748,14.748,14.537,14.748,3641,0
20140416,15.337,15.473,14.967,14.967,546,0
20140417,15.59,15.59,14.326,14.41,1080,0
20140421,15.506,15.506,14.537,14.954,1299,0
20140422,14.748,15.001,14.689,15.001,5446,0
20140423,14.849,14.849,14.175,14.494,5445,0
20140424,14.756,14.756,14.748,14.748,1343,0
20140425,14.158,15.313,14.158,14.815,2284,0
20140428,14.646,15.228,14.554,15.161,910,0
20140429,14.713,14.713,14.713,14.713,264,0
20140430,14.705,14.713,14.621,14.621,3088,0
20140501,14.908,14.993,14.908,14.993,283,0
20140506,15.001,15.77,14.672,15.541,2454,0
20140507,15.717,15.859,15.472,15.472,5926,0
20140508,15.599,16.004,15.573,15.759,3377,0
20140509,15.675,15.806,15.472,15.742,918,0
20140512,15.102,15.261,15.016,15.152,12628,0
20140513,15.144,15.261,14.857,15.194,4537,0
20140514,15.456,15.464,14.975,15.279,2402,0
20140515,15.632,15.632,15.186,15.313,1413,0
20140516,15.265,15.313,15.24,15.313,1237,0
20140519,15.48,15.599,15.48,15.599,2980,0
20140520,15.515,15.573,15.405,15.433,2591,0
20140521,15.001,15.447,14.41,15.253,3133,0
20140522,15.102,15.616,15.102,15.547,481,0
20140527,15.296,15.296,15.228,15.228,678,0
20140528,15.329,16.004,15.228,16.004,3572,0
20140529,15.354,15.354,15.279,15.296,4256,0
20140530,15.835,15.835,15.186,15.186,1129,0
20140602,15.734,15.859,15.119,15.563,4058,0
20140603,15.573,15.573,15.573,15.573,528,0
20140604,15.506,15.506,15.237,15.253,2399,0
20140605,15.144,15.145,15.068,15.145,1449,0
20140606,15.144,15.144,15.144,15.144,338,0
20140609,15.59,15.59,15.194,15.506,2428,0
20140610,15.296,15.313,15.186,15.237,2136,0
20140611,15.38,15.38,15.38,15.38,124,0
20140612,15.244,15.244,15.22,15.22,2913,0
20140617,15.396,15.396,15.337,15.337,687,0
20140618,15.354,15.354,15.354,15.354,200,0
20140619,15.624,16.011,14.537,15.555,13348,0
20140620,15.547,15.556,15.547,15.556,399,0
20140623,16.223,16.407,16.054,16.407,8697,0
20140624,16.594,16.652,16.585,16.61,1429,0
20140625,16.375,16.568,14.352,15.885,12413,0
20140626,16.02,16.643,16.02,16.256,3031,0
20140627,16.433,16.433,16.433,16.433,497,0
20140630,16.399,16.45,15.506,16.45,9517,0
20140701,16.046,16.188,16.046,16.188,1483,0
20140702,15.962,15.962,15.363,15.431,14833,0
20140703,15.624,15.675,15.547,15.556,9789,0
20140707,15.144,15.169,13.786,15.144,4884,0
20140708,15.169,15.304,14.554,15.285,5831,0
20140709,15.649,15.953,15.253,15.759,4796,0
20140710,15.928,16.265,15.261,15.969,13643,0
20140711,16.247,16.433,16.247,16.433,694,0
20140714,16.004,16.265,15.844,16.265,5053,0
20140715,15.742,15.969,15.675,15.835,8507,0
20140716,15.7,15.708,15.478,15.478,2624,0
20140717,15.818,15.944,15.489,15.809,4152,0
20140718,15.389,15.801,15.389,15.717,2432,0
20140721,15.734,16.188,15.51,15.51,1682,0
20140722,15.649,15.683,15.126,15.632,4938,0
20140723,15.498,15.751,15.447,15.464,3915,0
20140724,15.126,15.38,15.126,15.38,2732,0
20140728,15.657,16.071,15.547,15.995,3882,0
20140729,15.902,15.902,15.616,15.752,1761,0
20140730,15.928,15.928,15.876,15.876,700,0
20140731,15.767,15.767,15.422,15.422,369,0
20140804,15.599,16.011,15.599,16.011,962,0
20140806,15.911,15.911,15.911,15.911,214,0
20140807,16.188,16.695,16.18,16.695,1156,0
20140808,16.705,16.705,16.705,16.705,386,0
20140811,16.82,16.829,16.577,16.829,4505,0
20140812,16.812,16.829,16.812,16.829,819,0
20140813,16.546,16.546,16.546,16.546,318,0
20140814,16.61,16.771,16.61,16.771,1419,0
20140815,16.855,16.855,16.081,16.265,2335,0
20140818,16.265,16.265,16.265,16.265,826,0
20140819,16.147,16.433,16.147,16.433,3023,0
20140821,15.809,15.809,15.809,15.809,710,0
20140822,15.506,15.506,15.506,15.506,458,0
20140825,15.464,16.323,15.068,15.068,1394,0
20140826,15.734,15.844,15.734,15.801,1605,0
20140827,16.5,16.5,16.416,16.424,2003,0
20140828,16.771,16.804,16.601,16.601,1927,0
20140829,16.845,16.845,16.812,16.812,585,0
20140902,16.855,16.998,16.855,16.897,6927,0
20140903,17.149,17.276,16.687,16.745,2068,0
20140904,16.547,17.862,16.383,16.592,3584,0
20140905,17.02,17.02,16.981,16.981,1043,0
20140908,16.855,17.858,16.855,17.277,14235,0
20140909,16.972,17.57,16.349,16.938,46720,0
20140910,16.99,17.149,16.796,16.968,8713,0
20140911,16.955,17.226,16.812,17.174,9934,0
20140912,16.855,17.192,16.855,17.107,6066,0
20140915,17.09,17.647,16.897,17.065,10987,0
20140916,16.619,18.211,16.433,18.211,4310,0
20140917,16.678,16.855,16.509,16.772,4981,0
20140918,16.517,16.695,16.02,16.227,7533,0
20140919,16.695,16.695,16.095,16.695,895,0
20140922,16.491,17.065,16.491,16.972,6474,0
20140923,16.964,16.964,16.104,16.357,9913,0
20140924,16.357,16.897,16.158,16.897,31637,0
20140925,16.682,16.682,16.433,16.509,4772,0
20140926,16.433,16.796,16.433,16.736,5459,0
20140929,16.307,16.442,16.223,16.349,2521,0
20140930,16.011,16.627,16.011,16.265,7775,0
20141001,16.568,16.635,16.221,16.269,4097,0
20141002,16.678,16.922,16.011,16.922,6068,0
20141003,16.771,17.529,16.652,16.652,10108,0
20141006,17.503,17.587,17.022,17.271,5344,0
20141007,18.034,18.034,16.247,17.486,7533,0
20141008,17.85,17.85,17.47,17.773,2675,0
20141009,17.529,17.773,17.529,17.773,521,0
20141010,17.764,17.764,17.764,17.764,431,0
20141013,17.039,17.107,16.82,16.82,4153,0
20141014,17.065,17.065,16.5,16.652,1069,0
20141015,16.433,16.93,16.357,16.357,3242,0
20141016,16.922,16.93,16.906,16.906,958,0
20141017,16.981,17.107,16.981,17.035,1597,0
20141020,16.643,17.479,16.577,16.781,4882,0
20141023,17.158,17.368,16.719,17.368,7555,0
20141024,17.428,17.428,16.366,17.022,3261,0
20141027,17.258,17.394,17.25,17.394,960,0
20141028,17.226,17.593,17.217,17.593,631,0
20141029,17.083,17.553,16.559,17.333,10665,0
20141030,16.18,16.846,16.18,16.762,6771,0
20141031,16.855,16.855,16.265,16.349,3278,0
20141103,16.947,16.947,16.643,16.687,4713,0
20141104,17.141,17.183,16.728,16.812,5334,0
20141105,16.601,16.796,16.568,16.635,4066,0
20141106,16.687,16.698,16.316,16.316,4845,0
20141107,16.307,16.307,16.307,16.307,712,0
20141110,17.351,17.647,16.457,17.647,12778,0
20141111,16.804,17.575,16.459,16.947,10055,0
20141112,16.855,16.855,16.121,16.433,7336,0
20141113,16.661,16.669,16.643,16.643,1573,0
20141117,16.113,16.113,15.009,15.144,7398,0
20141118,14.9,14.9,14.739,14.739,2108,0
20141119,14.975,15.962,14.975,15.06,11855,0
20141120,15.431,15.438,14.816,15.431,3434,0
20141121,15.969,15.969,15.521,15.521,1703,0
20141124,15.431,15.506,15.431,15.472,1988,0
20141125,15.844,17.192,15.717,17.192,8098,0
20141126,16.424,16.484,15.876,16.113,2934,0
20141128,16.188,16.188,16.113,16.113,1487,0
20141201,16.13,16.156,16.095,16.13,2946,0
20141203,16.45,16.753,16.45,16.644,1913,0
20141204,17.267,17.267,17.2,17.2,541,0
20141208,17.85,17.85,17.486,17.613,2808,0
20141209,16.998,17.496,16.011,16.011,5577,0
20141210,16.468,16.468,15.565,15.675,2428,0
20141212,16.73,16.73,16.73,16.73,568,0
20141216,15.573,15.59,15.573,15.582,1552,0
20141217,15.919,15.995,15.304,15.844,2083,0
20141218,15.928,16.011,15.801,15.936,2410,0
20141219,15.962,15.962,15.279,15.928,1158,0
20141222,16.298,16.416,15.801,15.862,3405,0
20141223,15.853,15.859,15.599,15.859,446,0
20141224,15.321,15.321,15.321,15.321,220,0
20141226,15.025,15.253,14.9,15.253,1304,0
20141229,14.865,15.042,14.621,14.79,3300,0
20141230,14.487,14.487,14.369,14.369,1032,0
20141231,15.084,15.084,14.958,14.958,3815,0
20150102,14.629,15.051,14.629,14.958,3856,0
20150105,14.014,14.698,13.324,14.637,4257,0
20150107,12.935,13.989,12.935,13.231,20722,0
20150108,13.509,14.284,13.509,13.66,2486,0
20150109,13.518,13.567,13.189,13.189,2789,0
20150112,13.593,13.862,13.121,13.186,2200,0
20150113,13.197,13.315,13.197,13.29,2881,0
20150115,13.425,13.531,13.425,13.475,1553,0
20150120,12.599,12.599,12.363,12.363,4746,0
20150121,12.177,12.177,12.093,12.093,1543,0
20150122,12.144,12.144,12.144,12.144,356,0
20150126,12.017,12.017,11.807,11.882,6707,0
20150127,11.63,11.992,11.428,11.924,9008,0
20150128,11.941,12.591,11.924,11.966,2555,0
20150129,12.034,12.093,11.841,12.093,2187,0
20150130,11.46,12.143,11.46,12.143,878,0
20150202,12.084,12.177,11.243,11.865,5774,0
20150203,13.416,14.168,13.238,13.905,4051,0
20150204,13.618,15.717,13.05,13.221,9195,0
20150205,13.307,13.466,13.29,13.463,2212,0
20150206,13.862,13.862,13.821,13.821,809,0
20150209,12.886,13.147,12.886,13.147,1250,0
20150210,12.826,12.826,12.826,12.826,286,0
20150211,13.281,13.281,13.281,13.281,495,0
20150213,13.281,13.281,13.281,13.281,119,0
20150219,13.702,13.702,12.641,13.264,2717,0
20150220,14.385,14.401,14.385,14.401,267,0
20150223,13.563,13.563,13.563,13.563,315,0
20150224,13.231,13.905,13.062,13.28,7566,0
20150225,12.387,12.413,12.287,12.287,650,0
20150227,12.641,12.641,12.641,12.641,120,0
20150303,13.315,13.315,13.315,13.315,356,0
20150304,12.43,12.632,12.43,12.632,593,0
20150306,12.22,12.22,12.22,12.22,119,0
20150309,12.607,12.607,12.532,12.532,356,0
20150310,12.641,12.801,12.245,12.801,474,0
20150311,13.113,13.113,13.113,13.113,356,0
20150316,13.652,14.739,12.632,12.641,2373,0
20150318,12.641,12.699,12.203,12.699,3442,0
20150319,13.559,13.567,12.699,12.699,1306,0
20150320,13.105,13.147,13.105,13.147,474,0
20150324,14.317,14.713,13.998,14.006,3323,0
20150325,14.158,14.713,14.124,14.242,949,0
20150326,14.378,14.378,13.753,13.753,593,0
20150331,14.066,14.182,14.066,14.182,286,0
20150401,14.081,14.081,14.081,14.081,356,0
20150402,13.905,13.905,13.905,13.905,1424,0
20150408,13.079,13.079,13.079,13.079,237,0
20150410,13.105,13.408,13.105,13.408,356,0
20150413,13.956,13.956,13.956,13.956,1306,0
20150415,14.588,14.638,14.073,14.494,4376,0
20150416,14.731,14.798,14.655,14.664,3297,0
20150417,14.276,14.276,14.276,14.276,119,0
20150420,14.629,14.629,14.453,14.453,3606,0
20150421,14.487,14.487,14.326,14.335,3748,0
20150427,14.865,14.865,14.427,14.705,8306,0
20150428,14.317,14.335,14.317,14.317,3390,0
20150429,13.847,13.847,13.847,13.847,237,0
20150430,13.492,13.492,13.492,13.492,237,0
20150501,13.879,13.922,13.879,13.922,237,0
20150504,13.695,13.695,13.695,13.695,237,0
20150506,13.299,13.299,13.299,13.299,1194,0
20150507,13.501,13.501,13.348,13.348,279,0
20150508,13.105,13.695,13.105,13.695,8662,0
20150512,13.028,13.062,12.439,12.978,4017,0
20150513,12.497,12.574,12.497,12.574,2123,0
20150514,12.952,13.054,12.952,12.978,593,0
20150518,13.197,13.483,13.197,13.441,3952,0
20150519,13.238,13.247,12.86,13.003,942,0
20150520,13.105,13.113,13.105,13.113,1424,0
20150521,13.475,13.475,13.475,13.475,712,0
20150522,14.208,14.226,13.652,13.652,593,0
20150526,13.129,13.475,13.129,13.475,1764,0
20150527,13.231,13.357,12.996,13.206,5814,0
20150528,13.019,13.66,13.019,13.644,10038,0
20150529,15.375,15.424,15.297,15.297,2147,0
20150601,15.825,15.825,15.453,15.532,6421,0
20150602,15.532,15.532,15.062,15.355,3021,0
20150603,15.62,16.176,15.492,15.776,1636,0
20150604,15.062,15.082,15.062,15.082,1227,0
20150605,15.013,15.111,15.013,15.111,512,0
20150610,15.228,15.228,15.228,15.228,599,0
20150615,15.16,15.16,15.16,15.16,1227,0
20150616,15.257,15.257,15.209,15.209,614,0
20150617,15.59,15.59,14.866,14.866,512,0
20150618,15.307,15.404,15.287,15.404,716,0
20150622,15.189,15.56,15.189,15.512,1431,0
20150623,15.209,15.629,15.052,15.629,532,0
20150626,15.032,15.111,15.032,15.111,307,0
20150629,13.996,14.387,13.996,13.996,512,0
20150706,15.756,16.519,15.375,15.375,817,0
20150707,15.845,15.845,15.845,15.845,102,0
20150708,15.795,15.795,15.727,15.795,920,0
20150714,15.59,15.639,15.58,15.639,820,0
20150716,16.176,16.323,15.825,15.825,1329,0
20150717,15.825,16.138,15.776,16.138,1329,0
20150720,17.575,18.045,16.676,17.037,2965,0
20150721,18.065,18.065,18.065,18.065,205,0
20150723,17.497,17.497,17.497,17.497,102,0
20150728,17.517,17.517,16.636,16.636,817,0
20150729,17.888,18.368,17.888,18.191,1022,0
20150803,18.388,18.661,18.388,18.583,2404,0
20150805,18.906,18.915,17.125,17.82,1636,0
20150806,18.27,18.27,18.27,18.27,404,0
20150807,19.042,19.042,19.042,19.042,205,0
20150810,18.583,18.583,18.583,18.583,716,0
20150812,19.042,19.179,19.042,19.179,2760,0
20150813,18.935,19.327,18.935,19.042,3886,0
20150814,19.062,19.062,18.974,18.974,1227,0
20150817,19.532,19.542,19.532,19.542,716,0
20150818,18.641,18.641,18.641,18.641,307,0
20150819,19.532,19.56,19.532,19.56,409,0
20150820,19.542,19.542,19.542,19.542,307,0
20150824,16.911,16.93,16.861,16.93,2370,0
20150825,19.463,19.463,19.463,19.463,205,0
20150826,18.915,18.935,17.85,17.868,1636,0
20150827,17.986,18.583,17.986,18.583,512,0
20150903,18.886,18.886,18.886,18.886,307,0
20150909,19.327,19.327,19.199,19.199,920,0
20150910,20.021,20.021,20.021,20.021,102,0
20150914,18.678,18.678,18.678,18.678,101,0
20150916,19.081,19.081,19.081,19.081,810,0
20150924,21.363,21.373,20.682,20.682,816,0
20150928,20.361,20.361,18.836,18.836,792,0
20150930,18.865,18.865,18.806,18.806,1114,0
20151005,19.645,19.645,19.547,19.547,913,0
20151007,20.603,21.146,19.793,19.793,1216,0
20151008,20.396,20.396,19.793,19.793,1216,0
20151009,19.882,20.435,19.882,20.435,506,0
20151012,19.655,19.655,19.655,19.655,299,0
20151013,19.596,19.596,19.596,19.596,101,0
20151014,19.902,21.195,18.935,19.3,5774,0
20151015,20.287,20.287,20.257,20.257,304,0
20151016,20.248,20.879,20.248,20.879,2330,0
20151019,20.939,20.958,19.991,20.001,1858,0
20151020,21.027,21.205,19.586,20.633,6888,0
20151021,21.6,22.41,21.531,22.41,4761,0
20151022,22.025,22.025,21.985,22.025,1519,0
20151026,22.025,22.212,22.025,22.212,1519,0
20151027,22.212,22.212,22.212,22.212,203,0
20151028,24.581,24.641,22.706,22.716,1722,0
20151030,22.962,22.962,22.962,22.962,304,0
20151102,25.026,25.07,25.026,25.026,1135,0
20151103,24.463,24.641,24.031,24.031,1226,0
20151104,23.189,23.189,23.189,23.189,597,0
20151106,24.611,24.631,24.611,24.621,810,0
20151109,23.456,23.841,23.289,23.841,4266,0
20151110,23.417,24.167,23.417,24.167,1013,0
20151111,24.789,25.134,24.246,24.68,1216,0
20151112,22.795,22.795,22.795,22.795,101,0
20151113,23.17,23.17,23.11,23.11,304,0
20151116,24.325,25.569,24.325,24.512,2330,0
20151117,24.7,26.497,24.7,25.806,1418,0
20151118,26.309,26.635,26.309,26.635,810,0
20151119,27,27,25.697,25.697,506,0
20151120,25.697,25.697,25.697,25.697,304,0
20151123,24.423,24.868,24.423,24.769,912,0
20151124,23.851,25.164,23.851,25.164,608,0
20151130,25.559,25.559,25.559,25.559,1013,0
20151202,25.697,26.645,25.697,26.645,653,0
20151203,25.272,27.602,25.272,26.284,487,0
20151204,25.648,25.648,25.648,25.648,304,0
20151207,26.141,26.141,24.69,24.69,709,0
20151210,25.12,25.12,25.12,25.12,400,0
20151214,25.11,25.11,23.51,23.51,3623,0
20151215,25.68,25.73,25.68,25.73,300,0
20151216,24.23,24.3,24.23,24.3,800,0
20151217,25.97,26.25,25.97,26.25,400,0
20151221,26.27,26.27,26.25,26.25,1000,0
20151224,26.31,26.31,26,26,534,0
20151228,26,26,26,26,542,0
20151231,24.6601,24.6601,24.6601,24.6601,120,0
20160104,24.82,25.2174,24.82,25.2174,900,0
20160107,25.56,25.7,25,25.7,998,0
20160108,26,26,25.75,25.75,425,0
20160111,25.98,25.98,25.98,25.98,351,0
20160113,25.9499,25.9499,25.03,25.03,240,0
20160114,24.4,24.5,22.899,24.5,898,0
20160115,25,25,24.5,24.5,572,0
20160120,23.94,23.94,21.55,23.71,1845,0
20160125,24.1,24.8268,24.1,24.8268,1900,0
20160129,25.95,25.95,25.85,25.85,480,0
20160201,25.6,27.0015,25.6,27.0015,14987,0
20160203,27,27,27,27,1500,0
20160208,24.299,26.95,24.299,26.95,950,0
20160210,27,27.16,27,27.09,3200,0
20160211,27.09,27.09,27.09,27.09,437,0
20160212,27.74,27.74,27.37,27.37,200,0
20160216,28.631,28.631,28.631,28.631,501,0
20160217,27.43,27.43,27.19,27.19,856,0
20160222,27.19,27.19,27.0823,27.0823,628,0
20160224,27.1015,27.2,27.1015,27.2,360,0
20160225,27.05,27.98,26.43,27.98,7680,0
20160226,27.99,27.99,27.1,27.2,877,0
20160229,27.004,27.009,27,27.009,766,0
20160301,28,29,28,29,500,0
20160302,28.36,28.43,28.36,28.42,1246,0
20160303,28.83,28.98,28.42,28.7,1375,0
20160307,27.85,28.49,27.85,28.4699,1146,0
20160309,28.97,30,28.96,30,1655,0
20160310,30.13,31.6,28.17,29.57,715,0
20160314,31.86,31.86,31.86,31.86,414,0
20160315,29.4645,30.49,29.4645,29.65,794,0
20160316,30.04,30.15,30.04,30.15,1235,0
20160317,30,30,30,30,203,0
20160318,31.2,31.2,30.03,30.85,945,0
20160321,30.08,30.768,29.28,29.8,1496,0
20160322,29.11,29.11,29.11,29.11,252,0
20160323,29.15,29.2909,29.14,29.2909,914,0
20160324,30.27,30.986,29.1,30.77,3345,0
20160328,29.6,29.6,29.1225,29.1225,277,0
20160329,29.14,29.14,29.1,29.1,962,0
20160331,29.23,29.23,29.23,29.23,100,0
20160401,30.95,31,30.95,31,500,0
20160404,29,29.5,27.64,28.25,4228,0
20160405,28.25,28.25,28.25,28.25,144,0
20160407,27.46,27.46,25.56,27,1795,0
20160408,28.4861,28.4861,28.4861,28.4861,318,0
20160411,26.4054,26.4054,26.4054,26.4054,384,0
20160413,28.3,28.776,28.26,28.716,1407,0
20160414,28.31,28.31,28.31,28.31,982,0
