Date,Open,High,Low,Close,Volume,OpenInt
20150213,10,10.25,8.01,8.97,1528330,0
20150217,9.26,9.26,8.75,9.24,39323,0
20150218,9.83,9.83,9.0501,9.24,43068,0
20150219,9.25,9.5,9.07,9.24,18297,0
20150220,10,10,9,9.42,19784,0
20150223,9.25,9.73,9.24,9.61,35652,0
20150224,9.12,9.76,9.12,9.39,94289,0
20150225,9.45,9.679,9.41,9.49,64264,0
20150226,9.8,11.85,9.31,11.45,80071,0
20150227,11.78,12.92,11,12,167644,0
20150302,12,12,11.16,11.94,118200,0
20150303,11.63,11.94,11.44,11.69,55900,0
20150304,11.74,11.75,10.01,11.32,57300,0
20150305,10.66,11.75,10.66,11.65,37300,0
20150306,11.26,11.75,11.26,11.64,39000,0
20150309,11.32,11.32,10.51,10.75,12900,0
20150310,10.26,10.35,9.69,9.87,26000,0
20150311,9.8,10.81,9.7,10.16,20600,0
20150312,9.85,10.22,9.78,10.22,4900,0
20150313,9.8,9.82,9.75,9.75,4000,0
20150316,11,11.49,10.5,11.2,152300,0
20150317,11.22,11.5,11.14,11.38,84700,0
20150318,11.13,11.46,10.88,11.07,34400,0
20150319,10.75,11,10.41,10.78,23900,0
20150320,10.65,11.2,10.65,11.1,19300,0
20150323,10.49,11.12,10.2,10.2,40000,0
20150324,10.11,10.83,10.07,10.29,108700,0
20150325,10.06,10.5,10,10.09,50300,0
20150326,10,10.51,10,10.36,21400,0
20150327,10.3,10.37,9.9,10,13900,0
20150330,10.03,10.03,9.11,9.35,46000,0
20150331,9.24,9.49,8.98,9.18,14300,0
20150401,9.24,9.5,9.18,9.35,11500,0
20150402,9.35,9.83,9.16,9.65,11900,0
20150406,9.55,9.86,9.37,9.75,7500,0
20150407,9.96,10.1,9.85,10.08,7809,0
20150408,10.11,10.3,10.11,10.12,11800,0
20150409,10.18,10.22,9.8,9.8,3645,0
20150410,9.83,10.25,9.77,9.94,4500,0
20150413,9.99,10.23,9.99,10.19,7200,0
20150414,10.25,10.4,10.2,10.32,7200,0
20150415,10.34,10.58,10.34,10.45,2706,0
20150416,10.88,10.88,10.51,10.51,3711,0
20150417,10.6,10.61,10.22,10.33,22800,0
20150420,10.5,10.5,9.4613,10.37,18784,0
20150421,10,10.31,9.3183,10.06,12371,0
20150422,9.68,10.13,9.66,9.975,3011,0
20150423,9.72,10.05,9.72,9.92,5300,0
20150424,9.76,9.81,9.3,9.53,4800,0
20150427,9.64,9.82,9.45,9.51,7500,0
20150428,9.35,9.58,8.02,8.5,47900,0
20150429,8.84,9.17,8.84,9.09,18100,0
20150430,9.38,9.38,9,9,2200,0
20150501,9.06,9.31,8.11,9.27,7500,0
20150504,9.1,9.1,8.43,8.58,13900,0
20150505,8.4,9.12,8.23,8.38,104000,0
20150506,8.29,8.59,8.22,8.59,8739,0
20150507,8.947,8.947,8.31,8.455,6423,0
20150508,8.53,8.62,8.3,8.55,6000,0
20150511,8.75,8.87,8.02,8.53,42800,0
20150512,8.42,8.65,8.23,8.65,16065,0
20150513,8.04,8.51,8.04,8.5,3000,0
20150514,8.5,8.88,8.3,8.52,4200,0
20150515,8.63,8.74,8.5,8.66,7536,0
20150518,8.59,8.59,8.11,8.2,35470,0
20150519,8.25,8.39,8.15,8.39,3900,0
20150520,8.23,8.98,8.22,8.55,64700,0
20150521,8.67,9.1,8.55,9.02,13000,0
20150522,9.13,9.3,8.78,9.05,18400,0
20150526,8.96,9.49,8.96,9.34,19931,0
20150527,9.4,9.68,9.39,9.39,12200,0
20150528,9.51,9.51,9.48,9.51,1701,0
20150529,9.37,9.7,9.23,9.28,1900,0
20150601,9.6,9.72,9.22,9.25,16800,0
20150602,9.5,9.5,9.26,9.34,6253,0
20150603,9.31,9.47,9.17,9.25,9000,0
20150604,9.2,9.47,8.42,8.89,83100,0
20150605,8.9,8.94,8.67,8.91,10200,0
20150608,9,9.42,8.77,9.18,17100,0
20150609,9.22,9.38,9.11,9.13,13060,0
20150610,9.33,9.38,8.896,9.21,12006,0
20150611,9.38,9.39,9.1,9.39,12768,0
20150612,9.28,9.34,8.85,9.11,6600,0
20150615,9.07,9.4,8.96,8.98,12600,0
20150616,8.91,9.11,8.85,9.01,18000,0
20150617,8.98,9.4,8.82,8.91,18900,0
20150618,9.03,9.18,8.24,8.47,27700,0
20150619,8.15,8.63,7.56,7.56,76100,0
20150622,7.85,7.85,7.5,7.56,23500,0
20150623,7.74,8,7.7,7.93,13553,0
20150624,7.99,7.99,7.56,7.97,9800,0
20150625,8.04,8.04,7.32,7.79,38600,0
20150626,7.97,7.97,7.54,7.54,13300,0
20150629,7.57,7.98,7.56,7.78,8400,0
20150630,7.78,7.9599,7.7,7.93,4960,0
20150701,7.99,8.19,7.85,8,15500,0
20150702,8.05,8.14,7.9,8,21800,0
20150706,8.28,8.28,7.87,8.06,12800,0
20150707,8.15,8.54,7.86,8.28,39000,0
20150708,8.27,8.49,8.11,8.23,22300,0
20150709,8.4,8.48,8.07,8.07,13900,0
20150710,8.07,8.08,7.76,7.92,28800,0
20150713,7.92,8.05,7.36,7.63,11900,0
20150714,7.67,8.3299,7.67,7.68,22158,0
20150715,7.94,8.1047,7.83,7.865,12595,0
20150716,8.12,8.2,7.9,7.94,18400,0
20150717,8.1,8.29,7.65,7.75,42700,0
20150720,8.07,8.07,7.65,7.67,68200,0
20150721,8,8.01,7.35,7.39,153900,0
20150722,7.48,7.78,7.36,7.65,21000,0
20150723,7.95,7.95,7.38,7.51,7300,0
20150724,7.68,7.72,7.46,7.65,15000,0
20150727,3.25,3.42,2.75,3.39,657600,0
20150728,3.45,3.9,3.39,3.72,217700,0
20150729,3.8,3.89,3.76,3.81,42100,0
20150730,3.79,3.85,3.5,3.51,102100,0
20150731,3.52,3.52,3.26,3.47,28500,0
20150803,3.48,3.48,3.13,3.175,16248,0
20150804,3.27,3.29,3.15,3.23,14100,0
20150805,3.19,3.3,3.12,3.3,19300,0
20150806,3.22,3.22,2.95,3.005,41830,0
20150807,2.97,3.06,2.97,3,4200,0
20150810,3.13,3.25,2.94,3.08,23000,0
20150811,3.08,3.33,3.08,3.32,26470,0
20150812,3.2,3.24,3.07,3.07,14900,0
20150813,3.15,3.35,3.1,3.35,37900,0
20150814,3.34,4.1,3.34,4.01,46400,0
20150817,4.09,4.55,4,4.48,40500,0
20150818,4.51,6.18,4.51,4.88,136500,0
20150819,5.54,5.95,5.13,5.65,148300,0
20150820,5.65,5.88,5.31,5.51,69700,0
20150821,5.04,5.17,4.59,5.01,34100,0
20150824,4.26,5,4.25,4.82,22785,0
20150825,4.89,5.08,4.82,5.02,37200,0
20150826,5.16,5.83,4.86,4.87,50200,0
20150827,5,5.51,5,5.09,14600,0
20150828,5.36,5.36,5.01,5.02,8000,0
20150831,5.15,5.34,5.08,5.08,16600,0
20150901,5.08,5.08,4.26,4.54,77700,0
20150902,4.36,4.36,3.73,4.1,33700,0
20150903,4.12,4.48,4.05,4.38,13900,0
20150904,4.14,4.23,3.84,4.02,14600,0
20150908,4.08,4.96,3.81,4.29,46900,0
20150909,4.39,4.74,3.91,4.09,66800,0
20150910,4.16,4.46,4.16,4.46,21302,0
20150911,4.44,4.46,4.1,4.12,5900,0
20150914,4.18,4.23,3.81,3.86,15500,0
20150915,3.87,4.16,3.87,4,2800,0
20150916,4.1,4.1,3.73,3.84,23600,0
20150917,3.55,4.04,3.55,3.98,13600,0
20150918,3.87,4.24,3.75,3.96,18500,0
20150921,4.13,4.13,3.92,3.95,4500,0
20150922,3.72,3.89,3.72,3.87,5200,0
20150923,3.8,3.9,3.75,3.9,2800,0
20150924,3.8,3.82,3.53,3.72,78358,0
20150925,5.8,7.64,4.9,6.3,16226500,0
20150928,5.64,6.02,4.55,4.75,1334932,0
20150929,4.81,4.81,3.86,4.12,437500,0
20150930,4.45,6.05,4.25,5.19,4512900,0
20151001,4.95,5.09,4.22,4.45,493200,0
20151002,4.23,4.7,4.17,4.37,173600,0
20151005,4.23,4.3699,3.85,4.22,237455,0
20151006,4.29,4.33,3.97,4.05,54400,0
20151007,4.12,4.22,3.88,3.92,125500,0
20151008,3.92,3.94,3.8,3.8,108700,0
20151009,3.8,3.93,3.62,3.67,109200,0
20151012,3.77,3.77,3.55,3.62,56813,0
20151013,3.56,3.9,3.55,3.61,171800,0
20151014,3.61,3.76,3.47,3.6,90700,0
20151015,3.55,3.74,3.49,3.55,62200,0
20151016,3.51,3.75,3.51,3.64,44300,0
20151019,3.67,3.81,3.56,3.65,45400,0
20151020,3.7799,3.7799,3.21,3.21,144871,0
20151021,3.35,3.36,3.12,3.14,62000,0
20151022,3.16,3.26,2.92,2.92,46100,0
20151023,2.93,3.24,2.92,3.17,146400,0
20151026,3.17,3.34,3.12,3.29,25600,0
20151027,3.27,3.27,2.98,3.08,59200,0
20151028,3.08,3.63,2.97,3.34,301800,0
20151029,3.44,3.89,3.42,3.55,306400,0
20151030,3.55,3.55,2.83,3.12,131600,0
20151102,3.2,3.65,3.0972,3.4,198059,0
20151103,3.38,3.59,3.38,3.52,22800,0
20151104,3.53,3.53,3.31,3.45,23122,0
20151105,3.42,3.44,3.23,3.43,9400,0
20151106,3.44,3.44,3.26,3.39,25600,0
20151109,3.35,3.35,3.17,3.2,19410,0
20151110,3.2,3.23,3.1,3.18,31700,0
20151111,3.11,3.11,3.05,3.1,13300,0
20151112,3.04,3.09,3.03,3.03,45100,0
20151113,3.05,3.05,2.97,2.97,11000,0
20151116,2.97,2.98,2.87,2.87,46000,0
20151117,2.91,2.96,2.9,2.9,7200,0
20151118,2.91,2.95,2.9,2.91,17100,0
20151119,2.95,3.01,2.85,2.96,52500,0
20151120,3.02,3.26,2.88,3.03,333900,0
20151123,3.15,3.7,3,3.37,561400,0
20151124,3.37,3.49,3.17,3.21,105800,0
20151125,3.22,3.28,3.05,3.16,68500,0
20151127,3.17,3.29,3.08,3.28,34700,0
20151130,3.28,3.28,3.09,3.16,39900,0
20151201,3.14,3.16,3.05,3.07,107765,0
20151202,3.07,3.07,2.91,3.02,47866,0
20151203,2.98,3.06,2.8301,2.98,36657,0
20151204,2.96,3.12,2.95,3.12,63200,0
20151207,3.12,3.12,2.97,3.04,24600,0
20151208,3,3,2.8479,2.953,42190,0
20151209,2.97,3.01,2.86,2.91,24400,0
20151210,2.91,3,2.9,2.9,11300,0
20151211,2.83,2.93,2.81,2.88,18600,0
20151214,2.88,2.8999,2.82,2.84,8583,0
20151215,2.9,2.9,2.47,2.55,55100,0
20151216,2.5,2.96,2.5,2.77,45800,0
20151217,2.64,2.92,2.64,2.75,40000,0
20151218,2.81,2.84,2.72,2.78,48600,0
20151221,2.78,2.82,2.75,2.82,17500,0
20151222,2.81,3.0699,2.81,2.89,19682,0
20151223,2.89,2.95,2.85,2.9,26500,0
20151224,2.9,2.9199,2.64,2.83,6512,0
20151228,2.81,3.19,2.7301,3.01,40962,0
20151229,3.0201,3.24,2.96,3.1,49615,0
20151230,3.08,3.14,3.045,3.1,22426,0
20151231,3.08,3.08,2.95,2.9602,24834,0
20160104,2.91,2.94,2.8001,2.89,31070,0
20160105,2.9,3,2.9,2.94,5602,0
20160106,2.9,2.94,2.72,2.72,24358,0
20160107,2.7,2.75,2.53,2.56,33669,0
20160108,2.59,2.59,2.4,2.46,27972,0
20160111,2.4,2.8086,2.2015,2.43,54777,0
20160112,2.34,2.58,2.32,2.5201,9831,0
20160113,2.54,2.93,2.53,2.53,21384,0
20160114,2.53,2.58,2.36,2.45,14645,0
20160115,2.39,2.4999,2.35,2.41,12893,0
20160119,2.43,2.52,2.36,2.52,4200,0
20160120,2.44,2.44,2.2501,2.43,10234,0
20160121,2.47,2.47,2.42,2.46,2496,0
20160122,2.49,2.49,2.38,2.4,3802,0
20160125,2.4,2.5,2.38,2.49,6080,0
20160126,2.51,2.62,2.51,2.59,6673,0
20160127,2.58,2.59,2.49,2.49,3266,0
20160128,2.52,2.57,2.41,2.43,3678,0
20160129,2.4791,2.5199,2.31,2.31,33036,0
20160201,2.34,2.44,2.34,2.38,12230,0
20160202,2.4345,2.4345,2.3,2.3,2127,0
20160203,2.36,2.36,2.2,2.21,3251,0
20160204,2.288,2.32,2.15,2.15,18309,0
20160205,2.16,2.169,1.9,2.03,32137,0
20160208,2.0499,2.321,1.9799,1.98,40264,0
20160209,2.46,3.75,2.13,2.84,1280798,0
20160210,2.66,2.8,2.3101,2.3595,173762,0
20160211,2.35,2.5,2.09,2.21,50617,0
20160212,2.28,2.295,1.926,2.03,64405,0
20160216,2.04,2.2464,2.04,2.17,31258,0
20160217,2.16,2.369,2.16,2.21,20773,0
20160218,2.28,2.4499,2.015,2.29,209062,0
20160219,2.3,2.4,2.05,2.15,29807,0
20160222,2.15,2.3,2.0801,2.27,9618,0
20160223,2.45,2.45,2.164,2.21,12103,0
20160224,2.21,2.38,2.15,2.17,13662,0
20160225,2.157,2.21,2.05,2.07,15385,0
20160226,2.11,2.23,2.01,2.16,10517,0
20160229,2.12,2.39,2.07,2.3,30919,0
20160301,2.29,2.339,2.23,2.339,4666,0
20160302,2.25,2.3832,2.22,2.24,5462,0
20160303,2.29,2.66,2.2,2.2639,38294,0
20160304,2.43,2.69,2.3795,2.6,8080,0
20160307,2.663,2.69,2.38,2.41,16039,0
20160308,2.42,2.74,2.36,2.47,22503,0
20160309,2.47,2.75,2.42,2.75,21104,0
20160310,2.81,3.05,2.71,3.01,21200,0
20160311,3.1,3.1,2.8,2.88,8678,0
20160314,2.82,2.96,2.8,2.92,3260,0
20160315,2.92,3.2399,2.92,2.93,4610,0
20160316,2.94,3.2,2.91,3.06,5475,0
20160317,3.1,3.1,2.95,2.95,7064,0
20160318,2.98,3,2.737,2.88,27297,0
20160321,2.93,3,2.78,2.89,14549,0
20160322,2.86,2.9999,2.51,2.6,18967,0
20160323,2.7,3,2.4,2.4,48767,0
20160324,2.45,2.65,2.4,2.64,14965,0
20160328,2.64,2.65,2.41,2.44,6537,0
20160329,2.505,2.512,2.4,2.4605,3920,0
20160330,2.68,2.72,2.48,2.662,23700,0
20160331,2.4495,2.58,2.44,2.46,3885,0
20160401,2.41,2.6,2.3,2.3601,16541,0
20160404,2.35,2.52,2.2,2.22,24154,0
20160405,2.2,2.59,2.13,2.14,32751,0
20160406,2.16,2.3599,2.16,2.29,13025,0
20160407,2.26,2.3099,2.13,2.15,5899,0
20160408,2.25,2.269,2.17,2.22,2302,0
20160411,2.21,2.27,2.19,2.19,8461,0
20160412,2.19,2.41,2.16,2.25,22588,0
20160413,2.26,2.32,2.18,2.18,7586,0
20160414,2.2,2.35,2.2,2.31,3168,0
20160415,2.31,2.31,2.12,2.21,9661,0
