Date,Open,High,Low,Close,Volume,OpenInt
20100823,14.542,14.664,14.542,14.55,4355,0
20100824,14.586,14.586,14.512,14.512,3498,0
20100825,14.657,14.664,14.442,14.55,10334,0
20100826,14.435,14.88,14.435,14.719,6953,0
20100827,14.616,14.844,14.442,14.844,6868,0
20100830,14.778,15.048,14.778,14.857,3111,0
20100831,14.857,15.245,14.857,14.96,4748,0
20100901,15.236,15.36,14.812,14.925,13404,0
20100902,15.282,15.36,14.901,15.228,4302,0
20100903,15.131,15.589,14.741,15.326,12450,0
20100907,15.342,15.706,15.188,15.188,5440,0
20100908,15.451,15.645,14.88,15.559,3755,0
20100909,15.53,15.815,15.434,15.645,9382,0
20100910,15.823,15.823,14.918,15.823,10509,0
20100913,15.823,16.207,15.637,15.637,8530,0
20100914,16.016,16.571,16.016,16.169,16200,0
20100915,16.169,16.207,16.169,16.169,12162,0
20100916,16.162,16.772,16.153,16.207,15235,0
20100917,15.976,16.393,15.976,16.393,4535,0
20100920,16.538,16.595,15.668,16.184,9303,0
20100921,16.169,16.184,15.114,15.589,16254,0
20100922,14.99,15.434,14.542,15.366,4405,0
20100923,15.522,16.866,15.522,16.316,25133,0
20100924,16.701,16.71,16.207,16.207,4857,0
20100927,16.363,16.363,15.875,16.207,4147,0
20100928,16.038,16.207,16.038,16.207,4002,0
20100929,15.838,15.838,15.838,15.838,688,0
20100930,16.439,16.787,16.439,16.787,2191,0
20101001,16.749,16.749,16.425,16.595,1553,0
20101004,16.749,16.772,16.408,16.772,4663,0
20101005,16.787,16.787,16.772,16.787,1095,0
20101006,16.733,16.787,16.733,16.787,650,0
20101007,16.787,16.889,16.787,16.889,2724,0
20101008,16.611,16.611,16.58,16.595,14427,0
20101011,16.595,16.595,16.595,16.595,3685,0
20101012,16.874,16.953,16.301,16.595,12456,0
20101013,16.595,16.953,16.425,16.905,11467,0
20101014,16.538,16.595,16.531,16.595,2427,0
20101015,16.478,16.478,16.478,16.478,2589,0
20101018,16.439,16.979,16.439,16.448,4502,0
20101019,16.905,16.94,16.439,16.439,4924,0
20101020,16.439,16.478,15.713,16.316,8720,0
20101021,15.847,16.207,15.823,16.202,3466,0
20101022,15.823,16.162,15.713,16.146,2919,0
20101025,15.798,16.363,15.798,16.061,5440,0
20101026,15.899,16.146,15.142,16.146,11530,0
20101027,15.798,16.384,15.798,16.207,2589,0
20101028,16.363,16.363,15.568,15.568,455,0
20101029,15.883,16.677,15.645,16.132,4628,0
20101101,15.847,15.853,15.83,15.853,2072,0
20101103,16.016,16.016,16.016,16.016,140,0
20101105,16.146,16.401,16.146,16.401,2589,0
20101108,15.744,15.744,15.744,15.744,1292,0
20101109,16.207,16.339,15.744,15.744,5508,0
20101110,15.466,15.466,15.32,15.375,21768,0
20101111,15.434,15.442,15.32,15.32,6094,0
20101115,15.434,15.442,14.706,14.857,51058,0
20101116,14.844,14.857,14.664,14.857,11590,0
20101117,14.857,14.857,14.857,14.857,11092,0
20101118,14.857,14.857,14.125,14.648,25720,0
20101119,14.681,14.681,14.681,14.681,774,0
20101122,14.664,14.812,14.664,14.812,1682,0
20101123,14.133,14.778,14.133,14.624,4924,0
20101124,14.82,14.82,14.664,14.733,2058,0
20101126,14.82,14.857,14.82,14.844,387,0
20101129,14.829,14.857,14.82,14.857,1818,0
20101130,14.664,14.851,14.664,14.844,4924,0
20101201,14.609,14.851,14.594,14.837,2849,0
20101202,14.851,14.857,14.851,14.857,1942,0
20101203,14.837,14.857,14.185,14.857,19656,0
20101206,14.857,14.857,14.857,14.857,140,0
20101207,14.857,15.434,14.857,15.434,7993,0
20101209,14.58,15.401,14.58,15.401,1030,0
20101210,15.375,15.401,15.375,15.401,650,0
20101213,15.434,15.434,14.471,14.778,9332,0
20101214,15.09,15.09,14.872,14.967,1235,0
20101215,14.934,14.934,14.934,14.934,1161,0
20101216,15.203,15.203,14.943,14.943,849,0
20101217,15.165,15.188,15.048,15.048,5437,0
20101220,14.934,15.041,14.934,15.041,3371,0
20101221,15.033,15.312,15.033,15.312,4012,0
20101222,15.295,15.312,15.245,15.312,6216,0
20101223,15.36,15.36,15.055,15.36,581,0
20101227,15.36,15.36,15.32,15.36,3630,0
20101228,15.335,15.335,15.261,15.335,387,0
20101230,15.342,15.36,15.277,15.36,395,0
20101231,15.677,15.767,15.677,15.767,1553,0
20110103,16.207,16.393,15.554,16.038,5790,0
20110104,15.807,15.976,15.807,15.976,774,0
20110105,15.823,16.202,15.784,16.202,2332,0
20110106,16.202,16.202,16.169,16.202,3240,0
20110107,16.332,16.363,16.323,16.363,3755,0
20110110,16.246,16.348,15.767,16.115,2462,0
20110111,16.332,16.393,16.193,16.384,5183,0
20110112,16.401,16.401,16.207,16.207,11182,0
20110113,16,16.193,15.993,15.993,5702,0
20110114,15.954,15.954,15.823,15.946,1818,0
20110118,15.899,15.899,15.86,15.86,3371,0
20110119,16.193,16.193,15.784,16.1,2204,0
20110120,16.1,16.1,15.83,16.092,4405,0
20110121,16.207,16.207,16.092,16.092,1553,0
20110124,15.993,16.207,15.968,16.207,6732,0
20110125,15.993,16.207,15.976,16.207,972,0
20110126,16.207,16.595,16.047,16.207,2204,0
20110127,16.207,16.207,16.207,16.207,251,0
20110128,16.207,16.595,16.207,16.595,9744,0
20110131,15.976,16.671,15.976,16.671,1292,0
20110201,16.595,16.655,16.595,16.655,3111,0
20110202,16.448,16.516,16.448,16.516,2181,0
20110207,16.348,16.348,16.207,16.207,1506,0
20110208,16.232,16.58,15.899,15.915,16704,0
20110209,15.923,16.509,15.89,16.509,5997,0
20110210,16.401,16.416,16.401,16.416,650,0
20110211,16.238,16.238,16.238,16.238,140,0
20110214,16.193,16.193,15.993,16.193,3010,0
20110215,16.354,16.354,16.332,16.339,4328,0
20110216,15.984,16.309,15.984,16.309,2297,0
20110218,16.061,16.132,15.976,15.976,2175,0
20110222,15.976,16.016,15.899,16.016,7051,0
20110223,15.908,16.007,15.899,16.007,1203,0
20110224,15.899,16.016,15.661,16.016,2589,0
20110225,15.976,16.016,15.976,16.016,5794,0
20110301,15.761,15.899,15.728,15.728,3601,0
20110302,16.016,16.016,16.016,16.016,140,0
20110303,15.721,16.016,15.706,16.016,6094,0
20110304,15.668,16.007,15.668,16.007,4002,0
20110307,15.976,15.976,15.976,15.976,387,0
20110308,15.976,16.016,15.976,16.016,387,0
20110309,15.984,16.016,15.976,16.016,1942,0
20110310,16.016,16.202,16.016,16.202,1042,0
20110311,16.202,16.202,16.14,16.14,1427,0
20110314,16.132,16.202,16.132,16.202,1427,0
20110315,16.162,16.184,16.162,16.184,251,0
20110316,16.207,16.207,15.568,15.83,2427,0
20110317,15.823,16.169,15.823,16.016,1810,0
20110318,15.581,16.016,15.581,16.016,1186,0
20110321,15.823,15.823,15.823,15.823,925,0
20110322,15.883,15.89,15.497,15.497,5998,0
20110323,15.497,15.661,15.497,15.661,3755,0
20110324,15.53,15.589,15.497,15.589,2238,0
20110328,15.706,16.202,15.706,15.784,2724,0
20110329,16.193,16.193,16.193,16.193,650,0
20110330,15.823,15.823,15.677,15.815,5928,0
20110331,15.522,15.976,15.497,15.706,14597,0
20110401,15.815,15.815,14.379,15.414,19005,0
20110404,15.351,15.36,15.196,15.36,4326,0
20110405,15.282,15.434,15.261,15.427,8641,0
20110406,15.546,15.554,15.522,15.546,21099,0
20110407,15.554,15.661,14.851,15.637,7190,0
20110408,15.653,16.169,15.589,16.054,7127,0
20110411,15.976,15.976,15.628,15.784,10017,0
20110412,15.522,15.706,15.513,15.668,11791,0
20110413,15.442,15.815,15.442,15.637,4526,0
20110414,15.589,15.684,15.422,15.668,10119,0
20110415,15.776,15.89,15.661,15.89,10239,0
20110418,15.684,15.684,15.668,15.668,774,0
20110419,15.823,15.823,15.589,15.706,5466,0
20110420,15.451,15.668,15.434,15.621,17297,0
20110421,15.434,15.706,15.212,15.668,13182,0
20110425,15.434,15.668,15.434,15.668,2885,0
20110426,15.668,16.054,15.653,15.668,12729,0
20110427,15.661,15.728,15.645,15.684,9783,0
20110428,15.668,15.706,15.668,15.706,1942,0
20110429,15.823,15.984,15.706,15.706,1487,0
20110502,15.706,15.838,15.668,15.668,19889,0
20110503,15.744,15.823,15.668,15.721,27856,0
20110504,15.677,15.899,15.668,15.823,34205,0
20110505,16.029,16.047,15.815,16.038,2724,0
20110506,15.847,15.899,15.847,15.86,5842,0
20110509,16.029,16.038,15.86,16.016,2694,0
20110510,16.054,16.202,16.054,16.115,1747,0
20110511,16.068,16.202,16.054,16.054,2041,0
20110512,16.169,16.169,16.162,16.169,2370,0
20110513,16.016,16.169,16.016,16.169,6773,0
20110516,16.162,16.169,16.162,16.162,4663,0
20110517,16.016,16.169,16.016,16.169,2104,0
20110518,16.153,16.153,16.016,16.076,2462,0
20110519,16.107,16.207,16.107,16.207,2462,0
20110520,16.175,16.207,16.162,16.207,2454,0
20110523,16.193,16.363,16.068,16.363,26433,0
20110524,16.022,16.393,16.022,16.384,4147,0
20110525,16.348,16.37,16.332,16.332,3446,0
20110526,16.323,16.425,16.092,16.425,8685,0
20110527,16.092,16.207,16.092,16.207,4573,0
20110531,16.207,16.207,16.092,16.092,3901,0
20110601,16.1,16.107,16.054,16.085,8096,0
20110602,16.107,16.169,16.054,16.169,774,0
20110603,16.162,16.162,16.123,16.153,1002,0
20110606,16.184,16.184,16.184,16.184,140,0
20110607,15.976,16.207,15.938,16.207,9275,0
20110608,16.202,16.393,16.092,16.393,12880,0
20110609,16.377,16.587,16.207,16.401,17748,0
20110610,16.538,16.58,16.448,16.546,4275,0
20110613,16.516,16.516,16.516,16.516,230,0
20110614,16.363,16.945,16.363,16.889,14505,0
20110615,16.905,16.905,16.823,16.848,4924,0
20110616,16.881,16.905,16.448,16.823,5702,0
20110617,16.814,16.953,16.814,16.953,5860,0
20110620,16.516,16.94,16.455,16.516,3371,0
20110621,16.934,16.979,16.425,16.979,9556,0
20110622,16.925,16.925,16.925,16.925,140,0
20110623,16.917,16.953,16.917,16.917,892,0
20110624,16.802,16.823,16.802,16.823,251,0
20110627,16.94,16.94,16.448,16.94,4535,0
20110628,16.787,16.934,16.787,16.934,4467,0
20110629,16.911,16.925,16.787,16.925,2724,0
20110630,16.934,16.934,16.911,16.934,774,0
20110701,16.911,16.911,16.749,16.787,650,0
20110705,16.787,16.917,16.772,16.917,6625,0
20110706,16.911,16.94,16.448,16.889,54817,0
20110707,16.857,16.857,16.749,16.749,1800,0
20110708,16.795,16.795,16.795,16.795,140,0
20110711,16.455,16.742,16.455,16.742,1042,0
20110712,16.733,16.742,16.487,16.742,1870,0
20110713,16.595,16.603,16.401,16.587,13798,0
20110715,16.633,16.633,16.633,16.633,140,0
20110718,16.554,16.587,16.316,16.587,3604,0
20110719,16.401,16.571,16.363,16.562,4275,0
20110720,16.439,16.509,16.377,16.509,774,0
20110721,16.425,16.432,16.425,16.432,650,0
20110722,16.432,16.478,16.246,16.384,7409,0
20110725,16.432,16.432,16.022,16.393,11077,0
20110726,16.323,16.37,15.976,16.202,14416,0
20110727,15.976,16.123,15.744,15.89,2707,0
20110728,15.899,16.085,15.89,16.076,8130,0
20110729,16.016,16.016,15.597,15.993,5248,0
20110801,16.038,16.047,15.915,16.038,3233,0
20110802,15.976,16.016,15.954,16.016,12737,0
20110803,15.976,15.976,15.976,15.976,9854,0
20110804,15.908,15.915,15.823,15.823,2589,0
20110805,15.83,15.83,14.857,15.753,9662,0
20110808,14.476,15.706,13.479,13.479,27597,0
20110809,14.411,15.048,14.055,15.048,4753,0
20110810,14.895,15.048,14.471,14.857,6721,0
20110811,15.245,15.245,15.245,15.245,2978,0
20110812,15.408,15.568,15.384,15.434,4275,0
20110815,15.427,15.434,15.427,15.434,2136,0
20110816,15.628,15.628,15.414,15.434,18400,0
20110817,15.442,15.466,15.434,15.434,4300,0
20110818,15.107,15.228,15.107,15.228,251,0
20110819,15.048,15.099,15.048,15.048,2332,0
20110822,15.055,15.427,15.048,15.427,1427,0
20110823,15.375,15.375,14.901,15.375,2204,0
20110824,15.055,15.335,15.033,15.107,19000,0
20110825,14.672,15.228,14.672,15.228,774,0
20110826,15.335,15.422,14.77,15.048,2978,0
20110829,15.22,15.245,14.857,15.236,7520,0
20110830,15.228,15.451,15.228,15.427,7127,0
20110831,15.099,15.589,15.065,15.589,2332,0
20110901,15.22,15.434,15.09,15.422,774,0
20110902,15.245,15.245,15.245,15.245,2204,0
20110906,15.048,15.055,14.698,15.055,6016,0
20110907,14.719,14.895,14.512,14.657,18918,0
20110908,14.512,14.512,14.512,14.512,198,0
20110909,14.476,14.476,14.207,14.207,5183,0
20110912,14.199,14.199,13.583,14.164,4857,0
20110913,14.394,14.411,14.394,14.411,251,0
20110914,14.394,14.411,14.355,14.355,20273,0
20110915,14.279,14.355,14.047,14.279,105662,0
20110916,14.372,14.372,14.316,14.316,47253,0
20110919,14.093,14.108,13.929,14.047,13068,0
20110920,14.176,14.176,13.855,13.855,9332,0
20110921,13.855,13.894,11.584,12.343,56884,0
20110922,12.188,12.343,12.188,12.318,1984,0
20110923,12.449,12.449,11.539,12.328,30646,0
20110926,11.927,12.205,11.738,12.116,10812,0
20110927,12.131,13.112,12.116,13.067,28245,0
20110928,12.373,13.083,12.373,12.914,22048,0
20110929,13.472,13.894,13.472,13.894,3498,0
20110930,13.791,13.886,13.479,13.886,1292,0
20111003,13.429,13.886,13.429,13.543,3542,0
20111004,13.127,13.506,13.098,13.506,9248,0
20111005,13.543,13.7,13.506,13.7,3111,0
20111006,13.668,13.806,13.315,13.806,2589,0
20111007,13.206,13.806,13.206,13.806,774,0
20111010,13.739,14.009,13.739,14.009,774,0
20111011,13.53,13.993,13.53,13.993,387,0
20111012,14.009,14.009,14.002,14.002,650,0
20111013,14.427,14.427,13.894,14.192,3627,0
20111014,14.199,14.471,14.199,14.471,12877,0
20111017,14.471,14.566,13.463,14.101,11495,0
20111018,14.493,14.55,13.971,14.279,12513,0
20111019,14.279,14.279,13.506,13.691,4083,0
20111020,13.398,13.398,13.021,13.274,5054,0
20111021,13.521,13.7,13.045,13.7,16042,0
20111024,13.514,13.691,12.744,13.691,1052,0
20111025,13.7,13.7,13.506,13.506,11855,0
20111026,13.668,13.894,13.668,13.894,8331,0
20111028,13.863,13.863,13.863,13.863,140,0
20111031,13.289,13.823,13.289,13.823,774,0
20111101,13.823,13.823,13.823,13.823,140,0
20111102,12.928,13.878,12.928,13.141,774,0
20111103,13.537,13.894,13.537,13.894,518,0
20111104,13.894,13.894,12.959,13.592,2204,0
20111108,13.61,14.657,13.053,14.657,5506,0
20111109,14.427,14.616,14.248,14.248,6480,0
20111110,14.279,14.512,14.279,14.355,2204,0
20111111,14.31,14.31,14.31,14.31,140,0
20111114,13.993,13.993,13.894,13.894,2589,0
20111115,14.31,14.31,13.929,13.929,1818,0
20111116,14.085,14.085,13.971,13.971,2462,0
20111117,13.929,14.009,13.543,14.009,903,0
20111118,14.062,14.085,14.038,14.068,2332,0
20111121,13.823,14.055,13.823,13.894,4633,0
20111123,13.739,13.847,13.506,13.847,3111,0
20111129,14.055,14.055,13.894,13.894,1734,0
20111130,13.894,13.894,13.506,13.815,4112,0
20111201,13.506,13.506,13.506,13.506,518,0
20111202,13.323,13.886,13.323,13.886,872,0
20111205,13.506,13.506,13.506,13.506,140,0
20111206,13.894,13.894,13.894,13.894,140,0
20111207,13.506,13.543,13.506,13.543,1427,0
20111208,13.624,13.624,13.624,13.624,140,0
20111209,13.855,13.894,13.506,13.894,1942,0
20111212,13.22,13.894,13.206,13.894,774,0
20111213,13.391,13.66,13.206,13.66,4382,0
20111214,13.315,13.552,13.237,13.552,3233,0
20111215,13.344,13.344,13.344,13.344,140,0
20111216,13.244,13.306,13.237,13.237,2464,0
20111219,13.237,13.274,13.091,13.135,9293,0
20111220,12.865,13.274,12.856,13.237,10323,0
20111221,13.274,13.274,13.12,13.229,1653,0
20111222,13.141,13.894,13.12,13.894,11513,0
20111223,13.34,13.739,13.315,13.739,2998,0
20111227,13.506,13.87,13.127,13.87,2204,0
20111228,13.514,13.684,13.135,13.206,2379,0
20111229,13.206,13.756,13.053,13.332,5903,0
20111230,13.351,13.367,13.351,13.367,581,0
20120104,13.691,13.691,13.53,13.561,4535,0
20120105,13.42,13.644,13.074,13.074,1168,0
20120106,13.289,13.298,13.091,13.091,1048,0
20120109,13.2,13.691,13.2,13.691,1292,0
20120110,13.653,13.66,13.61,13.66,2952,0
20120111,13.479,13.479,13.398,13.398,2932,0
20120112,13.398,13.521,13.2,13.398,6165,0
20120113,13.351,13.351,13.237,13.25,4197,0
20120117,13.506,13.506,13.237,13.429,4192,0
20120118,13.497,13.497,13.497,13.497,387,0
20120119,13.463,13.583,13.463,13.506,1417,0
20120120,13.543,13.7,13.506,13.7,5981,0
20120123,13.653,13.7,13.472,13.66,4012,0
20120125,13.7,13.971,13.691,13.899,4288,0
20120126,13.937,14.002,13.776,13.894,3889,0
20120127,13.798,14.062,13.798,14.047,13271,0
20120130,13.971,13.971,13.739,13.971,4405,0
20120131,14.047,14.741,14.047,14.241,30547,0
20120201,14.681,15.342,14.624,14.664,16739,0
20120202,15.033,15.033,14.69,14.69,3629,0
20120203,14.69,14.976,14.69,14.82,2884,0
20120206,15.048,15.048,14.741,14.741,3733,0
20120207,14.726,15.048,14.726,15.048,3240,0
20120208,15.048,15.048,15.011,15.011,3202,0
20120209,14.698,14.698,14.616,14.616,3060,0
20120210,14.594,15.011,14.316,14.99,3240,0
20120213,14.484,15.011,14.476,14.586,6666,0
20120214,14.967,14.967,14.812,14.837,1042,0
20120215,14.749,14.778,14.512,14.594,9716,0
20120216,14.749,14.749,14.533,14.586,2204,0
20120221,14.706,14.706,14.706,14.706,251,0
20120222,14.82,14.837,14.733,14.82,832,0
20120223,14.851,14.851,14.851,14.851,518,0
20120224,14.857,14.984,14.857,14.984,2280,0
20120227,14.672,15.09,14.672,15.09,15148,0
20120229,15.32,15.36,15.32,15.36,1042,0
20120301,15.589,15.589,15.53,15.554,1997,0
20120302,15.589,15.589,15.546,15.589,650,0
20120305,15.581,15.628,15.581,15.628,1553,0
20120306,15.513,15.823,15.513,15.699,8676,0
20120307,15.923,16.146,15.706,16.016,7904,0
20120308,16.132,16.554,16.132,16.516,6127,0
20120309,16.309,16.595,16.309,16.439,2332,0
20120312,16.603,16.603,16.554,16.587,23534,0
20120313,16.448,16.934,16.416,16.934,6533,0
20120314,16.587,16.71,16.354,16.71,12276,0
20120315,16.693,16.71,16.571,16.671,22314,0
20120316,16.633,16.71,16.554,16.554,12278,0
20120319,16.571,16.889,16.571,16.611,4279,0
20120320,16.595,16.595,16.595,16.595,140,0
20120321,16.595,16.866,16.587,16.733,8813,0
20120322,16.554,16.625,16.554,16.554,774,0
20120323,16.823,16.823,16.823,16.823,225,0
20120327,16.772,16.857,16.633,16.848,12341,0
20120328,16.662,16.662,16.662,16.662,650,0
20120329,16.889,16.889,16.757,16.889,542,0
20120330,16.749,16.94,16.71,16.897,2920,0
20120402,16.823,16.823,16.823,16.823,1519,0
20120403,16.905,16.979,16.905,16.911,26993,0
20120404,16.911,16.953,16.866,16.881,6059,0
20120405,16.889,16.905,16.866,16.866,3819,0
20120409,16.684,16.684,16.293,16.323,5936,0
20120410,16.323,16.332,16.216,16.246,12410,0
20120411,16.354,16.354,16.202,16.261,8034,0
20120412,16.293,16.684,16.293,16.293,3240,0
20120413,16.261,16.487,15.645,16.254,11415,0
20120416,16.787,16.787,16.286,16.286,1920,0
20120417,16.246,16.516,16.132,16.516,497,0
20120418,16.254,16.554,16.224,16.554,3337,0
20120419,16.216,16.377,16.216,16.363,8403,0
20120420,16.261,16.401,16.261,16.323,1445,0
20120423,16.655,16.655,16.587,16.587,791,0
20120424,16.823,17.241,16.757,16.881,6643,0
20120425,16.727,17.176,16.701,17.176,13086,0
20120426,17.283,17.283,16.727,16.962,2063,0
20120427,16.979,16.979,16.802,16.962,1426,0
20120430,16.945,16.971,16.648,16.787,11999,0
20120501,16.787,16.979,16.765,16.979,30513,0
20120502,16.693,16.979,16.677,16.979,1818,0
20120503,16.787,16.802,16.633,16.802,1009,0
20120504,16.831,16.866,16.339,16.857,3663,0
20120507,16.78,16.84,16.655,16.84,20632,0
20120508,16.749,16.84,16.655,16.84,36815,0
20120510,16.749,16.866,16.749,16.866,31381,0
20120514,16.787,16.866,16.78,16.787,6348,0
20120515,16.677,16.808,16.677,16.808,1275,0
20120516,16.677,16.866,16.677,16.757,7586,0
20120517,16.603,16.671,16.603,16.603,1553,0
20120518,16.439,16.455,16.323,16.393,8813,0
20120521,16.408,16.58,16.408,16.58,650,0
20120522,16.595,16.595,16.595,16.595,3889,0
20120523,16.531,16.531,16.531,16.531,1292,0
20120525,16.524,16.554,16.524,16.554,6471,0
20120529,16.538,16.538,16.432,16.432,18066,0
20120530,16.293,16.293,16.293,16.293,518,0
20120531,16.401,16.535,16.401,16.455,2923,0
20120601,16.363,16.671,16.363,16.487,4100,0
20120604,16.425,16.439,16.425,16.439,1553,0
20120605,16.401,16.401,16.37,16.37,903,0
20120606,16.401,16.571,16.377,16.509,16864,0
20120607,16.471,16.471,16.471,16.471,140,0
20120608,16.546,16.671,16.448,16.671,6526,0
20120611,16.641,16.671,16.641,16.671,552,0
20120612,16.925,16.925,16.78,16.78,855,0
20120613,16.269,16.562,14.586,16.516,14853,0
20120614,16.524,16.531,16.216,16.524,3425,0
20120615,16.538,16.538,16.531,16.531,644,0
20120618,16.905,16.917,16.502,16.905,5573,0
20120619,16.945,16.953,16.802,16.823,14898,0
20120620,16.823,16.823,16.448,16.787,3045,0
20120621,16.787,16.823,16.787,16.823,2538,0
20120622,16.787,16.934,16.787,16.934,1080,0
20120625,16.795,16.934,16.795,16.934,7326,0
20120626,16.917,17.092,16.917,16.988,20236,0
20120628,16.897,17.013,16.787,16.802,11479,0
20120629,16.866,16.866,16.718,16.866,8903,0
20120702,16.603,16.94,16.603,16.795,6634,0
20120705,16.905,16.945,16.905,16.945,1203,0
20120706,16.917,16.917,16.749,16.787,5084,0
20120709,17.118,17.467,17.045,17.057,6768,0
20120710,17.248,17.328,17.191,17.191,4306,0
20120711,16.979,17.613,16.979,17.613,5121,0
20120712,17.73,17.73,17.552,17.56,9197,0
20120713,17.744,17.752,16.945,17.099,15223,0
20120716,17.092,17.362,16.874,17.362,8813,0
20120717,17.356,17.362,17.152,17.195,3889,0
20120718,17.362,17.362,17.298,17.298,3627,0
20120719,17.323,17.596,17.323,17.56,11122,0
20120720,17.494,17.56,17.184,17.445,4407,0
20120723,17.291,17.445,17.291,17.362,2837,0
20120724,17.323,17.323,17.216,17.323,9542,0
20120725,17.323,17.323,17.298,17.323,3586,0
20120726,17.291,17.291,17.231,17.291,1978,0
20120727,17.291,17.658,17.21,17.21,17539,0
20120730,17.56,18.139,17.488,17.752,13533,0
20120731,17.752,17.752,17.571,17.579,14315,0
20120801,17.596,17.62,17.596,17.605,2758,0
20120802,17.591,17.596,17.591,17.596,3111,0
20120803,17.69,17.752,17.69,17.752,251,0
20120806,17.752,17.905,17.737,17.905,13541,0
20120807,17.875,17.875,17.814,17.817,7325,0
20120808,17.814,18.1,17.814,18.058,47921,0
20120809,17.944,18.27,17.944,18.27,1487,0
20120810,18.285,18.285,17.905,17.905,4954,0
20120813,18.001,18.001,17.875,17.884,21182,0
20120814,17.936,18.014,17.936,17.983,19612,0
20120815,18.008,18.329,18.008,18.329,7587,0
20120816,18.476,18.515,18.215,18.329,6779,0
20120817,18.468,18.806,17.961,18.446,27012,0
20120820,18.606,18.95,18.114,18.369,23693,0
20120821,18.014,18.139,17.983,18.092,7455,0
20120822,17.991,18.139,17.961,18.001,11764,0
20120823,18.402,18.439,17.765,17.905,11983,0
20120824,17.92,18.139,17.649,17.649,15420,0
20120827,17.845,17.983,17.845,17.983,1042,0
20120828,17.944,18.424,17.89,18.293,27828,0
20120829,18.123,18.254,18.05,18.145,2724,0
20120830,18.123,18.123,18.114,18.123,650,0
20120831,18.215,18.717,18.215,18.439,5183,0
20120904,18.285,18.369,18.254,18.254,6898,0
20120905,18.154,18.154,18.154,18.154,140,0
20120906,18.308,18.483,18.3,18.353,8227,0
20120907,18.468,18.524,18.468,18.524,5054,0
20120910,18.501,18.524,18.369,18.393,28764,0
20120911,18.345,18.369,18.3,18.3,5573,0
20120912,18.206,18.321,17.983,18.139,6616,0
20120913,18.092,18.139,17.583,18.139,3207,0
20120914,18.1,18.1,17.953,17.953,903,0
20120917,17.953,17.953,17.722,17.722,4275,0
20120918,17.868,17.944,17.806,17.905,6509,0
20120919,17.797,17.944,17.797,17.944,3790,0
20120920,17.905,17.944,17.752,17.797,12633,0
20120924,17.796,17.796,17.641,17.683,4785,0
20120925,17.737,17.905,17.633,17.744,9795,0
20120926,17.633,17.905,17.633,17.905,2589,0
20120927,17.83,17.83,17.83,17.83,140,0
20120928,17.83,17.83,15.744,17.722,23245,0
20121001,17.569,17.83,17.519,17.674,5711,0
20121002,17.822,17.822,17.716,17.785,2093,0
20121003,17.83,17.83,17.752,17.752,1240,0
20121004,17.752,17.752,17.722,17.722,1042,0
20121005,17.73,17.905,17.73,17.898,2724,0
20121008,17.905,17.905,17.875,17.875,2983,0
20121009,17.905,17.905,17.83,17.894,4535,0
20121010,17.905,17.944,17.905,17.944,4275,0
20121011,17.944,18.145,17.788,17.83,7520,0
20121012,17.92,17.944,17.69,17.69,2072,0
20121015,17.905,18.075,17.719,18.075,5647,0
20121016,18.114,18.524,18.108,18.43,12285,0
20121017,18.4,18.524,18.353,18.409,9510,0
20121018,18.508,18.524,17.73,18.384,7227,0
20121019,18.315,18.524,17.722,18.524,18593,0
20121022,18.183,18.524,18.183,18.524,8294,0
20121023,18.492,18.492,18.285,18.439,10148,0
20121024,18.508,18.524,18.369,18.409,6282,0
20121025,18.245,18.524,18.183,18.524,10190,0
20121026,18.183,18.345,18.175,18.215,14474,0
20121031,18.329,18.524,18.285,18.446,25888,0
20121101,18.515,18.524,18.454,18.524,14604,0
20121102,18.524,18.524,18.476,18.476,12088,0
20121105,18.468,18.942,18.468,18.524,7838,0
20121106,18.622,18.833,18.614,18.71,10483,0
20121107,18.606,18.634,18.315,18.634,34761,0
20121108,18.802,18.833,18.552,18.785,12261,0
20121109,18.646,18.794,18.524,18.717,15508,0
20121112,18.6,18.634,18.446,18.524,5006,0
20121113,18.409,18.638,18.231,18.564,4462,0
20121114,18.638,18.695,18.229,18.261,8300,0
20121115,18.532,18.532,18.108,18.123,14147,0
20121116,18.108,18.417,18.108,18.393,3498,0
20121119,18.446,18.524,18.329,18.329,3498,0
20121120,18.515,18.524,17.928,18.483,35123,0
20121121,18.215,18.483,18.215,18.483,11750,0
20121123,18.476,18.483,18.468,18.483,478,0
20121126,18.067,18.663,18.067,18.461,15517,0
20121127,18.515,18.606,18.515,18.563,10890,0
20121128,18.353,18.369,18.353,18.353,2589,0
20121129,18.446,18.446,17.953,18.377,12075,0
20121130,18.014,18.293,18.014,18.293,5257,0
20121203,18.245,18.293,18.245,18.293,543,0
20121204,18.215,18.524,18.215,18.293,10656,0
20121205,18.524,18.524,18.1,18.278,4906,0
20121206,18.084,18.293,18.008,18.198,7035,0
20121207,18.198,18.198,18.139,18.183,5977,0
20121210,18.154,18.198,17.836,18.023,13546,0
20121211,18.036,18.293,18.001,18.108,4286,0
20121212,18.023,18.206,17.569,18.206,35238,0
20121213,17.92,18.393,17.737,18.393,6538,0
20121214,17.78,18.183,17.737,17.936,7170,0
20121217,17.967,18.237,17.296,18.183,10742,0
20121218,17.961,18.417,17.788,18.417,1942,0
20121219,18.345,18.446,17.911,18.139,10825,0
20121220,17.928,18.417,17.928,18.293,9154,0
20121221,18.161,18.161,18.114,18.145,4348,0
20121226,18.3,18.3,18.215,18.215,1643,0
20121227,18.27,18.369,18.27,18.369,518,0
20121228,18.417,18.417,18.222,18.329,5375,0
20121231,18.508,18.524,18.508,18.52,2314,0
20130102,18.285,18.672,18.285,18.515,5109,0
20130103,18.001,18.369,18.001,18.215,14344,0
20130104,18.222,18.515,18.215,18.446,2683,0
20130107,18.223,18.315,18.215,18.244,4147,0
20130108,18.524,18.524,16.874,18.198,11140,0
20130109,18.139,18.402,18.139,18.402,1139,0
20130110,18.27,18.476,17.613,18.476,9862,0
20130111,18.588,18.588,18.588,18.588,164,0
20130114,17.91,18.551,17.91,18.494,5829,0
20130115,17.867,18.518,17.867,18.47,3383,0
20130116,18.51,18.78,18.456,18.626,2886,0
20130117,18.558,18.558,18.411,18.411,2060,0
20130118,18.124,18.634,18.124,18.534,3351,0
20130122,18.478,18.478,18.246,18.322,7597,0
20130123,18.363,18.478,18.246,18.246,9284,0
20130124,18.322,18.626,18.206,18.602,8004,0
20130125,18.262,18.608,18.262,18.602,467,0
20130128,18.432,18.558,18.331,18.331,2661,0
20130129,18.518,18.518,18.518,18.518,769,0
20130130,18.518,18.518,18.518,18.518,485,0
20130131,18.448,18.588,18.44,18.588,1930,0
20130201,18.485,18.592,18.478,18.478,3818,0
20130204,18.478,18.518,18.478,18.518,3901,0
20130205,18.51,18.588,18.502,18.588,4713,0
20130206,18.594,18.594,18.322,18.579,3338,0
20130207,18.594,18.608,18.478,18.478,1674,0
20130208,18.617,18.617,18.527,18.527,778,0
20130211,18.634,18.75,18.534,18.733,11770,0
20130212,18.634,18.75,18.634,18.675,20495,0
20130213,18.826,18.826,18.744,18.818,5589,0
20130215,18.495,18.735,18.495,18.735,1554,0
20130219,18.744,18.862,18.669,18.833,5165,0
20130220,18.818,18.841,18.723,18.744,3578,0
20130221,18.744,18.76,18.684,18.744,7810,0
20130222,18.596,18.862,18.596,18.744,9761,0
20130225,18.744,18.9,18.596,18.596,24722,0
20130226,18.744,18.744,18.684,18.693,6433,0
20130227,18.699,18.699,18.698,18.699,2049,0
20130228,18.669,18.678,18.603,18.678,14159,0
20130301,18.678,18.678,18.669,18.669,1040,0
20130304,18.669,18.678,18.553,18.553,4949,0
20130305,18.553,18.678,18.433,18.659,12491,0
20130306,18.669,18.678,18.651,18.678,6016,0
20130307,18.659,18.684,18.559,18.684,14071,0
20130308,18.678,18.684,18.528,18.678,19396,0
20130311,18.519,18.628,18.519,18.628,3252,0
20130312,18.635,18.678,18.628,18.678,4403,0
20130313,18.679,18.804,18.63,18.702,10820,0
20130314,18.702,18.702,18.702,18.702,2545,0
20130315,18.621,18.625,18.427,18.463,8235,0
20130318,18.62,18.702,18.598,18.62,7237,0
20130319,18.62,18.702,18.62,18.702,1284,0
20130320,18.695,19.052,18.695,18.871,27380,0
20130321,18.859,18.896,18.859,18.896,2048,0
20130322,18.954,19.02,18.859,18.859,3623,0
20130325,18.859,18.871,18.859,18.859,2803,0
20130326,18.896,18.896,18.888,18.896,2288,0
20130327,18.896,19.052,18.896,18.912,4710,0
20130328,18.928,19.014,18.888,18.896,4940,0
20130401,18.859,19.014,18.859,18.978,5109,0
20130402,18.954,19.007,18.896,19.007,6087,0
20130403,18.978,18.978,18.621,18.63,5176,0
20130404,18.859,18.866,18.778,18.866,1023,0
20130405,18.598,18.645,18.598,18.598,521,0
20130408,18.583,18.598,18.583,18.598,1912,0
20130409,18.654,18.896,18.653,18.671,6861,0
20130410,18.937,19.007,18.662,18.825,8817,0
20130411,18.898,19.091,18.898,19.009,3171,0
20130415,18.989,18.989,18.663,18.973,5924,0
20130416,18.838,19.099,18.764,19.094,28340,0
20130417,18.973,19.106,18.973,19.106,1216,0
20130418,19.083,19.083,18.973,18.996,5185,0
20130419,19.041,19.091,19.032,19.032,6152,0
20130423,18.98,19.041,18.915,18.915,8981,0
20130424,18.74,19.041,18.74,19.009,4555,0
20130425,19.032,19.099,19.024,19.099,8352,0
20130426,19.115,19.115,19.115,19.115,443,0
20130429,19.131,19.131,19.049,19.049,3680,0
20130430,19.091,19.131,19.049,19.049,8476,0
20130501,19.049,19.056,18.98,19.056,6338,0
20130502,19.131,19.247,19.049,19.056,15877,0
20130503,19.024,19.208,19.024,19.208,2315,0
20130506,19.208,19.287,19.041,19.165,17041,0
20130507,19.165,19.165,19.138,19.165,4564,0
20130508,19.157,19.287,19.157,19.165,19274,0
20130510,19.175,19.217,19.165,19.217,3544,0
20130513,19.363,19.393,19.363,19.393,2769,0
20130514,19.363,19.363,19.363,19.363,3336,0
20130515,19.32,19.403,19.282,19.403,16183,0
20130516,19.403,19.403,19.282,19.289,8621,0
20130517,19.297,19.403,19.296,19.312,3140,0
20130520,19.328,19.403,19.312,19.403,7281,0
20130521,19.393,19.529,19.393,19.439,12191,0
20130522,19.463,19.463,19.386,19.386,5008,0
20130523,19.354,19.354,19.328,19.345,10425,0
20130524,19.345,19.363,19.296,19.354,3179,0
20130528,19.403,19.403,19.289,19.289,12156,0
20130529,19.296,19.455,19.296,19.417,5780,0
20130530,19.336,19.431,19.296,19.375,5332,0
20130531,19.296,19.431,19.282,19.282,22409,0
20130603,19.363,19.363,19.21,19.21,1538,0
20130604,19.282,19.345,19.124,19.14,3545,0
20130605,19.14,19.243,19.133,19.203,5954,0
20130606,19.243,19.243,19.004,19.124,20443,0
20130607,19.124,19.124,19.124,19.124,626,0
20130610,19.004,19.336,19.004,19.159,13949,0
20130611,19.159,19.159,19.025,19.084,11841,0
20130612,19.223,19.223,19.196,19.196,8033,0
20130613,19.06,19.332,19.06,19.332,1375,0
20130617,19.223,19.223,19.204,19.204,747,0
20130618,19.348,19.358,19.271,19.348,4251,0
20130619,19.315,19.398,19.213,19.213,31943,0
20130620,19.196,19.277,19.196,19.196,16878,0
20130621,19.277,19.389,19.271,19.358,12982,0
20130624,19.223,19.398,19.077,19.398,9136,0
20130625,19.429,19.459,19.018,19.421,11209,0
20130626,19.203,19.232,19.196,19.211,6610,0
20130627,19.315,19.315,19.11,19.11,10441,0
20130628,19.431,19.48,19.401,19.48,7263,0
20130701,19.223,19.223,19.026,19.196,5771,0
20130702,19.187,19.187,19.06,19.06,6572,0
20130703,19.155,19.18,19.155,19.18,245,0
20130705,19.244,19.348,19.119,19.348,3973,0
20130708,19.323,19.358,19.119,19.153,13311,0
20130709,19.196,19.196,19.119,19.196,7676,0
20130710,19.196,19.196,19.119,19.195,4546,0
20130711,19.411,19.472,19.385,19.472,1425,0
20130715,19.472,19.472,19.266,19.31,1196,0
20130716,19.447,19.463,19.24,19.31,687,0
20130717,19.24,19.424,19.24,19.424,11627,0
20130718,19.31,19.404,19.31,19.31,2776,0
20130719,19.352,19.431,19.31,19.327,13629,0
20130722,19.334,19.431,19.334,19.431,9926,0
20130723,19.327,19.431,19.327,19.411,10136,0
20130724,19.411,19.431,19.37,19.402,21254,0
20130725,19.411,19.472,19.411,19.472,5213,0
20130726,19.402,19.472,19.402,19.472,8436,0
20130729,19.417,19.513,19.402,19.402,5699,0
20130730,19.431,19.554,19.402,19.554,15153,0
20130731,19.625,19.625,19.513,19.518,11151,0
20130801,19.625,19.625,19.513,19.513,9192,0
20130802,19.513,19.633,19.513,19.619,7678,0
20130805,19.554,19.625,19.554,19.625,2747,0
20130806,19.554,19.57,19.554,19.554,18479,0
20130807,19.411,19.411,18.346,18.874,26975,0
20130808,18.9,19.19,18.9,19.027,13838,0
20130809,19.006,19.156,19.005,19.121,12734,0
20130812,19.497,19.497,19.027,19.071,7677,0
20130813,19.073,19.407,18.101,18.513,36469,0
20130814,19.284,19.407,17.86,17.921,60038,0
20130815,17.818,18.05,17.498,17.997,24897,0
20130816,17.997,18.419,17.81,18.174,24035,0
20130819,19.155,19.155,18.952,18.952,10994,0
20130820,18.685,18.685,18.214,18.634,6564,0
20130821,18.618,18.618,17.898,18.247,9007,0
20130822,18.231,18.426,17.851,18.206,18965,0
20130823,18.134,18.134,17.81,17.827,16854,0
20130826,18.012,18.126,17.455,17.608,23005,0
20130827,17.608,17.93,17.516,17.596,28669,0
20130828,17.637,18.571,17.432,18.488,13406,0
20130829,18.085,18.085,17.471,17.608,17853,0
20130830,17.891,17.914,17.622,17.906,4153,0
20130903,18.05,18.05,17.361,17.508,15638,0
20130904,17.761,17.801,17.485,17.608,11858,0
20130905,17.86,17.86,17.405,17.792,11663,0
20130906,17.551,17.89,17.551,17.89,242,0
20130909,18.214,18.214,17.654,18.188,12428,0
20130910,17.834,18.093,17.834,17.98,7631,0
20130911,18.045,18.214,17.697,18.154,5131,0
20130912,17.731,17.754,17.345,17.654,15092,0
20130913,17.377,17.377,16.337,16.661,72815,0
20130916,17.238,17.238,16.346,16.523,7695,0
20130917,17.021,17.021,16.582,16.939,5110,0
20130918,16.745,16.922,16.622,16.669,7490,0
20130919,16.622,16.901,14.805,15.116,134466,0
20130920,16.538,16.538,15.237,15.237,19236,0
20130923,15.561,16.582,15.561,15.895,8443,0
20130924,16.033,16.091,15.279,15.643,33263,0
20130925,15.685,15.848,15.481,15.782,6747,0
20130926,15.831,16.166,15.531,15.626,5526,0
20130927,15.618,16.166,15.513,15.626,14421,0
20130930,15.57,16.01,15.522,15.602,4052,0
20131001,15.54,16.198,15.54,15.602,6747,0
20131002,15.928,15.928,15.749,15.749,3191,0
20131003,15.505,15.797,15.505,15.725,1473,0
20131004,15.715,15.725,15.513,15.709,3191,0
20131007,15.797,15.807,15.611,15.685,4419,0
20131008,15.505,15.797,15.488,15.765,11170,0
20131009,15.513,15.807,15.513,15.807,5866,0
20131010,15.878,15.92,15.666,15.681,10467,0
20131011,15.6,15.912,15.6,15.878,4689,0
20131014,15.714,15.921,15.708,15.896,12547,0
20131015,15.921,16.373,15.714,15.739,7790,0
20131016,15.73,15.928,15.73,15.73,1950,0
20131017,15.921,15.921,15.714,15.921,5970,0
20131018,15.758,16.02,15.625,15.987,4631,0
20131021,15.66,16.093,15.66,15.962,7919,0
20131022,15.912,16.045,15.912,16.045,6336,0
20131023,15.937,16.216,15.937,16.168,7919,0
20131024,16.265,16.332,16.257,16.332,1340,0
20131025,16.322,16.322,16.001,16.207,16167,0
20131028,15.996,16.201,15.872,16.201,8654,0
20131029,16.249,16.249,16.001,16.159,1093,0
20131030,15.83,16.045,15.714,15.83,22298,0
20131031,15.928,15.996,15.83,15.848,7314,0
20131101,15.797,15.987,15.797,15.987,5970,0
20131104,16.001,16.001,15.946,15.946,1961,0
20131105,15.996,16.207,15.797,16.201,15353,0
20131106,16.011,16.201,16.001,16.086,5847,0
20131107,15.797,16.373,15.797,15.912,11331,0
20131108,16.045,16.207,15.921,16.135,14989,0
20131111,16.166,16.166,15.93,15.93,4143,0
20131112,16.109,16.168,16.102,16.168,8530,0
20131113,16.207,16.332,16.201,16.283,4961,0
20131114,16.307,16.307,16.092,16.283,2055,0
20131115,16.323,16.935,16.323,16.53,20569,0
20131118,16.53,16.935,16.448,16.53,13548,0
20131119,16.677,16.677,16.448,16.448,12597,0
20131120,16.521,16.73,16.316,16.499,62791,0
20131121,16.677,16.677,16.389,16.521,11493,0
20131122,16.364,16.53,16.364,16.489,2967,0
20131125,16.382,16.489,16.266,16.266,17421,0
20131126,16.349,16.349,16.249,16.283,10160,0
20131127,16.316,16.323,16.249,16.307,3269,0
20131129,16.489,16.73,16.473,16.703,6049,0
20131202,16.654,16.654,16.257,16.299,16336,0
20131203,16.323,16.349,16.283,16.283,9799,0
20131204,16.323,16.439,16.283,16.332,2662,0
20131205,16.512,16.512,16.201,16.283,6779,0
20131206,16.349,16.521,16.201,16.512,15124,0
20131209,16.373,16.499,16.349,16.397,2636,0
20131210,16.439,16.448,16.405,16.423,3269,0
20131211,16.499,16.499,16.315,16.464,11652,0
20131212,16.331,16.53,16.239,16.473,5407,0
20131213,16.389,16.404,16.356,16.397,2041,0
20131216,16.364,16.364,16.232,16.232,6792,0
20131217,16.232,16.232,16.072,16.106,4807,0
20131218,16.232,16.232,15.857,16.223,17180,0
20131219,16.223,16.223,15.714,16.065,18861,0
20131220,15.923,16.098,15.748,16.09,20215,0
20131223,16.081,16.081,15.816,15.991,4807,0
20131224,16.015,16.015,15.973,16.015,2489,0
20131226,15.939,16.148,15.675,15.675,28955,0
20131227,15.973,15.982,15.658,15.923,5887,0
20131230,15.939,16.015,15.589,15.699,40247,0
20131231,15.606,15.907,15.589,15.824,27151,0
20140102,16.165,16.19,15.816,15.832,1102,0
20140103,15.832,16.022,15.832,16.015,3751,0
20140106,16.232,16.356,16.232,16.356,29793,0
20140107,16.455,16.455,16.232,16.232,24930,0
20140108,16.232,16.348,16.232,16.348,5766,0
20140109,16.214,16.348,16.214,16.247,14418,0
20140110,16.282,16.648,16.282,16.648,82537,0
20140113,16.748,16.757,16.748,16.748,3819,0
20140114,16.671,16.705,16.431,16.705,12767,0
20140115,16.554,16.724,16.554,16.678,13363,0
20140116,16.724,16.724,16.554,16.575,5483,0
20140117,16.724,16.766,16.663,16.724,4653,0
20140121,16.766,16.766,16.647,16.647,36745,0
20140122,16.614,16.748,16.589,16.589,7162,0
20140123,16.639,16.766,16.598,16.766,6324,0
20140124,16.678,16.733,16.639,16.724,11214,0
20140127,16.639,16.741,16.438,16.715,24456,0
20140128,16.757,16.757,16.346,16.614,4384,0
20140129,16.622,16.622,16.034,16.176,13240,0
20140130,16.253,16.431,15.995,16.395,17299,0
20140131,16.21,16.403,15.976,16.403,39013,0
20140203,16.287,16.287,15.589,15.967,21954,0
20140204,16.076,16.136,15.589,15.901,12624,0
20140205,15.607,15.884,15.551,15.684,23710,0
20140206,15.715,15.851,15.715,15.843,41267,0
20140207,15.715,16.219,15.715,16.219,18875,0
20140210,16.136,16.21,15.885,16.195,7067,0
20140211,16.137,16.195,15.976,16.186,4940,0
20140212,16.051,16.295,16.032,16.175,9287,0
20140213,16.112,16.158,15.958,16.144,1046,0
20140214,16.032,16.144,16.032,16.118,1793,0
20140218,16.127,16.261,16.042,16.219,4884,0
20140219,16.127,16.261,16.127,16.203,2793,0
20140220,16.203,16.338,16.16,16.338,5502,0
20140221,16.338,16.338,16.325,16.329,1579,0
20140224,16.338,16.338,16.15,16.338,6883,0
20140225,16.295,16.634,16.287,16.329,10660,0
20140226,16.295,16.718,16.295,16.718,20332,0
20140227,16.709,16.761,16.575,16.672,10416,0
20140228,16.7,17.32,16.7,17.214,12942,0
20140303,17.589,17.671,17.032,17.032,6468,0
20140304,17.054,17.667,17.054,17.311,7874,0
20140305,17.42,17.42,17.22,17.267,19086,0
20140306,17.31,17.671,17.301,17.671,10881,0
20140307,17.906,17.906,17.681,17.899,8066,0
20140310,17.984,18.145,17.748,18.145,3551,0
20140311,18.094,18.145,17.96,18.103,3165,0
20140312,18.17,18.178,17.975,18.002,2912,0
20140313,18.085,18.085,17.983,17.983,1528,0
20140314,18.041,18.041,17.729,17.813,15900,0
20140317,17.981,17.981,17.981,17.981,231,0
20140318,17.831,18.178,17.822,18.154,5747,0
20140319,18.185,18.273,17.804,17.931,62838,0
20140320,18.173,18.183,17.79,17.931,585,0
20140321,17.782,18.264,17.782,17.848,34904,0
20140324,17.838,17.848,17.73,17.848,13674,0
20140325,17.831,17.831,17.424,17.729,14741,0
20140326,17.593,17.632,17.424,17.433,6120,0
20140327,17.56,17.786,17.481,17.777,3308,0
20140328,17.745,17.822,17.708,17.822,6159,0
20140331,17.831,17.889,17.798,17.83,10138,0
20140401,17.831,17.831,17.593,17.831,1945,0
20140402,18.256,18.256,17.704,17.848,22105,0
20140403,17.848,17.848,17.848,17.848,4028,0
20140404,17.838,17.848,17.722,17.848,8766,0
20140407,17.992,17.992,17.695,17.695,8480,0
20140408,17.838,17.848,17.838,17.848,231,0
20140409,17.831,17.848,17.831,17.848,3707,0
20140410,17.695,17.848,17.695,17.848,4476,0
20140411,18.377,18.377,17.72,17.966,5194,0
20140414,17.712,18.24,17.685,17.949,4454,0
20140415,17.966,17.983,17.342,17.976,14510,0
20140416,17.538,17.94,17.538,17.931,961,0
20140417,18.049,18.049,18.049,18.049,706,0
20140421,17.768,18.034,17.547,17.925,6175,0
20140422,17.949,17.949,17.666,17.94,1459,0
20140423,17.949,18.095,17.793,18.003,11710,0
20140424,18.086,18.385,17.966,18.13,16813,0
20140425,18.121,18.3,18.049,18.291,20472,0
20140428,18.385,19.334,18.385,18.703,34069,0
20140429,18.615,19.249,18.615,18.734,9875,0
20140430,18.824,19.233,18.523,18.734,24563,0
20140501,18.824,19.201,18.65,18.824,15785,0
20140502,18.96,18.994,18.728,18.943,4862,0
20140505,19.241,19.241,18.735,18.889,21807,0
20140506,18.824,19.097,18.734,18.865,6416,0
20140507,18.787,19.079,18.734,19.043,20636,0
20140508,19.234,19.241,18.994,19.147,5081,0
20140509,19.197,19.25,19.034,19.034,23961,0
20140512,19.234,19.25,19.009,19.115,25798,0
20140513,19.234,19.372,19.234,19.285,351,0
20140514,19.242,19.362,19.242,19.242,5273,0
20140515,19.242,19.277,19.114,19.257,19708,0
20140516,19.141,19.317,19.141,19.317,5125,0
20140519,19.188,19.188,19.084,19.096,30193,0
20140520,19.123,19.276,18.993,19.024,18953,0
20140521,19.016,19.016,19.008,19.008,920,0
20140522,19.132,19.284,18.941,19.284,8363,0
20140523,19.033,19.147,19.033,19.095,14647,0
20140527,19.154,19.154,19.042,19.059,5664,0
20140528,19.154,19.154,19.059,19.123,14652,0
20140529,19.154,19.372,19.033,19.123,15031,0
20140530,19.05,19.3,19.042,19.132,6120,0
20140602,19.114,19.455,19.069,19.123,6376,0
20140604,19.353,19.372,19.069,19.078,27002,0
20140605,19.078,19.372,19.078,19.285,14516,0
20140606,19.285,19.416,19.285,19.372,7121,0
20140609,19.372,19.416,19.293,19.416,4143,0
20140610,19.3,19.416,19.285,19.285,26253,0
20140611,19.417,19.482,19.361,19.447,4658,0
20140612,19.431,19.509,19.431,19.474,11980,0
20140613,19.474,19.474,19.423,19.423,1941,0
20140616,19.344,19.398,19.344,19.377,6159,0
20140617,19.363,19.363,19.317,19.327,5233,0
20140618,19.408,19.408,19.408,19.408,2770,0
20140619,19.692,19.692,19.492,19.692,1397,0
20140620,19.814,19.814,19.536,19.536,5369,0
20140623,19.667,19.667,19.63,19.63,5470,0
20140624,19.546,19.829,19.536,19.63,2704,0
20140625,19.631,19.814,19.63,19.802,4314,0
20140626,19.786,19.786,19.714,19.714,728,0
20140627,19.587,19.62,19.578,19.62,11351,0
20140630,19.62,19.717,19.62,19.692,3702,0
20140701,19.742,19.838,19.7,19.786,15582,0
20140702,19.594,19.777,19.594,19.768,1268,0
20140703,19.651,19.712,19.651,19.712,2957,0
20140707,19.7,19.733,19.63,19.7,3637,0
20140708,19.786,19.786,19.777,19.777,733,0
20140709,19.667,19.786,19.667,19.777,4297,0
20140710,19.814,19.814,19.587,19.709,22802,0
20140711,19.611,19.68,19.577,19.611,7114,0
20140714,19.823,19.823,19.602,19.756,3110,0
20140715,19.646,19.646,19.646,19.646,350,0
20140716,19.7,19.7,19.175,19.266,13522,0
20140717,19.305,19.48,19.157,19.157,10836,0
20140718,19.152,19.185,17.965,18.662,22580,0
20140721,18.829,19.004,18.829,18.937,5742,0
20140722,18.74,18.959,18.55,18.608,34619,0
20140723,18.662,18.914,18.608,18.627,7860,0
20140724,18.55,18.732,18.218,18.653,7398,0
20140725,18.566,18.592,18.532,18.592,865,0
20140728,18.523,18.585,18.513,18.585,7144,0
20140729,18.627,18.699,18.523,18.699,3415,0
20140730,18.732,18.732,18.392,18.461,4004,0
20140731,18.707,18.707,18.461,18.653,3866,0
20140801,18.306,18.635,18.297,18.627,3356,0
20140804,18.689,18.689,18.271,18.427,1663,0
20140805,18.306,18.366,18.087,18.261,20637,0
20140806,18.199,18.199,18.05,18.096,9513,0
20140807,18.296,18.297,18.19,18.198,4433,0
20140808,18.306,18.348,18.306,18.348,9117,0
20140811,18.348,18.348,18.182,18.321,1818,0
20140812,18.227,18.279,18.227,18.253,4774,0
20140813,18.348,18.85,18.348,18.543,6693,0
20140814,18.733,18.832,18.515,18.832,3726,0
20140815,18.647,18.796,18.139,18.742,19112,0
20140818,18.796,18.85,18.437,18.85,10364,0
20140819,18.709,18.85,18.411,18.709,13154,0
20140820,18.805,18.824,18.577,18.656,8565,0
20140821,18.568,18.859,18.568,18.839,3492,0
20140822,18.778,19.122,18.733,19.077,8019,0
20140825,19.095,19.296,19.095,19.296,1708,0
20140826,18.955,19.296,18.955,19.263,3957,0
20140827,19.296,19.296,19.243,19.243,558,0
20140828,19.172,19.218,18.901,19.218,5971,0
20140829,19.218,19.303,19.201,19.303,3596,0
20140902,19.288,19.303,19.24,19.296,2837,0
20140903,19.296,19.296,18.974,19.14,7192,0
20140904,19.296,19.792,19.172,19.657,19037,0
20140905,19.253,19.743,19.253,19.743,6041,0
20140908,19.666,19.734,19.236,19.236,3601,0
20140909,19.611,19.683,19.611,19.656,8367,0
20140910,19.331,19.586,18.973,19.586,7534,0
20140911,19.411,19.435,19.337,19.401,4763,0
20140912,19.427,19.683,19.427,19.683,10420,0
20140915,19.656,19.826,19.435,19.826,14598,0
20140916,19.461,19.86,19.461,19.674,7576,0
20140917,19.86,20.052,19.778,20.052,16039,0
20140918,19.958,20.045,19.869,19.869,10077,0
20140919,19.958,20.142,19.701,20.08,14225,0
20140922,20.036,20.036,19.869,19.869,15580,0
20140923,19.869,19.869,19.515,19.778,3735,0
20140924,19.778,19.778,19.758,19.778,960,0
20140925,19.869,19.939,19.435,19.692,6051,0
20140926,19.869,19.869,19.302,19.302,4747,0
20140929,19.47,19.77,19.419,19.77,8209,0
20140930,19.892,20.08,19.869,20.08,37884,0
20141001,20.08,20.142,20.001,20.08,15502,0
20141002,20.133,20.142,20.001,20.133,9783,0
20141003,20.045,20.133,20.045,20.116,2819,0
20141006,20.116,20.133,20.001,20.133,3056,0
20141007,20.133,20.211,19.869,20.21,6005,0
20141008,20.09,20.09,20.09,20.09,429,0
20141009,20.208,20.239,20.09,20.211,7044,0
20141010,20.345,20.345,20.258,20.258,15477,0
20141013,20.114,20.311,20.079,20.079,5824,0
20141014,20.293,20.293,20.079,20.079,1259,0
20141015,20.079,20.303,20.069,20.303,2279,0
20141016,20.211,20.249,20.079,20.249,953,0
20141017,20.089,20.258,20.079,20.24,2432,0
20141020,20.303,20.345,20.089,20.258,2245,0
20141021,20.168,20.168,20.168,20.168,1380,0
20141022,20.335,20.335,20.132,20.335,5637,0
20141023,20.018,20.258,19.99,20.258,13936,0
20141024,20.293,20.335,20.258,20.311,1802,0
20141027,20.132,20.132,19.917,20.025,9103,0
20141028,19.937,20,19.927,20,2487,0
20141029,20.022,20.303,20.022,20.043,15069,0
20141030,20.115,20.258,20.088,20.258,8281,0
20141031,20.089,20.309,20.089,20.309,5353,0
20141103,20.168,20.283,19.99,20.211,8068,0
20141104,20,20.345,20,20.303,12381,0
20141105,20.303,20.328,20.079,20.328,4089,0
20141106,20.233,20.416,20.233,20.266,3522,0
20141107,20.258,20.445,20.258,20.445,12827,0
20141110,20.445,20.445,20.332,20.425,20737,0
20141112,20.477,20.584,20.39,20.411,2629,0
20141113,20.407,20.407,20.407,20.407,219,0
20141114,20.541,20.548,20.477,20.548,899,0
20141117,20.524,20.524,20.416,20.425,27549,0
20141118,20.425,20.908,20.425,20.862,1383,0
20141119,20.738,20.738,20.56,20.56,1013,0
20141120,20.56,20.568,20.452,20.514,1305,0
20141121,20.514,20.836,20.514,20.836,1816,0
20141124,20.809,20.836,20.334,20.381,21534,0
20141125,20.477,20.613,20.302,20.56,8090,0
20141126,20.56,20.56,20.56,20.56,567,0
20141128,20.56,20.604,20.56,20.604,335,0
20141201,20.827,20.836,20.56,20.56,7837,0
20141203,20.809,20.846,20.39,20.64,10959,0
20141205,20.604,20.846,20.401,20.469,6186,0
20141208,20.405,20.595,20.405,20.582,8726,0
20141209,20.578,20.579,20.578,20.579,2267,0
20141210,20.578,20.835,20.578,20.579,2949,0
20141211,20.962,20.962,20.535,20.63,5927,0
20141212,20.837,20.837,20.459,20.513,4891,0
20141215,20.459,20.459,20.332,20.332,2366,0
20141216,20.332,20.486,20.332,20.486,1848,0
20141217,20.414,20.414,20.406,20.414,1387,0
20141218,20.379,20.379,18.959,19.775,21394,0
20141219,19.784,20.27,19.784,20.146,2241,0
20141222,20.237,20.406,20.072,20.406,12572,0
20141224,20.254,20.406,20.254,20.37,5114,0
20141226,20.244,20.332,20.244,20.332,4583,0
20141229,20.468,20.468,20.254,20.37,7564,0
20141230,20.324,20.324,20.324,20.324,473,0
20141231,20.414,20.414,20.37,20.414,1276,0
20150102,20.64,20.64,20.64,20.64,494,0
20150105,20.297,20.414,20.244,20.28,3398,0
20150106,20.414,20.676,20.254,20.254,2813,0
20150107,20.27,20.648,20.262,20.262,8172,0
20150108,20.324,20.595,20.308,20.424,3959,0
20150109,20.459,20.504,20.459,20.476,2430,0
20150112,20.486,20.486,20.47,20.47,3199,0
20150113,20.468,20.595,20.459,20.476,5489,0
20150114,20.459,20.704,20.459,20.459,13380,0
20150115,20.684,20.759,20.423,20.423,6077,0
20150116,20.539,20.539,20.423,20.423,2741,0
20150120,20.423,20.731,20.423,20.433,10460,0
20150121,20.433,20.812,20.433,20.433,12744,0
20150122,20.513,20.812,20.513,20.803,13934,0
20150123,20.444,20.794,20.444,20.513,5635,0
20150126,20.54,21.083,20.459,20.542,6641,0
20150127,20.641,20.812,20.595,20.803,24502,0
20150128,20.812,21.051,20.587,20.587,10511,0
20150129,20.568,21.04,20.495,20.903,22938,0
20150130,20.894,21.1,20.74,21.058,8182,0
20150202,21.058,21.058,20.93,20.93,1714,0
20150203,20.866,20.866,20.614,20.766,10589,0
20150204,20.812,20.812,20.731,20.731,2588,0
20150205,20.722,20.812,20.692,20.812,2940,0
20150206,20.646,20.646,20.587,20.631,7063,0
20150209,20.73,21.044,20.595,20.794,17455,0
20150210,20.731,21.048,20.541,20.694,2017,0
20150211,21.168,21.168,20.676,20.812,3822,0
20150212,20.82,20.84,20.786,20.794,5821,0
20150213,20.786,20.786,20.494,20.713,5042,0
20150217,20.786,21.077,20.62,20.676,1700,0
20150218,20.766,20.85,20.667,20.676,2441,0
20150219,20.803,20.803,20.803,20.803,1586,0
20150220,20.749,21.159,20.731,20.731,9447,0
20150223,20.759,21.019,20.676,20.684,6645,0
20150224,20.803,20.917,20.759,20.867,2333,0
20150225,20.667,20.676,20.494,20.494,5775,0
20150226,20.484,20.558,20.441,20.558,11166,0
20150227,20.53,20.895,20.304,20.895,11226,0
20150302,20.803,20.986,20.803,20.812,7249,0
20150303,20.759,20.941,20.176,20.586,19662,0
20150304,20.586,20.657,20.539,20.657,7689,0
20150305,20.64,20.648,20.466,20.484,8457,0
20150306,20.603,20.74,20.567,20.74,3294,0
20150309,20.722,20.722,20.722,20.722,328,0
20150310,20.694,20.722,20.064,20.484,11533,0
20150311,20.256,20.613,20.256,20.512,15936,0
20150312,20.44,20.603,20.208,20.484,9606,0
20150313,20.613,20.613,20.346,20.53,1418,0
20150316,20.613,20.613,20.475,20.613,654,0
20150317,20.613,20.613,20.264,20.613,1310,0
20150319,20.613,20.613,20.613,20.613,1965,0
20150320,20.311,20.677,20.293,20.53,6113,0
20150323,20.521,20.521,20.393,20.393,875,0
20150324,20.43,20.641,20.293,20.393,13535,0
20150325,20.43,20.539,20.384,20.384,2402,0
20150326,20.649,20.649,20.337,20.53,5567,0
20150327,20.603,20.603,20.337,20.337,2511,0
20150330,20.384,20.384,20.328,20.384,2402,0
20150331,20.337,20.384,20.293,20.355,8540,0
20150401,20.293,20.466,20.256,20.264,6332,0
20150402,20.384,20.384,20.273,20.384,5456,0
20150406,20.273,20.603,20.273,20.548,12444,0
20150407,20.384,20.42,20.293,20.384,8719,0
20150408,20.475,20.548,20.273,20.393,11025,0
20150409,20.384,20.613,20.384,20.567,9038,0
20150410,20.677,20.705,20.613,20.658,1310,0
20150413,20.787,21.129,20.787,21.037,21261,0
20150414,21.018,21.929,20.778,21.599,44042,0
20150415,21.643,22.005,21.313,21.617,87991,0
20150416,21.662,21.709,20.991,21.276,26572,0
20150417,21.275,21.626,20.898,21.609,91775,0
20150420,21.591,21.895,21.591,21.847,14881,0
20150421,21.877,21.92,21.662,21.719,8668,0
20150422,21.867,21.867,21.662,21.662,3855,0
20150423,21.488,21.709,21.488,21.709,4013,0
20150424,21.709,21.709,21.386,21.386,1840,0
20150427,21.386,22.076,21.386,21.791,23540,0
20150428,21.662,21.709,21.35,21.35,9623,0
20150429,21.662,21.662,21.35,21.653,5534,0
20150430,21.774,21.774,21.386,21.386,7919,0
20150501,21.386,21.479,21.386,21.443,1845,0
20150504,21.35,21.386,21.202,21.202,3470,0
20150505,21.295,21.332,20.907,21.037,35040,0
20150506,20.896,20.944,20.751,20.916,21823,0
20150507,20.999,21.018,20.999,21.018,1084,0
20150508,20.999,21.137,20.971,20.991,14971,0
20150511,21.109,21.166,20.88,20.88,55869,0
20150512,20.889,20.961,20.766,20.806,6837,0
20150513,21.056,21.056,20.915,20.915,4059,0
20150514,20.86,20.916,20.74,20.74,7978,0
20150515,20.694,20.907,20.694,20.74,4502,0
20150518,20.731,20.731,20.425,20.499,3215,0
20150519,20.777,20.777,20.499,20.555,3061,0
20150520,20.37,20.787,20.044,20.6,10996,0
20150521,20.749,20.907,20.574,20.592,14232,0
20150522,20.592,20.916,20.509,20.657,22640,0
20150526,20.731,20.982,20.684,20.916,12016,0
20150527,20.843,20.843,20.74,20.823,4204,0
20150528,20.972,21.056,20.972,21.009,2391,0
20150529,20.787,21.056,20.787,21.056,1616,0
20150601,21.009,21.009,20.823,20.823,4275,0
20150602,20.796,20.823,20.796,20.823,1201,0
20150603,20.722,20.925,20.722,20.853,1616,0
20150604,20.853,20.853,20.853,20.853,211,0
20150605,20.823,20.823,20.823,20.823,111,0
20150608,20.787,20.787,20.638,20.731,2695,0
20150609,20.777,20.777,20.638,20.657,4519,0
20150610,20.694,20.777,20.694,20.777,1404,0
20150611,20.814,21.047,20.748,20.926,3330,0
20150616,20.814,20.814,20.767,20.767,2250,0
20150617,20.767,20.767,20.535,20.712,8358,0
20150618,20.703,20.712,20.386,20.535,10284,0
20150619,20.535,20.814,20.526,20.777,18641,0
20150622,20.767,20.767,20.516,20.543,2678,0
20150623,20.535,20.535,20.347,20.507,3092,0
20150624,20.598,20.598,20.395,20.507,1929,0
20150625,20.412,20.535,20.412,20.526,2678,0
20150626,20.59,20.656,20.347,20.468,6857,0
20150629,19.591,20.077,17.798,19.069,111102,0
20150630,18.267,18.435,18.155,18.174,22020,0
20150701,18.174,18.725,18.155,18.444,76497,0
20150702,18.435,18.881,18.435,18.518,10929,0
20150706,18.444,18.891,18.407,18.668,10394,0
20150707,19.004,19.021,18.668,18.668,5142,0
20150708,18.668,18.891,18.416,18.761,5785,0
20150709,18.788,18.891,18.585,18.891,5679,0
20150710,18.778,18.865,18.751,18.845,11678,0
20150713,18.976,19.127,18.817,19.079,9363,0
20150714,19.014,19.118,18.938,19.118,1425,0
20150715,18.996,19.089,18.891,19.079,11833,0
20150716,18.986,18.986,18.797,18.797,7021,0
20150717,18.797,18.797,18.666,18.797,1702,0
20150720,18.797,18.797,18.083,18.101,9790,0
20150721,18.327,18.544,18.186,18.234,4255,0
20150722,18.234,18.694,18.083,18.468,16704,0
20150723,18.646,18.656,18.242,18.422,25217,0
20150724,18.724,19.4,18.724,19.155,5427,0
20150727,19.07,19.39,19.07,19.39,5214,0
20150728,19.436,19.436,19.146,19.269,7128,0
20150729,19.333,19.455,19.221,19.295,13406,0
20150730,19.371,19.41,19.221,19.221,5957,0
20150731,19.269,19.39,18.159,18.159,15747,0
20150803,18.441,19.108,18.441,18.563,8336,0
20150804,18.704,19.098,18.704,18.928,25217,0
20150805,18.865,19.005,18.553,18.573,4574,0
20150806,18.592,18.928,18.563,18.928,3831,0
20150807,18.967,19.728,18.938,19.493,10853,0
20150810,19.39,19.643,18.986,19.269,12342,0
20150811,19.032,19.314,19.032,19.304,1202,0
20150812,19.096,19.484,19.077,19.484,3699,0
20150813,19.456,19.484,19.077,19.4,3487,0
20150814,19.172,19.182,19.162,19.172,4544,0
20150817,19.135,19.238,18.604,19.162,6763,0
20150818,18.974,19.342,18.974,19.162,4754,0
20150819,19.238,19.304,19.162,19.162,3805,0
20150820,19.228,19.494,18.719,19.153,19656,0
20150821,18.926,18.926,18.775,18.926,2114,0
20150824,18.632,19.162,18.509,18.746,16509,0
20150825,18.878,19.096,18.529,18.746,14582,0
20150826,18.775,18.916,18.623,18.651,1374,0
20150827,18.651,18.651,18.32,18.32,22088,0
20150828,18.425,18.916,18.425,18.547,5812,0
20150831,18.5,18.5,18.187,18.454,9721,0
20150901,18.216,18.538,18.206,18.538,6868,0
20150902,18.444,18.926,18.444,18.793,20713,0
20150903,18.87,18.888,18.567,18.831,23458,0
20150908,18.642,18.831,18.642,18.831,1798,0
20150909,18.831,18.983,18.831,18.888,7185,0
20150910,18.699,18.926,18.699,18.926,4424,0
20150914,19.059,19.107,19.059,19.107,2309,0
20150915,19.154,19.154,19.059,19.154,5981,0
20150916,19.011,19.059,18.935,19.011,3462,0
20150917,18.83,19.069,18.83,19.069,2986,0
20150918,18.84,19.526,18.84,19.26,7661,0
20150921,19.297,19.488,19.297,19.345,2519,0
20150922,19.011,19.316,19.011,19.316,5667,0
20150923,19.154,19.335,19.154,19.287,7334,0
20150924,18.916,19.526,18.916,19.287,8972,0
20150925,19.088,19.707,19.02,19.23,2833,0
20150928,19.393,19.651,19.192,19.192,9894,0
20150929,19.679,19.898,18.926,18.945,9235,0
20150930,18.945,19.488,18.792,19.383,7975,0
20151001,19.297,19.526,19.297,19.306,3462,0
20151002,19.478,19.793,19.326,19.726,13851,0
20151005,19.564,20.003,19.564,19.764,1511,0
20151006,19.783,19.86,19.536,19.86,6192,0
20151007,19.698,19.916,17.943,19.869,25088,0
20151009,19.869,19.898,19.726,19.898,6715,0
20151012,19.946,19.946,19.869,19.916,8023,0
20151013,19.946,20.147,19.58,20.147,1668,0
20151014,19.916,19.916,19.877,19.906,835,0
20151015,20.127,20.137,19.58,19.956,2188,0
20151016,19.677,19.956,19.504,19.802,2919,0
20151019,20.156,20.194,20.156,20.194,522,0
20151020,20.05,20.243,19.868,20.243,6150,0
20151021,20.184,20.184,19.868,20.165,1980,0
20151022,20.021,20.147,20.021,20.147,418,0
20151023,20.1,20.147,20.08,20.08,1564,0
20151026,20.234,20.234,20.234,20.234,1980,0
20151027,20.234,20.338,20.08,20.204,6046,0
20151028,20.291,20.291,20.204,20.204,3544,0
20151029,20.175,20.243,20.1,20.224,4274,0
20151030,20.165,20.194,20.165,20.194,4691,0
20151102,20.021,20.194,20.021,20.14,873,0
20151103,19.859,20.08,19.763,19.956,8756,0
20151104,19.956,19.956,19.83,19.83,1580,0
20151105,19.993,19.993,19.839,19.956,2606,0
20151109,20.08,20.08,20.031,20.031,1153,0
20151111,20.215,20.215,20.215,20.215,415,0
20151112,19.955,19.955,19.945,19.945,1242,0
20151113,19.945,20.127,19.828,20.127,3935,0
20151116,19.847,19.857,19.828,19.838,4556,0
20151117,20.041,20.08,19.896,20.08,829,0
20151118,19.866,20.176,19.838,19.838,1760,0
20151119,19.896,19.896,19.896,19.896,620,0
20151120,19.896,20.185,19.838,20.06,5281,0
20151123,19.857,19.857,19.857,19.857,105,0
20151124,19.872,20.147,19.838,20.147,2692,0
20151125,20.205,20.205,20.137,20.137,1450,0
20151127,20.185,20.185,20.185,20.185,518,0
20151130,19.828,20.156,19.828,20.156,1242,0
20151201,19.828,20.08,19.566,20.031,4726,0
20151202,19.77,20.06,19.77,19.975,2882,0
20151203,19.819,19.955,19.558,19.558,4649,0
20151204,19.828,19.828,19.616,19.751,4866,0
20151207,19.626,19.626,19.414,19.414,2277,0
20151208,19.374,19.374,19.316,19.316,5974,0
20151209,19.316,19.404,19.181,19.316,4451,0
20151210,19.365,19.384,19.286,19.296,3002,0
20151211,19.404,19.432,19.356,19.394,3701,0
20151214,19.356,19.356,18.956,19.064,2658,0
20151215,18.937,18.975,18.908,18.966,2776,0
20151216,19.228,19.228,18.09,18.402,15216,0
20151217,18.236,18.236,18.179,18.179,2674,0
20151218,18.236,18.547,18.187,18.236,20974,0
20151221,18.567,18.675,18.567,18.675,2467,0
20151222,18.626,19.248,18.14,18.645,15910,0
20151223,18.519,18.713,18.48,18.48,3907,0
20151224,18.626,18.655,18.626,18.655,362,0
20151228,18.528,19.102,18.489,18.547,2233,0
20151229,19.047,19.047,18.489,18.626,3007,0
20151230,18.509,19.016,18.48,18.48,9807,0
20151231,18.918,19.024,18.772,18.772,3486,0
20160104,18.937,18.995,18.937,18.995,1028,0
20160105,19.064,19.131,19.054,19.131,1954,0
20160106,19.092,19.14,19.092,19.14,498,0
20160107,19.311,19.311,18.878,19.014,5203,0
20160108,19.064,19.064,18.868,18.927,2645,0
20160111,18.918,18.966,18.577,18.577,1619,0
20160112,18.849,19.21,18.567,18.966,3917,0
20160113,18.967,19.057,18.966,18.966,5407,0
20160114,18.966,19.348,18.966,18.966,10982,0
20160115,19.103,19.151,19.103,19.151,1516,0
20160119,19.338,19.69,19.004,19.25,12863,0
20160120,18.673,19.69,18.662,19.592,38739,0
20160121,19.445,19.445,19.445,19.445,1021,0
20160122,19.622,19.837,19.565,19.592,15741,0
20160125,19.592,19.764,19.151,19.151,5359,0
20160126,19.789,19.896,19.789,19.857,4361,0
20160127,19.886,20.043,19.592,20.043,3540,0
20160129,20.032,20.327,20.032,20.327,7088,0
20160201,19.857,20.19,19.837,20.083,2448,0
20160202,20.333,20.333,20.083,20.083,8173,0
20160203,20.083,20.23,19.592,19.827,15614,0
20160204,19.789,19.814,19.789,19.814,306,0
20160205,19.764,19.764,19.348,19.592,2374,0
20160208,19.348,19.592,19.103,19.278,8037,0
20160209,19.064,19.592,19.064,19.151,9510,0
20160210,19.289,19.299,19.241,19.241,2534,0
20160211,19.141,19.808,19.141,19.808,1672,0
20160212,19.635,19.733,19.487,19.575,2430,0
20160216,19.704,19.733,19.507,19.663,3289,0
20160217,19.733,19.881,19.713,19.713,5858,0
20160219,19.487,19.881,19.487,19.871,10743,0
20160222,19.881,19.881,19.487,19.605,3682,0
20160223,19.733,19.733,19.733,19.733,102,0
20160224,19.536,19.832,19.536,19.565,3506,0
20160225,19.881,20.105,19.861,19.881,6762,0
20160226,19.881,19.931,19.881,19.881,1622,0
20160229,19.929,20.424,19.881,19.931,3320,0
20160301,20.681,20.681,20.128,20.128,1011,0
20160302,20.196,20.227,19.891,19.891,4921,0
20160303,20.533,20.681,20.523,20.681,411,0
20160304,20.325,20.325,20.228,20.256,1014,0
20160307,20.424,20.72,19.921,20.281,8261,0
20160308,20.715,20.978,20.128,20.72,23370,0
20160309,20.325,21.016,20.325,20.71,2384,0
20160310,20.72,20.73,20.72,20.72,12214,0
20160311,20.859,20.889,20.859,20.859,320,0
20160314,20.859,20.859,20.044,20.054,10028,0
20160315,20.114,20.114,19.826,19.925,22442,0
20160316,19.766,20.179,19.664,19.865,18635,0
20160317,20.064,20.302,19.865,20.114,12298,0
20160318,20.074,20.134,19.865,19.875,8980,0
20160321,20.064,20.253,19.865,20.253,6831,0
20160322,20.034,20.064,19.786,19.985,13754,0
20160323,20.101,20.101,19.865,19.915,11028,0
20160324,20.014,20.243,20.005,20.054,2838,0
20160328,20.054,20.114,19.925,20.014,9075,0
20160329,20.094,20.371,20.094,20.312,4889,0
20160330,20.362,20.362,20.234,20.234,1369,0
20160331,20.362,20.461,20.223,20.461,10809,0
20160401,20.223,20.336,20.223,20.336,693,0
20160405,20.164,20.348,20.163,20.203,9182,0
20160406,20.461,20.461,20.461,20.461,2014,0
20160407,20.322,20.457,20.095,20.332,5536,0
20160408,20.442,20.442,20.064,20.213,2534,0
20160411,20.273,20.404,20.273,20.404,1778,0
20160412,20.461,20.826,20.273,20.61,9366,0
20160413,20.72,20.75,20.7058,20.726,5210,0
20160414,20.75,20.9899,20.654,20.9899,900,0
20160415,20.94,20.94,20.7,20.745,4841,0
