Date,Open,High,Low,Close,Volume,OpenInt
20111028,7.97,7.97,7.94,7.94,1300,0
20111031,7.75,7.85,7.75,7.85,1100,0
20111101,7.7,7.79,7.65,7.79,118115,0
20111102,8.1,8.1,8.1,8.1,1496,0
20111103,8.2,8.44,8.2,8.44,2450,0
20111104,8.21,8.21,8.2,8.2,2700,0
20111107,8.25,8.25,8.25,8.25,2400,0
20111108,8.35,8.35,8.35,8.35,500,0
20111109,8.25,8.27,8.17,8.17,2300,0
20111110,8.12,8.12,8.12,8.12,100,0
20111114,8.11,8.11,7.96,7.96,2700,0
20111115,7.75,7.75,7.75,7.75,1500,0
20111116,7.91,7.91,7.91,7.91,500,0
20111117,7.7,7.7,7.57,7.6,48497,0
20111118,7.55,7.7,7.55,7.55,2200,0
20111121,7.45,7.48,7.4,7.48,5400,0
20111123,7.4,7.45,7.35,7.37,50110,0
20111125,7.42,7.42,7.42,7.42,500,0
20111128,7.49,7.7,7.49,7.5,4500,0
20111130,7.75,7.75,7.75,7.75,2400,0
20111201,7.8,7.8,7.8,7.8,5702,0
20111202,7.89,7.89,7.73,7.73,800,0
20111205,7.85,8.05,7.68,7.68,8100,0
20111208,7.7,7.7,7.63,7.63,3700,0
20111213,7.59,7.59,7.59,7.59,900,0
20111215,7.5,7.5,7.35,7.35,1409,0
20111216,7.19,7.49,7.19,7.21,1000,0
20111220,6.75,7.28,6.75,6.84,700,0
20111222,7,7.14,6.86,7.14,2300,0
20111228,6.9,7.06,6.9,7.06,2500,0
20111229,7.05,7.06,6.99,6.99,900,0
20120103,7,7.15,6.75,6.75,1500,0
20120104,7,7,6.98,7,1313,0
20120105,7,7.02,7,7.02,3750,0
20120110,6.9,6.9,6.9,6.9,200,0
20120117,6.25,6.25,6.24,6.24,1550,0
20120118,6.24,6.25,6.24,6.25,1000,0
20120119,6.26,6.26,6.26,6.26,800,0
20120123,6.4,6.45,6.4,6.45,1000,0
20120124,6.45,6.5,6.45,6.46,2700,0
20120126,6.6,6.6,6.6,6.6,1300,0
20120206,6.45,6.45,6.45,6.45,200,0
20120210,5.97,5.97,5.38,5.38,200,0
20120213,6.5,6.5,6.03,6.16,6200,0
20120214,6.4,6.4,6.4,6.4,510,0
20120216,6,6.01,5.5,5.5,3000,0
20120221,5.57,6.6,5.56,6.6,5944,0
20120222,6.85,6.85,6.38,6.38,2600,0
20120223,6.55,6.55,6.05,6.05,1300,0
20120224,6.78,7.35,6.77,7.35,3970,0
20120227,9.6,9.6,6.35,7.21,6486,0
20120228,7.51,7.51,7.45,7.45,1600,0
20120229,7.45,7.45,7.45,7.45,400,0
20120301,7.5,7.8,7.49,7.8,13714,0
20120302,7.82,7.82,7.82,7.82,100,0
20120307,7.15,7.15,6.87,6.87,800,0
20120309,6.16,7.21,6.16,7.2,4000,0
20120312,7.35,7.35,6.88,6.97,914,0
20120313,6.97,7,6.97,7,4098,0
20120314,6.98,7,6.84,6.84,4702,0
20120316,6.84,6.84,6.82,6.82,400,0
20120319,6.9,6.9,6.55,6.55,2400,0
20120320,6.6,6.6,6.45,6.45,700,0
20120323,6.45,6.45,6.45,6.45,100,0
20120326,6.42,6.5,6.42,6.49,825,0
20120328,6.25,6.33,6.25,6.33,5000,0
20120329,6.15,6.4,6.15,6.4,1500,0
20120402,6.5,6.5,6.5,6.5,1000,0
20120405,6.83,6.83,6.76,6.76,1800,0
20120410,6.72,6.83,6.71,6.75,6400,0
20120411,6.75,6.76,6.72,6.73,2100,0
20120413,7,7,7,7,600,0
20120417,7.05,7.05,7.05,7.05,1700,0
20120418,7.24,7.24,7.24,7.24,1298,0
20120419,7.28,7.3,7.1,7.1,500,0
20120424,7.3,7.3,7.3,7.3,2600,0
20120425,7.36,7.36,7.1,7.1,1500,0
20120426,7.2,7.2,7.2,7.2,200,0
20120427,7.3,7.35,7.3,7.35,2100,0
20120430,7.35,7.35,7.35,7.35,2000,0
20120501,7.3,7.4,7.3,7.4,1350,0
20120503,7.16,7.16,7.14,7.14,550,0
20120507,6.99,7,6.99,7,4900,0
20120514,7,7,6.1,6.1,880,0
20120515,6.56,6.56,6.56,6.56,400,0
20120516,6.8,7.1,6.78,7.1,16350,0
20120518,7.45,7.45,7.21,7.25,4700,0
20120521,7.25,7.25,6.9,6.9,1700,0
20120522,7.23,7.25,7.22,7.25,2300,0
20120524,7.05,7.05,7.05,7.05,200,0
20120525,7,7,7,7,388,0
20120529,5.75,6.52,5.75,6.52,2300,0
20120530,6.7,6.7,6.59,6.59,1200,0
20120531,6.46,6.6,6.44,6.6,500,0
20120606,6.75,6.75,6.48,6.48,1199,0
20120611,6.55,6.55,6.55,6.55,2500,0
20120613,6.51,6.51,6.5,6.51,900,0
20120615,6.14,6.25,5.97,6.25,2202,0
20120619,6.45,6.45,6.45,6.45,160,0
20120622,6.28,6.28,6.12,6.12,499,0
20120625,6.15,6.15,6.15,6.15,2500,0
20120627,5.9,5.9,5.9,5.9,200,0
20120629,6,6.1,5.91,5.92,6870,0
20120703,5.8,5.8,5.8,5.8,500,0
20120705,6,6,6,6,300,0
20120706,5.95,5.95,5.9,5.9,3150,0
20120710,5.75,5.75,5.75,5.75,6000,0
20120711,5.75,5.75,5.75,5.75,5000,0
20120713,5.8,5.8,5.8,5.8,600,0
20120718,5.95,5.95,5.75,5.75,6000,0
20120719,5.69,5.75,5.61,5.61,15000,0
20120720,5.6,5.6,5.6,5.6,5000,0
20120723,5.7,5.74,5.7,5.74,1800,0
20120724,5.52,5.52,5.29,5.3,5600,0
20120725,5.13,5.13,5,5,8501,0
20120730,5.37,5.37,5.28,5.28,750,0
20120731,5.25,5.25,5.25,5.25,400,0
20120806,5.25,5.3,5.13,5.3,1116,0
20120807,4.95,5,4.95,5,5100,0
20120808,5.07,5.07,5.07,5.07,100,0
20120815,5.2,5.25,5.2,5.25,2646,0
20120817,5.3499,5.4,5.3499,5.4,1200,0
20120821,6.37,6.37,5.45,5.45,1800,0
20120822,5.48,5.48,5.4,5.4,2466,0
20120824,5.3,5.3,5.3,5.3,500,0
20120827,5.19,5.19,5.14,5.15,1766,0
20120828,5.1499,5.17,5.1499,5.17,300,0
20120829,5.1,5.1,5.0999,5.1,2000,0
20120830,5.15,5.15,5.14,5.15,2100,0
20120831,5.15,5.25,5.15,5.25,9900,0
20120905,5.24,5.25,5.24,5.24,700,0
20120907,5.16,5.26,5.16,5.26,3500,0
20120910,5.3,5.3,5.3,5.3,1300,0
20120911,5.25,5.25,5.25,5.25,1000,0
20120912,5.26,5.26,5.26,5.26,1000,0
20120913,5.15,5.15,5.148,5.15,3100,0
20120914,5.2,5.2,5.2,5.2,100,0
20120918,5.05,5.05,5.05,5.05,350,0
20120919,5.1,5.2,5.1,5.15,900,0
20120920,5.11,5.12,5.11,5.12,9900,0
20120921,4.9301,4.9301,4.9301,4.9301,650,0
20120924,4.95,4.95,4.95,4.95,500,0
20120925,4.9,4.9,4.87,4.87,10300,0
20120926,5.1,5.1,5.1,5.1,300,0
20120927,4.79,4.87,4.79,4.87,5100,0
20121001,4.75,4.75,4.75,4.75,5000,0
20121002,4.73,4.75,4.73,4.75,10000,0
20121003,4.7,4.7,4.7,4.7,300,0
20121005,4.7,4.7,4.59,4.62,5600,0
20121009,4.43,4.43,4.4,4.4,5000,0
20121010,4.65,4.65,4.62,4.62,6200,0
20121011,4.67,4.75,4.67,4.75,300,0
20121016,4.6,4.6,4.6,4.6,5000,0
20121017,4.5999,4.6,4.4201,4.5,10730,0
20121018,4.5,4.5,4.5,4.5,6000,0
20121019,4.45,4.45,4.35,4.35,3000,0
20121022,4.5,4.5,4.4,4.4,6000,0
20121023,4.35,4.41,4.25,4.28,14700,0
20121024,4.25,4.25,4.2,4.2,5100,0
20121025,4.18,4.2,4.18,4.2,5600,0
20121026,4.2,4.2,4.18,4.18,7970,0
20121031,4.15,4.25,4.09,4.2499,15000,0
20121101,4.31,4.38,4.31,4.38,1400,0
20121106,4.43,4.45,4.41,4.41,7300,0
20121108,4.01,4.04,3.99,4.04,1800,0
20121109,3.98,3.99,3.98,3.99,2200,0
20121113,3.97,3.97,3.97,3.97,400,0
20121114,3.99,4.02,3.99,3.9901,1600,0
20121115,4.12,4.25,4.12,4.25,750,0
20121123,4.12,4.12,4.12,4.12,300,0
20121126,4.05,4.05,4.05,4.05,2000,0
20121127,4,4,4,4,200,0
20121203,3.9,3.9,3.9,3.9,1200,0
20121204,3.77,3.77,3.55,3.68,14400,0
20121205,3.74,3.8,3.6,3.6,12700,0
20121206,3.65,3.65,3.55,3.65,1100,0
20121207,3.65,3.65,3.6,3.6,1900,0
20121210,3.31,3.63,3.31,3.63,3100,0
20121211,3.63,3.75,3.63,3.75,4700,0
20121212,3.8,3.84,3.8,3.84,1250,0
20121213,3.89,3.89,3.89,3.89,1000,0
20121214,3.91,4.03,3.91,4.03,4300,0
20121217,4.03,4.16,4.03,4.08,4600,0
20121218,4.06,4.24,4.02,4.24,6300,0
20121219,4.25,4.48,4.25,4.48,3800,0
20121220,4.6,4.85,4.59,4.75,15290,0
20121221,4.5466,4.5466,4.5466,4.5466,457,0
20121227,4.6,4.6,4.46,4.46,2210,0
20121228,4.5,4.7,4.5,4.7,5000,0
20121231,4.6,4.61,4.55,4.55,3225,0
20130103,4.59,4.59,4.59,4.59,200,0
20130104,4.72,4.72,4.59,4.62,1500,0
20130108,4.49,4.49,4.32,4.49,600,0
20130110,4.5,4.5,4.5,4.5,100,0
20130114,4.6,4.73,4.6,4.73,2100,0
20130115,4.73,4.73,4.68,4.69,5448,0
20130118,4.6,4.6,4.49,4.49,700,0
20130122,4.55,4.55,4.55,4.55,5500,0
20130123,4.5,4.55,4.5,4.55,6800,0
20130125,4.62,4.7,4.55,4.55,750,0
20130131,4.6,4.6,4.6,4.6,190,0
20130201,4.51,4.51,4.51,4.51,3000,0
20130205,4.38,4.38,4.38,4.38,300,0
20130206,4.34,4.39,4.34,4.39,800,0
20130212,4.07,4.07,4.07,4.07,100,0
20130214,3.89,3.89,3.7,3.75,800,0
20130215,3.61,3.61,3.56,3.56,10300,0
20130219,3.51,3.51,3.51,3.51,2000,0
20130220,3.51,3.51,3.49,3.49,5100,0
20130221,3.25,3.31,3.17,3.3,13900,0
20130222,3.31,3.33,3.31,3.33,2300,0
20130225,3.25,3.35,3.25,3.29,5300,0
20130226,3.16,3.16,3.1,3.1,15800,0
20130227,3.11,3.18,3.05,3.17,8550,0
20130228,3.2,3.22,3.2,3.22,800,0
20130304,3.2,3.28,3.2,3.28,1200,0
20130305,3.26,3.26,3.26,3.26,200,0
20130306,3.22,3.25,3.21,3.25,900,0
20130307,3.22,3.24,3.22,3.23,700,0
20130308,3.19,3.19,3.1,3.15,4000,0
20130311,3.07,3.15,2.95,3.15,8800,0
20130312,3.08,3.24,3.08,3.08,11200,0
20130313,3.08,3.21,3.08,3.21,2900,0
20130314,3.2,3.45,3.2,3.45,1400,0
20130315,3.55,3.553,3.55,3.553,275,0
20130319,3.4,3.4,3.34,3.34,2300,0
20130321,3.23,3.23,3.23,3.23,100,0
20130325,2.95,2.95,2.72,2.85,2300,0
20130402,3.05,3.05,3.05,3.05,400,0
20130404,3.03,3.03,3.03,3.03,499,0
20130405,2.99,2.99,2.78,2.8,5551,0
20130408,2.79,2.84,2.78,2.84,2400,0
20130410,2.8,2.85,2.8,2.85,600,0
20130411,2.85,2.88,2.77,2.8,4400,0
20130412,2.74,2.74,2.72,2.74,10500,0
20130415,2.79,2.79,2.56,2.58,2940,0
20130416,2.54,2.6,2.52,2.52,9400,0
20130417,2.54,2.58,2.52,2.58,5000,0
20130418,2.5,2.54,2.47,2.54,2102,0
20130419,2.5,2.52,2.42,2.5,2300,0
20130422,2.6,2.6,2.59,2.6,5000,0
20130423,2.6,2.6,2.6,2.6,5000,0
20130424,2.6,2.6,2.55,2.55,13390,0
20130425,2.52,2.54,2.49,2.52,18600,0
20130426,2.5,2.5,2.5,2.5,1400,0
20130429,2.5,2.5,2.5,2.5,1600,0
20130430,2.52,2.52,2.5,2.5,2100,0
20130501,2.61,2.61,2.61,2.61,200,0
20130502,2.58,2.59,2.58,2.59,1900,0
20130503,2.6099,2.61,2.6099,2.61,700,0
20130506,2.64,2.66,2.64,2.66,1900,0
20130507,2.59,2.635,2.59,2.635,300,0
20130509,2.69,2.69,2.66,2.66,1050,0
20130513,2.66,2.74,2.66,2.73,8650,0
20130514,2.65,2.65,2.65,2.65,100,0
20130515,2.69,2.72,2.63,2.65,5701,0
20130521,2.55,2.63,2.55,2.62,1300,0
20130522,2.51,2.52,2.51,2.51,1000,0
20130523,2.51,2.62,2.4,2.5,8982,0
20130524,2.5,2.5,2.45,2.45,500,0
20130528,2.35,2.49,2.35,2.49,8600,0
20130529,2.4,2.4,2.4,2.4,400,0
20130530,2.48,2.5,2.45,2.48,3100,0
20130531,2.51,2.71,2.51,2.65,3700,0
20130603,2.7,2.85,2.7,2.82,7400,0
20130604,2.82,3,2.82,3,9100,0
20130605,3.01,3.07,3.01,3.0499,7700,0
20130606,3.021,3.021,3.02,3.02,700,0
20130607,3.15,3.16,3.0201,3.1,9310,0
20130610,3.06,3.061,2.95,2.95,6400,0
20130611,2.95,2.984,2.8901,2.984,1700,0
20130613,2.882,2.882,2.882,2.882,100,0
20130614,2.65,2.75,2.65,2.75,1500,0
20130617,2.67,2.75,2.67,2.75,500,0
20130618,2.65,2.65,2.5,2.53,14145,0
20130619,2.55,2.55,2.55,2.55,1100,0
20130620,2.5,2.5,2.5,2.5,7800,0
20130624,2.45,2.46,2.45,2.45,7300,0
20130625,2.47,2.5116,2.44,2.44,3100,0
20130626,2.3682,2.37,2.3682,2.37,1800,0
20130702,2.49,2.49,2.46,2.48,1800,0
20130705,2.55,2.55,2.5,2.5,1600,0
20130708,2.5,2.52,2.44,2.44,1700,0
20130709,2.29,2.29,2.24,2.25,900,0
20130710,2.2701,2.5259,2.27,2.5259,9776,0
20130711,2.68,2.6859,2.43,2.54,3250,0
20130712,2.64,2.75,2.64,2.75,1900,0
20130716,2.91,2.95,2.79,2.796,1400,0
20130717,2.75,2.77,2.65,2.72,2620,0
20130718,2.62,2.8599,2.62,2.8515,2000,0
20130719,2.85,2.85,2.85,2.85,436,0
20130723,2.695,2.695,2.68,2.68,400,0
20130724,2.78,2.78,2.77,2.77,200,0
20130725,2.91,2.91,2.9,2.9,400,0
20130731,2.84,2.86,2.84,2.84,1083,0
20130802,2.91,2.93,2.91,2.93,7550,0
20130806,3.2481,3.4099,3.2481,3.399,6900,0
20130807,3.4,3.68,3.4,3.6,6782,0
20130808,3.55,3.55,3.312,3.55,3839,0
20130809,3.43,3.5,3.37,3.5,1200,0
20130812,3.58,3.8,3.58,3.659,13645,0
20130813,3.62,3.62,3.5,3.5,440,0
20130814,3.51,3.51,3.5,3.5,4142,0
20130815,3.5,3.5,3.41,3.42,3400,0
20130816,3.65,3.65,3.5,3.56,10700,0
20130819,3.65,3.69,3.43,3.69,6884,0
20130820,3.52,3.62,3.52,3.57,4400,0
20130821,3.61,3.61,3.4,3.4,2800,0
20130822,3.53,3.55,3.28,3.33,9875,0
20130823,3.32,3.322,3.14,3.31,1600,0
20130826,3.14,3.14,3.121,3.121,1200,0
20130827,3.3594,3.3594,3.15,3.32,4621,0
20130828,3.09,3.15,3.0301,3.12,2970,0
20130829,3.2,3.2,3.2,3.2,7300,0
20130830,3.29,3.29,2.96,2.96,1610,0
20130903,3.18,3.18,3.11,3.11,3640,0
20130905,3.1,3.11,3.1,3.11,1210,0
20130906,3.04,3.12,2.85,2.86,5600,0
20130909,2.87,3.15,2.83,2.83,5650,0
20130910,2.95,2.95,2.95,2.95,1000,0
20130911,2.83,2.9,2.82,2.9,4600,0
20130912,2.82,2.85,2.65,2.82,20500,0
20130913,2.84,2.84,2.77,2.77,7763,0
20130919,2.92,2.92,2.89,2.91,2900,0
20130923,2.94,3,2.86,2.88,9340,0
20130925,2.96,3.15,2.96,3.15,1900,0
20130926,3.05,3.05,2.98,3.05,500,0
20130927,2.95,2.95,2.91,2.91,1500,0
20131004,2.99,3.13,2.99,3.13,5600,0
20131007,3.15,3.15,3.08,3.08,5200,0
20131009,3.02,3.02,3.02,3.02,100,0
20131010,3.02,3.02,3.02,3.02,600,0
20131014,3,3,3,3,1000,0
20131016,3,3,2.86,2.86,1700,0
20131021,2.85,2.85,2.85,2.85,4000,0
20131022,2.85,2.97,2.67,2.67,8200,0
20131023,3.15,3.15,2.64,2.64,1600,0
20131024,2.44,2.58,2.44,2.58,1100,0
20131025,2.4899,2.49,2.4899,2.49,1100,0
20131028,2.49,2.52,2.46,2.48,3000,0
20131029,2.63,2.63,2.32,2.32,6600,0
20131031,2.35,2.35,2.34,2.35,5595,0
20131101,2.41,2.41,2.3,2.3,6800,0
20131104,2.37,2.43,2.311,2.43,7300,0
20131105,2.32,2.43,2.25,2.38,43900,0
20131106,2.38,2.45,2.38,2.39,13700,0
20131107,2.42,2.46,2.42,2.46,7600,0
20131108,2.5,2.58,2.5,2.54,20500,0
20131111,2.44,2.52,2.43,2.4319,22000,0
20131112,2.5,2.51,2.48,2.5,10800,0
20131113,2.4,2.4,2.4,2.4,37400,0
20131114,2.44,2.44,2.4,2.4,600,0
20131115,2.39,2.4,2.39,2.4,42700,0
20131118,2.43,2.45,2.43,2.43,4700,0
20131119,2.43,2.44,2.4,2.4,13200,0
20131121,2.4,2.44,2.39,2.44,28500,0
20131122,2.51,2.57,2.51,2.5699,5300,0
20131125,2.45,2.45,2.45,2.45,7400,0
20131126,2.42,2.43,2.38,2.39,6600,0
20131127,2.36,2.44,2.36,2.42,43100,0
20131129,2.45,2.45,2.33,2.33,22800,0
20131202,2.62,2.62,2.26,2.36,44800,0
20131203,2.4,2.4,2.31,2.34,12300,0
20131204,2.35,2.39,2.18,2.25,4600,0
20131205,2.23,2.31,2.21,2.25,3500,0
20131206,2.2,2.33,2.2,2.28,10100,0
20131210,2.15,2.26,2.15,2.25,12700,0
20131211,2.24,2.24,2.24,2.24,1400,0
20131212,2.176,2.18,2.176,2.18,1500,0
20131213,2.22,2.22,2.21,2.21,800,0
20131216,2.07,2.35,2.07,2.35,8610,0
20131217,2.32,2.32,2.32,2.32,1100,0
20131218,2.26,2.56,2.26,2.39,12500,0
20131219,2.39,2.39,2.33,2.35,6200,0
20131220,2.15,2.55,2.15,2.5,21200,0
20131223,2.57,2.84,2.57,2.7,26600,0
20131224,2.6222,2.6222,2.61,2.61,944,0
20131226,2.98,3.16,2.73,2.74,5000,0
20131227,2.76,2.92,2.76,2.9,3000,0
20131230,2.92,3,2.84,2.9,5800,0
20131231,2.85,3.13,2.8,3,10700,0
20140102,2.97,3.05,2.87,3.05,5000,0
20140103,2.84,3,2.84,2.95,4000,0
20140106,2.85,2.9,2.85,2.9,400,0
20140107,2.9,2.9,2.85,2.85,1200,0
20140108,2.85,2.85,2.85,2.85,24600,0
20140109,2.66,2.76,2.66,2.76,700,0
20140110,2.76,2.88,2.76,2.83,10600,0
20140113,2.85,2.94,2.85,2.94,6100,0
20140114,3,3.3,3,3.22,36400,0
20140115,3.32,3.62,3.25,3.34,22000,0
20140116,3.49,3.54,3.4001,3.54,2576,0
20140117,3.64,3.88,3.47,3.47,16300,0
20140121,3.47,3.59,3.47,3.59,500,0
20140122,3.7,3.7,3.58,3.58,1100,0
20140123,3.62,3.62,3.62,3.62,100,0
20140124,3.5,3.5,3.48,3.48,1500,0
20140127,3.51,3.51,3.45,3.45,1100,0
20140128,3.57,3.69,3.11,3.11,11244,0
20140129,3.15,3.17,3.01,3.01,3400,0
20140130,3.1,3.11,3.1,3.11,6700,0
20140203,3.12,3.12,3.01,3.09,5900,0
20140204,3.16,3.17,3.1,3.11,1550,0
20140205,3.18,3.2,3.1799,3.1799,6800,0
20140206,3.11,3.17,3.11,3.17,300,0
20140207,3.17,3.21,3.12,3.12,20977,0
20140210,3.17,3.18,3.11,3.18,4602,0
20140211,3.52,3.52,3.1,3.18,16761,0
20140212,3.18,3.25,3.18,3.24,10600,0
20140213,3.21,3.2103,3.12,3.12,3800,0
20140214,3.17,3.18,3.17,3.17,900,0
20140218,3.23,3.23,3.17,3.17,8800,0
20140220,3.13,3.13,3.1299,3.1299,1000,0
20140224,3.1,3.11,3,3,8170,0
20140226,3.03,3.03,3.03,3.03,100,0
20140227,2.98,2.98,2.69,2.7376,7600,0
20140228,2.93,3.16,2.91,3.09,8450,0
20140303,3.8,3.8,2.771,2.945,3160,0
20140304,3,3.04,3,3.01,6900,0
20140305,2.74,3.06,2.74,2.92,5900,0
20140306,3.02,3.36,2.87,3.26,33699,0
20140307,3.45,4.23,3.37,4,227746,0
20140310,4.3,4.3,3.52,4,71328,0
20140311,4.18,4.97,4.18,4.775,93957,0
20140312,4.78,5.48,4.69,4.98,52664,0
20140313,5.01,5.01,4.59,4.94,22566,0
20140314,4.9125,4.9125,4.55,4.64,30128,0
20140317,4.91,4.91,3.95,4.17,52051,0
20140318,4.03,4.59,4.03,4.3,31580,0
20140319,4.22,4.35,4.19,4.19,13662,0
20140320,4,4.23,3.76,4.19,16767,0
20140321,4.27,4.31,4.2699,4.29,2051,0
20140324,4.27,4.3499,4.24,4.26,7721,0
20140325,4.1254,4.22,4.1254,4.13,800,0
20140326,4.21,4.27,4.2,4.23,7100,0
20140327,4.07,4.37,3.87,3.94,14302,0
20140328,3.84,4,3.61,3.8,60250,0
20140331,3.7,3.76,3.561,3.7,23233,0
20140401,3.7,3.78,3.65,3.78,8412,0
20140402,3.63,3.76,3.63,3.76,605,0
20140403,3.62,3.74,3.61,3.71,7287,0
20140404,3.79,3.85,3.71,3.81,14394,0
20140407,3.78,3.8,3.61,3.66,4500,0
20140408,3.65,3.67,3.59,3.59,6119,0
20140409,3.5707,3.63,3.5707,3.63,400,0
20140410,3.53,3.59,3.46,3.46,2430,0
20140411,3.51,3.65,3.51,3.65,2325,0
20140414,3.69,3.69,3.52,3.53,5800,0
20140415,3.54,3.63,3.5301,3.63,7917,0
20140416,3.6,3.65,3.6,3.65,2588,0
20140417,4.0299,4.0299,3.9101,4.0255,5880,0
20140421,4.02,4.02,4.02,4.02,550,0
20140422,3.9238,4.3499,3.9238,4.33,8203,0
20140424,4.152,4.1693,4.01,4.04,3067,0
20140425,4.01,4.0999,3.99,3.99,3405,0
20140428,4.02,4.02,4.02,4.02,398,0
20140429,4.01,4.08,3.8801,3.89,2600,0
20140430,3.8304,3.8304,3.8304,3.8304,100,0
20140501,3.9899,3.9899,3.78,3.9899,604,0
20140502,3.75,3.79,3.72,3.74,2375,0
20140505,3.74,3.9,3.74,3.77,1700,0
20140506,3.67,3.76,3.65,3.76,6355,0
20140507,3.6,3.6,3.49,3.5,9212,0
20140508,3.52,3.61,3.5,3.5,3230,0
20140509,3.43,3.43,3.26,3.4145,1400,0
20140512,3.4,3.4,3.11,3.292,32930,0
20140513,3.29,3.29,3.224,3.224,1652,0
20140514,3.32,3.36,3.18,3.35,42204,0
20140515,3.34,3.43,3.34,3.43,3078,0
20140516,3.34,3.35,3.34,3.35,1100,0
20140520,3.33,3.33,3.32,3.32,1100,0
20140521,3.32,3.32,3.26,3.3,3720,0
20140522,3.3,3.39,3.3,3.3758,4400,0
20140523,3.296,3.32,3.2599,3.26,32233,0
20140527,3.26,3.38,3.2176,3.34,15036,0
20140528,3.34,3.34,3.21,3.2888,5800,0
20140530,3.35,3.35,3.32,3.32,878,0
20140602,3.27,3.35,3.21,3.21,13871,0
20140603,3.22,3.32,3.142,3.142,24884,0
20140604,3.15,3.2,3.14,3.15,3550,0
20140606,3.155,3.19,3.094,3.19,16563,0
20140609,3.16,3.21,3.16,3.2,8583,0
20140610,3.2,3.2,3.2,3.2,400,0
20140611,3.22,3.26,3.17,3.26,7400,0
20140612,3.26,3.39,3.2424,3.39,2580,0
20140613,3.39,3.39,3.21,3.25,4516,0
20140616,3.28,3.3,3.25,3.26,12578,0
20140617,3.25,3.28,3.24,3.27,4586,0
20140618,3.25,3.42,3.23,3.42,21403,0
20140619,3.27,3.32,3.24,3.32,38100,0
20140620,3.32,3.34,3.29,3.29,7082,0
20140623,3.59,3.84,3.41,3.83,6200,0
20140624,3.83,3.83,3.47,3.56,11687,0
20140625,3.69,4,3.56,3.89,11895,0
20140626,3.88,3.95,3.77,3.92,6583,0
20140627,3.98,4,3.906,3.98,9242,0
20140630,3.96,3.96,3.78,3.78,2393,0
20140701,3.96,3.96,3.94,3.94,580,0
20140702,3.83,3.83,3.7,3.7,2400,0
20140703,3.76,3.76,3.64,3.64,3465,0
20140707,3.66,3.82,3.63,3.74,21894,0
20140708,3.7599,3.93,3.7599,3.85,13848,0
20140709,3.85,4,3.84,3.99,1712,0
20140710,3.87,3.9499,3.8,3.92,1316,0
20140711,3.88,3.91,3.84,3.9,6200,0
20140714,3.83,3.9,3.82,3.9,1300,0
20140715,3.86,3.95,3.86,3.94,8094,0
20140716,3.9,3.9,3.8999,3.9,3296,0
20140717,3.83,3.86,3.8,3.81,14603,0
20140718,3.88,3.9,3.81,3.9,8700,0
20140721,3.84,3.9,3.83,3.9,9200,0
20140722,3.92,3.96,3.9,3.9,1100,0
20140723,4,4,3.9,3.95,8500,0
20140724,3.86,3.92,3.83,3.85,1400,0
20140725,3.85,3.97,3.85,3.85,8300,0
20140728,3.77,3.77,3.56,3.6,1601,0
20140729,3.61,3.65,3.6,3.6499,4670,0
20140730,3.43,3.6,3.43,3.55,19847,0
20140801,3.53,3.53,3.51,3.51,438,0
20140804,3.51,3.59,3.33,3.33,617,0
20140805,3.33,3.53,3.33,3.46,3177,0
20140806,3.53,3.59,3.53,3.53,3469,0
20140807,3.541,3.541,3.54,3.54,545,0
20140808,3.54,3.57,3.54,3.57,4178,0
20140812,3.42,3.57,3.32,3.57,950,0
20140814,3.49,3.53,3.45,3.45,4674,0
20140815,3.57,3.62,3.53,3.6,14764,0
20140818,3.6,3.6,3.55,3.55,2100,0
20140819,3.46,3.54,3.41,3.52,3439,0
20140820,3.55,3.55,3.415,3.415,1300,0
20140821,3.5,3.55,3.4589,3.5,8932,0
20140822,3.7,3.7,3.55,3.61,8300,0
20140825,3.6,3.8,3.59,3.7,7914,0
20140826,4,4.07,3.93,3.945,10643,0
20140827,3.9999,3.9999,3.88,3.965,1200,0
20140828,3.88,3.8899,3.85,3.8899,2450,0
20140829,3.78,3.79,3.78,3.79,9100,0
20140902,3.7,3.73,3.57,3.645,6500,0
20140903,3.5,3.5,3.5,3.5,242,0
20140904,3.64,3.67,3.4,3.42,17744,0
20140905,3.5099,3.5099,3.4601,3.4601,2320,0
20140908,3.21,3.68,3.21,3.59,18400,0
20140909,3.45,3.45,3.42,3.45,220,0
20140910,3.61,3.62,3.57,3.57,1780,0
20140911,3.56,3.56,3.55,3.55,700,0
20140912,3.49,3.49,3.34,3.36,1475,0
20140915,3.51,3.51,3.4,3.4,742,0
20140916,3.41,3.41,3.41,3.41,106,0
20140917,3.33,3.43,3.33,3.43,1823,0
20140918,3.48,3.48,3.44,3.44,11900,0
20140919,3.29,3.47,3.29,3.47,1230,0
20140922,3.36,3.37,3.34,3.34,1551,0
20140923,3.35,3.36,3.35,3.36,1200,0
20140924,3.3,3.3,3.255,3.3,1440,0
20140925,3.31,3.31,3.25,3.25,1000,0
20140926,3.15,3.24,3.02,3.085,4400,0
20140929,3.05,3.05,2.9501,3.05,7350,0
20140930,2.98,3.04,2.98,3,5700,0
20141001,2.88,2.976,2.88,2.96,1655,0
20141002,2.58,2.95,2.58,2.91,9936,0
20141003,2.73,2.92,2.73,2.9,4233,0
20141006,2.76,2.7964,2.67,2.73,16389,0
20141007,2.68,2.68,2.68,2.68,100,0
20141008,2.4,2.7,2.4,2.6,7800,0
20141009,2.69,2.69,2.25,2.25,6700,0
20141010,2.38,2.5,2.27,2.27,5210,0
20141013,2.35,2.43,2.02,2.19,15100,0
20141014,2.22,2.2999,2.09,2.2,23885,0
20141015,2.19,2.2,2.01,2.03,2351,0
20141016,2.2,2.28,2.14,2.14,22042,0
20141017,2.23,2.88,2.23,2.5,34552,0
20141020,2.5,2.5,2.39,2.39,12493,0
20141021,2.4,2.45,2.3,2.3,12100,0
20141022,2.31,2.31,2.22,2.22,13210,0
20141023,2.2872,2.2999,2.2872,2.29,2271,0
20141024,2.28,2.31,2.202,2.28,2456,0
20141027,2.26,2.33,2.09,2.09,4904,0
20141028,2.08,2.1,2.07,2.1,7150,0
20141029,2.25,2.25,2.16,2.16,3631,0
20141030,2.1299,2.15,2.1299,2.13,7415,0
20141031,2.08,2.135,2.07,2.1,4900,0
20141103,2.1,2.13,1.86,1.86,17941,0
20141104,2.1,2.54,2.002,2.35,55855,0
20141105,2.37,2.79,2.111,2.72,78016,0
20141106,2.77,2.77,2.49,2.56,35615,0
20141107,2.47,2.77,2.47,2.52,7600,0
20141110,2.3938,2.7127,2.37,2.56,16500,0
20141111,2.6,2.72,2.6,2.72,600,0
20141112,2.7001,2.99,2.7001,2.96,5861,0
20141113,2.94,3,2.72,2.7837,9760,0
20141114,2.79,2.79,2.58,2.58,2330,0
20141117,2.49,2.74,2.49,2.54,375,0
20141118,2.44,2.674,2.436,2.48,7500,0
20141119,2.66,2.83,2.63,2.63,2200,0
20141120,2.601,2.79,2.601,2.66,5100,0
20141121,2.75,2.82,2.7,2.71,4800,0
20141124,2.74,2.87,2.689,2.69,10738,0
20141125,2.61,2.68,2.58,2.59,1050,0
20141126,2.56,2.65,2.46,2.46,15402,0
20141128,2.26,2.3284,2.26,2.3099,1238,0
20141201,2.19,2.41,2.12,2.23,17667,0
20141202,2.27,2.5,2.11,2.22,49282,0
20141203,2.4,2.5699,2.4,2.44,2748,0
20141204,2.46,2.46,2.46,2.46,100,0
20141205,2.33,2.54,2.33,2.46,7852,0
20141208,2.03,2.5,2.03,2.28,8142,0
20141209,2.28,2.36,2.2,2.2,4450,0
20141210,2.11,2.18,2.04,2.1,22326,0
20141211,2.25,2.43,2.094,2.31,78467,0
20141212,2.2,2.25,2.2,2.22,2339,0
20141215,2.22,2.299,2.15,2.15,1400,0
20141216,2.225,2.25,2.2001,2.21,1860,0
20141217,2.12,2.27,2.12,2.25,6700,0
20141218,2.25,2.25,2.1,2.1,9100,0
20141219,2,2.11,2,2.11,46492,0
20141222,2.09,2.25,2.04,2.09,28800,0
20141223,2.09,2.12,2.01,2.07,40200,0
20141224,2.16,2.21,2.1,2.1,11200,0
20141226,2.1,2.17,2.05,2.1,231119,0
20141229,2.1,2.2,2.1,2.2,13069,0
20141230,2.41,2.41,2.11,2.28,9838,0
20141231,2.31,2.31,2.3,2.3,3600,0
20150102,2.3,2.3,2.3,2.3,1200,0
20150105,2.22,2.38,2.22,2.38,4900,0
20150106,2.37,2.37,2.32,2.32,500,0
20150107,2.24,2.572,2.21,2.51,40032,0
20150108,3.04,3.04,2.46,2.65,17520,0
20150112,2.64,2.6401,2.6227,2.6227,2047,0
20150113,2.69,2.86,2.5801,2.73,13445,0
20150114,2.759,2.76,2.5101,2.66,2206,0
20150115,2.66,2.71,2.59,2.64,11278,0
20150116,2.54,2.58,2.45,2.57,5498,0
20150120,2.32,2.36,2.31,2.31,4500,0
20150121,2.32,2.4699,2.17,2.25,6039,0
20150122,2.2242,2.31,2.19,2.3099,5600,0
20150123,2.47,2.88,2.44,2.78,33173,0
20150126,2.85,3.01,2.81,2.88,18016,0
20150127,2.96,2.96,2.62,2.72,25218,0
20150128,2.67,2.67,2.49,2.49,1400,0
20150129,2.51,2.66,2.35,2.64,5005,0
20150130,2.4,2.4,2.391,2.391,300,0
20150202,2.58,2.88,2.475,2.59,2751,0
20150203,2.62,2.68,2.6,2.68,15937,0
20150204,2.54,2.6,2.4299,2.451,7900,0
20150205,2.5799,2.5799,2.3379,2.38,4279,0
20150206,2.36,2.39,2.3199,2.33,4250,0
20150209,2.4,2.42,2.39,2.3999,3838,0
20150210,2.38,2.38,2.23,2.27,16464,0
20150211,2.4,2.4,2.35,2.38,1000,0
20150212,2.5099,2.81,2.5099,2.56,4750,0
20150213,2.51,2.57,2.4784,2.57,3375,0
20150217,2.49,2.5184,2.39,2.51,16162,0
20150218,2.41,2.509,2.41,2.509,805,0
20150219,2.4,2.4899,2.38,2.42,7805,0
20150220,2.41,2.57,2.41,2.57,5332,0
20150223,2.45,2.47,2.4,2.44,30000,0
20150225,2.4662,2.54,2.45,2.5204,2212,0
20150226,2.67,2.67,2.63,2.63,330,0
20150227,2.63,2.63,2.5818,2.5818,950,0
20150302,2.63,2.66,2.63,2.66,900,0
20150304,2.47,2.67,2.47,2.66,3000,0
20150305,2.65,2.65,2.65,2.65,500,0
20150306,2.5,2.56,2.49,2.53,1800,0
20150309,2.43,2.46,2.34,2.39,15300,0
20150310,2.34,2.34,2.31,2.34,1400,0
20150311,2.21,2.3,2.17,2.23,33900,0
20150312,2.28,2.31,2.25,2.26,9500,0
20150313,2.26,2.26,2.26,2.26,400,0
20150316,2.49,2.49,2.15,2.31,7000,0
20150317,2.88,2.88,2.36,2.36,3600,0
20150318,2.29,2.34,2.22,2.3,7300,0
20150319,2.22,2.26,2.1,2.26,10400,0
20150320,2.28,2.28,2.28,2.28,3700,0
20150323,2.32,2.34,2.32,2.32,9300,0
20150324,2.31,2.35,2.31,2.35,400,0
20150325,2.32,2.32,2.32,2.32,6400,0
20150327,2.31,2.32,2.3,2.3,1600,0
20150330,2.22,2.5,2.22,2.4,9000,0
20150331,2.32,2.38,2.32,2.37,710,0
20150401,2.48,2.48,2.48,2.48,2900,0
20150402,2.36,2.49,2.36,2.49,3300,0
20150406,2.45,2.45,2.45,2.45,400,0
20150407,2.42,2.44,2.37,2.39,6892,0
20150408,2.45,2.47,2.41,2.41,2000,0
20150409,2.38,2.49,2.38,2.4,1645,0
20150413,2.39,2.48,2.35,2.48,6600,0
20150414,2.34,2.39,2.34,2.39,7100,0
20150415,2.4299,2.45,2.4299,2.45,5300,0
20150416,2.44,2.449,2.41,2.41,422,0
20150417,2.35,2.36,2.31,2.36,3200,0
20150420,2.369,2.369,2.34,2.34,511,0
20150421,2.359,2.359,2.25,2.3,1110,0
20150422,2.12,2.42,2.12,2.3,16600,0
20150423,2.29,2.33,2.21,2.24,10500,0
20150424,2.22,2.31,2.11,2.11,22100,0
20150427,2.11,2.31,2.1,2.13,38500,0
20150428,2.11,2.3,2.11,2.3,66600,0
20150429,2.35,2.49,2.31,2.44,47900,0
20150430,2.43,2.6,2.4,2.51,67400,0
20150501,2.48,2.54,2.42,2.46,33500,0
20150504,2.48,2.49,2.42,2.47,3300,0
20150505,2.45,2.53,2.41,2.51,5200,0
20150506,2.532,2.539,2.43,2.43,3514,0
20150507,2.34,2.43,2.21,2.3,19945,0
20150508,2.33,2.33,2.25,2.25,3600,0
20150511,2.32,2.8,2.25,2.25,18300,0
20150512,2.33,2.33,2.327,2.33,700,0
20150513,2.34,2.35,2.34,2.35,900,0
20150514,2.44,2.44,2.34,2.35,1200,0
20150515,2.43,2.44,2.31,2.44,9165,0
20150518,2.47,2.509,2.3,2.42,2700,0
20150519,2.39,2.39,2.31,2.34,1700,0
20150520,2.41,2.41,2.36,2.36,400,0
20150521,2.45,2.45,2.38,2.38,800,0
20150522,2.44,2.46,2.38,2.44,9400,0
20150526,2.51,2.719,2.51,2.61,31595,0
20150527,2.66,2.66,2.55,2.55,8500,0
20150528,2.518,2.519,2.38,2.5126,4200,0
20150529,2.42,2.48,2.35,2.4,7800,0
20150601,2.52,2.65,2.39,2.39,43499,0
20150602,2.54,2.64,2.49,2.64,31049,0
20150603,2.64,2.64,2.46,2.46,17900,0
20150604,2.55,2.59,2.41,2.55,16800,0
20150605,2.53,2.54,2.42,2.46,1600,0
20150608,2.43,2.48,2.42,2.42,1100,0
20150609,2.509,2.509,2.3801,2.3801,1763,0
20150610,2.46,2.489,2.4,2.4,1505,0
20150611,2.448,2.449,2.43,2.43,574,0
20150612,2.53,2.53,2.28,2.29,12000,0
20150615,2.37,2.37,2.36,2.36,200,0
20150616,2.36,2.37,2.3,2.3,5300,0
20150617,2.36,2.36,2.25,2.34,8100,0
20150618,2.26,2.35,2.09,2.35,22600,0
20150619,2.22,2.32,2.19,2.27,17200,0
20150622,2.25,2.25,2.21,2.22,2600,0
20150623,2.2,2.2,2.16,2.16,10201,0
20150624,2.1,2.2,2.1,2.16,42200,0
20150625,2.15,2.15,2.15,2.15,1500,0
20150626,2.18,2.18,2.16,2.16,200,0
20150629,2.14,2.14,2.13,2.13,200,0
20150630,2.12,2.19,2.12,2.19,7000,0
20150701,2.21,2.35,2.2,2.34,33700,0
20150702,2.21,2.31,2.2,2.31,2800,0
20150706,2.22,2.22,2.01,2.07,28900,0
20150707,2.05,2.07,2.05,2.07,3500,0
20150708,2.08,2.12,2.08,2.12,2300,0
20150709,2.03,2.16,1.99,2.09,4900,0
20150710,2.03,2.07,1.96,1.98,13400,0
20150713,1.96,1.96,1.86,1.89,16800,0
20150714,1.9699,2.04,1.9,1.904,13300,0
20150715,1.86,1.86,1.72,1.81,11200,0
20150716,1.9,1.96,1.87,1.96,9200,0
20150717,1.98,2.08,1.9,2.01,38000,0
20150720,2.03,2.1,2.03,2.1,3400,0
20150721,2.03,2.03,2.01,2.02,4600,0
20150722,1.99,2.04,1.99,2.02,27000,0
20150723,2,2,1.92,1.92,2300,0
20150724,1.84,1.9,1.82,1.87,3900,0
20150727,1.85,2.04,1.85,1.98,34400,0
20150728,2.05,2.16,2.05,2.1,13000,0
20150729,2.13,2.23,2.13,2.23,10400,0
20150730,2.21,2.25,2.2,2.25,1800,0
20150731,2.25,2.26,2.22,2.22,4900,0
20150803,2.1856,2.1892,2.1856,2.1892,950,0
20150804,2.18,2.22,2.17,2.17,21100,0
20150805,2.2,2.2,2.16,2.16,7700,0
20150806,2.09,2.16,2.09,2.13,700,0
20150807,2.17,2.17,2.17,2.17,100,0
20150810,2.12,2.12,2.11,2.11,2800,0
20150811,2.0901,2.0901,1.9,1.96,18287,0
20150812,1.92,1.92,1.85,1.92,15300,0
20150813,1.9,2.12,1.9,2,22600,0
20150814,1.96,2.04,1.96,2.02,1900,0
20150817,2.02,2.12,2.02,2.04,2500,0
20150818,2.05,2.05,2,2.05,10400,0
20150819,2,2.02,1.98,2.01,1200,0
20150820,1.99,1.99,1.96,1.96,1100,0
20150821,2.03,2.05,1.83,1.85,8500,0
20150824,1.85,1.95,1.82,1.86,48478,0
20150825,1.83,1.83,1.73,1.78,36200,0
20150826,1.8,1.88,1.77,1.8,34700,0
20150827,1.78,1.9,1.78,1.83,8400,0
20150828,1.81,1.88,1.71,1.75,21300,0
20150831,1.73,1.79,1.66,1.75,36900,0
20150901,1.79,1.85,1.69,1.8,4800,0
20150902,1.72,1.72,1.69,1.69,1400,0
20150903,1.75,1.86,1.73,1.74,18600,0
20150904,1.72,1.79,1.72,1.74,900,0
20150908,1.74,1.84,1.74,1.84,11800,0
20150909,1.88,1.98,1.85,1.85,6700,0
20150910,1.9,1.9,1.9,1.9,300,0
20150911,1.86,1.89,1.86,1.89,13900,0
20150914,1.88,1.88,1.81,1.87,2600,0
20150915,1.9,1.95,1.88,1.95,700,0
20150916,1.95,1.95,1.95,1.95,11900,0
20150917,1.86,1.87,1.84,1.84,3909,0
20150918,1.82,1.86,1.81,1.86,900,0
20150921,1.84,1.84,1.84,1.84,2200,0
20150922,1.85,1.88,1.85,1.85,900,0
20150924,1.8199,1.8199,1.81,1.81,1281,0
20150925,1.8,1.87,1.76,1.8,6000,0
20150928,1.81,1.82,1.8,1.81,1503,0
20151001,1.85,1.85,1.84,1.84,200,0
20151002,1.84,1.84,1.72,1.72,7800,0
20151005,1.74,1.74,1.74,1.74,195,0
20151006,1.75,1.85,1.75,1.85,9800,0
20151007,1.8,1.8,1.8,1.8,200,0
20151008,1.8,1.85,1.8,1.84,800,0
20151009,1.86,1.9,1.86,1.9,600,0
20151013,1.95,1.97,1.88,1.88,1400,0
20151014,1.92,1.94,1.81,1.92,5800,0
20151015,1.91,1.92,1.91,1.92,1500,0
20151016,1.96,1.96,1.92,1.92,3100,0
20151020,1.8501,1.887,1.8501,1.887,2200,0
20151022,1.81,1.81,1.8,1.8,4300,0
20151023,1.84,1.84,1.84,1.84,18200,0
20151026,1.84,1.89,1.83,1.84,7500,0
20151028,1.81,1.89,1.8,1.83,26000,0
20151029,1.83,1.83,1.82,1.82,2500,0
20151103,1.84,1.84,1.84,1.84,200,0
20151105,1.81,1.81,1.81,1.81,100,0
20151106,1.78,1.78,1.74,1.77,2600,0
20151110,1.7,1.79,1.7,1.79,3800,0
20151113,1.62,1.71,1.62,1.66,1500,0
20151116,1.67,1.67,1.67,1.67,400,0
20151117,1.62,1.64,1.6,1.64,2600,0
20151123,1.59,1.59,1.51,1.51,600,0
20151124,1.56,1.6,1.56,1.6,2700,0
20151125,1.59,1.64,1.59,1.62,2200,0
20151130,1.56,1.65,1.56,1.59,5100,0
20151201,1.54,1.54,1.53,1.53,1500,0
20151202,1.51,1.51,1.51,1.51,100,0
20151203,1.52,1.54,1.52,1.53,1500,0
20151207,1.51,1.52,1.51,1.52,2100,0
20151208,1.49,1.5,1.49,1.49,510,0
20151210,1.4,1.43,1.22,1.37,18400,0
20151211,1.29,1.37,1.29,1.37,2300,0
20151214,1.3101,1.3101,1.27,1.27,1100,0
20151215,1.26,1.27,1.25,1.27,3100,0
20151216,1.38,1.4,1.38,1.39,1500,0
20151217,1.56,1.71,1.53,1.65,46300,0
20151218,1.75,1.75,1.44,1.57,43400,0
20151221,1.55,1.63,1.41,1.56,115200,0
20151222,1.63,1.63,1.57,1.57,8647,0
20151223,1.57,1.57,1.51,1.57,600,0
20151224,1.52,1.52,1.52,1.52,200,0
20151228,1.5932,1.61,1.45,1.45,3350,0
20151229,1.5499,1.55,1.5499,1.55,1100,0
20151230,1.5599,1.5599,1.501,1.501,8563,0
20151231,1.4701,1.53,1.4701,1.518,11845,0
20160104,1.44,1.455,1.44,1.45,3000,0
20160106,1.43,1.43,1.3848,1.3848,3500,0
20160108,3.99,3.99,3.08,3.1,400,0
20160111,2.51,2.51,1.4,1.63,45007,0
20160112,1.61,1.61,1.52,1.531,30510,0
20160113,1.54,1.54,1.47,1.51,3070,0
20160114,1.5625,1.6,1.36,1.41,37573,0
20160115,1.4595,1.496,1.36,1.39,29115,0
20160119,1.41,1.41,1.26,1.26,10300,0
20160120,1.29,1.32,1.28,1.28,1500,0
20160121,1.3,1.33,1.3,1.33,370,0
20160122,1.3701,1.38,1.3666,1.3666,5707,0
20160125,1.41,1.41,1.38,1.38,2030,0
20160126,1.37,1.38,1.35,1.35,23600,0
20160127,1.41,1.47,1.41,1.42,922,0
20160128,1.43,1.43,1.39,1.43,421,0
20160129,1.41,1.47,1.4,1.4304,4601,0
20160201,1.4201,1.4201,1.4201,1.4201,314,0
20160202,1.43,1.43,1.43,1.43,100,0
20160204,1.5201,1.5201,1.52,1.52,2700,0
20160205,1.5394,1.5394,1.5,1.5,4700,0
20160208,1.5,1.501,1.49,1.4994,1400,0
20160209,1.4476,1.4476,1.43,1.44,700,0
20160210,1.4466,1.4466,1.4466,1.4466,1000,0
20160211,1.42,1.42,1.28,1.4,13843,0
20160212,1.42,1.48,1.42,1.48,900,0
20160217,1.5199,1.99,1.5199,1.868,146029,0
20160218,1.9,2.2,1.9,2.13,120158,0
20160219,2.0911,2.14,1.97,1.99,36059,0
20160222,2.03,2.28,2,2.27,22801,0
20160223,2.25,2.2701,2.196,2.2,21550,0
20160224,2.2399,2.45,2.2,2.31,47397,0
20160225,2.4,2.89,2.4,2.61,178106,0
20160226,2.61,2.71,2.56,2.56,115783,0
20160229,2.6,2.75,2.47,2.47,99313,0
20160301,2.34,2.45,2.31,2.31,8900,0
20160302,2.34,2.38,2.32,2.365,6029,0
20160303,2.36,2.36,2.3,2.31,5875,0
20160304,2.2984,2.36,2.295,2.35,2750,0
20160307,2.3619,2.38,2.35,2.37,13080,0
20160308,2.27,2.3326,2.23,2.265,16568,0
20160309,2.3253,2.3253,2.28,2.28,1200,0
20160310,2.3,2.3,2.26,2.26,1000,0
20160311,2.292,2.292,2.26,2.26,450,0
20160314,2.274,2.3,2.22,2.3,3602,0
20160315,2.295,2.327,2.295,2.32,2729,0
20160316,2.3,2.65,2.3,2.65,18808,0
20160317,2.56,2.56,2.56,2.56,101,0
20160318,2.54,2.55,2.47,2.47,7701,0
20160321,2.62,2.64,2.5,2.59,20640,0
20160322,2.6001,2.79,2.6,2.78,27582,0
20160323,2.84,2.84,2.5644,2.65,24747,0
20160324,2.5101,2.53,2.5,2.52,1268,0
20160328,2.49,2.49,2.48,2.48,244,0
20160329,2.47,2.6,2.46,2.6,15622,0
20160330,2.65,2.66,2.56,2.57,17600,0
20160331,2.549,2.57,2.5,2.57,2400,0
20160401,2.45,2.5299,2.41,2.5299,2600,0
20160405,2.42,2.436,2.4,2.41,3000,0
20160406,2.4005,2.4005,2.34,2.34,2532,0
20160407,2.34,2.46,2.34,2.39,6500,0
20160411,2.37,2.37,2.31,2.31,2008,0
20160412,2.35,2.35,2.26,2.26,28900,0
20160413,2.2611,2.38,2.2611,2.38,15404,0
20160414,2.39,2.4,2.31,2.34,5005,0
20160415,2.4,2.48,2.4,2.48,600,0
