Date,Open,High,Low,Close,Volume,OpenInt
20120920,17.985,18.453,17.886,18.075,5135284,0
20120921,18.065,18.065,17.767,18.025,1210666,0
20120924,18.184,18.184,17.886,17.926,225065,0
20120925,17.936,18.085,17.886,17.886,254302,0
20120926,17.886,18.035,17.886,17.886,272284,0
20120927,17.886,17.916,17.866,17.886,104310,0
20120928,17.886,17.936,17.886,17.886,44440,0
20121001,17.896,18.155,17.886,17.916,56673,0
20121002,17.956,18.115,17.886,18.025,26014,0
20121003,18.135,18.273,17.906,18.204,119677,0
20121004,18.264,18.264,17.886,17.896,304569,0
20121005,17.886,18.105,17.886,17.886,46817,0
20121008,17.886,18.115,17.886,17.896,109889,0
20121009,17.926,17.956,17.871,17.896,69322,0
20121010,17.886,17.966,17.886,17.916,99071,0
20121011,17.985,17.985,17.876,17.906,50049,0
20121012,17.836,18.045,17.34,18.035,411262,0
20121015,18.293,18.313,17.886,17.886,168575,0
20121016,17.985,18.135,17.817,18.045,325958,0
20121017,17.975,18.105,17.886,17.966,37472,0
20121018,17.936,18.333,17.896,18.293,81614,0
20121019,18.174,18.503,17.856,17.975,158933,0
20121022,17.985,18.075,17.29,17.628,71565,0
20121023,17.161,18.035,16.386,17.916,121953,0
20121024,17.886,18.035,17.548,17.916,60531,0
20121025,18.025,18.035,17.687,17.757,84682,0
20121026,17.737,17.916,17.737,17.747,6224,0
20121031,17.707,17.946,16.912,17.419,98403,0
20121101,17.479,17.628,17.002,17.618,72561,0
20121102,17.797,17.836,17.389,17.429,9961,0
20121105,17.389,18.204,17.389,17.926,70510,0
20121106,17.975,18.035,17.672,17.697,7277,0
20121107,17.658,17.668,17.389,17.439,58856,0
20121108,17.449,17.817,16.644,17.35,128146,0
20121109,17.28,17.33,16.992,17.082,17028,0
20121112,17.111,17.737,17.002,17.668,21370,0
20121113,17.638,17.757,17.151,17.409,38356,0
20121114,17.598,17.697,17.141,17.29,24446,0
20121115,17.37,17.578,17.151,17.38,18250,0
20121116,17.449,17.538,17.161,17.18,108888,0
20121119,17.37,17.37,16.684,16.922,65551,0
20121120,16.793,16.982,16.724,16.962,18671,0
20121121,16.882,17.091,16.811,16.962,13716,0
20121123,16.654,17.37,16.316,16.862,13653,0
20121126,16.892,17.24,16.833,17.24,29324,0
20121127,17.19,17.19,16.892,16.982,31542,0
20121128,16.972,17.082,16.793,16.902,12462,0
20121129,16.803,17.062,16.803,17.032,21370,0
20121130,16.912,17.24,16.823,17.151,34382,0
20121203,17.3,17.3,16.803,16.803,23638,0
20121204,16.892,16.982,16.644,16.764,97487,0
20121205,17.091,17.091,16.744,16.992,27521,0
20121206,16.823,16.992,16.744,16.892,20864,0
20121207,16.744,16.972,16.744,16.842,22276,0
20121210,16.644,16.982,16.644,16.982,16033,0
20121211,16.793,17.091,16.744,17.052,43157,0
20121212,17.131,17.131,16.972,17.062,24417,0
20121213,16.902,17.131,16.744,16.992,33219,0
20121214,17.002,17.002,16.644,16.823,45268,0
20121217,16.754,17.38,16.654,16.942,75961,0
20121218,16.982,17.727,16.982,17.26,220757,0
20121219,17.648,17.677,17.141,17.35,132238,0
20121220,17.2,17.439,17.2,17.389,81293,0
20121221,17.2,17.389,16.744,17.082,1178007,0
20121224,17.141,17.24,16.684,17.032,30020,0
20121226,17.032,17.131,16.842,17.032,54021,0
20121227,17.022,17.21,16.774,17.022,42495,0
20121228,16.962,17.022,16.684,16.793,34751,0
20121231,16.852,17.042,16.674,16.962,65529,0
20130102,17.19,17.19,16.952,17.012,150807,0
20130103,17.012,17.131,16.892,17.042,181136,0
20130104,17.091,17.17,16.942,17.121,106366,0
20130107,17.032,17.528,17.032,17.419,30674,0
20130108,17.27,17.528,17.2,17.399,53210,0
20130109,17.37,17.827,17.28,17.469,124246,0
20130110,17.409,17.807,17.34,17.608,55663,0
20130111,17.687,17.687,17.22,17.429,22228,0
20130114,17.31,17.399,16.952,17.062,148235,0
20130115,16.992,17.131,16.942,16.992,99286,0
20130116,16.942,17.052,16.912,16.912,29056,0
20130117,16.942,17.062,16.912,16.952,20068,0
20130118,16.982,16.982,16.684,16.724,30348,0
20130122,16.774,16.892,16.446,16.564,64147,0
20130123,16.486,16.694,16.486,16.624,93994,0
20130124,16.594,16.892,16.486,16.514,71900,0
20130125,16.554,16.694,16.534,16.614,177451,0
20130128,16.544,16.619,16.276,16.446,41118,0
20130129,16.396,16.784,16.316,16.514,56847,0
20130130,16.654,16.664,15.968,16.008,155583,0
20130131,15.958,16.216,15.253,15.372,1052375,0
20130201,15.382,15.442,15.044,15.253,652657,0
20130204,15.253,15.441,15.054,15.124,75786,0
20130205,15.203,15.412,15.084,15.372,94956,0
20130206,15.531,16.018,15.422,15.869,263478,0
20130207,15.928,16.236,15.898,16.078,741080,0
20130208,16.276,16.764,16.276,16.416,247626,0
20130211,16.336,16.514,16.216,16.446,83878,0
20130212,16.504,17.17,16.504,17.161,49900,0
20130213,17.26,17.38,17.121,17.3,61245,0
20130214,17.19,17.459,17.161,17.419,58873,0
20130215,17.558,17.578,17.33,17.389,55163,0
20130219,17.35,17.618,17.32,17.37,23155,0
20130220,17.439,18.075,17.389,17.946,59040,0
20130221,17.876,17.985,17.479,17.737,153054,0
20130222,17.747,18.333,17.722,17.985,59889,0
20130225,17.985,18.155,17.568,17.658,68086,0
20130226,17.658,17.926,17.648,17.856,31549,0
20130227,17.846,18.115,17.653,18.075,57914,0
20130228,17.707,18.413,17.648,18.383,125647,0
20130301,18.194,18.264,17.752,17.866,160195,0
20130304,17.658,18.333,17.648,18.095,105558,0
20130305,17.936,18.095,17.608,17.896,104729,0
20130306,17.916,18.393,17.894,18.264,21838,0
20130307,18.323,18.453,18.174,18.353,25945,0
20130308,18.383,18.383,17.995,18.045,30261,0
20130311,18.323,18.333,17.906,17.975,58941,0
20130312,17.975,18.135,17.747,17.807,44909,0
20130313,17.777,18.035,17.727,17.797,76484,0
20130314,17.777,17.866,17.598,17.856,42933,0
20130315,17.836,18.303,17.836,18.065,133878,0
20130318,17.906,18.135,17.717,18.115,49921,0
20130319,17.886,17.941,17.032,17.101,468326,0
20130320,17.141,17.32,16.823,16.982,201390,0
20130321,16.902,17.717,16.764,17.38,186697,0
20130322,17.558,17.598,16.892,16.912,151734,0
20130325,16.982,17.032,16.842,16.892,152727,0
20130326,16.962,17.042,16.664,16.912,288909,0
20130327,16.942,16.972,16.669,16.852,117653,0
20130328,16.922,17.28,16.604,17.022,321045,0
20130401,16.912,16.992,16.446,16.902,134191,0
20130402,16.922,17.091,16.803,16.842,248175,0
20130403,16.842,16.992,16.544,16.564,98776,0
20130404,16.624,16.764,16.376,16.624,110965,0
20130405,16.514,17.077,16.486,16.852,105485,0
20130408,16.833,16.922,16.426,16.823,93667,0
20130409,16.803,16.942,16.594,16.724,72802,0
20130410,16.764,16.952,16.684,16.744,101843,0
20130411,16.754,17.07,16.754,16.892,128922,0
20130412,16.942,16.952,16.744,16.852,96944,0
20130415,16.754,16.942,16.336,16.436,130174,0
20130416,16.534,16.932,16.386,16.833,119899,0
20130417,16.803,16.909,16.196,16.386,99186,0
20130418,16.356,16.476,15.958,16.018,123940,0
20130419,16.078,16.744,15.948,16.614,310297,0
20130422,16.584,16.823,16.128,16.664,357807,0
20130423,16.823,17.161,16.714,16.909,366456,0
20130424,17.022,17.131,16.852,16.982,174514,0
20130425,17.052,17.658,16.932,17.33,244011,0
20130426,17.26,17.399,16.982,17.33,125065,0
20130429,17.459,17.518,17.26,17.26,96474,0
20130430,17.31,17.946,17.082,17.757,419916,0
20130501,17.747,17.946,17.34,17.389,141343,0
20130502,17.37,17.439,17.18,17.33,82457,0
20130503,16.754,17.459,16.754,17.29,101213,0
20130506,17.34,17.836,17.29,17.389,117470,0
20130507,17.389,17.717,17.38,17.608,92283,0
20130508,17.638,17.687,17.489,17.538,67066,0
20130509,17.479,17.687,17.35,17.389,55195,0
20130510,17.459,17.482,17.131,17.26,73312,0
20130513,17.3,17.409,17.151,17.2,73049,0
20130514,17.19,17.37,17.131,17.2,159701,0
20130515,17.17,17.727,17.017,17.717,219404,0
20130516,17.737,17.985,17.558,17.628,455126,0
20130517,17.797,17.985,17.628,17.742,422870,0
20130520,17.697,17.956,17.677,17.787,2558157,0
20130521,17.836,17.928,17.548,17.886,236226,0
20130522,17.886,17.985,17.747,17.846,307466,0
20130523,17.807,17.886,17.558,17.817,105628,0
20130524,17.777,17.916,17.568,17.876,55334,0
20130528,18.065,18.264,17.956,18.214,286698,0
20130529,18.115,18.115,17.777,17.856,2386647,0
20130530,17.856,18.055,17.737,17.886,635773,0
20130531,17.827,18.333,17.697,17.787,386023,0
20130603,17.866,17.975,17.26,17.638,313806,0
20130604,17.588,17.727,17.23,17.38,295602,0
20130605,17.409,17.419,16.902,16.912,264341,0
20130606,16.892,17.091,16.744,16.793,207003,0
20130607,16.823,17.787,16.764,17.608,183964,0
20130610,17.598,18.075,17.27,18.035,292377,0
20130611,17.876,18.005,17.499,17.747,186342,0
20130612,17.787,17.985,17.419,17.548,79287,0
20130613,17.578,17.946,17.38,17.886,218671,0
20130614,17.827,17.966,17.618,17.747,268435,0
20130617,17.916,18.214,17.419,17.985,318095,0
20130618,18.065,18.383,17.717,18.383,285783,0
20130619,18.463,18.631,18.005,18.571,389598,0
20130620,18.483,18.949,18.174,18.611,335302,0
20130621,18.711,19.129,18.522,18.591,778593,0
20130624,18.493,18.899,17.936,18.681,334012,0
20130625,18.771,18.781,18.542,18.631,174278,0
20130626,18.681,18.681,18.234,18.264,301343,0
20130627,18.433,19.009,18.423,18.959,358597,0
20130628,18.949,18.964,18.651,18.899,2278914,0
20130701,19.009,19.535,18.749,19.159,403664,0
20130702,19.466,19.476,19.109,19.397,111085,0
20130703,19.287,19.447,19.109,19.347,33309,0
20130705,19.417,19.625,19.059,19.257,109742,0
20130708,19.347,19.521,18.989,19.139,136608,0
20130709,19.139,19.387,19.054,19.237,221988,0
20130710,19.267,19.277,19.069,19.099,111830,0
20130711,19.177,19.187,18.273,18.681,254530,0
20130712,19.009,19.923,18.959,19.417,277565,0
20130715,19.377,19.873,19.33,19.625,124259,0
20130716,19.695,19.943,19.466,19.675,134073,0
20130717,19.774,19.873,19.496,19.685,100345,0
20130718,19.635,19.873,19.535,19.625,145028,0
20130719,19.675,19.863,19.585,19.774,85800,0
20130722,19.685,19.814,19.437,19.764,81305,0
20130723,19.764,19.834,19.525,19.745,150746,0
20130724,19.755,20.842,19.755,20.211,198137,0
20130725,20.42,20.42,19.535,19.555,164306,0
20130726,19.407,19.515,19.198,19.496,124757,0
20130729,19.496,19.585,19.227,19.247,97757,0
20130730,19.237,19.397,18.919,19.089,151213,0
20130731,19.079,19.302,18.929,18.979,122577,0
20130801,19.129,19.764,19.129,19.377,146554,0
20130802,19.267,19.476,19.089,19.337,40363,0
20130805,19.257,19.402,19.185,19.257,53102,0
20130806,19.217,19.267,18.801,18.919,77674,0
20130807,19.089,19.277,18.731,18.979,52472,0
20130808,19.129,19.297,18.811,18.949,51580,0
20130809,18.959,19.039,18.751,18.879,125494,0
20130812,18.791,18.979,18.791,18.949,81322,0
20130813,18.84,19.177,18.791,19.139,277335,0
20130814,19.079,19.327,19.019,19.139,46036,0
20130815,19.079,19.277,18.939,19.009,195676,0
20130816,18.919,18.959,18.503,18.919,140539,0
20130819,18.919,19.049,18.512,18.751,93364,0
20130820,18.791,19.496,18.761,19.387,260908,0
20130821,19.367,19.784,19.227,19.715,428418,0
20130822,19.695,19.824,19.476,19.685,80456,0
20130823,19.655,20.062,19.466,20.033,325964,0
20130826,20.092,20.112,19.595,19.814,67420,0
20130827,19.605,19.794,19.168,19.595,171706,0
20130828,19.625,19.705,19.387,19.625,93061,0
20130829,19.625,20.122,19.625,19.913,454373,0
20130830,19.883,19.907,19.605,19.625,232431,0
20130903,19.755,19.893,19.377,19.505,134424,0
20130904,19.575,20.619,19.535,20.569,206942,0
20130905,20.549,21.156,20.42,20.798,302989,0
20130906,20.847,21.394,20.46,21.056,161063,0
20130909,21.046,22.02,20.798,21.92,257943,0
20130910,22.01,22.428,21.85,22.02,193434,0
20130911,21.96,22.08,21.802,21.812,133903,0
20130912,21.782,21.86,21.414,21.533,164015,0
20130913,21.523,21.692,21.444,21.632,98279,0
20130916,22.07,22.07,21.354,21.822,400744,0
20130917,21.86,22.01,21.672,21.792,436003,0
20130918,21.85,22.298,21.84,21.98,293410,0
20130919,22.04,22.358,21.652,22.308,153321,0
20130920,22.388,22.418,21.9,22.258,1545450,0
20130923,22.159,22.288,21.85,22.139,146821,0
20130924,21.94,22.795,21.94,22.149,266687,0
20130925,22.308,22.795,22.178,22.546,262514,0
20130926,22.656,22.686,22.04,22.13,163233,0
20130927,22.04,22.13,21.662,21.782,329181,0
20130930,21.682,21.89,21.503,21.812,164514,0
20131001,21.84,22.238,21.672,22.05,73867,0
20131002,21.9,21.9,21.523,21.672,103958,0
20131003,21.712,21.812,21.156,21.304,259039,0
20131004,21.244,21.592,21.235,21.523,124085,0
20131007,21.414,22.159,21.096,21.95,152162,0
20131008,21.93,22.198,21.254,21.93,298790,0
20131009,21.93,22.05,21.394,21.542,161146,0
20131010,21.712,22.358,21.552,22.198,80394,0
20131011,22.09,22.432,22.09,22.348,82960,0
20131014,22.308,22.398,22.258,22.368,88817,0
20131015,22.368,22.368,21.95,22.248,59995,0
20131016,22.288,22.546,22.228,22.278,81013,0
20131017,22.318,22.696,20.808,22.358,137771,0
20131018,22.358,22.596,22.318,22.437,154578,0
20131021,21.812,22.358,21.812,22.338,125896,0
20131022,22.338,22.348,21.742,21.822,91277,0
20131023,21.762,22.12,21.672,21.88,128815,0
20131024,21.832,22.188,21.832,22.13,84535,0
20131025,22.208,22.208,21.822,22.08,102247,0
20131028,22.02,22.358,21.92,22.188,74773,0
20131029,22.139,22.358,22,22.198,76081,0
20131030,22.139,22.218,21.97,22.03,80811,0
20131031,21.98,22.298,21.92,22.08,92144,0
20131101,22,22,21.682,21.85,101743,0
20131104,21.85,22.218,21.85,22.178,90789,0
20131105,22.139,22.646,22.04,22.477,53639,0
20131106,22.546,22.546,22.13,22.198,55853,0
20131107,22.248,22.248,21.85,21.95,79402,0
20131108,21.9,22.437,21.89,22.228,75880,0
20131111,22.169,22.358,22.11,22.328,23675,0
20131112,22.238,22.238,21.89,22.09,45689,0
20131113,22.03,22.358,21.88,22.358,45287,0
20131114,22.358,22.408,22.208,22.358,53136,0
20131115,22.308,22.348,21.86,22.1,65313,0
20131118,22.159,22.348,21.95,22.149,38845,0
20131119,22.228,22.328,21.792,21.98,54127,0
20131120,22.03,22.248,21.88,21.99,72257,0
20131121,22.06,22.238,21.96,22.06,236496,0
20131122,21.92,22.139,21.92,22.13,198865,0
20131125,22.258,22.447,22.06,22.368,101945,0
20131126,22.358,22.576,22.248,22.566,78396,0
20131127,22.696,23.58,22.596,23.252,137771,0
20131129,23.381,23.501,23.143,23.192,29808,0
20131202,23.312,23.52,22.964,23.451,69037,0
20131203,23.441,23.451,22.526,22.904,75880,0
20131204,22.835,23.182,22.696,22.894,75679,0
20131205,22.924,23.103,22.706,23.024,84334,0
20131206,23.242,23.341,22.457,22.716,191713,0
20131209,22.795,22.914,22.457,22.656,107790,0
20131210,22.418,22.726,22.358,22.358,155786,0
20131211,22.358,22.477,22.06,22.348,107077,0
20131212,22.358,22.506,22.308,22.358,87163,0
20131213,22.457,22.487,21.9,22.149,113719,0
20131216,22.178,22.328,21.98,22.149,84130,0
20131217,22.198,22.626,21.97,22.497,167258,0
20131218,22.487,22.636,22.06,22.566,100939,0
20131219,22.566,22.735,22.208,22.566,63502,0
20131220,22.666,23.143,22.586,22.954,540720,0
20131223,22.954,23.073,22.785,22.864,117141,0
20131224,22.825,23.103,22.726,23.033,66888,0
20131226,23.053,23.083,22.795,22.934,83328,0
20131227,23.004,23.033,22.775,22.844,52230,0
20131230,22.835,22.944,22.576,22.726,42770,0
20131231,22.805,22.844,22.556,22.606,66118,0
20140102,22.596,22.596,22.11,22.208,59542,0
20140103,22.188,22.825,22.034,22.666,94113,0
20140106,22.706,22.894,22.536,22.864,118248,0
20140107,22.874,23.083,22.636,22.844,77088,0
20140108,22.706,23.014,22.497,22.765,55249,0
20140109,22.884,22.934,22.616,22.854,63703,0
20140110,22.904,22.924,22.208,22.268,74169,0
20140113,22.178,22.268,21.832,22.01,104864,0
20140114,22.01,22.506,21.89,22.169,90070,0
20140115,22.268,22.745,22.198,22.596,45991,0
20140116,22.506,22.854,22.487,22.795,60253,0
20140117,22.825,22.854,22.328,22.408,146326,0
20140121,22.566,22.815,22.418,22.785,32908,0
20140122,22.785,23.004,22.666,22.894,177020,0
20140123,22.954,23.917,22.904,23.202,132136,0
20140124,23.451,23.669,23.053,23.133,280834,0
20140127,23.163,23.351,21.195,22.934,181649,0
20140128,23.024,23.182,22.844,22.924,132018,0
20140129,22.666,23.431,22.666,22.964,98120,0
20140130,23.093,23.351,23.024,23.222,131633,0
20140131,22.904,22.964,22.706,22.904,136161,0
20140203,22.805,22.964,21.85,21.96,145961,0
20140204,22,22.696,21.88,22.546,131161,0
20140205,21.885,22.77,21.85,22.477,112259,0
20140206,22.586,22.825,22.414,22.646,109098,0
20140207,22.805,22.854,22.586,22.815,96761,0
20140210,22.745,22.835,22.418,22.596,125620,0
20140211,22.546,22.854,22.546,22.716,133092,0
20140212,22.666,22.904,22.338,22.378,124044,0
20140213,22.258,22.884,22.258,22.775,175074,0
20140214,22.805,22.874,22.636,22.646,115607,0
20140218,22.506,23.014,22.477,22.825,112264,0
20140219,22.696,22.904,22.308,22.318,72868,0
20140220,22.159,22.864,22.159,22.815,95789,0
20140221,22.835,22.854,22.278,22.318,128659,0
20140224,22.398,22.894,21.998,22.854,77591,0
20140225,22.785,22.854,22.656,22.696,39190,0
20140226,22.626,22.805,22.408,22.755,44342,0
20140227,22.646,22.749,22.477,22.596,83796,0
20140228,22.686,22.904,22.686,22.854,117072,0
20140303,22.716,22.854,22.696,22.775,98359,0
20140304,22.844,23.947,22.795,23.699,223617,0
20140305,23.457,24.245,23.457,24.127,257510,0
20140306,24.235,25.061,24.191,24.475,201081,0
20140307,24.543,24.683,24.385,24.593,141372,0
20140310,24.53,24.966,24.53,24.871,209051,0
20140311,24.911,25.001,24.703,24.941,101805,0
20140312,24.851,25.14,24.653,25.11,125069,0
20140313,25.339,25.339,24.981,25.11,94184,0
20140314,25.031,25.219,24.913,24.991,91835,0
20140317,24.871,25.209,24.773,24.851,133728,0
20140318,24.851,25.199,24.709,25.16,129417,0
20140319,25.179,25.478,24.881,25.329,103336,0
20140320,25.14,25.845,25.136,25.537,106369,0
20140321,25.816,25.845,25.299,25.339,219768,0
20140324,24.553,25.438,24.345,25.051,161254,0
20140325,25.041,25.179,24.793,24.901,143177,0
20140326,24.643,24.981,24.305,24.355,148539,0
20140327,24.365,24.683,24.275,24.465,97844,0
20140328,24.435,24.886,24.305,24.455,77917,0
20140331,24.623,25.021,23.709,24.951,160630,0
20140401,24.683,25.379,24.683,25.349,138042,0
20140402,25.339,25.349,25.061,25.101,67535,0
20140403,25.16,25.287,24.733,24.763,104386,0
20140404,25.085,25.085,24.176,24.415,96789,0
20140407,24.265,24.733,24.235,24.475,115309,0
20140408,24.553,25.046,24.553,24.803,117571,0
20140409,24.981,25.108,24.688,24.763,100800,0
20140410,24.693,24.876,24.047,24.167,94911,0
20140411,23.51,24.275,23.51,23.779,155446,0
20140414,23.908,24.167,23.719,24.047,135362,0
20140415,24.077,24.245,23.639,23.947,140257,0
20140416,24.097,24.206,23.848,24.047,80967,0
20140417,23.997,24.425,23.997,24.295,145354,0
20140421,23.987,24.047,23.292,23.779,183624,0
20140422,23.917,23.917,23.52,23.6,129098,0
20140423,23.729,23.898,23.55,23.709,99716,0
20140424,23.491,23.937,23.331,23.401,119073,0
20140425,23.351,23.59,23.192,23.451,125417,0
20140428,23.53,23.759,23.232,23.331,99947,0
20140429,22.844,23.749,22.844,23.471,129597,0
20140430,23.341,23.699,23.172,23.699,137522,0
20140501,23.58,23.639,23.073,23.53,143805,0
20140502,23.341,23.888,23.341,23.55,89126,0
20140505,23.153,23.59,23.113,23.491,103034,0
20140506,23.729,23.729,23.113,23.143,113966,0
20140507,23.232,23.52,22.844,23.481,121563,0
20140508,23.501,23.659,23.153,23.322,79955,0
20140509,23.163,23.937,23.073,23.619,106790,0
20140512,23.629,24.295,23.54,24.215,546069,0
20140513,24.25,24.465,24.052,24.255,106546,0
20140514,24.117,24.117,23.113,23.202,103725,0
20140515,23.033,23.441,22.676,22.984,126675,0
20140516,22.964,23.123,22.636,23.043,96141,0
20140519,22.795,23.192,22.795,23.192,50160,0
20140520,23.083,23.182,22.656,23.024,136094,0
20140521,23.153,23.481,22.676,22.954,123714,0
20140522,23.024,23.451,22.934,23.322,84169,0
20140523,23.302,23.58,23.182,23.56,273199,0
20140527,23.6,23.898,23.153,23.858,113409,0
20140528,23.729,24.107,23.669,23.937,106029,0
20140529,23.977,24.421,23.838,24.007,80475,0
20140530,24.067,24.176,23.927,24.107,109216,0
20140602,23.957,24.405,23.858,24.206,80436,0
20140603,24.196,24.643,24.176,24.385,129694,0
20140604,24.335,24.793,24.157,24.504,107712,0
20140605,24.593,25.229,24.504,25.081,104651,0
20140606,25.239,25.239,25.031,25.174,159183,0
20140609,24.901,25.488,24.901,25.219,109783,0
20140610,25.179,25.438,24.971,25.249,57766,0
20140611,25.081,25.16,24.812,24.921,66782,0
20140612,24.841,24.921,24.523,24.723,62191,0
20140613,24.832,24.991,24.563,24.812,98058,0
20140616,24.763,24.763,24.295,24.623,84550,0
20140617,24.543,24.901,24.525,24.733,150709,0
20140618,24.832,24.891,24.465,24.643,133210,0
20140619,24.743,24.743,24.405,24.623,85293,0
20140620,24.593,24.673,24.265,24.543,428267,0
20140623,24.465,24.603,24.365,24.513,56802,0
20140624,24.385,24.663,24.077,24.097,95125,0
20140625,23.789,24.196,23.789,24.137,104242,0
20140626,24.167,24.167,23.449,24.067,78271,0
20140627,23.888,24.117,23.59,23.659,174646,0
20140630,23.58,23.61,23.292,23.461,124202,0
20140701,23.55,24.225,23.52,23.848,125586,0
20140702,24.077,24.077,23.659,23.719,68030,0
20140703,23.799,24.255,23.769,24.087,42123,0
20140707,23.987,24.227,23.629,23.689,77830,0
20140708,23.819,23.819,23.401,23.491,108120,0
20140709,23.59,23.735,23.471,23.56,41176,0
20140710,23.182,23.536,23.053,23.292,71956,0
20140711,23.222,23.461,22.894,23.292,112659,0
20140714,23.431,23.61,23.143,23.212,60295,0
20140715,23.073,23.381,23.073,23.272,87464,0
20140716,23.361,23.51,22.984,23.063,69149,0
20140717,22.864,23.212,20.946,22.676,131776,0
20140718,22.626,23.024,22.393,22.864,86728,0
20140721,22.676,23.063,22.636,22.994,72520,0
20140722,23.093,23.361,23.063,23.232,100222,0
20140723,23.212,23.759,23.212,23.401,84944,0
20140724,23.212,23.441,22.815,23.331,65977,0
20140725,22.924,23.053,22.511,22.854,98212,0
20140728,22.854,22.974,22.447,22.805,97919,0
20140729,22.854,22.899,22.606,22.795,84754,0
20140730,22.864,23.262,22.656,23.063,143579,0
20140731,22.815,22.994,22.566,22.636,94645,0
20140801,22.805,23.153,22.616,22.889,126519,0
20140804,22.944,23.133,22.686,23.093,167799,0
20140805,22.984,23.331,22.884,22.964,91460,0
20140806,22.904,23.55,22.904,23.461,105252,0
20140807,23.491,23.779,23.182,23.719,174591,0
20140808,23.699,24.153,23.481,23.977,207839,0
20140811,24.087,24.265,23.739,23.799,86766,0
20140812,23.888,23.917,23.669,23.799,82972,0
20140813,23.858,24.186,23.769,23.997,91934,0
20140814,23.987,24.533,23.898,23.917,66660,0
20140815,24.167,24.167,23.312,23.619,62637,0
20140818,23.789,24.007,23.467,23.908,55573,0
20140819,23.888,23.937,23.61,23.709,39492,0
20140820,23.689,24.176,23.6,23.858,92458,0
20140821,23.819,24.395,23.59,24.305,113270,0
20140822,24.255,24.633,24.186,24.355,130861,0
20140825,24.435,24.485,24.206,24.465,98928,0
20140826,24.405,24.763,24.405,24.673,102991,0
20140827,24.643,24.683,24.206,24.435,49773,0
20140828,24.325,24.325,23.957,24.017,51108,0
20140829,24.017,24.365,23.957,24.315,58655,0
20140902,24.455,24.623,24.385,24.543,54824,0
20140903,24.573,24.783,24.137,24.157,43578,0
20140904,24.137,24.683,24.137,24.285,92463,0
20140905,24.157,24.305,23.927,24.235,89845,0
20140908,24.245,24.245,23.53,23.56,162467,0
20140909,23.57,23.57,22.944,22.984,191108,0
20140910,23.024,23.858,23.014,23.769,117449,0
20140911,23.6,24.057,23.302,23.898,121065,0
20140912,23.967,24.167,23.035,23.987,118146,0
20140915,23.957,24.127,23.475,23.908,83701,0
20140916,23.927,24.215,23.639,23.987,82615,0
20140917,23.947,24.355,23.829,24.077,566681,0
20140918,24.087,24.881,23.888,24.832,347452,0
20140919,25.001,25.179,24.603,25.011,656771,0
20140922,24.951,25.249,24.523,24.643,136497,0
20140923,24.593,24.743,24.295,24.305,93691,0
20140924,24.415,24.533,24.117,24.255,72490,0
20140925,23.957,24.425,23.739,23.927,75843,0
20140926,23.977,24.097,23.699,23.759,61412,0
20140929,23.55,23.957,23.491,23.779,69279,0
20140930,23.769,24.027,23.619,23.729,166950,0
20141001,23.639,24.017,23.361,23.868,131323,0
20141002,23.594,24.275,23.594,23.997,196132,0
20141003,24.167,24.455,24.007,24.027,60638,0
20141006,24.107,24.127,23.819,23.873,108085,0
20141007,23.759,23.898,23.55,23.59,143118,0
20141008,23.55,23.957,23.491,23.888,81403,0
20141009,23.809,23.829,23.491,23.61,139999,0
20141010,23.411,23.937,23.401,23.441,251975,0
20141013,23.411,23.997,23.411,23.699,149236,0
20141014,23.829,24.047,23.739,23.957,409829,0
20141015,23.689,23.689,23.063,23.252,171730,0
20141016,22.11,23.451,19.655,23.068,229672,0
20141017,23.252,23.252,22.795,23.143,158448,0
20141020,23.153,23.699,23.024,23.659,103087,0
20141021,23.759,24.047,23.61,24.017,596879,0
20141022,24.117,24.504,23.947,24.265,108768,0
20141023,24.435,24.673,24.305,24.385,124878,0
20141024,24.475,24.743,24.425,24.523,93107,0
20141027,24.395,24.763,24.176,24.563,99183,0
20141028,24.713,25.041,24.445,24.836,156752,0
20141029,24.812,25.349,24.733,25.259,85212,0
20141030,25.16,25.557,25.12,25.438,59987,0
20141031,25.627,25.836,25.577,25.726,155567,0
20141103,25.746,25.836,25.209,25.369,86840,0
20141104,25.379,25.438,25.041,25.14,41530,0
20141105,25.189,25.282,24.991,25.041,104742,0
20141106,24.891,25.115,24.673,25.001,122504,0
20141107,25.021,25.359,24.841,25.349,66130,0
20141110,25.359,25.637,25.359,25.617,125153,0
20141111,25.697,25.816,25.607,25.746,82241,0
20141112,25.637,25.855,25.637,25.855,61265,0
20141113,25.945,26.019,25.647,25.915,87719,0
20141114,25.975,26.203,25.736,25.865,99295,0
20141117,25.885,25.945,25.339,25.379,38540,0
20141118,25.438,25.617,25.349,25.468,70412,0
20141119,25.229,25.408,24.841,25.101,53318,0
20141120,25.061,25.408,24.855,25.319,67965,0
20141121,25.607,25.706,24.951,25.021,119050,0
20141124,24.971,25.726,24.971,25.687,109981,0
20141125,25.677,25.687,25.507,25.647,69199,0
20141126,25.539,25.836,25.539,25.806,83759,0
20141128,25.766,25.875,25.16,25.189,36396,0
20141201,24.911,25.259,24.841,24.851,82394,0
20141202,24.861,25.239,24.861,24.981,44947,0
20141203,24.891,25.259,24.851,25.11,93316,0
20141204,24.991,25.14,24.841,25.101,86550,0
20141205,25.15,25.786,25.15,25.567,74035,0
20141208,25.438,25.816,25.11,25.389,66791,0
20141209,25.101,25.816,25.101,25.736,78250,0
20141210,25.617,25.687,25.279,25.428,190070,0
20141211,25.547,25.836,25.498,25.667,112323,0
20141212,25.389,25.806,25.389,25.716,166456,0
20141215,25.726,25.905,25.527,25.687,125524,0
20141216,25.597,25.925,25.547,25.597,84146,0
20141217,25.637,25.667,25.458,25.637,173357,0
20141218,25.806,26.322,25.716,26.223,135113,0
20141219,26.164,26.511,25.557,26.024,1592338,0
20141222,25.955,26.561,25.677,26.551,99302,0
20141223,26.61,26.988,25.95,26.839,97534,0
20141224,26.859,26.918,26.72,26.75,34349,0
20141226,26.83,26.83,26.561,26.63,61477,0
20141229,26.561,27.078,26.447,26.879,86181,0
20141230,26.978,27.018,26.757,26.81,63862,0
20141231,26.958,27.128,26.531,26.63,115469,0
20150102,26.79,26.928,25.995,26.482,69342,0
20150105,26.273,26.273,25.836,25.836,73023,0
20150106,25.925,26.024,24.916,25.14,106414,0
20150107,25.249,25.517,24.911,25.438,122190,0
20150108,25.507,25.677,25.309,25.498,50437,0
20150109,25.478,25.567,25.011,25.071,62814,0
20150112,25.12,25.14,24.841,24.891,64152,0
20150113,25.14,25.428,24.405,24.673,74906,0
20150114,24.395,24.613,24.275,24.345,80083,0
20150115,24.305,24.305,23.679,23.898,79838,0
20150116,23.779,24.245,23.659,24.176,100734,0
20150120,24.255,24.435,23.639,23.759,77561,0
20150121,23.649,23.868,23.341,23.471,77811,0
20150122,23.302,24.225,23.302,24.077,132971,0
20150123,24.087,24.186,23.908,24.027,69169,0
20150126,23.987,24.355,23.699,24.107,116763,0
20150127,23.917,24.275,23.779,24.017,44420,0
20150128,24.196,24.196,23.262,23.351,132043,0
20150129,23.52,24.285,23.351,24.225,165530,0
20150130,24.713,24.921,24.255,24.265,206201,0
20150202,24.445,25.219,24.295,25.051,207812,0
20150203,25.279,25.806,24.891,24.991,191569,0
20150204,24.891,25.488,24.891,25.14,88632,0
20150205,25.349,25.527,25.179,25.339,59848,0
20150206,25.478,25.836,25.299,25.418,112557,0
20150209,24.822,25.428,24.773,25.101,68064,0
20150210,25.001,25.577,24.891,25.488,87043,0
20150211,25.468,25.667,25.051,25.458,79755,0
20150212,25.517,25.985,25.517,25.965,47412,0
20150213,26.024,26.094,25.796,25.875,70382,0
20150217,25.965,26.392,25.836,26.342,106588,0
20150218,26.253,26.382,25.855,25.925,77528,0
20150219,25.816,25.935,25.527,25.836,98421,0
20150220,25.905,26.124,25.369,26.074,146015,0
20150223,26.074,26.541,25.697,26.521,69917,0
20150224,26.541,26.82,26.412,26.64,50861,0
20150225,26.67,26.83,26.472,26.74,34410,0
20150226,26.511,26.83,26.511,26.82,73209,0
20150227,26.59,26.83,26.332,26.382,63500,0
20150302,26.372,26.8,25.736,26.8,55049,0
20150303,26.342,26.72,26.342,26.482,91378,0
20150304,26.302,26.61,26.134,26.521,83528,0
20150305,26.362,26.958,26.362,26.849,99026,0
20150306,26.76,27.564,26.402,27.058,66924,0
20150309,27.177,27.574,26.72,27.466,140388,0
20150310,26.908,27.316,26.879,27.177,129217,0
20150311,26.998,27.346,26.998,27.236,78396,0
20150312,27.296,27.823,27.177,27.813,171786,0
20150313,27.803,28.151,27.554,28.022,162830,0
20150316,28.002,28.101,27.226,27.456,152666,0
20150317,27.614,27.823,27.206,27.714,117241,0
20150318,27.574,27.793,27.038,27.356,167158,0
20150319,27.256,27.574,27.028,27.544,92686,0
20150320,27.544,28.072,27.476,27.942,331095,0
20150323,27.942,28.002,27.654,27.972,149647,0
20150324,27.972,27.972,27.644,27.852,123582,0
20150325,27.842,27.842,27.008,27.108,109594,0
20150326,27.048,27.186,26.77,27.148,94900,0
20150327,27.158,27.296,26.898,27.246,135054,0
20150330,27.306,27.734,27.286,27.654,98020,0
20150331,27.514,27.564,27.158,27.436,109190,0
20150401,27.296,27.326,27.078,27.286,109090,0
20150402,27.306,27.564,27.256,27.396,174201,0
20150406,27.216,27.226,26.948,27.118,209525,0
20150407,27.078,27.118,26.502,26.531,245109,0
20150408,26.561,27.336,26.482,27.306,115028,0
20150409,27.286,27.574,26.938,27.574,135247,0
20150410,27.783,28.052,27.476,28.052,224822,0
20150413,27.982,28.508,27.922,28.34,113317,0
20150414,28.26,28.28,27.674,27.813,69540,0
20150415,27.833,28.35,27.823,28.34,73865,0
20150416,28.24,28.36,28.106,28.32,49354,0
20150417,28.111,28.35,27.952,28.062,128412,0
20150420,28.141,28.489,27.982,28.141,68171,0
20150421,28.19,28.262,28.052,28.2,39504,0
20150422,28.17,28.32,27.882,28.101,70727,0
20150423,28.32,28.32,27.416,27.456,82724,0
20150424,27.644,27.644,27.206,27.436,67426,0
20150427,27.624,27.813,27.058,27.346,78798,0
20150428,27.266,27.754,27.177,27.684,87051,0
20150429,27.714,28.131,27.664,27.714,80811,0
20150430,27.564,27.833,26.859,26.948,126903,0
20150501,26.72,27.078,26.551,27.018,94096,0
20150504,26.998,27.426,26.948,27.276,67226,0
20150505,27.177,27.466,26.879,27.118,76987,0
20150506,27.138,27.485,26.988,27.406,71903,0
20150507,27.436,27.764,26.805,27.524,94743,0
20150508,27.564,27.654,27.346,27.446,46998,0
20150511,27.485,27.862,27.336,27.624,55753,0
20150512,27.446,27.793,27.006,27.744,65899,0
20150513,27.704,28.052,27.524,28.002,102750,0
20150514,28.062,28.429,28.042,28.409,74873,0
20150515,28.469,28.588,28.072,28.2,61471,0
20150518,28.27,28.807,28.24,28.777,81696,0
20150519,28.727,29.035,28.598,28.846,92384,0
20150520,28.946,29.085,28.717,29.005,60181,0
20150521,28.846,29.025,28.489,28.578,45287,0
20150522,28.518,28.628,28.22,28.25,47098,0
20150526,28.091,28.31,27.764,28.26,45265,0
20150527,28.29,28.618,27.952,28.538,120562,0
20150528,28.518,28.677,28.32,28.677,33733,0
20150529,28.707,28.707,28.091,28.34,76383,0
20150601,28.548,28.668,28.062,28.419,45762,0
20150602,28.26,28.936,28.24,28.737,86042,0
20150603,28.618,29.264,28.608,29.155,87654,0
20150604,28.966,29.174,28.598,28.846,29285,0
20150605,28.846,29.283,28.827,28.995,106272,0
20150608,28.946,29.244,28.528,28.658,90573,0
20150609,28.677,29.155,28.459,29.015,77015,0
20150610,29.095,29.671,29.095,29.423,145318,0
20150611,29.423,29.532,28.995,29.512,49414,0
20150612,29.373,29.571,28.975,29.483,43375,0
20150615,29.165,29.333,28.767,29.125,147634,0
20150616,29.145,29.343,28.936,29.155,95605,0
20150617,29.313,29.363,28.479,28.638,87352,0
20150618,28.906,29.194,28.668,29.065,95202,0
20150619,29.135,29.463,28.975,29.333,154678,0
20150622,29.591,29.969,29.273,29.681,75880,0
20150623,29.671,30.049,29.621,29.831,65807,0
20150624,29.821,29.859,29.522,29.641,63703,0
20150625,29.84,29.939,29.443,29.85,84635,0
20150626,29.791,30.307,29.721,30.257,259944,0
20150629,29.473,29.771,28.807,28.866,176617,0
20150630,29.155,29.155,28.787,28.886,82865,0
20150701,29.204,29.413,28.827,29.135,90775,0
20150702,29.085,29.204,28.37,28.658,40053,0
20150706,28.618,28.946,28.34,28.936,55249,0
20150707,28.876,28.876,28.29,28.528,58268,0
20150708,28.33,28.409,28.012,28.27,43979,0
20150709,28.677,28.717,28.25,28.528,47601,0
20150710,28.777,29.145,28.628,29.095,63401,0
20150713,29.184,29.542,29.075,29.214,57866,0
20150714,29.025,29.413,29.025,29.214,71000,0
20150715,29.293,29.542,29.005,29.035,101017,0
20150716,29.264,29.869,29.264,29.503,44179,0
20150717,29.611,29.681,29.283,29.532,62092,0
20150720,29.522,29.801,29.453,29.771,51123,0
20150721,29.711,30.357,29.581,29.741,110901,0
20150722,29.691,30.456,29.691,30.247,74471,0
20150723,30.257,30.655,28.926,29.075,168365,0
20150724,29.125,29.433,28.837,29.353,173900,0
20150727,29.214,29.423,29.125,29.313,143407,0
20150728,29.473,29.473,28.995,29.165,127507,0
20150729,29.045,29.869,29.005,29.473,103052,0
20150730,29.373,29.751,29.015,29.741,79302,0
20150731,29.741,30.149,29.581,29.781,94196,0
20150803,29.781,29.929,29.343,29.731,97827,0
20150804,29.859,29.969,29.571,29.761,119053,0
20150805,29.84,30.675,29.84,30.227,128211,0
20150806,30.257,30.565,29.631,29.811,102548,0
20150807,29.781,30.109,29.483,29.791,60483,0
20150810,29.909,30.417,29.771,30.197,86245,0
20150811,29.969,30.347,29.571,29.741,122656,0
20150812,29.552,29.601,28.846,29.423,79704,0
20150813,29.393,29.899,29.283,29.591,88660,0
20150814,29.503,30.069,29.503,30.009,65715,0
20150817,29.831,30.525,29.751,30.347,76987,0
20150818,30.267,30.515,30.089,30.387,57061,0
20150819,30.227,30.575,30.049,30.237,80609,0
20150820,29.413,30.019,29.413,29.681,106473,0
20150821,29.661,30.217,29.661,29.939,137671,0
20150824,28.827,29.383,27.922,28.151,134498,0
20150825,29.085,29.085,28.081,28.101,138979,0
20150826,28.578,29.473,27.744,28.697,174705,0
20150827,28.916,29.095,28.2,28.827,807810,0
20150828,28.638,29.751,28.439,29.512,270812,0
20150831,29.393,30.615,29.244,30.575,251591,0
20150901,29.939,30.456,29.383,29.561,328880,0
20150902,29.919,30.029,29.581,29.899,102750,0
20150903,29.989,30.237,29.959,29.959,143709,0
20150904,29.581,30.197,29.581,30.019,66521,0
20150908,30.347,31.171,30.247,31.052,125192,0
20150909,31.341,31.589,30.555,30.615,124588,0
20150910,30.615,31.231,30.535,31.201,98289,0
20150911,31.221,31.221,30.695,30.705,166352,0
20150914,30.715,31.162,30.575,30.943,182152,0
20150915,31.043,31.946,31.043,31.877,79805,0
20150916,31.927,31.927,31.38,31.708,111606,0
20150917,31.728,32.394,30.149,30.407,261803,0
20150918,29.929,29.979,29.522,29.859,271518,0
20150921,30.009,30.327,29.859,30.049,175309,0
20150922,29.731,30.177,29.542,29.999,138979,0
20150923,30.079,30.555,29.999,30.307,98322,0
20150924,30.069,30.675,30.049,30.337,149828,0
20150925,30.675,31.152,30.347,30.387,168868,0
20150928,30.237,30.486,29.999,30.287,138446,0
20150929,30.377,30.447,29.879,29.939,203990,0
20150930,30.049,30.496,29.721,30.039,308853,0
20151001,30.119,30.277,29.831,30.129,169573,0
20151002,29.741,30.139,28.548,30.039,169271,0
20151005,30.227,30.685,30.227,30.525,109271,0
20151006,30.525,30.525,30.129,30.158,113015,0
20151007,30.257,30.555,29.353,30.555,155383,0
20151008,30.377,31.092,30.327,31.033,114222,0
20151009,31.033,31.201,30.615,30.645,101945,0
20151012,30.685,31.42,30.545,31.311,102693,0
20151013,31.211,31.549,31.122,31.291,103454,0
20151014,31.291,31.291,30.377,30.535,97215,0
20151015,30.695,31.43,30.545,31.42,130224,0
20151016,31.47,31.738,31.191,31.549,95705,0
20151019,31.46,31.877,31.321,31.47,112511,0
20151020,31.45,31.557,30.943,31.301,119656,0
20151021,31.301,31.42,30.257,30.277,111103,0
20151022,30.853,31.181,30.625,30.774,510126,0
20151023,31.261,33.07,30.993,32.822,501271,0
20151026,32.792,33.169,32.264,32.752,200367,0
20151027,32.542,32.97,32.274,32.334,108587,0
20151028,32.334,33.477,32.334,33.338,193625,0
20151029,33.288,33.308,32.73,32.939,112076,0
20151030,32.889,32.899,32.092,32.192,126424,0
20151102,32.192,32.78,32.192,32.491,91890,0
20151103,32.381,32.78,32.232,32.67,98129,0
20151104,32.76,33.138,31.125,32.919,77585,0
20151105,32.919,33.677,32.909,33.328,61807,0
20151106,33.348,34.354,33.278,34.155,149903,0
20151109,34.155,35.829,33.786,34.055,93604,0
20151110,33.926,34.464,33.816,34.195,89199,0
20151111,34.394,34.653,33.786,33.966,69834,0
20151112,33.667,34.055,33.318,33.338,78764,0
20151113,33.119,33.597,32.969,33.208,59700,0
20151116,33.208,33.567,32.64,33.408,93514,0
20151117,33.408,34.364,32.7,33.667,97527,0
20151118,33.687,34.006,33.178,33.866,91908,0
20151119,33.886,34.145,33.408,33.647,39232,0
20151120,33.786,33.976,33.388,33.477,153214,0
20151123,33.398,33.756,32.012,33.328,178599,0
20151124,33.178,33.876,33.138,33.736,163147,0
20151125,33.736,33.896,33.378,33.856,190138,0
20151127,33.856,34.006,33.298,33.298,312849,0
20151130,33.338,33.846,33.338,33.607,201275,0
20151201,33.836,34.773,33.388,33.856,109561,0
20151202,34.045,34.045,33.019,33.079,173540,0
20151203,33.298,33.736,32.75,32.8,117369,0
20151204,32.82,33.318,32.67,33.019,83380,0
20151207,32.919,33.288,31.853,32.421,156726,0
20151208,32.162,32.7,32.152,32.461,125251,0
20151209,32.261,32.491,31.504,31.713,146893,0
20151210,31.663,32.471,31.564,31.962,101039,0
20151211,31.643,32.271,30.996,31.205,151709,0
20151214,31.065,31.673,30.836,31.354,182203,0
20151215,31.584,32.401,31.524,31.992,169569,0
20151216,32.112,32.521,31.295,32.291,154619,0
20151217,32.441,32.57,31.743,32.082,153716,0
20151218,31.923,32.929,31.275,31.534,1266147,0
20151221,31.653,32.58,31.653,32.481,183114,0
20151222,32.59,32.59,31.972,32.431,99236,0
20151223,32.72,33.049,32.421,32.83,205088,0
20151224,32.869,32.889,32.56,32.67,49394,0
20151228,32.56,33.059,32.002,32.391,88313,0
20151229,32.57,32.879,32.311,32.62,108184,0
20151230,32.501,32.77,32.371,32.491,71371,0
20151231,32.351,32.391,31.873,31.873,118714,0
20160104,31.265,31.873,30.966,31.215,155472,0
20160105,31.225,31.634,31.115,31.414,102537,0
20160106,30.876,31.454,30.786,31.315,103941,0
20160107,30.756,31.394,30.717,30.717,134807,0
20160108,30.926,30.926,30.029,30.079,94337,0
20160111,30.258,30.428,30.099,30.248,90245,0
20160112,30.547,30.547,30.099,30.467,79348,0
20160113,30.497,30.497,29.142,29.341,150927,0
20160114,29.301,29.62,28.464,29.361,259973,0
20160115,28.664,28.883,28.175,28.753,85488,0
20160119,29.062,30.438,28.424,28.624,68831,0
20160120,28.215,28.673,27.906,28.245,220987,0
20160121,28.205,28.504,27.637,27.677,86954,0
20160122,27.956,28.3,27.577,27.906,101363,0
20160125,27.806,27.966,27.029,27.188,54173,0
20160126,27.188,27.986,27.188,27.667,57289,0
20160127,27.448,28.614,27.448,28.056,221086,0
20160128,27.906,29.745,27.906,29.152,185444,0
20160129,29.501,30.697,29.262,30.348,165561,0
20160201,30.238,30.647,29.929,30.438,108613,0
20160202,30.069,30.069,29.68,29.84,136917,0
20160203,30.019,30.019,29.002,29.71,81464,0
20160204,29.62,30.22,29.08,29.32,41535,0
20160205,29.28,29.59,28.88,28.95,88560,0
20160208,28.66,28.99,28.11,28.62,86824,0
20160209,28.31,29.61,28.231,29.18,108637,0
20160210,29.55,30.05,29.4,29.44,116403,0
20160211,28.95,29.6,28.49,29.32,112686,0
20160212,29.74,30.63,29.66,30.36,128325,0
20160216,30.71,30.71,30.1,30.19,90224,0
20160217,30.33,30.33,29.51,29.65,65741,0
20160218,29.8,29.885,29.46,29.72,85167,0
20160219,29.68,30.28,29.68,29.95,125025,0
20160222,30.16,30.23,29.815,29.94,56974,0
20160223,30,30,29.69,29.69,81087,0
20160224,29.4,29.62,29,29.48,36960,0
20160225,29.58,29.9324,29.11,29.43,272146,0
20160226,29.7,30.35,29.62,30.1,67468,0
20160229,30.03,30.05,29.43,29.45,111341,0
20160301,29.58,30.2,29.58,29.9,72070,0
20160302,29.89,30.0899,29.51,29.98,83628,0
20160303,30,30.32,29.78,29.98,155299,0
20160304,30.04,30.1,29.79,29.8,74940,0
20160307,29.55,30,29.54,30,62230,0
20160308,29.84,30.21,29.84,29.92,129287,0
20160309,30.02,30.11,29.13,29.34,160567,0
20160310,29.61,29.86,29.18,29.8,68703,0
20160311,30,30,29.8,29.97,49955,0
20160314,29.92,30.21,29.722,29.98,85436,0
20160315,29.81,30.03,29.69,29.82,70713,0
20160316,29.63,30.15,29.63,30.01,156289,0
20160317,29.91,30.78,29.65,30.49,187777,0
20160318,30.54,30.62,30.21,30.6,190947,0
20160321,30.44,31.39,30.36,31.3,169426,0
20160322,31.14,31.33,30.98,31.27,83092,0
20160323,31.25,31.58,31.07,31.3,137331,0
20160324,31.13,31.13,30.66,30.86,49849,0
20160328,31.03,31.07,30.66,30.83,34022,0
20160329,30.72,31.03,30.29,31.02,85255,0
20160330,31.15,31.34,30.95,31.22,43719,0
20160331,30.87,31.33,30.71,30.85,51484,0
20160401,30.68,31.02,30.1,30.95,62414,0
20160404,30.92,30.94,30.6,30.72,50663,0
20160405,30.53,30.77,30.23,30.33,56089,0
20160406,30.29,30.58,30.08,30.53,41291,0
20160407,30.4,30.42,29.5,29.83,79733,0
20160408,29.92,30.52,28.85,29.79,133250,0
20160411,29.87,30.46,29.83,30.11,68649,0
20160412,30.2,30.41,29.97,30.3,69908,0
20160413,30.38,31.16,30.28,30.99,106998,0
20160414,30.94,31.57,30.86,31.33,167276,0
20160415,31.26,31.48,31.07,31.12,58649,0
