Date,Open,High,Low,Close,Volume,OpenInt
20150327,22.709,22.89,22.709,22.709,2115985,0
20150330,22.743,22.781,22.709,22.718,59119,0
20150331,22.734,22.772,22.718,22.718,90057,0
20150401,22.79,22.79,22.718,22.718,19707,0
20150402,22.753,22.918,22.718,22.88,40186,0
20150406,22.772,22.926,22.772,22.918,16185,0
20150407,22.89,23.063,22.844,23.027,45360,0
20150408,22.89,22.963,22.862,22.935,21578,0
20150409,22.971,23.044,22.88,22.971,43048,0
20150410,23.072,23.072,22.8,22.853,25542,0
20150413,22.88,22.979,22.772,22.8,32036,0
20150414,22.835,22.918,22.781,22.8,23449,0
20150415,22.88,22.88,22.772,22.853,15474,0
20150416,22.926,22.971,22.826,22.963,23753,0
20150417,23.017,23.017,22.943,22.979,21136,0
20150420,22.979,23.044,22.96,23.044,33142,0
20150421,23.036,23.058,22.872,22.875,26377,0
20150422,23.017,23.244,22.909,23.035,25547,0
20150423,23.108,23.153,22.935,23.153,25542,0
20150424,23.161,23.26,23.044,23.209,28843,0
20150427,23.171,23.299,22.943,22.943,53175,0
20150428,22.935,23.28,22.763,23.108,165689,0
20150429,23.161,23.598,22.818,22.862,355159,0
20150430,23.161,23.36,22.753,23.135,305176,0
20150501,22.979,23.098,22.826,22.853,16073,0
20150504,22.709,22.753,22.709,22.709,601988,0
20150505,22.709,22.718,22.709,22.709,154019,0
20150506,22.709,22.808,22.709,22.709,116180,0
20150507,22.826,22.844,22.709,22.753,52992,0
20150508,22.734,22.8,22.709,22.709,106461,0
20150511,22.308,22.499,21.763,22.054,168440,0
20150512,21.991,22.254,21.799,22.2,54404,0
20150513,22.208,22.445,22.126,22.445,40734,0
20150514,22.617,22.617,22.326,22.563,62973,0
20150515,22.617,22.617,22.272,22.3,25282,0
20150518,22.308,22.582,21.845,22.572,209886,0
20150519,22.482,22.753,22.017,22.308,396778,0
20150520,22.346,22.644,22.126,22.181,132223,0
20150521,21.983,22.572,21.808,22.153,77727,0
20150522,22.108,22.425,21.499,22.181,197728,0
20150526,22.092,22.425,21.908,22.308,243743,0
20150527,22.29,22.4,22.026,22.044,151598,0
20150528,22.027,22.346,22.027,22.072,37384,0
20150529,22.026,22.163,21.664,21.799,50311,0
20150601,21.753,22.2,21.729,22.181,34680,0
20150602,22.335,22.335,21.899,21.983,43789,0
20150603,22.272,22.29,21.945,21.991,40955,0
20150604,22.425,22.425,21.89,22.044,39194,0
20150605,22.264,22.415,21.983,22.208,94241,0
20150608,22.398,22.582,21.968,21.987,45485,0
20150609,22.014,22.014,19.353,21.053,179491,0
20150610,21.035,21.337,20.871,21.108,48947,0
20150611,21.337,21.337,20.913,20.913,65869,0
20150612,21.035,21.108,20.67,21.053,75007,0
20150615,21.822,21.822,20.715,21.448,65933,0
20150616,21.237,21.895,21.227,21.832,57182,0
20150617,21.95,22.472,21.621,21.802,80365,0
20150618,21.995,21.995,20.943,21.492,67135,0
20150619,21.401,21.583,21.006,21.465,63965,0
20150622,21.667,21.922,21.201,21.657,90864,0
20150623,21.492,21.808,21.153,21.254,48174,0
20150624,21.557,21.557,20.906,21.035,102889,0
20150625,21.364,21.521,20.606,20.853,125413,0
20150626,20.897,20.998,20.853,20.953,50842,0
20150629,20.943,21.311,20.514,20.514,89988,0
20150630,20.368,20.77,20.249,20.651,74169,0
20150701,20.916,20.916,20.222,20.468,64292,0
20150702,20.606,20.715,20.212,20.341,62654,0
20150706,20.422,20.496,20.039,20.496,88346,0
20150707,20.742,20.742,20.394,20.569,51827,0
20150708,20.75,20.963,20.317,20.621,95725,0
20150709,20.621,20.935,20.437,20.925,64575,0
20150710,20.963,20.963,20.483,20.779,36900,0
20150713,20.963,21.543,20.511,21.054,207075,0
20150714,20.925,21.35,20.722,21.007,108813,0
20150715,21.385,21.477,20.889,21.084,83391,0
20150716,21.284,21.442,20.935,21.017,75754,0
20150717,20.833,21.496,20.427,20.603,90946,0
20150720,20.713,21.525,20.382,20.39,177118,0
20150721,20.39,21.304,20.143,20.518,353804,0
20150722,20.731,21.101,20.198,20.244,140978,0
20150723,20.226,20.528,19.488,19.488,150855,0
20150724,19.626,20.087,19.461,19.792,70109,0
20150727,19.69,20.143,18.759,19.082,250052,0
20150728,19.165,19.756,18.826,18.861,111677,0
20150729,18.99,19.579,18.842,19.35,136639,0
20150730,19.461,19.893,18.98,19.461,134467,0
20150731,20.004,20.004,19.24,19.258,80636,0
20150803,19.147,19.626,18.952,18.98,84175,0
20150804,18.605,19.553,18.605,19.35,96808,0
20150805,19.544,19.865,19.378,19.479,67399,0
20150806,19.423,19.884,19.138,19.626,60339,0
20150807,19.317,19.716,19.084,19.317,65146,0
20150810,19.317,19.632,19.271,19.326,46625,0
20150811,19.678,19.678,18.87,19.279,172329,0
20150812,19.373,19.661,18.36,19.132,244536,0
20150813,19.215,19.243,18.851,19.15,70960,0
20150814,19.836,19.836,19.113,19.279,64176,0
20150817,19.15,19.81,19.15,19.475,122968,0
20150818,19.725,20.116,19.55,19.79,119737,0
20150819,19.827,20.014,18.963,19.196,236354,0
20150820,19.224,19.484,18.833,18.9,119953,0
20150821,18.666,19.224,17.85,18.025,378167,0
20150824,17.282,17.85,16.308,17.237,165708,0
20150825,17.997,18.006,16.513,16.669,157964,0
20150826,16.94,18.268,16.669,17.375,457741,0
20150827,17.656,18.083,17.077,17.514,295791,0
20150828,17.894,18.091,17.442,17.997,112630,0
20150831,18.108,18.108,17.384,17.878,127598,0
20150901,17.563,17.971,17.422,17.607,196188,0
20150902,17.784,17.923,17.646,17.831,97557,0
20150903,17.831,18.157,17.831,18.016,100787,0
20150904,18.006,18.045,17.878,17.933,64713,0
20150908,18.193,18.262,17.959,18.043,102598,0
20150909,18.436,18.436,17.94,18.063,291314,0
20150910,18.156,18.391,17.656,17.92,320238,0
20150911,17.93,18.033,17.817,18.033,71200,0
20150914,17.837,18.063,17.837,18.043,116247,0
20150915,18.408,18.623,18.081,18.623,128523,0
20150916,18.577,18.886,18.314,18.548,97994,0
20150917,19.008,19.027,18.361,18.67,190756,0
20150918,18.577,19.391,18.371,18.651,400087,0
20150921,19.017,19.092,18.52,18.587,129377,0
20150922,18.631,18.941,18.371,18.503,353866,0
20150923,18.651,18.709,18.184,18.268,135248,0
20150924,18.381,18.606,18.014,18.193,230898,0
20150925,18.351,18.512,18.023,18.184,112297,0
20150928,18.165,18.503,16.787,17.17,300543,0
20150929,17.583,17.583,16.694,16.787,200043,0
20150930,16.654,17.144,16.654,17.032,127563,0
20151001,17.566,17.566,16.87,17.003,119129,0
20151002,16.955,17.293,16.807,17.247,103758,0
20151005,17.695,17.695,17.274,17.611,92678,0
20151006,17.472,17.669,17.377,17.527,85930,0
20151007,17.713,17.798,17.459,17.591,73209,0
20151008,17.703,17.893,17.496,17.827,94580,0
20151009,17.96,18.177,17.846,18.006,134041,0
20151012,17.97,18.224,17.883,18.045,106232,0
20151013,17.997,18.404,17.762,17.902,104842,0
20151014,17.856,18.091,17.827,17.876,87068,0
20151015,18.11,18.366,17.902,17.979,111825,0
20151016,18.214,18.366,17.987,18.196,74373,0
20151019,18.338,18.338,18.016,18.091,73950,0
20151020,18.091,18.338,17.772,18.055,97220,0
20151021,18.064,18.205,17.866,17.931,77441,0
20151022,17.96,18.196,17.931,18.064,84846,0
20151023,18.101,18.347,18.035,18.196,138167,0
20151026,18.412,18.412,17.837,17.931,175301,0
20151027,18.016,18.205,17.798,18.205,133406,0
20151028,18.159,18.308,17.97,18.308,110980,0
20151029,18.214,18.422,17.827,18.214,124097,0
20151030,18.432,18.432,18.129,18.186,114046,0
20151102,18.338,18.432,18.214,18.308,86140,0
20151103,18.48,18.48,18.272,18.376,137321,0
20151104,18.508,18.594,18.291,18.46,128042,0
20151105,18.432,18.63,18.318,18.338,141130,0
20151106,18.344,18.42,18.096,18.115,90200,0
20151109,18.154,18.297,17.905,17.905,357982,0
20151110,17.744,18.01,17.544,17.629,180085,0
20151111,17.564,17.829,17.554,17.619,83486,0
20151112,17.619,17.649,17.38,17.38,79502,0
20151113,17.229,17.477,17.229,17.409,51813,0
20151116,17.599,17.609,17.353,17.609,132678,0
20151117,17.734,17.734,17.409,17.429,117679,0
20151118,17.486,17.486,17.295,17.429,173477,0
20151119,17.429,17.429,17.105,17.162,168652,0
20151120,17.162,17.449,17.162,17.305,130055,0
20151123,17.2,17.409,17.162,17.17,185119,0
20151124,17.267,17.362,17.105,17.248,170225,0
20151125,17.334,17.449,17.258,17.429,131524,0
20151127,17.449,17.599,17.305,17.449,44890,0
20151130,17.314,17.599,17.314,17.419,153969,0
20151201,17.429,17.669,17.429,17.649,133275,0
20151202,17.524,17.734,17.467,17.604,141961,0
20151203,17.599,17.639,17.439,17.534,255675,0
20151204,17.495,17.809,17.429,17.724,97960,0
20151207,17.724,17.924,17.449,17.754,286017,0
20151208,17.625,17.953,17.413,17.807,208443,0
20151209,17.797,17.797,17.509,17.595,152900,0
20151210,17.509,17.751,17.423,17.49,178158,0
20151211,17.347,17.665,17.066,17.163,193541,0
20151214,17.076,17.278,16.586,16.657,216032,0
20151215,17.221,17.288,16.702,16.924,289273,0
20151216,16.864,17.462,16.864,17.356,190215,0
20151217,17.443,17.509,17.202,17.221,260064,0
20151218,17.172,17.394,17.172,17.298,164750,0
20151221,17.192,17.462,17.192,17.384,171921,0
20151222,17.327,17.577,17.327,17.423,206179,0
20151223,17.375,17.691,17.375,17.568,223268,0
20151224,17.568,17.771,17.568,17.771,53531,0
20151228,17.701,17.751,17.605,17.615,162048,0
20151229,17.709,17.787,17.477,17.662,223743,0
20151230,17.496,17.622,17.448,17.583,251297,0
20151231,17.583,17.723,17.486,17.525,289590,0
20160104,17.458,17.662,17.195,17.612,197441,0
20160105,17.689,17.816,17.592,17.778,80850,0
20160106,17.778,17.816,17.496,17.583,125947,0
20160107,17.438,17.612,17.224,17.302,140973,0
20160108,17.545,17.545,17.05,17.078,105718,0
20160111,17.011,17.165,16.748,16.933,165621,0
20160112,16.933,17.088,16.664,16.961,93396,0
20160113,16.914,17,16.353,16.369,106088,0
20160114,16.369,16.442,16.049,16.225,185307,0
20160115,15.817,16.021,15.335,15.681,203739,0
20160119,15.778,16.011,15.263,15.36,121122,0
20160120,15.301,15.301,14.428,14.778,328023,0
20160121,14.778,15.34,14.565,15.097,187302,0
20160122,15.477,15.544,15.243,15.487,172654,0
20160125,15.515,15.584,15.196,15.311,148185,0
20160126,15.283,15.681,15.264,15.594,118561,0
20160127,15.36,15.718,15.36,15.477,110198,0
20160128,15.604,15.718,15.497,15.681,102468,0
20160129,15.701,15.947,15.621,15.923,95820,0
20160201,15.895,16.185,15.815,16.059,130686,0
20160202,16.069,16.36,15.807,15.914,116928,0
20160203,15.923,16.069,15.788,15.904,88093,0
20160204,15.798,15.962,15.798,15.952,83612,0
20160205,16.108,16.108,15.681,15.753,59484,0
20160208,15.707,15.716,15.127,15.501,115502,0
20160209,15.451,15.519,15.04,15.097,99282,0
20160210,15.403,15.403,15.039,15.097,77283,0
20160211,14.569,15.054,14.489,14.627,211048,0
20160212,15.039,15.039,14.685,14.971,80905,0
20160216,15.559,15.559,15.039,15.157,110456,0
20160217,15.205,15.677,15.205,15.26,131135,0
20160218,15.471,15.569,15.353,15.403,89923,0
20160219,15.529,15.539,15.363,15.529,72074,0
20160222,15.843,16.054,15.725,16.021,89610,0
20160223,15.941,16.039,15.707,15.725,95517,0
20160224,16.039,16.039,15.573,15.725,101652,0
20160225,15.922,16.059,15.735,15.873,123918,0
20160226,16.021,16.039,15.893,15.991,49721,0
20160229,15.873,16.217,15.873,15.922,118253,0
20160301,16.325,16.403,16.099,16.383,71701,0
20160302,16.481,16.619,16.245,16.579,124508,0
20160303,16.765,17.453,16.491,16.863,85070,0
20160304,17.197,17.209,16.883,17.207,132258,0
20160307,17.247,17.393,17.051,17.207,99335,0
20160308,17.135,17.174,16.877,16.957,67909,0
20160309,16.887,16.957,16.778,16.808,51086,0
20160310,17.065,17.085,16.63,16.957,142807,0
20160311,17.036,17.214,16.927,16.976,80701,0
20160314,17.095,17.102,16.887,17.095,73270,0
20160315,17.303,17.303,16.966,17.135,100570,0
20160316,17.214,17.333,17.115,17.194,163983,0
20160317,17.085,17.353,17.085,17.224,97472,0
20160318,17.373,17.373,17.135,17.224,80987,0
20160321,17.283,17.313,17.184,17.273,66528,0
20160322,17.293,17.382,17.184,17.343,54161,0
20160323,17.442,17.442,17.204,17.234,57419,0
20160324,17.254,17.272,16.927,17.036,111487,0
20160328,17.174,17.174,16.986,17.075,103983,0
20160329,17.056,17.125,16.857,17.046,181167,0
20160330,17.234,17.313,17.145,17.165,98405,0
20160331,17.165,17.264,16.996,17.115,101763,0
20160401,17.204,17.323,17.135,17.184,32881,0
20160404,17.184,17.274,17.056,17.105,101799,0
20160405,17.056,17.056,16.937,17.006,88409,0
20160406,17.105,17.244,17.011,17.234,89553,0
20160407,17.244,17.363,17.155,17.323,78054,0
20160408,17.44,17.44,17.24,17.3099,57982,0
20160411,17.48,17.48,17.36,17.4199,48083,0
20160412,17.5,17.61,17.37,17.61,46407,0
20160413,17.7,17.8,17.55,17.69,70610,0
20160414,17.78,17.78,17.57,17.74,54318,0
20160415,18.28,18.28,17.58,17.76,74732,0
