Date,Open,High,Low,Close,Volume,OpenInt
20050225,11.39,11.39,11.11,11.19,55800,0
20050228,11.28,11.28,11.01,11.18,25852,0
20050302,11.11,11.11,11.11,11.11,12021,0
20050303,11.11,11.11,11.11,11.11,289,0
20050304,11.11,11.11,11.11,11.11,865,0
20050307,11.17,11.17,11.11,11.12,3660,0
20050308,11.15,11.15,10.99,10.99,5906,0
20050309,11.01,11.11,10.83,10.86,4383,0
20050311,10.95,10.95,10.94,10.94,288,0
20050315,10.94,10.94,10.94,10.94,720,0
20050316,11.46,11.46,10.83,10.83,892,0
20050318,11.46,11.46,10.62,10.62,2564,0
20050321,10.77,10.77,10.62,10.62,288,0
20050322,10.62,10.79,10.62,10.62,1152,0
20050323,10.76,10.76,10.76,10.76,3456,0
20050324,10.66,10.73,10.62,10.73,478,0
20050328,11.07,11.07,10.77,10.77,1584,0
20050404,10.77,10.77,10.62,10.63,864,0
20050405,10.76,10.76,10.62,10.62,26094,0
20050407,10.63,11.06,10.63,10.76,1584,0
20050408,10.69,10.69,10.42,10.42,1008,0
20050411,10.42,10.56,10.42,10.42,2551,0
20050412,10.56,10.56,10.42,10.42,4636,0
20050413,10.31,10.31,9.56,9.74,9072,0
20050414,9.92,9.92,9.55,9.55,5908,0
20050415,10.12,10.12,9.83,9.83,381,0
20050418,9.72,9.72,9.62,9.62,2115,0
20050419,9.81,9.87,9.63,9.63,720,0
20050420,9.65,9.65,9.52,9.6,18432,0
20050421,9.72,9.72,9.48,9.48,864,0
20050422,9.48,9.67,9.45,9.48,3594,0
20050427,9.48,9.48,8.78,9.44,3484,0
20050429,9.71,9.72,9.62,9.66,7143,0
20050502,9.72,9.72,9.72,9.72,191,0
20050505,9.72,9.72,9.72,9.72,1872,0
20050511,9.59,9.59,9.59,9.59,2645,0
20050512,9.59,9.59,9.58,9.58,432,0
20050513,10.58,10.58,9.72,9.72,2462,0
20050516,9.62,9.88,9.47,9.72,4752,0
20050517,9.58,9.9,9.58,9.9,1756,0
20050518,9.9,9.9,9.79,9.79,576,0
20050520,9.86,9.86,9.58,9.58,2342,0
20050523,9.28,10.09,9.28,10.09,1945,0
20050527,10.07,10.07,10.07,10.07,288,0
20050601,9.62,9.62,9.55,9.55,1080,0
20050603,9.79,9.79,9.79,9.79,720,0
20050610,9.79,9.98,9.79,9.98,14544,0
20050614,10,10,10,10,842,0
20050616,9.9,10.2,9.9,10.2,2105,0
20050617,10.1,10.1,10.1,10.1,532,0
20050620,10.27,10.76,10.17,10.76,3600,0
20050621,10.73,10.73,10.73,10.73,144,0
20050622,10.74,10.75,10.68,10.75,948,0
20050624,10.59,10.59,10.59,10.59,288,0
20050627,10.59,10.59,10.42,10.42,1824,0
20050629,10.6,11.11,10.6,11.11,1103,0
20050630,11.2,11.2,11.2,11.2,144,0
20050705,11.22,11.22,11.22,11.22,149,0
20050707,10.53,10.53,10.53,10.53,288,0
20050711,11.11,11.11,10.76,10.76,3312,0
20050712,10.9,10.9,10.9,10.9,151,0
20050715,10.6,10.6,10.59,10.59,433,0
20050722,10.42,10.42,10.42,10.42,432,0
20050725,10.42,10.42,10.07,10.14,7776,0
20050726,9.93,9.93,9.51,9.86,11751,0
20050727,9.85,9.86,9.69,9.86,2049,0
20050728,9.92,9.93,9.92,9.93,2969,0
20050729,10.07,10.07,9.72,9.72,1008,0
20050801,9.76,10.06,9.76,10.06,3024,0
20050803,10,10,9.8,9.8,2822,0
20050804,9.85,9.86,9.83,9.86,7776,0
20050809,9.9,9.9,9.9,9.9,901,0
20050810,10.07,10.07,9.93,9.93,3600,0
20050811,9.9,9.9,9.9,9.9,144,0
20050815,9.72,9.79,9.72,9.79,1873,0
20050816,9.72,9.9,9.72,9.9,8331,0
20050817,9.7,9.72,9.69,9.72,432,0
20050818,9.55,9.55,9.55,9.55,1008,0
20050824,9.72,9.72,9.72,9.72,144,0
20050825,10.07,10.07,10.07,10.07,514,0
20050826,9.9,9.9,9.9,9.9,144,0
20050829,9.56,9.72,9.56,9.72,1368,0
20050830,9.56,9.94,9.56,9.94,576,0
20050831,9.62,9.62,9.62,9.62,288,0
20050901,9.89,9.89,9.72,9.72,1313,0
20050902,9.55,9.55,9.55,9.55,410,0
20050906,9.99,9.99,9.55,9.59,3306,0
20050908,9.6,9.6,9.6,9.6,144,0
20050909,9.65,9.9,9.65,9.72,3513,0
20050912,10,10,9.73,9.73,855,0
20050913,9.89,9.89,9.7,9.7,864,0
20050914,9.66,9.66,9.66,9.66,576,0
20050915,9.79,9.79,9.64,9.64,4168,0
20050916,9.62,9.72,9.62,9.67,5050,0
20050921,9.58,9.58,9.58,9.58,280,0
20050922,9.72,9.72,9.56,9.56,1353,0
20050923,9.72,10.31,9.72,10.31,5025,0
20050926,9.97,9.97,9.86,9.86,576,0
20050927,10.02,10.02,10.02,10.02,144,0
20050928,10.07,10.07,10.03,10.03,1008,0
20050929,9.97,9.97,9.97,9.97,720,0
20050930,9.79,10.15,9.79,10.15,1032,0
20051003,10,10,10,10,576,0
20051006,9.72,9.72,9.72,9.72,144,0
20051012,9.69,9.69,9.58,9.58,313,0
20051013,9.51,9.51,9.51,9.51,288,0
20051018,9.58,9.58,9.58,9.58,288,0
20051019,9.62,9.62,9.62,9.62,1728,0
20051020,9.44,9.44,9.44,9.44,1054,0
20051021,9.38,9.72,9.38,9.72,1052,0
20051025,9.75,9.79,9.75,9.79,288,0
20051026,9.72,9.97,9.72,9.97,4320,0
20051027,9.74,9.74,9.74,9.74,312,0
20051028,9.74,9.97,9.74,9.97,3463,0
20051031,9.97,9.97,9.93,9.97,2080,0
20051101,9.97,10,9.93,10,1728,0
20051102,9.9,9.9,9.9,9.9,1440,0
20051103,10,10,10,10,640,0
20051104,9.9,9.9,9.9,9.9,144,0
20051107,9.92,9.92,9.91,9.91,576,0
20051108,10,10.06,9.72,10.02,5186,0
20051109,10.07,10.07,9.79,9.79,4740,0
20051110,10.57,10.83,9.99,10.17,17820,0
20051111,10.2,10.2,10.04,10.04,2280,0
20051114,10.15,10.2,10.15,10.2,240,0
20051115,10.25,10.41,10.25,10.41,960,0
20051117,9.58,9.58,9.58,9.58,240,0
20051121,10,10,10,10,360,0
20051122,10.32,10.41,10.32,10.41,240,0
20051123,10.41,10.41,10.15,10.34,960,0
20051128,10.5,10.5,10.5,10.5,1914,0
20051129,10.33,10.33,10.33,10.33,240,0
20051130,10.32,10.32,9.58,10,3120,0
20051201,9.71,10,9.71,9.71,10063,0
20051202,9.71,9.92,9.71,9.71,18024,0
20051206,9.59,9.79,9.59,9.79,240,0
20051208,9.59,10.52,9.59,9.96,12555,0
20051209,9.96,9.97,9.96,9.97,1104,0
20051212,9.96,9.96,9.96,9.96,1200,0
20051213,9.79,9.79,9.79,9.79,2472,0
20051214,9.9,9.9,9.83,9.83,4320,0
20051215,9.88,9.88,9.88,9.88,3481,0
20051216,10,10,9.68,9.68,2719,0
20051219,9.63,9.63,9.59,9.59,13800,0
20051220,9.58,9.62,9.5,9.5,26588,0
20051222,9.62,9.65,9.62,9.62,5522,0
20051223,9.53,9.59,9.5,9.59,11161,0
20051227,9.54,9.54,9.5,9.5,1216,0
20051228,9.54,9.58,9.46,9.46,7962,0
20051229,9.46,9.62,9.46,9.47,2090,0
20051230,9.62,9.66,9.38,9.38,720,0
20060104,9.68,10.73,9.68,9.75,14625,0
20060105,9.79,9.88,9.79,9.84,1358,0
20060106,9.82,9.92,9.62,9.83,2160,0
20060109,9.79,9.79,9.6,9.6,720,0
20060112,9.59,9.77,9.59,9.77,600,0
20060113,9.62,9.78,9.43,9.58,2337,0
20060117,9.42,9.54,7.92,9.54,19568,0
20060118,9.41,9.41,9.33,9.33,5317,0
20060119,9.58,9.59,9.58,9.58,404,0
20060120,9.33,9.53,9.33,9.53,258,0
20060123,9.49,9.49,9.35,9.35,360,0
20060124,9.67,9.82,9.5,9.56,64921,0
20060125,9.59,9.76,9.55,9.55,272414,0
20060126,9.66,9.92,9.66,9.92,10920,0
20060127,9.69,10,9.67,9.92,5944,0
20060130,10.04,10.04,9.96,9.96,412,0
20060131,10.04,10.25,10,10.22,8949,0
20060201,10.24,10.24,9.97,9.97,6382,0
20060202,10,10,10,10,10795,0
20060203,9.96,10.1,9.96,10,1941,0
20060206,10.01,10.01,10,10,840,0
20060207,10.18,10.25,10,10.17,5760,0
20060208,10.06,10.06,9.88,10.04,19878,0
20060209,10.04,10.04,10.03,10.03,504,0
20060210,10.25,10.25,9.96,9.97,894,0
20060213,9.89,10.02,9.79,9.96,12062,0
20060214,10,10.25,10,10.03,24802,0
20060215,10.12,10.25,10.12,10.25,2563,0
20060216,10.29,12.5,10.29,11.07,50731,0
20060217,11.08,11.42,10.87,11.2,17790,0
20060221,11.37,11.37,11.25,11.29,11532,0
20060222,11.31,11.31,11.3,11.3,1920,0
20060223,11.37,11.37,11.37,11.37,120,0
20060224,11.42,11.42,11.42,11.42,984,0
20060227,11.67,11.67,11.44,11.44,20598,0
20060301,11.72,11.72,11.72,11.72,120,0
20060303,11.73,12,11.59,11.59,2040,0
20060306,11.7,11.7,11.7,11.7,240,0
20060308,11.67,11.67,11.66,11.67,780,0
20060309,11.67,11.67,11.67,11.67,123,0
20060310,11.67,11.67,11.67,11.67,200,0
20060313,12.07,12.07,11.67,11.67,488,0
20060315,11.64,11.65,11.46,11.46,3001,0
20060316,11.49,11.49,11.49,11.49,208,0
20060317,11.51,11.51,11.46,11.46,1440,0
20060320,11.42,11.42,11.42,11.42,122,0
20060322,11.25,11.25,10.47,11.04,40939,0
20060323,11.05,11.05,10.93,10.96,2652,0
20060324,10.88,11.41,10.88,11.33,1544,0
20060327,11.19,11.19,10.83,11.01,4954,0
20060328,11.01,11.04,10.93,10.98,3666,0
20060329,11.05,11.05,10.88,10.88,1492,0
20060330,11.09,11.09,10.83,10.83,2400,0
20060403,10.83,11.11,10.83,10.86,1177,0
20060404,10.92,10.92,10.83,10.83,2292,0
20060405,11.04,11.04,11.03,11.04,3276,0
20060406,10.83,10.96,10.83,10.83,1647,0
20060410,10.83,10.83,10.71,10.71,5624,0
20060411,10.71,10.79,10.71,10.79,1440,0
20060413,10.79,11,10.79,11,804,0
20060418,10.92,11,10.92,11,3960,0
20060419,11,11,10.83,10.96,5302,0
20060421,10.88,10.96,10.84,10.91,4440,0
20060424,10.92,10.93,10.64,10.75,5538,0
20060426,10.64,10.75,10.64,10.75,360,0
20060428,11,11,10.83,10.84,5810,0
20060501,10.91,10.92,10.9,10.92,1855,0
20060502,10.92,10.92,10.75,10.75,6000,0
20060503,10.75,10.75,10.75,10.75,4800,0
20060504,10.75,10.75,10.75,10.75,2032,0
20060505,10.92,10.92,10.71,10.78,2100,0
20060508,10.72,10.72,10.71,10.71,2040,0
20060510,10.92,10.92,10.92,10.92,600,0
20060515,10.9,10.9,10.72,10.72,360,0
20060516,10.83,10.83,10.83,10.83,1716,0
20060519,10.83,10.83,10.83,10.83,2952,0
20060522,10.83,10.96,10.83,10.96,480,0
20060523,11,11,11,11,120,0
20060524,10.75,10.93,10.7,10.93,937,0
20060525,10.83,10.93,10.83,10.93,360,0
20060526,10.88,10.88,10.85,10.85,1776,0
20060530,10.68,10.91,10.68,10.72,2700,0
20060531,10.75,10.83,10.75,10.83,2838,0
20060601,10.75,10.75,10.75,10.75,123,0
20060602,10.91,10.91,10.85,10.85,2760,0
20060605,10.84,10.92,10.83,10.83,5640,0
20060606,10.79,10.91,10.79,10.91,240120,0
20060607,10.92,10.92,10.92,10.92,1080,0
20060608,10.92,10.92,10.92,10.92,2040,0
20060612,10.83,10.92,10.83,10.92,1185,0
20060613,10.84,11.03,10.83,11.03,4144,0
20060614,10.76,10.76,10.76,10.76,1440,0
20060615,11,11,11,11,2760,0
20060616,10.79,11,10.72,10.86,2760,0
20060619,10.87,10.87,10.83,10.83,1080,0
20060620,10.88,10.88,10.88,10.88,120,0
20060621,10.87,10.88,10.87,10.88,480,0
20060622,10.84,10.84,10.84,10.84,1920,0
20060623,10.83,10.83,10.83,10.83,240,0
20060626,10.72,10.83,10.72,10.83,862,0
20060628,11.02,11.02,11.02,11.02,18120,0
20060629,10.96,11.03,10.96,11.03,18120,0
20060706,11.03,11.03,11.03,11.03,456,0
20060707,10.72,10.83,10.72,10.83,1800,0
20060710,10.72,11.02,10.72,11.02,4707,0
20060717,11,11,11,11,240,0
20060718,10.93,10.93,10.92,10.92,1560,0
20060719,11.04,11.16,11.04,11.16,1692,0
20060720,11.04,11.25,11.04,11.25,1320,0
20060721,11.37,11.37,11.09,11.09,240,0
20060724,11.25,11.25,11.25,11.25,1800,0
20060725,11.25,11.25,11.25,11.25,2520,0
20060731,11.08,11.08,11.08,11.08,1920,0
20060801,11.17,11.17,11.13,11.13,360,0
20060802,11.25,11.25,11.25,11.25,3840,0
20060803,11.25,11.25,11.25,11.25,3300,0
20060804,11.08,11.08,11.08,11.08,152,0
20060809,11.25,11.25,11.25,11.25,210,0
20060810,11.08,11.08,11.08,11.08,1320,0
20060814,11.25,11.25,11.21,11.25,1332,0
20060815,11.25,11.25,11.25,11.25,608,0
20060816,10.92,11.25,10.92,11.25,376,0
20060818,11.08,11.08,11.08,11.08,240,0
20060821,11.08,11.25,11.08,11.25,3840,0
20060824,11.25,11.25,11.25,11.25,8361,0
20060825,11.25,11.25,11.25,11.25,2239,0
20060828,11.25,11.25,11.25,11.25,2400,0
20060830,11.25,11.25,11.08,11.08,2707,0
20060831,11.37,11.37,11.37,11.37,120,0
20060901,11.27,11.27,11.27,11.27,120,0
20060905,11.25,11.25,11.2,11.2,4560,0
20060906,11.37,11.46,11.25,11.25,1257,0
20060907,11.17,11.17,11.17,11.17,240,0
20060908,11.12,11.67,11.12,11.67,3391,0
20060911,11.47,11.47,11.46,11.46,840,0
20060912,11.29,11.29,11.29,11.29,240,0
20060913,11.27,11.27,11.27,11.27,2760,0
20060915,11.29,11.45,11.29,11.45,5784,0
20060918,11.26,11.26,11.25,11.25,600,0
20060919,11,11.57,11,11.57,483,0
20060920,11.08,11.42,11.08,11.33,994,0
20060921,11.33,11.46,11.33,11.46,1290,0
20060922,11.53,11.53,11.53,11.53,120,0
20060925,11.58,11.58,11.58,11.58,739,0
20060926,11.55,11.55,11.54,11.54,558,0
20060927,11.58,12.28,11.38,12.08,10298,0
20060928,11.67,11.88,11.66,11.67,5320,0
20060929,11.43,11.67,11.43,11.62,3310,0
20061002,12.29,12.29,11.42,11.75,7628,0
20061003,12.45,12.45,11.68,11.88,6591,0
20061004,11.71,11.78,11.71,11.71,1770,0
20061005,11.87,11.88,11.87,11.88,1530,0
20061006,11.71,11.71,11.67,11.67,1278,0
20061009,11.63,11.64,11.58,11.64,1327,0
20061010,11.46,11.78,11.44,11.78,19080,0
20061012,11.82,11.82,11.82,11.82,120,0
20061013,11.86,11.88,11.86,11.88,1200,0
20061016,12.47,12.68,11.88,12.5,5242,0
20061017,12.92,13.03,12.5,12.81,7870,0
20061018,12.92,12.92,12.71,12.8,3681,0
20061019,12.92,13.32,12.92,13.28,2787,0
20061020,13.12,13.12,12.73,13.09,1197,0
20061023,12.9,13.02,12.31,12.82,3559,0
20061024,12.29,13.12,11.89,13.12,2796,0
20061025,13.12,13.33,13.08,13.33,1100,0
20061026,13.33,13.53,12.83,13.33,2497,0
20061027,13.21,13.35,13.21,13.33,1304,0
20061030,13.54,15.21,13.38,13.97,57146,0
20061031,14.53,14.54,14.17,14.5,9091,0
20061101,14.54,14.58,13.88,14.46,4346,0
20061102,14.42,14.58,14.25,14.58,2496,0
20061103,14.58,14.58,14.45,14.56,2160,0
20061106,14.43,14.51,14.25,14.51,2216,0
20061107,14.33,14.33,13.92,14.22,2738,0
20061108,14.38,14.58,14.21,14.21,4978,0
20061109,14.58,14.58,14.24,14.24,4786,0
20061110,14.21,14.43,14.21,14.4,744,0
20061113,14.42,14.42,13.85,14.03,2341,0
20061114,13.83,13.83,12.62,12.92,23415,0
20061115,12.77,12.86,12.74,12.86,6920,0
20061116,13.29,13.68,12.85,13.68,4504,0
20061117,13.47,13.69,13.01,13.24,4411,0
20061120,12.9,12.9,12.9,12.9,120,0
20061121,12.83,13.74,12.83,13.74,3598,0
20061122,13.17,13.61,12.93,13.57,2028,0
20061124,13.54,13.54,13.54,13.54,240,0
20061127,13.27,13.27,12.44,12.96,23751,0
20061128,12.51,13.06,12.5,13.06,723,0
20061129,13.08,13.08,12.92,12.98,4495,0
20061130,12.93,13.07,12.93,13.07,1680,0
20061201,12.92,13.01,12.92,13.01,2574,0
20061204,13.01,13.01,13.01,13.01,3120,0
20061205,12.92,12.95,12.92,12.95,1020,0
20061206,12.92,13.03,12.92,13.03,240,0
20061207,12.92,13.06,12.92,13.06,1810,0
20061208,12.5,13.42,11.92,13.42,18961,0
20061211,13.25,13.25,12.92,12.97,2043,0
20061212,12.83,13,12.83,12.92,2521,0
20061213,12.92,12.92,12.92,12.92,840,0
20061215,13.23,13.23,13.23,13.23,120,0
20061218,12.92,13.04,12.92,13.04,1970,0
20061219,13.16,13.16,13.16,13.16,648,0
20061220,12.92,13.09,12.92,13.09,240,0
20061221,13.13,13.13,13.13,13.13,120,0
20061222,13,13.07,13,13.07,2040,0
20061226,13,13,13,13,1320,0
20061227,13.12,13.13,13.12,13.12,1922,0
20061228,13.14,13.14,13.14,13.14,120,0
20061229,13.29,13.62,13.13,13.13,2846,0
20070103,13.16,13.32,13.13,13.13,2869,0
20070104,13.45,13.78,13.45,13.78,600,0
20070105,13.28,14.12,13.12,14.12,1320,0
20070108,14.11,14.11,14.11,14.11,120,0
20070110,14.1,14.1,13.92,13.92,15536,0
20070111,13.75,13.96,13.75,13.96,733,0
20070116,13.96,13.96,13.74,13.75,3919,0
20070118,13.89,13.89,13.71,13.75,2098,0
20070119,13.75,13.88,13.75,13.88,1092,0
20070122,13.71,13.71,13.33,13.66,1440,0
20070123,13.82,13.82,13.61,13.75,1320,0
20070129,13.75,13.75,13.75,13.75,1800,0
20070130,13.44,13.75,13.42,13.75,960,0
20070131,13.71,13.72,13.71,13.72,4800,0
20070201,13.63,13.72,13.38,13.67,3360,0
20070202,13.74,13.74,13.74,13.74,1324,0
20070207,13.71,13.73,13.71,13.73,1080,0
20070208,13.51,13.59,13.5,13.59,720,0
20070213,13.71,13.71,13.71,13.71,240,0
20070214,13.48,13.57,13.18,13.57,1458,0
20070216,13.38,13.47,13.38,13.47,24120,0
20070220,13.21,13.38,13.2,13.25,840,0
20070221,13.33,13.38,13.2,13.38,2841,0
20070222,13.42,13.42,13.39,13.41,1270,0
20070223,13.28,13.37,13.17,13.37,878,0
20070226,13.33,13.36,13.33,13.36,840,0
20070227,13.36,13.36,13.36,13.36,240,0
20070228,13.32,13.5,13.32,13.5,1080,0
20070301,13.12,13.41,13.12,13.41,480,0
20070302,13.12,13.49,13.12,13.49,342,0
20070305,13.49,13.49,13.49,13.49,656,0
20070306,13.41,13.46,13.41,13.46,240,0
20070307,13.5,13.5,13.33,13.33,600,0
20070308,13.46,13.46,13.33,13.33,1200,0
20070309,13.5,13.5,13.29,13.46,379,0
20070312,13.17,13.24,13.17,13.24,307,0
20070313,13.24,13.33,13.24,13.33,240,0
20070314,13.04,13.22,12.35,13.22,960,0
20070315,13.24,13.24,13.03,13.03,240,0
20070316,13.03,13.03,12.68,12.86,3004,0
20070319,12.75,12.78,12.71,12.71,1196,0
20070320,12.7,12.91,12.54,12.75,7072,0
20070321,12.75,12.75,12.75,12.75,1332,0
20070322,12.82,12.9,12.82,12.9,1027,0
20070323,13.06,13.06,13.06,13.06,120,0
20070326,12.92,13.18,12.92,13.18,2774,0
20070327,13.21,13.21,13.21,13.21,648,0
20070328,12.68,13.33,12.54,13.33,1560,0
20070330,13.33,13.33,13.32,13.33,2418,0
20070402,12.92,13.17,12.92,13.17,2769,0
20070403,13.11,13.18,13.05,13.18,960,0
20070405,13.1,13.17,13.02,13.17,720,0
20070409,13.06,13.18,13.06,13.18,1461,0
20070410,13.17,13.18,13.17,13.18,240,0
20070411,13.18,13.18,13,13.03,3648,0
20070412,13.17,13.17,13.17,13.17,120,0
20070416,13.02,13.03,12.79,12.96,2342,0
20070417,12.95,13.11,12.95,13.11,345,0
20070418,13.12,13.12,13.12,13.12,240,0
20070419,12.96,13.12,12.96,13.12,360,0
20070420,13.17,13.18,13.17,13.18,5760,0
20070423,12.92,12.92,12.91,12.92,2760,0
20070424,13.17,13.17,13.17,13.17,120,0
20070425,13.18,13.18,13.18,13.18,277,0
20070427,12.87,13.18,12.87,13.01,1521,0
20070430,13.01,13.52,13.01,13.45,3183,0
20070501,13.36,13.45,13.36,13.45,1890,0
20070502,13.38,13.38,13.38,13.38,120,0
20070503,13.19,13.19,13.09,13.16,840,0
20070504,13.05,13.05,13.01,13.01,240,0
20070507,12.96,12.96,12.96,12.96,120,0
20070508,12.84,13.25,12.81,13.25,3120,0
20070509,13.25,13.42,13.25,13.42,330,0
20070510,13.42,13.42,13.12,13.12,2958,0
20070514,12.87,13.12,12.87,13.12,360,0
20070516,13.12,13.42,13.12,13.42,1828,0
20070517,13.38,13.38,13.38,13.38,360,0
20070518,13.22,13.22,13.21,13.21,840,0
20070521,13.12,13.17,13.12,13.17,2400,0
20070522,12.89,13.12,12.89,12.92,3600,0
20070523,12.97,13.12,12.97,13.12,1335,0
20070524,13.15,13.15,13.12,13.12,4608,0
20070525,13.12,13.12,13.12,13.12,2040,0
20070529,13.12,13.12,13.12,13.12,1387,0
20070530,13.08,13.12,13.08,13.12,1098,0
20070531,13.33,13.7,13.14,13.37,4008,0
20070601,13.37,13.37,13.37,13.37,120,0
20070604,13.42,13.42,13.37,13.37,3937,0
20070605,13.37,13.37,13.25,13.33,3880,0
20070606,13.42,13.42,13.34,13.34,1080,0
20070607,13.38,13.42,13.25,13.25,7141,0
20070608,13.41,13.41,13.25,13.25,1449,0
20070611,13.4,13.42,13.17,13.21,5532,0
20070612,13.22,13.22,13.05,13.21,3000,0
20070613,13.77,14.25,12.8,12.8,17052,0
20070614,13,13.19,12.93,13.19,1446,0
20070615,13.24,13.25,13.2,13.25,2209,0
20070618,13.05,13.25,13.05,13.23,15735,0
20070619,13.23,13.23,13.06,13.15,1605,0
20070620,13.1,13.2,13.1,13.14,1450,0
20070621,13.2,13.25,13.19,13.25,1640,0
20070622,13.05,13.05,12.85,13.04,1479,0
20070625,13,13,13,13,200,0
20070626,12.91,13.2,12.9,13.2,400,0
20070627,13.01,13.05,12.86,12.86,1188,0
20070628,12.88,13.28,12.88,13.1,4542,0
20070629,13.87,13.9,13.15,13.28,800,0
20070702,13.2,13.2,12.3,12.93,2381,0
20070703,12.97,12.97,12.26,12.95,1855,0
20070705,12.93,12.93,12.87,12.87,312,0
20070706,12.93,12.94,12.93,12.94,200,0
20070709,12.97,12.99,12.67,12.99,1000,0
20070710,12.9,12.9,12.83,12.83,224,0
20070711,12.55,12.55,12.12,12.5,1400,0
20070712,12.5,12.5,12.3,12.47,2024,0
20070713,12.35,12.35,12.28,12.35,1100,0
20070716,12.1,13,12.1,12.6,5120,0
20070717,12.67,12.69,12.4,12.6,1920,0
20070718,12.68,12.69,12.26,12.65,1620,0
20070719,12.65,12.65,12.65,12.65,300,0
20070720,12.65,12.65,12.65,12.65,300,0
20070723,12.6,12.6,12.6,12.6,100,0
20070724,12.55,12.55,12.55,12.55,100,0
20070725,12.43,12.43,12.43,12.43,100,0
20070726,12.13,12.5,12.1,12.5,613,0
20070727,12.4,12.4,12.4,12.4,300,0
20070730,12.26,12.5,12.1,12.5,1603,0
20070731,12.08,12.5,12.08,12.25,1352,0
20070801,12.25,12.25,12.25,12.25,100,0
20070803,12.25,12.25,12.03,12.17,2600,0
20070806,12.05,12.05,9.73,11.23,17423,0
20070807,11.27,11.79,10.79,11.78,5112,0
20070808,11.5,12,11.5,12,1160,0
20070809,11.44,11.67,11.24,11.67,1309,0
20070810,11.11,11.75,11.1,11.75,1000,0
20070813,11.55,11.83,11.55,11.83,3768,0
20070814,11.56,11.56,11.55,11.55,200,0
20070815,11.3,11.3,10.5,11.01,5293,0
20070816,11.25,11.65,11.23,11.54,3272,0
20070817,11.3,11.5,11.3,11.5,1400,0
20070820,11.64,13.36,11.5,13,21791,0
20070821,12.76,12.89,12.1,12.3,3545,0
20070822,12.3,12.3,12.3,12.3,500,0
20070824,12.05,12.09,11.5,11.7,1350,0
20070827,11.7,12,11.7,12,600,0
20070828,11.99,11.99,11.99,11.99,100,0
20070829,11.95,11.95,11.95,11.95,100,0
20070830,11.61,11.88,11.6,11.88,1455,0
20070831,12,12.32,12,12.32,4533,0
20070904,12.48,12.49,12,12.05,2489,0
20070905,12,12,12,12,1214,0
20070906,11.7,11.7,11.7,11.7,100,0
20070907,11.7,11.9,11.7,11.9,400,0
20070910,11.7,11.85,11.7,11.75,4540,0
20070911,11.72,11.75,11.68,11.75,5736,0
20070912,11.71,11.71,11.7,11.7,4200,0
20070913,11.7,11.71,11.32,11.53,7200,0
20070914,11.45,11.45,11.45,11.45,100,0
20070917,11.5,11.5,11.5,11.5,600,0
20070918,11.23,11.5,10.75,11.5,5505,0
20070919,10.95,11.21,10.95,11.21,500,0
20070920,10.94,11.5,10.94,11.5,6000,0
20070921,11.02,11.49,10.85,11.49,11403,0
20070924,11.25,11.25,11.25,11.25,100,0
20070925,11,11.1,11,11.1,999,0
20070926,11,11,10.61,10.95,3226,0
20070927,10.63,10.98,10.63,10.98,1720,0
20070928,10.88,10.97,10.88,10.97,400,0
20071001,10.98,11.38,10.88,11.38,9900,0
20071002,11.19,11.34,10.7,11.34,800,0
20071003,11.33,11.45,11.32,11.45,531,0
20071004,11.06,11.39,11,11.39,1600,0
20071005,11.2,11.35,11,11.35,1000,0
20071008,11.25,11.25,11.25,11.25,100,0
20071009,11.38,11.38,11.2,11.2,200,0
20071010,11.18,11.2,11.18,11.2,200,0
20071011,11.32,11.32,11.32,11.32,100,0
20071012,11.38,11.38,11.23,11.23,200,0
20071015,11.24,11.24,11.24,11.24,100,0
20071016,11.2,11.2,11.2,11.2,100,0
20071017,11,11.04,10.85,11.04,3600,0
20071019,11.1,11.11,10.35,11,2010,0
20071022,10.75,10.8,10.5,10.8,1200,0
20071023,10.8,10.95,10.8,10.95,864,0
20071024,10.33,10.33,10.3,10.3,300,0
20071025,10.38,10.85,10.35,10.85,488,0
20071026,10.89,10.89,10.89,10.89,100,0
20071029,10.5,10.5,10.25,10.4,4971,0
20071030,10.63,10.76,10.4,10.76,3706,0
20071031,10.5,10.6,10.5,10.6,2500,0
20071101,10.4,10.5,10.25,10.4,3000,0
20071102,10.25,10.25,10.25,10.25,100,0
20071105,10.3,10.35,10,10.3,7282,0
20071106,10.3,10.3,10.15,10.3,2880,0
20071107,10.15,10.4,10.15,10.4,2720,0
20071108,10.4,10.52,10.35,10.4,2500,0
20071109,10,10.29,10,10.29,14096,0
20071112,10.43,10.66,10.25,10.66,500,0
20071113,10.25,10.91,10.25,10.91,1398,0
20071114,10.41,10.89,10.41,10.89,200,0
20071115,10.95,10.95,10.4,10.95,800,0
20071116,10.44,10.95,10.43,10.95,700,0
20071119,10.9,10.95,10.62,10.95,700,0
20071120,10.5,10.94,10.5,10.94,200,0
20071121,10.91,10.95,10.9,10.95,500,0
20071123,10.99,10.99,10.99,10.99,100,0
20071126,10.7,10.85,10.7,10.85,246,0
20071127,10.43,10.43,10.42,10.42,300,0
20071128,10.42,11,10.42,11,2500,0
20071129,10.55,11.15,10.55,11.15,400,0
20071130,11.22,11.43,11.04,11.35,3000,0
20071203,10.79,11.15,10.79,11.15,200,0
20071204,11.15,11.15,11.15,11.15,200,0
20071205,10.51,11.5,10.51,11.5,500,0
20071206,11.15,11.5,11.15,11.5,600,0
20071207,10.71,12,10.71,11.75,6995,0
20071210,11.53,12,11.53,12,509,0
20071211,12,12,11.89,12,700,0
20071212,11.55,12,11.55,12,940,0
20071213,11.9,11.9,11.02,11.04,1100,0
20071214,11.02,11.25,10.99,11.25,3269,0
20071217,10.3,10.78,10.1,10.78,5580,0
20071218,10.5,11.65,10.5,11.65,1380,0
20071219,11.09,11.6,10.9,11.6,4757,0
20071220,10.61,11.2,10.6,11.09,20597,0
20071221,10.98,11.25,10.94,11.25,3200,0
20071224,11.45,11.45,10.9,11.05,6152,0
20071226,10.5,10.75,10.5,10.75,1200,0
20071227,11.15,11.15,11.15,11.15,100,0
20071228,11.24,11.24,10.35,11.21,600,0
20071231,10.52,11.25,10.32,11.25,3894,0
20080102,11.25,11.49,10.96,11.49,600,0
20080103,11.45,11.45,10.46,10.46,600,0
20080104,11.49,11.49,11.14,11.14,600,0
20080107,11.2,11.45,11.2,11.45,300,0
20080108,11.48,11.48,11.3,11.3,1100,0
20080109,11.2,11.2,10.75,11,600,0
20080110,11.3,11.3,10.11,11.24,1400,0
20080111,11.5,11.5,11.5,11.5,200,0
20080114,11.62,11.62,11.62,11.62,100,0
20080115,10.35,11.33,10.35,11.33,800,0
20080116,11.6,11.6,11.5,11.6,800,0
20080117,10.27,11.3,10.27,10.59,500,0
20080118,10.25,12,10.25,12,2401,0
20080122,11.5,11.5,11.08,11.5,900,0
20080123,11.39,11.39,11.39,11.39,200,0
20080124,11,11.34,10.18,11.15,1169,0
20080125,11.3,11.3,11.3,11.3,500,0
20080128,11.25,11.25,11.25,11.25,100,0
20080130,11.25,11.25,10.4,11.25,5100,0
20080131,11.17,11.25,11.17,11.25,850,0
20080201,11.25,11.25,11.25,11.25,218,0
20080204,11,11,11,11,500,0
20080205,11,11,11,11,100,0
20080206,11,11,10.99,11,1000,0
20080207,10.21,11,10.21,11,300,0
20080208,10.14,10.99,10.14,10.7,640,0
20080211,10.26,11.25,10.1,10.16,3826,0
20080212,10,10.99,10,10.8,2468,0
20080213,10.83,11.93,10.8,11.93,600,0
20080214,11.59,11.6,11.5,11.5,835,0
20080215,11.5,11.5,11.02,11.5,400,0
20080219,11.01,11.49,11.01,11.49,600,0
20080220,10.8,11.75,10.8,11.75,300,0
20080221,11.75,11.75,11.75,11.75,100,0
20080222,11.5,11.5,10.83,11.39,3093,0
20080225,11.2,11.45,10.8,11.45,1000,0
20080226,11.7,11.7,10.62,11.35,13670,0
20080227,11.35,11.35,11.35,11.35,439,0
20080228,11.45,11.45,11.45,11.45,100,0
20080229,11.45,11.45,11.45,11.45,100,0
20080303,11.02,11.47,11.02,11.4,600,0
20080304,11.02,11.32,10.63,11.05,2500,0
20080305,11.2,11.2,10.7,10.95,1500,0
20080306,11,11,10.53,11,600,0
20080307,11,11,10.85,11,3198,0
20080310,10.96,11,10.5,11,1718,0
20080311,11,11,10.29,11,400,0
20080312,11,11.73,10.33,11.73,905,0
20080313,11.35,11.7,10.69,10.75,3800,0
20080314,10.75,10.75,10.75,10.75,100,0
20080317,10.75,11.35,10.75,11.35,988,0
20080318,11.34,11.34,10.75,11.14,700,0
20080319,11.3,11.3,10.75,11.25,400,0
20080324,11,11,10.69,10.7,1100,0
20080325,11,11,11,11,100,0
20080326,11,11,11,11,100,0
20080327,11,11,11,11,513,0
20080328,11,11,11,11,100,0
20080331,11,11,11,11,100,0
20080401,10.99,10.99,10.99,10.99,200,0
20080402,11,11,11,11,100,0
20080403,10.56,10.88,10.5,10.88,2300,0
20080404,10.97,11,10.97,11,433,0
20080407,11,11,11,11,100,0
20080408,11,11,11,11,100,0
20080409,11,11,11,11,339,0
20080410,10.61,11,10.61,11,300,0
20080411,10.61,10.95,10.61,10.95,200,0
20080414,10.5,10.95,10.5,10.95,200,0
20080415,10.65,10.95,10.59,10.95,4002,0
20080416,10.51,10.9,10.51,10.9,200,0
20080417,10.5,10.5,10.25,10.46,7803,0
20080418,10,10,9.86,9.96,6684,0
20080421,10.2,10.7,9.87,10,4305,0
20080422,10,10,9.86,10,1590,0
20080423,9.86,10,9.74,9.92,17957,0
20080424,9.8,9.97,9.6,9.82,17380,0
20080425,9.75,10,9.65,9.99,11600,0
20080428,9.75,10,9.75,10,2700,0
20080429,9.75,10,9.75,9.98,1100,0
20080430,10,10,10,10,322,0
20080502,10,10,10,10,100,0
20080505,10,10.4,10,10.4,2658,0
20080506,10,10.75,9.6,10.5,12049,0
20080507,10.22,10.6,10.22,10.6,21355,0
20080508,10.75,10.75,9.97,10.74,2154,0
20080509,9.81,10.71,9.5,10.59,20557,0
20080512,10,10.05,9.79,10,1985,0
20080513,9.79,10.52,9.77,10.12,835,0
20080514,9.55,10.5,9.5,10,6339,0
20080515,9.75,10.3,9.75,10.14,2360,0
20080516,10.32,10.32,10.1,10.1,300,0
20080519,9.89,10.32,9.89,10.32,300,0
20080520,10.11,10.32,10.11,10.32,232,0
20080521,10.34,10.34,10.2,10.2,300,0
20080522,10.21,10.21,9.99,10,700,0
20080523,9.8,10.47,9.8,10.38,500,0
20080527,10.16,10.16,10.16,10.16,100,0
20080528,9.96,10.42,9.96,10.42,300,0
20080529,10.42,10.42,9.55,10.32,1904,0
20080530,10.42,10.42,10.42,10.42,100,0
20080602,10.2,10.2,10.2,10.2,100,0
20080603,9.91,10.34,9.9,10.34,1200,0
20080604,10.38,10.38,10.34,10.35,423,0
20080605,9.55,10.23,9.5,10.23,2937,0
20080606,9.52,10.26,9.51,10.26,5496,0
20080609,9.25,10.24,9.25,9.8,1700,0
20080610,9.75,9.75,8.58,8.94,14763,0
20080611,8.5,8.78,8.05,8.78,6792,0
20080612,8.7,8.7,8.18,8.7,300,0
20080613,8.75,8.75,8.52,8.74,800,0
20080616,8.5,8.5,8.24,8.45,411,0
20080617,8.64,8.64,7.95,8.39,2020,0
20080618,7.76,8.19,7.76,8.19,900,0
20080619,8.24,8.24,7.97,8.24,900,0
20080620,8.19,8.19,8.19,8.19,100,0
20080623,8.02,8.02,8.02,8.02,200,0
20080624,7.52,7.76,7.26,7.26,12693,0
20080625,7.1,7.15,7.1,7.15,15101,0
20080626,7.16,7.18,7.15,7.17,5762,0
20080627,7.1,7.1,7.1,7.1,400,0
20080630,7.28,7.3,6.73,6.73,4022,0
20080701,6.61,6.75,6.06,6.06,11570,0
20080702,6.39,6.39,6,6,5819,0
20080703,6,6.06,6,6.06,392,0
20080707,6,6.25,5.77,5.95,9525,0
20080708,5.95,6.25,5.75,5.97,18325,0
20080709,5.8,5.99,5.8,5.99,11224,0
20080710,5.68,6.48,5.27,5.55,1463,0
20080711,5.66,5.75,5.5,5.75,7136,0
20080714,6.01,6.01,6,6,1000,0
20080715,6.13,6.55,5.5,5.75,2100,0
20080716,5.86,6.05,5.5,6.05,3660,0
20080717,6.89,7.95,6.89,7.95,8946,0
20080721,7.9,7.95,7.9,7.95,500,0
20080722,7.95,7.95,7.75,7.75,1003,0
20080725,7.11,7.75,7.11,7.75,1090,0
20080730,7.95,7.95,7.66,7.66,10654,0
20080805,7.29,7.58,7.29,7.58,410,0
20080807,7.66,7.66,7.4,7.4,500,0
20080808,7.25,7.26,6.5,6.96,2650,0
20080811,7.11,7.15,6.73,7.15,447,0
20080814,6.94,7.02,6.81,7.02,1671,0
20080815,7.5,7.51,7.12,7.12,609,0
20080818,7.5,7.5,7.09,7.25,500,0
20080819,6.81,7.66,6.8,7.5,1197,0
20080825,7.4,7.4,7.4,7.4,1100,0
20080826,7.3,7.4,7.3,7.4,1164,0
20080827,7.95,7.95,7.95,7.95,100,0
20080828,7.81,8,7.75,8,2520,0
20080829,7.82,8.01,7.65,7.65,11600,0
20080904,7.75,7.75,7.65,7.65,1050,0
20080908,7.75,8,7.75,8,6300,0
20080909,8.64,8.64,8.55,8.55,2300,0
20080910,8.31,8.5,8.31,8.45,2600,0
20080911,8.65,8.65,8.65,8.65,2000,0
20080912,8.88,9.22,8.88,9,1475,0
20080915,9.01,9.05,9.01,9.05,3100,0
20080916,8.84,8.85,8.84,8.85,300,0
20080917,8.14,8.16,7.9,8.16,3389,0
20080918,7.9,8.25,7.9,8.25,700,0
20080919,8.1,8.1,7.41,7.75,8160,0
20080922,7.9,7.9,7.9,7.9,140,0
20080923,7.72,7.72,7.72,7.72,400,0
20080924,7.75,7.75,7.72,7.75,1027,0
20080926,7.45,7.45,7.45,7.45,2555,0
20080929,7.49,7.51,7.49,7.51,800,0
20080930,7.45,7.45,7.24,7.4,1800,0
20081001,7.75,7.75,6.55,6.95,3445,0
20081002,6.75,8,6.75,7.98,15336,0
20081003,8,8,8,8,100,0
20081006,7.04,7.04,6.11,6.58,1736,0
20081008,6.81,6.81,6.81,6.81,950,0
20081009,7.99,7.99,6.92,6.92,2065,0
20081010,6.97,6.97,6.97,6.97,100,0
20081013,7,7,6.8,6.8,1200,0
20081014,6.99,6.99,6.8,6.95,1650,0
20081016,6.8,6.97,6.8,6.81,4364,0
20081017,6.99,7,6.9,6.9,10195,0
20081021,7,7.1,6.7,7.1,3130,0
20081023,7,7.1,6.7,7,2646,0
20081027,7,7,7,7,1000,0
20081028,6.81,7.15,6.81,7.15,600,0
20081031,7.07,7.07,6.8,6.8,3525,0
20081103,6.83,6.83,6.8,6.81,748,0
20081105,7,7.24,6.8,7.24,1707,0
20081110,7.2,7.2,7.2,7.2,100,0
20081111,7,7,7,7,200,0
20081112,7,7,6.8,6.8,13675,0
20081113,6.76,6.95,6.76,6.95,1000,0
20081117,6.52,6.75,6.5,6.75,500,0
20081119,6.04,6.75,5.75,6.75,1900,0
20081120,5.95,6.7,4.76,5.5,11613,0
20081121,5.76,6.74,5.2,6.74,4000,0
20081124,6.46,6.98,6.46,6.98,2400,0
20081125,6.05,7,6.05,7,3548,0
20081126,7.21,7.21,7,7.08,5400,0
20081201,7.08,7.08,5.5,6.2,4299,0
20081202,6.2,6.4,5.2,5.89,12030,0
20081203,6.22,7.24,6.22,6.95,41577,0
20081204,6.25,6.28,6.25,6.28,900,0
20081205,6.6,6.6,6.6,6.6,765,0
20081208,6.65,6.75,6.28,6.75,1172,0
20081209,6.28,6.6,6,6.6,4400,0
20081211,6,6.1,5.97,6.03,4823,0
20081212,6.4,6.4,6,6.3,7526,0
20081215,6.74,6.75,6.74,6.75,1800,0
20081216,6.3,6.3,6.3,6.3,600,0
20081217,6.43,6.74,5.61,6.74,2164,0
20081218,5.96,5.96,5.95,5.95,2900,0
20081219,6.95,6.98,6.39,6.39,3301,0
20081222,7.07,7.07,6.25,6.3,300,0
20081223,6.23,6.23,6.2,6.2,820,0
20081224,6.99,6.99,6.94,6.94,200,0
20081229,6.22,6.57,6.1,6.57,1290,0
20081230,6.5,6.5,5.56,6,38796,0
20081231,6,6.27,6,6.15,6642,0
20090102,6,6.95,6,6.75,5960,0
20090105,6.35,6.71,6.12,6.68,6510,0
20090106,6.68,6.69,6.5,6.5,21345,0
20090107,6.13,6.48,6.13,6.48,600,0
20090108,6.2,6.24,6.2,6.24,3655,0
20090109,6.29,6.3,6.29,6.3,300,0
20090112,6.3,6.89,6.29,6.5,2802,0
20090113,6.11,6.5,6.11,6.35,1590,0
20090114,6.2,6.49,6.1,6.1,6051,0
20090116,5.85,5.9,5.85,5.9,3252,0
20090121,6.39,6.39,6.39,6.39,600,0
20090123,5.82,5.85,5.75,5.79,2893,0
20090126,6.4,6.4,6.4,6.4,100,0
20090130,6.29,6.4,5.75,6.24,2300,0
20090202,5.76,5.76,5.76,5.76,400,0
20090203,5.76,5.76,5.75,5.75,1000,0
20090204,5.75,5.75,5.75,5.75,5841,0
20090205,5.34,6.12,5,5,2100,0
20090206,5.97,6,5.92,5.94,2957,0
20090209,6,6,6,6,899,0
20090210,6.1,6.33,6.05,6.25,4050,0
20090211,6.05,6.05,6.05,6.05,5766,0
20090213,6.04,6.05,6.04,6.05,400,0
20090217,5.51,5.52,5.5,5.51,1200,0
20090218,5.5,5.65,5.07,5.65,4694,0
20090219,5.65,5.65,5.01,5.01,2135,0
20090220,4.97,5.38,4.97,5.38,1400,0
20090223,5.62,5.62,5.06,5.4,446,0
20090224,4.92,4.92,4.92,4.92,100,0
20090225,5,5.13,5,5.13,3248,0
20090226,4.96,5.34,4.96,4.97,1803,0
20090227,4.95,4.95,4.95,4.95,200,0
20090302,5.23,5.23,4.95,4.95,400,0
20090303,4.81,4.95,4.8,4.8,6338,0
20090304,4.75,4.95,4.6,4.95,1755,0
20090305,4.95,4.95,4.95,4.95,1600,0
20090306,4.32,4.32,3.92,3.92,5150,0
20090309,3.9,4.05,3.9,4.05,2848,0
20090310,4.02,4.5,4.02,4.46,3600,0
20090311,4.3,4.3,3.96,4,5647,0
20090312,4.39,4.4,4.2,4.2,1450,0
20090313,4,4.07,4,4.07,1037,0
20090316,4.2,4.2,4.2,4.2,500,0
20090317,3.96,3.98,3.96,3.98,232,0
20090318,4.2,4.25,4.2,4.24,7553,0
20090319,4.3,4.3,4.3,4.3,2000,0
20090320,4.19,4.2,4.19,4.2,5300,0
20090323,4.24,4.25,4.13,4.25,3230,0
20090324,4.25,4.25,4.25,4.25,1900,0
20090325,4.25,4.25,4.25,4.25,2500,0
20090326,4.25,4.25,4.2,4.2,3280,0
20090327,4.25,4.25,3.98,4.1,5610,0
20090331,4.19,4.2,4.19,4.2,500,0
20090401,4.1,4.1,3.96,3.96,1828,0
20090402,4.25,4.25,4.24,4.25,805,0
20090403,3.97,4.25,3.96,4.25,1151,0
20090407,3.96,3.96,3.96,3.96,1100,0
20090408,4.2,4.2,4.2,4.2,1600,0
20090409,4.26,4.26,4.25,4.25,1900,0
20090414,4.35,4.35,4.35,4.35,100,0
20090415,4.35,4.35,4.35,4.35,998,0
20090416,4.35,4.35,4.35,4.35,600,0
20090417,4.35,4.35,4.3,4.32,5279,0
20090420,4.32,4.4,4.03,4.03,5400,0
20090421,4.4,4.4,4.4,4.4,100,0
20090422,4.39,4.39,4.39,4.39,3014,0
20090424,4.25,4.39,4.2,4.2,1750,0
20090427,4,4.03,4,4.03,5800,0
20090428,4.23,4.23,4.23,4.23,100,0
20090429,4.01,4.01,3.85,3.85,5035,0
20090430,4.34,4.36,3.9,4,5908,0
20090504,4.25,4.25,3.79,3.8,5303,0
20090505,4.15,4.15,3.9,4,12621,0
20090506,3.9,4.2,3.8,3.99,21803,0
20090507,3.98,4,3.98,3.99,800,0
20090508,3.93,4,3.7,3.8,19681,0
20090511,4.14,4.14,3.95,3.95,1400,0
20090512,3.9,4.14,3.9,4.06,3074,0
20090513,4,4.2,4,4.2,3000,0
20090514,4.35,4.35,4.2,4.25,8200,0
20090515,3.91,4.3,3.91,4.3,812,0
20090518,3.92,4.31,3.9,4.31,1775,0
20090519,3.95,4.34,3.91,4.31,12891,0
20090520,4.31,4.36,4.01,4.01,1002,0
20090522,4,4.14,4,4.14,1367,0
20090526,4.3,4.31,4.3,4.3,1200,0
20090527,4.3,4.36,4.01,4.33,14139,0
20090528,4.25,4.25,4.25,4.25,100,0
20090529,4.35,4.67,4.15,4.67,722,0
20090601,4.6,4.6,4.6,4.6,400,0
20090602,4.69,4.69,4.5,4.61,1196,0
20090603,4.6,4.66,4.59,4.66,2839,0
20090604,4.73,4.73,4.5,4.5,600,0
20090605,4.75,4.75,4.75,4.75,1000,0
20090608,4.37,4.38,4.37,4.38,1097,0
20090609,4.39,4.39,4.11,4.3,5034,0
20090610,4.3,4.3,4.3,4.3,200,0
20090611,4.49,4.49,4.3,4.3,900,0
20090612,4.3,4.5,4.1,4.5,2634,0
20090615,4.1,4.1,4.1,4.1,166,0
20090616,4.1,4.1,4.1,4.1,1100,0
20090618,4.5,4.5,4,4,450,0
20090619,4.31,4.35,4.25,4.28,6453,0
20090622,4.25,4.25,4,4,2404,0
20090623,4.01,4.01,4,4,3451,0
20090625,4.01,4.01,3.9,3.9,4463,0
20090626,3.9,3.9,3.9,3.9,100,0
20090629,3.9,3.91,3.9,3.9,1900,0
20090630,3.9,4.28,3.9,4.28,580,0
20090706,4.2,4.2,4.2,4.2,172,0
20090707,3.9,3.9,3.9,3.9,4252,0
20090709,4.2,4.2,3.9,3.9,2380,0
20090710,3.8,3.95,3.8,3.9,6120,0
20090713,3.86,4,3.86,4,23000,0
20090714,3.87,3.87,3.75,3.75,47117,0
20090715,3.75,3.8,3.75,3.8,1900,0
20090716,3.84,3.9,3.84,3.88,1861,0
20090717,3.88,3.88,3.8,3.8,3123,0
20090720,3.8,3.8,3.61,3.75,7590,0
20090721,3.98,4,3.97,4,2500,0
20090722,3.7,3.75,3.63,3.75,20952,0
20090723,3.75,3.85,3.75,3.85,1200,0
20090724,3.9,3.9,3.9,3.9,500,0
20090727,3.88,3.88,3.87,3.88,2000,0
20090728,3.63,3.89,3.63,3.89,1200,0
20090729,3.88,3.88,3.62,3.62,3526,0
20090730,3.84,3.85,3.65,3.65,20600,0
20090731,3.69,3.8,3.69,3.8,1800,0
20090803,3.9,3.9,3.66,3.9,6600,0
20090804,3.9,3.9,3.9,3.9,3744,0
20090805,3.9,4,3.9,4,1356,0
20090806,4,4,4,4,0,0
20090807,3.83,3.95,3.8,3.95,35700,0
20090810,4.03,4.08,3.95,4.08,1523,0
20090811,4.09,4.09,3.95,3.95,10000,0
20090812,3.95,3.95,3.94,3.95,3343,0
20090813,3.95,3.99,3.92,3.99,1200,0
20090814,4,4.25,3.7,4.08,13751,0
20090817,3.7,3.75,3.7,3.71,711,0
20090818,3.92,4,3.92,4,1736,0
20090819,4.15,4.15,3.8,4.1,3436,0
20090820,4.05,4.15,3.86,3.86,5077,0
20090821,4,4,4,4,500,0
20090824,4,4,3.88,4,6101,0
20090825,3.99,4.05,3.82,3.83,3500,0
20090826,3.84,3.84,3.83,3.83,300,0
20090827,3.83,3.95,3.65,3.65,8655,0
20090828,3.71,3.75,3.5,3.71,20470,0
20090831,3.74,3.74,3.63,3.63,1306,0
20090901,3.75,3.8,3.75,3.75,1775,0
20090902,3.98,4,3.96,3.99,1100,0
20090904,3.75,3.75,3.75,3.75,300,0
20090908,3.65,3.75,3.65,3.75,2700,0
20090909,3.75,3.75,3.65,3.65,3909,0
20090910,3.74,3.74,3.74,3.74,2000,0
20090911,3.83,3.85,3.81,3.81,1050,0
20090914,3.74,3.79,3.65,3.75,3574,0
20090915,3.84,3.85,3.75,3.75,918,0
20090916,3.82,3.85,3.82,3.85,1300,0
20090917,3.85,3.9,3.85,3.9,1300,0
20090918,3.85,4,3.84,4,1090,0
20090921,3.85,3.85,3.7,3.85,6749,0
20090922,3.75,3.75,3.75,3.75,328,0
20090923,3.79,4,3.79,3.99,13511,0
20090924,4.01,4.99,4.01,4.35,15193,0
20090925,4.11,4.11,3.76,3.76,31757,0
20090928,4,4,3.7,3.75,18449,0
20090929,3.88,4.1,3.8,4.09,6200,0
20090930,4.06,4.06,4,4,4300,0
20091001,3.8,3.8,3.8,3.8,100,0
20091002,3.81,3.81,3.77,3.77,396,0
20091005,3.72,4,3.72,4,2416,0
20091006,3.85,4.15,3.8,4.15,2405,0
20091007,4.13,4.14,4.05,4.05,1708,0
20091012,3.82,4.13,3.35,4.1,12867,0
20091013,4,4.05,3.67,4.01,3210,0
20091014,3.71,3.71,3.65,3.7,2996,0
20091015,3.7,4.04,3.69,3.81,3552,0
20091016,4.03,4.1,3.76,4.1,3038,0
20091019,3.85,3.85,3.75,3.76,1150,0
20091021,3.98,4,3.98,3.99,1410,0
20091022,3.75,4,3.7,3.87,3819,0
20091026,3.88,3.88,3.75,3.75,400,0
20091027,3.75,3.75,3.65,3.7,1229,0
20091028,3.7,3.7,3.65,3.65,2404,0
20091029,3.65,3.78,3.65,3.65,1750,0
20091030,3.65,3.9,3.65,3.9,2633,0
20091102,3.88,3.88,3.65,3.85,4746,0
20091103,3.85,3.9,3.65,3.65,5382,0
20091104,3.65,3.85,3.65,3.85,400,0
20091105,3.85,3.98,3.85,3.85,3622,0
20091106,3.97,3.98,3.95,3.95,1565,0
20091109,3.95,3.95,3.66,3.84,6241,0
20091110,3.89,3.89,3.65,3.65,300,0
20091111,3.67,3.67,3.59,3.59,1654,0
20091113,3.83,3.83,3.83,3.83,500,0
20091117,3.81,3.83,3.81,3.83,1525,0
20091118,3.77,3.77,3.6,3.77,600,0
20091120,3.54,3.54,3.54,3.54,1222,0
20091123,3.6,3.6,3.6,3.6,600,0
20091124,3.6,3.61,3.6,3.6,2519,0
20091125,3.6,3.6,3.6,3.6,2550,0
20091130,3.6,3.6,3.6,3.6,600,0
20091201,3.69,3.7,3.69,3.69,1300,0
20091202,3.5,3.69,3.5,3.59,4661,0
20091203,3.52,3.52,3.43,3.44,7899,0
20091204,3.64,3.65,3,3.43,18684,0
20091207,3.45,3.45,3.4,3.4,700,0
20091208,3.41,3.7,3.4,3.7,21785,0
20091209,3.72,3.74,3.43,3.43,865,0
20091210,3.7,3.7,3.2,3.39,1018,0
20091211,3.4,3.4,3.32,3.32,600,0
20091215,3.4,3.5,3.3,3.3,4700,0
20091216,3.29,3.3,3.2,3.25,5835,0
20091217,3.25,3.25,3.1,3.14,5733,0
20091218,3.25,3.25,3.25,3.25,2307,0
20091221,3.25,3.25,3.24,3.25,2878,0
20091222,3.1,3.15,2.95,3,24242,0
20091223,3,3.2,3,3.16,2184,0
20091224,3.01,3.16,3.01,3.14,600,0
20091228,3.15,3.15,3.1,3.1,7446,0
20091229,3.07,3.17,3.07,3.1,17925,0
20091230,3.08,3.22,3.08,3.2,1300,0
20091231,3.08,3.25,3.08,3.25,2505,0
20100104,3.25,3.25,3.24,3.25,4100,0
20100105,3.44,3.44,3.25,3.25,3406,0
20100106,3.45,3.5,3.43,3.5,4200,0
20100107,3.55,3.68,3.55,3.68,4215,0
20100108,3.68,3.7,3.68,3.68,1900,0
20100111,3.7,3.7,3.7,3.7,2600,0
20100112,3.71,3.71,3.6,3.61,1600,0
20100113,3.62,3.62,3.62,3.62,1100,0
20100114,3.73,3.75,3.67,3.73,2760,0
20100119,3.75,3.75,3.75,3.75,1300,0
20100120,3.75,4.07,3.74,4.01,5120,0
20100121,4.03,4.1,4.03,4.09,1854,0
20100122,4.1,4.1,4,4.1,1070,0
20100125,3.81,3.94,3.81,3.94,700,0
20100127,4.1,4.1,3.8,3.96,5100,0
20100128,3.97,3.97,3.96,3.96,1850,0
20100129,3.8,3.8,3.8,3.8,840,0
20100202,3.98,3.99,3.98,3.99,1240,0
20100204,3.95,3.98,3.85,3.92,1353,0
20100205,3.7,3.8,3.7,3.8,2508,0
20100208,4,4.08,4,4.03,3050,0
20100209,4.1,4.1,4.03,4.03,1000,0
20100211,4,4,3.74,3.74,2203,0
20100212,3.75,4.04,3.58,3.58,10101,0
20100216,3.93,4.14,3.6,3.65,12871,0
20100217,3.9,3.94,3.89,3.9,1200,0
20100218,3.7,3.7,3.7,3.7,100,0
20100219,3.74,3.75,3.74,3.75,5000,0
20100222,3.68,3.68,3.68,3.68,100,0
20100223,3.65,3.65,3,3.03,15539,0
20100224,3.25,3.6,3.25,3.49,6107,0
20100225,3.58,3.58,3.48,3.48,625,0
20100226,3.35,3.45,3.18,3.4,5444,0
20100301,3.25,3.38,3.22,3.24,3010,0
20100302,3.23,3.4,3.22,3.22,9222,0
20100308,3.4,3.54,3.08,3.2,2925,0
20100309,3.36,3.36,3.36,3.36,500,0
20100310,3.3,3.3,3.3,3.3,700,0
20100312,3.37,3.52,3.35,3.5,7965,0
20100315,3.35,3.6,3.35,3.6,700,0
20100316,3.6,3.7,3.49,3.58,10728,0
20100317,3.6,3.6,3.58,3.6,3700,0
20100318,3.65,3.79,3.65,3.79,4017,0
20100319,3.8,3.8,3.8,3.8,2600,0
20100322,3.65,3.72,3.58,3.61,6954,0
20100323,3.65,3.8,3.47,3.8,4454,0
20100325,3.46,3.85,3.46,3.7,5586,0
20100326,3.69,3.9,3.69,3.7,5166,0
20100329,3.7,3.7,3.7,3.7,3800,0
20100330,3.74,3.74,3.73,3.73,400,0
20100331,3.79,3.79,3.5,3.5,2049,0
20100401,3.55,3.7,3.55,3.7,892,0
20100405,3.62,3.62,3.62,3.62,250,0
20100406,3.66,3.68,3.56,3.68,25650,0
20100407,3.72,3.72,3.72,3.72,100,0
20100408,3.57,3.7,3.45,3.45,6216,0
20100409,3.73,3.83,3.58,3.62,6073,0
20100412,3.55,3.74,3.41,3.45,11529,0
20100413,3.42,3.45,3.42,3.42,2399,0
20100414,3.42,3.6,3.42,3.45,3300,0
20100415,3.71,3.89,3.43,3.6,10478,0
20100419,3.53,3.58,3.53,3.58,200,0
20100420,3.65,3.65,3.58,3.6,20051,0
20100421,3.65,3.65,3.41,3.45,7536,0
20100422,3.45,3.83,3.4,3.74,9819,0
20100423,3.82,3.99,3.82,3.95,13964,0
20100426,4.02,5.84,3.98,4.91,37229,0
20100427,5,5,4.75,4.75,2050,0
20100428,4.81,4.81,4.15,4.15,7068,0
20100429,4.87,4.87,4.5,4.54,11064,0
20100430,4.69,4.72,4.21,4.5,1268,0
20100503,4.57,4.74,4.53,4.68,2500,0
20100504,4.62,4.62,4.42,4.42,1200,0
20100505,4.59,4.62,4.5,4.51,17364,0
20100506,4.5,4.56,4.5,4.56,7403,0
20100507,4.68,4.68,4.68,4.68,548,0
20100510,4.59,4.59,4.59,4.59,425,0
20100512,4.5,4.6,4.5,4.6,200,0
20100513,4.6,4.6,4.5,4.55,2101,0
20100514,4.5,4.5,4.49,4.5,1816,0
20100517,4.5,4.5,4.3,4.3,500,0
20100518,4.47,4.54,4.4,4.4,4450,0
20100519,4.42,4.45,4.4,4.45,1400,0
20100520,4.42,4.6,4.4,4.4,3512,0
20100521,4.4,4.4,4.4,4.4,800,0
20100525,4.39,4.39,4.24,4.28,3838,0
20100526,4.44,4.48,4.44,4.48,2317,0
20100527,4.46,4.5,4.45,4.5,3200,0
20100528,4.52,4.55,4.3,4.38,2500,0
20100601,4.22,4.35,3.92,4.18,13317,0
20100602,4.04,4.04,3.7,3.8,8268,0
20100603,3.82,3.82,3.8,3.8,3074,0
20100604,3.57,3.6,3.24,3.49,11169,0
20100607,3.49,3.72,3.32,3.32,749,0
20100608,3.48,3.48,3.34,3.34,1022,0
20100609,3.49,3.49,3.44,3.44,390,0
20100610,3.45,3.45,3.37,3.37,530,0
20100611,3.52,3.52,3.45,3.45,2090,0
20100614,3.54,3.54,3.48,3.48,1399,0
20100615,3.56,4,3.56,4,2777,0
20100616,3.8,3.8,3.64,3.78,2599,0
20100617,3.91,3.91,3.91,3.91,136,0
20100618,3.8,4,3.8,4,364,0
20100622,3.99,4,3.9,4,3466,0
20100623,3.89,3.97,3.88,3.97,705,0
20100629,3.88,3.97,3.87,3.94,1341,0
20100630,3.97,3.97,3.68,3.71,624,0
20100701,3.9,3.9,3.9,3.9,120,0
20100702,3.85,3.9,3.85,3.9,2795,0
20100706,3.29,3.32,3.2,3.2,5286,0
20100708,3.36,3.61,3.36,3.61,300,0
20100709,3.6,3.6,3.6,3.6,1100,0
20100712,3.36,3.36,3.34,3.34,1600,0
20100713,3.64,3.69,3.55,3.55,1200,0
20100714,3.54,3.55,3.54,3.55,1996,0
20100715,3.57,3.57,3.57,3.57,200,0
20100716,3.55,3.55,3.45,3.45,982,0
20100721,3.71,3.75,3.5,3.5,800,0
20100722,3.81,3.81,3.5,3.5,900,0
20100723,3.5,3.5,3.26,3.26,400,0
20100726,3.28,3.28,3.25,3.25,900,0
20100727,3.35,3.35,3.35,3.35,3822,0
20100729,3.48,3.48,3.48,3.48,980,0
20100730,3.36,3.36,3.25,3.25,1440,0
20100802,3.4,3.4,3.3,3.3,700,0
20100803,3.25,3.25,2.9,2.96,17489,0
20100804,2.96,2.97,2.96,2.96,1232,0
20100805,2.96,2.98,2.93,2.93,2956,0
20100809,3,3,2.95,2.95,1283,0
20100810,2.94,3,2.94,3,8480,0
20100811,3.28,3.28,3.28,3.28,100,0
20100812,3.2,3.23,3.2,3.2,2260,0
20100813,2.94,2.96,2.94,2.95,1200,0
20100816,2.97,3.11,2.97,3.11,200,0
20100818,2.97,2.98,2.97,2.97,544,0
20100824,3.09,3.09,2.96,2.97,500,0
20100826,3.1,3.1,3.09,3.1,2258,0
20100827,3,3,3,3,2000,0
20100830,3,3,2.94,3,5357,0
20100831,2.94,2.95,2.94,2.95,9757,0
20100901,2.95,3.15,2.95,3,1366,0
20100908,2.99,3,2.99,2.99,2053,0
20100909,3,3,3,3,147,0
20100913,2.96,3.01,2.96,3.01,760,0
20100914,3.05,3.05,3.05,3.05,773,0
20100915,3,3.05,3,3,2938,0
20100916,3.12,3.12,3.12,3.12,100,0
20100917,3.09,3.09,3.09,3.09,200,0
20100920,3.03,3.05,3,3.05,2010,0
20100923,3,3.1,3,3.1,1550,0
20100924,3,3.05,2.92,3.05,1534,0
20100927,3.05,3.05,3.05,3.05,569,0
20100928,3.05,3.05,3.05,3.05,300,0
20100929,2.9,3.04,2.86,2.86,8666,0
20100930,2.86,3.05,2.86,3.05,1282,0
20101001,2.9,3.05,2.86,3.05,1130,0
20101004,3.05,3.05,2.86,2.86,996,0
20101005,2.9,2.94,2.86,2.94,1068,0
20101006,2.98,3,2.96,2.97,2135,0
20101012,3,3,3,3,753,0
20101013,3.01,3.01,2.87,2.87,820,0
20101014,3.05,3.05,2.91,2.91,604,0
20101018,3.03,3.03,3.03,3.03,100,0
20101019,2.95,3.01,2.95,3.01,2275,0
20101020,3,3,3,3,2300,0
20101022,2.9,2.9,2.9,2.9,600,0
20101025,2.9,2.95,2.9,2.9,7464,0
20101026,2.9,2.9,2.86,2.86,2930,0
20101028,2.86,2.86,2.84,2.84,3386,0
20101029,2.84,2.85,2.77,2.8,1000,0
20101101,2.81,2.81,2.81,2.81,427,0
20101103,2.81,2.81,2.76,2.76,6673,0
20101104,2.75,2.75,2.52,2.58,11000,0
20101105,2.69,2.69,2.69,2.69,360,0
20101109,2.65,2.7,2.65,2.7,3942,0
20101110,2.7,2.7,2.7,2.7,1100,0
20101111,2.66,2.67,2.66,2.67,2888,0
20101115,2.66,2.66,2.65,2.65,3425,0
20101116,2.61,2.62,2.61,2.62,5402,0
20101117,2.51,2.51,2.49,2.5,7084,0
20101119,2.47,2.47,2.47,2.47,144,0
20101122,2.5,2.5,2.47,2.47,7955,0
20101123,2.75,2.8,2.74,2.8,15972,0
20101124,2.8,3.25,2.8,3.14,16840,0
20101129,3.05,3.15,2.75,2.75,7510,0
20101130,2.76,3,2.76,3,1100,0
20101201,3.25,3.25,2.68,2.68,4476,0
20101202,2.76,3.35,2.75,3.35,4845,0
20101203,3.35,3.35,2.86,2.87,1621,0
20101206,3.29,3.29,2.9,2.9,1970,0
20101207,2.83,2.83,2.69,2.69,2000,0
20101208,2.79,2.9,2.79,2.89,13830,0
20101209,2.79,2.89,2.79,2.89,5290,0
20101210,2.89,2.97,2.89,2.9,13504,0
20101213,3,3,2.91,2.92,1270,0
20101214,3.07,3.07,3.07,3.07,400,0
20101215,3.1,3.28,3.07,3.07,2890,0
20101216,3.06,3.1,3.06,3.06,12672,0
20101217,3,3.11,3,3.06,3030,0
20101221,3.07,3.32,3.05,3.32,16408,0
20101222,3.27,3.27,3,3.14,10265,0
20101223,3.06,3.15,2.88,3.01,2400,0
20101227,2.87,3,2.87,3,678,0
20101228,3,3,3,3,268,0
20101229,2.93,3.15,2.93,3.15,2178,0
20101230,3.04,3.12,3.04,3.1,7360,0
20101231,3.1,3.2,3,3.15,1417,0
20110103,3.1,3.1,3.1,3.1,250,0
20110104,3.18,3.3,3.18,3.27,620,0
20110105,3.28,3.34,3.1,3.16,5450,0
20110107,3.11,3.12,3.11,3.12,300,0
20110110,3.25,3.5,3.25,3.35,2603,0
20110111,3.48,3.48,3.26,3.26,1836,0
20110112,3.42,3.77,3.42,3.77,6070,0
20110113,3.49,3.75,3.48,3.74,5210,0
20110114,3.82,3.82,3.44,3.44,6450,0
20110118,3.56,3.97,3.5,3.94,2512,0
20110119,3.56,5,3.55,4.29,14020,0
20110120,3.83,4.18,3.8,3.96,6011,0
20110121,4,4.36,3.98,3.99,2874,0
20110124,4.12,4.14,4.12,4.13,900,0
20110125,4.05,4.14,4.05,4.05,4950,0
20110126,4.05,4.1,4.01,4.05,3284,0
20110127,4.01,4.01,3.69,3.69,1129,0
20110128,4.02,4.02,3.53,3.75,900,0
20110131,3.68,3.95,3.6,3.95,1482,0
20110202,3.75,3.75,3.7,3.7,2871,0
20110203,3.7,3.9,3.67,3.9,11375,0
20110204,3.95,4,3.9,3.9,3548,0
20110207,3.99,4,3.7,4,4796,0
20110208,4,4.2,4,4,2723,0
20110209,4,4,3.98,3.98,2077,0
20110210,3.97,4,3.97,4,700,0
20110211,3.97,3.97,3.7,3.7,6490,0
20110214,3.95,4.24,3.95,4.1,7810,0
20110215,4.11,4.12,4.1,4.1,2250,0
20110216,3.96,4.11,3.83,4.11,6134,0
20110217,4.1,4.12,4.07,4.12,1100,0
20110218,4.06,4.12,4.06,4.1,1300,0
20110222,3.99,4.12,3.7,3.75,3350,0
20110223,4.13,4.13,3.75,3.75,3385,0
20110224,3.8,3.8,3.79,3.79,702,0
20110225,3.79,4.12,3.79,4.1,5370,0
20110228,4.1,4.12,3.71,3.75,3662,0
20110302,3.81,3.81,3.81,3.81,300,0
20110303,3.81,4,3.81,3.82,2225,0
20110304,3.96,3.96,3.96,3.96,100,0
20110307,3.96,4,3.9,4,1300,0
20110309,4.1,4.1,4.1,4.1,600,0
20110310,4.05,4.1,4.05,4.1,845,0
20110311,3.8,3.8,3.75,3.75,500,0
20110314,3.75,3.99,3.75,3.8,2973,0
20110315,3.87,3.88,3.87,3.88,4300,0
20110316,3.9,3.9,3.9,3.9,500,0
20110317,3.78,3.78,3.78,3.78,500,0
20110318,3.94,3.94,3.94,3.94,1000,0
20110322,3.86,4.01,3.84,3.84,9373,0
20110324,3.84,3.84,3.84,3.84,226,0
20110325,3.84,4.1,3.84,4,1045,0
20110330,3.85,3.85,3.85,3.85,240,0
20110401,3.85,3.87,3.83,3.83,2399,0
20110404,3.84,4,3.84,3.89,1400,0
20110405,3.84,3.84,3.84,3.84,100,0
20110406,3.84,3.85,3.82,3.82,4644,0
20110407,3.82,3.82,3.82,3.82,100,0
20110408,3.84,3.86,3.82,3.86,2300,0
20110411,3.51,3.75,3.51,3.7,8113,0
20110412,3.68,3.72,3.25,3.72,8464,0
20110414,3.72,3.72,3.7,3.7,300,0
20110418,3.6,3.6,3.6,3.6,3300,0
20110419,3.53,3.7,3.52,3.52,476,0
20110420,3.41,3.65,3.41,3.61,7002,0
20110421,3.62,3.67,3.61,3.67,7468,0
20110427,3.67,3.67,3.52,3.52,2180,0
20110428,3.5,3.5,3.5,3.5,145,0
20110429,3.5,3.5,3.5,3.5,2416,0
20110502,3.5,3.63,3.5,3.5,2729,0
20110503,3.64,3.64,3.64,3.64,100,0
20110504,3.67,3.74,3.6,3.67,3650,0
20110505,3.7,3.7,3.7,3.7,300,0
20110506,3.75,3.75,3.63,3.63,1534,0
20110509,3.63,3.65,3.6,3.65,1600,0
20110510,3.62,3.62,3.62,3.62,100,0
20110511,3.59,3.59,3.3,3.3,6240,0
20110512,3.42,3.42,3.32,3.32,9950,0
20110513,3.31,3.65,3.31,3.6,7734,0
20110516,3.6,3.66,3.6,3.65,3388,0
20110517,3.64,3.65,3.62,3.62,2400,0
20110518,3.72,3.72,3.64,3.64,1686,0
20110519,3.65,3.66,3.6,3.6,7700,0
20110520,3.61,3.61,3.55,3.55,9897,0
20110525,3.4,3.4,3.4,3.4,400,0
20110526,3.3,3.3,3.26,3.3,7150,0
20110531,3.4,3.4,3.3,3.3,1580,0
20110601,3.32,3.36,3.3,3.36,13550,0
20110602,3.4,3.4,3.25,3.25,5957,0
20110603,3.25,3.27,3.17,3.17,4999,0
20110606,3.17,3.17,3.03,3.08,4200,0
20110607,3.16,3.45,3.16,3.4,3464,0
20110608,3.43,3.43,3.11,3.15,6374,0
20110609,3.12,3.4,3.11,3.13,4840,0
20110610,3.25,3.25,3.03,3.18,15918,0
20110613,3.05,3.13,3.04,3.13,1040,0
20110614,3.25,3.3,3.05,3.26,6955,0
20110615,3.25,3.25,3.09,3.11,4434,0
20110617,3.08,3.1,3.08,3.1,300,0
20110620,3,3.04,3,3.03,1807,0
20110621,3.03,3.04,2.89,2.89,800,0
20110622,2.94,2.98,2.91,2.91,1705,0
20110623,2.91,2.93,2.72,2.72,6697,0
20110624,2.8,2.98,2.7,2.7,3800,0
20110627,2.78,2.8,2.71,2.71,1000,0
20110628,2.74,2.74,2.57,2.67,516,0
20110629,2.83,2.95,2.83,2.95,1659,0
20110630,2.91,3,2.53,2.55,88022,0
20110701,2.61,2.86,2.61,2.86,8280,0
20110705,2.87,2.89,2.86,2.89,1531,0
20110706,2.86,2.86,2.86,2.86,665,0
20110707,2.86,2.86,2.86,2.86,1500,0
20110708,2.87,2.91,2.57,2.57,9275,0
20110711,2.75,2.75,2.58,2.6,1731,0
20110712,2.61,2.65,2.59,2.59,4100,0
20110713,2.61,2.77,2.56,2.77,25900,0
20110718,2.75,2.75,2.63,2.67,2600,0
20110719,2.65,2.69,2.65,2.65,1700,0
20110720,2.71,2.71,2.56,2.56,3825,0
20110721,2.56,2.58,2.55,2.55,9200,0
20110722,2.61,2.61,2.55,2.61,6400,0
20110725,2.73,2.74,2.64,2.64,800,0
20110728,2.56,2.58,2.32,2.5,10714,0
20110729,2.52,2.52,2.4,2.4,301,0
20110801,2.35,2.35,2.29,2.35,4250,0
20110802,2.33,2.45,2.33,2.44,1700,0
20110803,2.48,2.55,2.4,2.45,6300,0
20110804,2.5,2.5,2.4,2.43,2045,0
20110805,2.42,2.42,2.36,2.4,20191,0
20110808,2.37,2.37,2.36,2.36,1898,0
20110809,2.6,2.6,2.4,2.4,1640,0
20110812,2.44,2.58,2.44,2.58,1400,0
20110815,2.5,2.6,2.5,2.55,4136,0
20110816,2.58,2.7,2.55,2.55,12380,0
20110818,2.55,2.57,2.55,2.55,8875,0
20110819,2.56,2.56,2.54,2.54,900,0
20110822,2.53,2.53,2.35,2.35,4568,0
20110823,2.35,2.48,2.35,2.48,1100,0
20110824,2.58,2.66,2.58,2.66,3000,0
20110825,2.6,2.61,2.6,2.6,1711,0
20110826,2.75,2.75,2.75,2.75,100,0
20110829,2.73,2.74,2.72,2.72,2008,0
20110830,2.81,2.81,2.76,2.76,200,0
20110831,2.77,2.77,2.7,2.7,2101,0
20110901,2.61,2.61,2.5,2.57,3246,0
20110902,2.49,2.49,2.47,2.47,300,0
20110908,2.61,2.68,2.5,2.68,2472,0
20110912,2.66,2.66,2.45,2.5,427,0
20110914,2.39,2.39,2.39,2.39,200,0
20110915,2.5,2.5,2.5,2.5,200,0
20110916,2.66,2.68,2.64,2.64,400,0
20110919,2.61,2.61,2.61,2.61,100,0
20110921,2.61,2.65,2.61,2.64,3545,0
20110926,2.45,2.46,2.25,2.26,12540,0
20110927,2.39,2.43,2.35,2.35,5100,0
20110928,2.35,2.35,2.35,2.35,811,0
20110930,2.35,2.38,2.35,2.35,1200,0
20111003,2.31,2.31,2.27,2.27,600,0
20111005,2.36,2.36,2.27,2.27,2709,0
20111006,2.4,2.4,2.4,2.4,500,0
20111007,2.4,2.45,2.32,2.35,4318,0
20111013,2.36,2.4,2.28,2.28,2799,0
20111014,2.31,2.34,2.3,2.34,1040,0
20111018,2.27,2.34,2.27,2.29,1000,0
20111019,2.29,2.29,2.29,2.29,936,0
20111020,2.34,2.4,2.34,2.4,614,0
20111021,2.5,2.5,2.3,2.48,3494,0
20111026,2.62,2.62,2.62,2.62,600,0
20111028,2.36,2.36,2.36,2.36,700,0
20111031,2.47,2.65,2.39,2.65,1702,0
20111102,2.6,2.66,2.6,2.64,2566,0
20111103,2.73,3,2.73,2.99,4850,0
20111104,2.8,2.85,2.7,2.8,6100,0
20111109,2.95,2.99,2.95,2.99,500,0
20111111,3.1,3.1,3,3,1182,0
20111114,2.95,3.03,2.95,2.95,8200,0
20111116,3.03,3.03,2.95,3.03,2747,0
20111117,2.95,2.95,2.95,2.95,200,0
20111118,2.95,2.95,2.95,2.95,1000,0
20111121,2.95,2.95,2.8,2.8,1100,0
20111122,2.95,2.98,2.95,2.98,420,0
20111123,3.1,3.1,3.1,3.1,207,0
20111125,3.09,3.09,3.09,3.09,200,0
20111128,3.09,3.09,3.09,3.09,100,0
20111130,3,3,2.98,2.98,700,0
20111201,2.57,2.57,2.57,2.57,100,0
20111202,2.92,2.92,2.53,2.67,4600,0
20111207,2.92,2.92,2.89,2.89,600,0
20111208,2.86,2.87,2.86,2.87,400,0
20111209,2.6,2.8,2.53,2.8,4545,0
20111212,2.55,2.55,2.55,2.55,1800,0
20111214,2.86,2.9,2.51,2.51,5552,0
20111215,2.51,2.51,2.51,2.51,120,0
20111216,2.57,2.76,2.45,2.45,10409,0
20111219,2.48,2.48,2.45,2.45,1100,0
20111220,2.44,2.46,2.43,2.43,7161,0
20111221,2.48,2.5,2.33,2.45,7396,0
20111222,2.35,2.39,2.35,2.37,1470,0
20111223,2.4,2.54,2.4,2.54,8600,0
20111227,2.4,2.48,2.31,2.43,4550,0
20111228,2.63,2.63,2.43,2.48,4200,0
20111229,2.47,2.6,2.4,2.42,5652,0
20111230,2.3,2.45,2.3,2.45,2585,0
20120103,2.54,2.66,2.44,2.6,7185,0
20120104,2.49,2.64,2.49,2.63,1753,0
20120105,2.62,2.62,2.54,2.62,2365,0
20120106,2.58,2.61,2.58,2.61,1440,0
20120109,2.58,2.58,2.58,2.58,100,0
20120110,2.58,2.61,2.56,2.61,950,0
20120112,2.65,2.65,2.65,2.65,3774,0
20120113,2.6,2.8,2.6,2.8,750,0
20120117,2.83,2.83,2.69,2.69,681,0
20120120,2.7,2.71,2.65,2.66,8567,0
20120123,2.71,2.71,2.71,2.71,600,0
20120125,2.82,2.82,2.81,2.82,2321,0
20120126,2.9,2.9,2.9,2.9,1000,0
20120127,2.95,2.95,2.85,2.85,1188,0
20120130,2.96,3,2.9,3,7100,0
20120201,2.99,3.17,2.93,2.94,27630,0
20120202,3.25,3.58,3.25,3.4,2760,0
20120203,3.68,4,3.63,3.9,9542,0
20120206,3.9,3.9,3.71,3.77,2974,0
20120207,3.66,3.94,3.66,3.88,2035,0
20120208,3.95,3.95,3.88,3.95,610,0
20120209,3.95,4,3.88,4,5060,0
20120210,3.85,3.96,3.71,3.71,3071,0
20120213,3.98,4.05,3.84,4.05,12834,0
20120214,4.15,4.3,4.1,4.18,8325,0
20120216,4.12,4.12,4.06,4.1,1550,0
20120217,4.06,4.4,4.05,4.4,4093,0
20120221,4.2,4.39,4.18,4.18,1006,0
20120222,4.34,4.35,4.01,4.34,2000,0
20120223,4.35,4.35,4.25,4.26,3690,0
20120224,4.2,4.2,4.2,4.2,500,0
20120227,4.01,4.07,4.01,4.02,4428,0
20120228,4.01,4.01,4.01,4.01,800,0
20120229,4.05,4.12,4.05,4.12,1200,0
20120301,4.1,4.13,4.1,4.1,500,0
20120302,4.18,4.18,4.18,4.18,100,0
20120305,4.01,4.01,4.01,4.01,400,0
20120306,4.01,4.05,4.01,4.05,2700,0
20120307,4.02,4.05,4.01,4.04,2209,0
20120308,4.12,4.2,4.1,4.2,8198,0
20120312,4.12,4.2,4.11,4.2,9100,0
20120313,4.11,4.18,4,4.18,7440,0
20120315,4.1,4.1,4.1,4.1,2297,0
20120316,4.1,4.19,4.1,4.19,1200,0
20120319,4.12,4.2,4.12,4.2,2222,0
20120320,4.12,4.12,4.12,4.12,400,0
20120321,4.2,4.2,4.2,4.2,7700,0
20120322,4.15,4.2,4.1,4.1,641,0
20120323,4.1,4.2,4.1,4.2,2300,0
20120326,4.11,4.2,4.11,4.2,694,0
20120327,4.18,4.2,4.18,4.2,1200,0
20120328,4.1,4.11,4.1,4.11,555,0
20120329,4.11,4.2,4.11,4.2,2700,0
20120330,4.1,4.11,4.1,4.1,6494,0
20120402,4.11,4.11,4.11,4.11,100,0
20120403,4.13,4.13,4.13,4.13,300,0
20120404,4.11,4.11,4.11,4.11,1977,0
20120405,4.1,4.17,4.1,4.12,2892,0
20120409,4.1,4.14,4.1,4.1,700,0
20120410,4.1,4.11,4.1,4.1,5208,0
20120416,4.1,4.1,4.1,4.1,252,0
20120417,4.1,4.19,4.1,4.15,339,0
20120418,4.19,4.2,4.1,4.17,4075,0
20120419,4.18,4.2,4.12,4.2,2726,0
20120420,4.2,4.25,4.2,4.25,7157,0
20120423,4.25,4.49,4.25,4.49,4225,0
20120424,4.49,4.5,4.49,4.5,5700,0
20120425,4.5,4.5,4.5,4.5,374,0
20120427,4.49,4.61,4.49,4.61,1217,0
20120501,4.74,6.25,4.74,5.25,52646,0
20120502,5.28,5.75,5.25,5.6,7188,0
20120503,5.7,6,5.7,5.95,14563,0
20120504,5.99,6.09,5.72,6.09,17606,0
20120507,6.08,6.41,5.72,6.04,10198,0
20120508,6.17,6.17,6.05,6.13,4095,0
20120509,6.24,6.24,6,6.01,6474,0
20120510,6.17,6.17,6,6.15,3012,0
20120511,6.05,6.15,5.99,6,4828,0
20120514,6,6.02,6,6,3921,0
20120516,6.15,6.16,5.76,5.9,18057,0
20120517,5.95,5.95,5.8,5.8,1850,0
20120518,5.74,5.74,5.3,5.62,5680,0
20120521,5.42,5.59,5.4,5.59,15067,0
20120522,5.6,5.79,5.55,5.55,2500,0
20120523,5.55,5.55,5.5,5.5,3100,0
20120524,5.71,5.73,5.3,5.3,1378,0
20120525,5.34,5.88,5.34,5.52,3133,0
20120529,5.35,5.35,5.35,5.35,165,0
20120530,5.42,5.9,5.42,5.47,5255,0
20120601,5.47,5.47,5.1,5.1,6313,0
20120604,5.04,5.4,5,5.4,1637,0
20120605,5.4,5.81,5.4,5.6,1912,0
20120606,5.74,5.78,5.74,5.78,400,0
20120608,5.76,5.76,5.4,5.62,700,0
20120611,5.53,5.79,5.4,5.48,5170,0
20120612,5.62,5.79,5.41,5.58,4460,0
20120613,5.75,5.8,5.54,5.54,1268,0
20120614,5.75,5.75,5.45,5.51,5034,0
20120615,5.48,5.5,5.48,5.5,21321,0
20120618,5.5,5.5,5.5,5.5,100,0
20120619,5.55,5.55,5.55,5.55,100,0
20120621,5.5,5.5,5.45,5.45,5200,0
20120622,5.49,5.49,5.49,5.49,300,0
20120625,5.5,5.52,5.5,5.5,5100,0
20120629,5.54,5.85,5.54,5.82,3855,0
20120703,5.8,5.8,5.8,5.8,2000,0
20120705,5.66,5.66,5.5,5.63,1985,0
20120706,5.65,5.85,5.52,5.85,1645,0
20120710,5.46,5.48,5.45,5.45,484,0
20120711,5.85,5.85,5.52,5.52,1157,0
20120712,5.5,5.55,5.5,5.55,5200,0
20120713,5.6,5.6201,5.55,5.6,5900,0
20120717,5.51,5.6,5.5,5.6,4500,0
20120718,5.6,5.6,5.5,5.6,7337,0
20120719,5.4,5.6,5.12,5.21,6806,0
20120723,5.3,5.3,5.28,5.29,860,0
20120724,5.23,5.37,5.13,5.1499,5001,0
20120725,5.15,5.24,4.6,5.24,2785,0
20120726,5.23,5.48,5.2,5.2,4550,0
20120727,5.26,5.32,5.2,5.26,1159,0
20120730,5.35,5.59,5.26,5.59,5537,0
20120731,5.51,5.9,5.26,5.88,42569,0
20120801,5.53,6,5.32,5.81,19547,0
20120802,6.05,6.07,5.755,5.88,19879,0
20120803,5.91,6.05,5.7999,6.05,18344,0
20120806,6.05,6.05,5.76,6.04,9389,0
20120807,6,6.03,5.97,6,1100,0
20120808,5.91,6,5.91,6,1100,0
20120809,5.85,6.03,5.85,6,12379,0
20120810,5.79,6.03,5.76,6.01,3300,0
20120813,6.01,6.03,6.01,6.03,3000,0
20120814,5.91,6.03,5.76,5.81,5428,0
20120815,5.99,5.99,5.75,5.96,2300,0
20120817,5.97,6.03,5.97,6.03,3939,0
20120820,5.9999,6,5.9999,6,2000,0
20120821,6,6.4,6,6.3,29082,0
20120822,6.3,6.46,6.3,6.46,5300,0
20120823,6.36,6.36,6.1,6.25,6924,0
20120824,6.23,6.5,6.23,6.5,4400,0
20120827,6.5,7.7862,6.3,7.5,33738,0
20120828,7.5,7.94,7.17,7.47,8036,0
20120829,7.48,7.48,7.27,7.4,4119,0
20120830,7.4,7.5,7.4,7.476,9426,0
20120831,7.5,7.74,7.45,7.7,8475,0
20120904,7.74,7.75,7.09,7.36,11086,0
20120905,7.57,7.67,7.5,7.5,3800,0
20120906,7.65,7.74,7.5,7.5,3190,0
20120907,7.52,7.66,7.1001,7.1201,16190,0
20120910,7.13,7.13,6.7299,6.89,9572,0
20120911,6.92,7.245,6.92,7.052,4027,0
20120913,6.91,7.19,6.91,7.06,1400,0
20120914,6.99,7,6.52,6.58,12145,0
20120917,6.54,6.56,6.54,6.56,1200,0
20120918,6.61,6.661,6.52,6.52,3230,0
20120919,6.65,6.8,6.65,6.7,1967,0
20120920,6.63,6.67,6.6001,6.67,1043,0
20120921,6.75,6.8,6.73,6.74,1099,0
20120924,6.6001,6.61,6.425,6.55,7332,0
20120925,6.62,6.62,6.588,6.588,3216,0
20120926,6.42,6.46,6.4,6.46,755,0
20120928,6.5,6.62,6.5,6.62,6800,0
20121001,6.51,7.05,6.51,7.05,6167,0
20121002,6.92,6.93,6.71,6.9,2800,0
20121003,6.92,7.05,6.84,6.84,2124,0
20121004,7,7,7,7,831,0
20121005,6.99,6.99,6.99,6.99,100,0
20121008,7,7,7,7,1555,0
20121009,6.96,6.96,6.88,6.88,3700,0
20121011,6.78,6.81,6.77,6.81,685,0
20121012,6.78,6.84,6.75,6.84,3736,0
20121015,7,7,6.88,6.95,3600,0
20121016,6.9737,6.9737,6.9737,6.9737,101,0
20121017,6.95,7.05,6.95,7.05,5187,0
20121018,7.18,7.4,7.1,7.1,1200,0
20121019,7.4399,7.44,7.4399,7.44,1075,0
20121022,7.01,7.25,7.01,7.25,1120,0
20121023,7.12,7.15,7.12,7.15,300,0
20121024,7.15,7.24,7.15,7.24,1600,0
20121025,7.15,7.44,7.15,7.15,5400,0
20121026,7.3,7.3,7.12,7.12,400,0
20121031,7.15,8.24,7.15,7.9,21873,0
20121101,8.25,8.49,8,8.1001,24396,0
20121102,8.21,8.22,8,8,2967,0
20121105,8.01,8.15,7.92,7.93,4978,0
20121107,7.92,8.0001,7.85,7.85,17089,0
20121108,7.82,7.82,7.81,7.81,608,0
20121109,7.76,7.76,7.12,7.55,4039,0
20121112,7.45,7.5,7.3,7.5,790,0
20121114,7.45,7.89,7.34,7.8,11547,0
20121115,7.79,7.85,7.78,7.85,1746,0
20121116,7.84,7.84,7.84,7.84,200,0
20121119,7.2605,7.75,7.2605,7.75,363,0
20121121,7.65,7.65,7.24,7.65,1870,0
20121123,7.65,7.65,7.65,7.65,1000,0
20121126,7.62,7.62,7.25,7.2501,2007,0
20121127,7.55,7.62,7.34,7.39,5152,0
20121128,7.58,7.62,7.25,7.6,1890,0
20121129,7.59,7.6,7.5,7.5,1400,0
20121130,7.27,7.5,7.27,7.4,4577,0
20121203,7.5,7.5,7.4,7.4101,4862,0
20121204,7.4,7.4,7.25,7.25,500,0
20121205,7.25,7.52,7.25,7.52,6600,0
20121206,7.255,7.52,7.255,7.52,1861,0
20121207,7.51,7.51,7.5,7.5,1206,0
20121210,7.54,7.704,7.5,7.65,4182,0
20121211,7.68,7.98,7.59,7.63,2551,0
20121212,7.65,7.65,7.53,7.53,2011,0
20121213,7.41,7.41,7.4054,7.4054,425,0
20121214,7.41,7.6485,7.41,7.6485,304,0
20121217,7.55,7.64,7.5201,7.53,3000,0
20121218,7.45,7.5,7.45,7.5,4551,0
20121220,7.45,7.4675,7.35,7.35,4955,0
20121224,7.26,7.31,7.26,7.27,3121,0
20121226,7.31,7.32,7.31,7.32,1200,0
20121227,7.33,7.33,7.32,7.32,1200,0
20121228,7.3201,7.3201,7.32,7.32,900,0
20121231,7.32,7.4,7.3,7.35,5533,0
20130102,7.4,7.53,7.35,7.53,7327,0
20130103,7.44,7.44,7.44,7.44,426,0
20130104,7.45,7.65,7.45,7.6499,5504,0
20130107,7.65,7.65,7.65,7.65,7805,0
20130109,7.85,8,7.85,8,200,0
20130110,8.25,8.25,7.76,7.95,7279,0
20130111,7.97,7.97,7.95,7.95,1800,0
20130114,7.99,8,7.97,8,3897,0
20130115,8,8.25,8,8.22,2321,0
20130116,8.25,8.5,8.1901,8.27,1926,0
20130118,8.4999,8.4999,8.37,8.495,2500,0
20130122,8.47,8.76,8.47,8.61,16633,0
20130123,8.53,9,8.53,8.95,19930,0
20130124,9,9,8.86,9,9040,0
20130125,9.1499,9.3,9.0398,9.3,17300,0
20130128,9.35,9.4,9.105,9.105,19947,0
20130129,9.13,9.2,9.05,9.15,10372,0
20130130,9.164,9.215,9.14,9.15,7282,0
20130131,9.15,9.2,9.02,9.18,8720,0
20130201,9.4,10.11,9.4,9.5,68387,0
20130204,9.51,9.6,9.28,9.38,16768,0
20130205,9.38,9.4,9,9.4,5983,0
20130206,9.45,9.45,9,9.37,1762,0
20130207,9.28,9.2999,9.002,9.2284,1600,0
20130208,9.21,9.99,9.18,9.85,10534,0
20130211,10.018,10.018,9.61,9.84,14514,0
20130212,9.92,9.94,9.85,9.85,3340,0
20130213,9.94,10.08,9.936,9.95,17680,0
20130214,10.03,10.03,9.722,9.722,4828,0
20130215,9.8,9.81,9.7,9.8,5900,0
20130219,9.76,10.05,9.7,9.87,16492,0
20130220,9.94,10.03,9.7,9.95,11499,0
20130221,9.91,9.994,9.85,9.85,18217,0
20130222,10.04,10.23,10,10.02,4500,0
20130225,10.01,10.2,9.85,9.914,8254,0
20130226,9.85,9.86,9.7,9.7,21938,0
20130227,9.75,9.9,9.7,9.7,3550,0
20130228,9.94,10.13,9.8,9.8,3500,0
20130301,9.81,10.05,9.81,10.01,1220,0
20130304,10.17,10.24,10.02,10.23,10252,0
20130305,10.24,10.73,10.23,10.67,22301,0
20130306,10.99,10.99,10.8,10.98,9260,0
20130307,10.95,10.95,10.85,10.95,1597,0
20130308,10.99,10.99,10.8,10.8,3392,0
20130311,10.98,10.99,10.75,10.99,3494,0
20130312,10.99,11.012,10.777,10.91,27123,0
20130313,10.9,11.15,10.9,11,29000,0
20130314,10.86,11.1,10.86,11.1,10154,0
20130315,11.11,11.11,10.5,10.8,11741,0
20130318,10.81,11.1,10.8,10.8,5505,0
20130319,10.76,10.76,10.5,10.57,5974,0
20130320,10.57,10.57,10.33,10.49,8838,0
20130321,10.45,10.73,10.45,10.72,2698,0
20130322,10.93,11.1,10.93,11.05,9970,0
20130325,11.15,11.68,11.15,11.51,7812,0
20130326,11.56,11.59,11.091,11.59,8098,0
20130327,11.69,11.69,11.591,11.608,5150,0
20130328,11.61,11.61,11.422,11.58,4457,0
20130401,11.67,11.68,11.5,11.67,6290,0
20130402,11.69,11.69,10.82,11.24,14270,0
20130403,11.25,11.6,10.86,11.26,18008,0
20130404,11.12,11.4,11.05,11.4,5275,0
20130405,11.22,11.35,11.07,11.16,11863,0
20130408,11.05,11.14,10.9,10.9,9185,0
20130409,11.3,11.3,10.82,11.05,8729,0
20130410,11.29,11.48,11.1,11.29,14101,0
20130411,11.29,11.29,11.04,11.28,5500,0
20130412,11.28,11.47,11.23,11.41,9371,0
20130415,11.47,11.47,11,11.2,3800,0
20130416,11.19,11.2,11,11,4017,0
20130417,11.01,11.104,10.945,10.95,11849,0
20130418,10.75,11,10.75,10.93,4538,0
20130419,11,11,10.4,10.71,15480,0
20130422,10.69,10.75,10.65,10.69,5705,0
20130423,10.631,10.8,10.631,10.78,6777,0
20130424,10.81,10.88,10.512,10.512,7370,0
20130425,10.45,10.7,10.41,10.69,7881,0
20130426,10.7,10.89,10.7,10.89,2725,0
20130429,10.87,11.38,10.87,11.25,36000,0
20130430,11.24,11.47,11.21,11.47,5137,0
20130501,11.36,11.74,11.36,11.4,36477,0
20130502,11.52,11.75,11.49,11.74,13453,0
20130503,11.74,11.88,11.46,11.88,15675,0
20130506,11.88,12,11.55,11.88,16925,0
20130507,11.84,11.93,11.6,11.76,14030,0
20130508,11.75,11.98,11.33,11.84,13914,0
20130509,11.82,11.93,11.82,11.93,1361,0
20130510,11.91,11.99,11.91,11.99,6028,0
20130513,12,14.26,11.95,14.05,34102,0
20130514,13.93,13.93,13.26,13.36,17754,0
20130515,13.32,13.71,13.32,13.6,3036,0
20130516,13.49,13.55,13.445,13.5,2801,0
20130517,13.35,13.54,13.35,13.38,4450,0
20130520,13.55,13.6,13.45,13.58,5451,0
20130521,13.6,13.6,13.32,13.32,19919,0
20130522,13.445,13.445,13.05,13.23,7460,0
20130523,13.14,13.14,12.78,12.99,9900,0
20130524,13,13.14,13,13.14,6063,0
20130528,13.25,13.25,13.014,13.05,4846,0
20130529,13.03,13.16,12.59,12.92,6446,0
20130530,12.885,12.885,12.2,12.52,2334,0
20130531,12.4,12.58,12.1,12.5,9149,0
20130603,12.47,12.64,12.46,12.59,3941,0
20130604,12.65,12.838,12.475,12.7,5810,0
20130605,12.7,12.7,12.6,12.6,2434,0
20130606,12.65,12.94,12.6,12.94,1425,0
20130607,12.91,12.91,12.7,12.79,5267,0
20130610,12.7,12.8,12.6,12.6,9057,0
20130611,12.51,12.51,12.05,12.49,6489,0
20130612,12.39,12.43,12.16,12.17,52785,0
20130613,12.27,12.32,12.12,12.32,2840,0
20130614,12.1,12.12,12.1,12.12,2650,0
20130617,12.15,12.25,12.09,12.09,4243,0
20130618,12.1,12.5,12.1,12.26,6294,0
20130619,12,12.1,11.69,12,9533,0
20130620,12,12,11.55,11.63,4442,0
20130621,11.84,12.249,11.55,11.9,14699,0
20130624,11.85,12,11.54,11.7,13770,0
20130625,11.7,12.25,11.7,12.2,10859,0
20130626,11.96,12.27,11.96,12.1,10600,0
20130627,12.1,12.26,12.034,12.15,15060,0
20130628,12.16,12.24,12.15,12.24,11818,0
20130701,12.5,13.09,12.28,12.875,25198,0
20130702,12.78,12.912,12.176,12.28,11649,0
20130703,12.2,12.626,12.2,12.626,780,0
20130705,12.65,13.249,12.65,13.01,2945,0
20130708,13.12,13.25,12.26,12.4,27094,0
20130709,12.59,12.709,12.4,12.41,8465,0
20130710,12.419,12.525,12.17,12.5,36800,0
20130711,12.7,12.75,12.56,12.73,46582,0
20130712,12.75,12.75,12.16,12.68,7981,0
20130715,12.65,12.68,12.53,12.53,1108,0
20130716,12.47,12.68,12.47,12.65,2995,0
20130717,12.47,12.47,12.21,12.37,4402,0
20130718,12.5,12.54,12.2,12.48,10824,0
20130719,12.36,12.69,12.15,12.69,20723,0
20130722,12.69,13.5,12.4,12.96,14112,0
20130723,13.08,13.47,12.26,12.26,8229,0
20130724,12.59,12.9,12.17,12.39,17754,0
20130725,12.51,12.92,12.27,12.39,9605,0
20130726,12.34,12.65,12.34,12.51,2646,0
20130729,12.55,12.78,12.52,12.68,2542,0
20130730,12.76,12.82,11.16,11.4,34511,0
20130731,11.32,11.38,10.46,10.84,18068,0
20130801,10.85,11.3,10.36,10.89,14399,0
20130802,11.03,11.175,10.64,11.1,3937,0
20130805,11.1,11.59,10.91,11.28,6628,0
20130806,11.4,11.58,10.817,10.9,10050,0
20130807,11.03,11.1,10.81,11.1,23714,0
20130808,10.99,11.09,10.8,11,2500,0
20130809,11.01,11.1,10.8,10.92,5805,0
20130812,11.032,11.032,10.65,10.65,34037,0
20130813,10.71,10.99,10.71,10.86,27986,0
20130814,10.92,10.946,10.8,10.8,17362,0
20130815,10.88,11,10.65,10.77,23491,0
20130816,10.79,10.88,10.7,10.76,29334,0
20130819,10.61,10.76,10.52,10.52,24348,0
20130820,10.52,10.74,10.32,10.74,17035,0
20130821,10.63,10.94,10.6,10.79,13494,0
20130822,10.77,10.89,10.77,10.82,14975,0
20130823,10.81,10.986,10.81,10.85,13492,0
20130826,10.85,10.87,10.79,10.8,1986,0
20130827,10.79,10.9,10.09,10.27,17300,0
20130828,10.18,10.55,10.18,10.3,21433,0
20130829,10.23,10.487,10.16,10.31,7499,0
20130830,10.26,10.696,10.2,10.41,2705,0
20130903,10.66,10.85,10.25,10.477,13194,0
20130904,10.44,10.5,10.15,10.33,12521,0
20130905,10.3,10.35,10.2,10.26,3707,0
20130906,10.14,10.26,10.092,10.17,11288,0
20130909,10.11,10.31,10.05,10.25,10931,0
20130910,10.3,10.3,10.07,10.2,3829,0
20130911,10.18,10.7,10.18,10.65,23067,0
20130912,10.55,11,10.55,10.82,15815,0
20130913,10.84,10.95,10.6,10.88,17445,0
20130916,10.94,11,10.69,10.84,8887,0
20130917,10.84,11,10.71,10.77,22441,0
20130918,10.87,10.91,10.72,10.72,6268,0
20130919,10.7,10.85,10.5,10.84,9212,0
20130920,10.66,10.83,10.55,10.83,4648,0
20130923,10.7,10.85,10.54,10.71,16631,0
20130924,10.8,10.82,10.61,10.8,600,0
20130925,10.55,10.76,10.53,10.695,7802,0
20130926,10.61,10.7,10.56,10.56,6900,0
20130927,10.57,10.78,10.56,10.78,1481,0
20130930,10.56,10.829,10.56,10.62,6006,0
20131001,10.62,10.8,10.6,10.75,17474,0
20131002,10.71,10.73,10.59,10.65,11500,0
20131003,10.71,10.78,10.3,10.78,10900,0
20131004,10.33,10.84,10.33,10.79,8200,0
20131007,10.75,10.75,10.57,10.64,5100,0
20131008,10.71,10.71,10.53,10.55,4100,0
20131009,10.56,10.69,10.5,10.65,4800,0
20131010,10.71,10.71,9.76,9.95,26544,0
20131011,9.95,10.18,9.95,10.06,3170,0
20131014,10.09,10.21,10.08,10.13,2175,0
20131015,10.14,10.78,10.14,10.16,4351,0
20131016,10,10.26,10,10.26,3600,0
20131017,10.2,10.75,10,10.04,12700,0
20131018,10.11,10.6,10.11,10.39,1500,0
20131021,10.27,10.39,10.12,10.13,5200,0
20131022,10.39,10.39,10.11,10.11,500,0
20131023,10.11,10.34,9.92,10.19,7000,0
20131024,10.1,10.54,9.85,9.85,4200,0
20131025,10,10,9.9,9.92,3600,0
20131028,10,10.08,10,10.07,3300,0
20131029,9.97,10.2,9.75,10.11,20100,0
20131030,10.04,10.15,10,10.11,4500,0
20131031,10.05,10.25,9.92,10.06,4300,0
20131101,10.07,10.15,9.8,10.15,5200,0
20131104,10,10.59,9.84,9.95,17861,0
20131105,9.85,10.03,9.85,10.01,7000,0
20131106,10.14,10.14,9.8,10.11,800,0
20131107,10.29,10.51,10.1,10.1,11800,0
20131108,10.27,10.35,10,10.1,4600,0
20131111,10.21,10.3,10.16,10.3,1978,0
20131112,10.3,10.31,10.24,10.3,2900,0
20131113,10.06,10.3,10.06,10.3,1000,0
20131114,10.3,10.4,10.3,10.33,2700,0
20131115,10.06,10.2,10.06,10.16,12300,0
20131118,10.1,10.11,10.06,10.06,6700,0
20131119,10.1,10.21,10.1,10.16,1798,0
20131120,10.08,10.12,9.98,10.12,9200,0
20131121,10.1,10.1,10,10.1,7500,0
20131122,10,10.05,10,10.01,2200,0
20131126,10.03,10.28,10.03,10.22,12000,0
20131127,10.35,10.36,10.15,10.2,4700,0
20131129,10.09,10.25,10.045,10.15,3765,0
20131202,10.22,10.22,10.2,10.22,2800,0
20131203,10.17,10.25,10.07,10.07,3400,0
20131204,10.06,10.06,10.05,10.05,800,0
20131205,10.07,10.14,10.04,10.04,5800,0
20131206,10.05,10.2,9.88,10.18,16200,0
20131209,10.11,10.23,9.95,10.23,3500,0
20131210,10.25,10.37,10.25,10.37,9100,0
20131211,10.32,10.35,10.32,10.35,4000,0
20131212,10.35,10.35,10.02,10.35,2230,0
20131213,10.26,10.35,10.15,10.15,3200,0
20131216,10.35,10.35,10.04,10.1,600,0
20131217,10.1,10.11,10.05,10.05,3500,0
20131218,10.04,10.05,9.32,10.05,5000,0
20131219,9.96,10.19,9.96,10.1,3300,0
20131220,10.16,10.35,10.15,10.15,10100,0
20131223,10.18,10.2,10.08,10.2,3900,0
20131224,10.319,10.319,10.258,10.258,799,0
20131226,10.02,10.25,10.02,10.11,1400,0
20131227,10.25,10.25,10.25,10.25,7100,0
20131230,10.1,10.1,10.1,10.1,200,0
20131231,10.08,10.14,10.08,10.12,7300,0
20140102,10.17,10.258,10,10.25,15800,0
20140103,10.2,10.262,10.06,10.262,1714,0
20140106,10.26,10.26,10.2,10.2,6200,0
20140107,10.28,10.28,10.26,10.27,2500,0
20140108,10.28,10.32,10.02,10.09,3900,0
20140109,10.01,10.4,10,10.3,13500,0
20140110,10.39,10.39,9.7,9.97,38200,0
20140114,10.24,10.24,10,10.13,1700,0
20140115,10.25,10.46,10.24,10.37,12500,0
20140116,10.41,10.42,10.41,10.42,200,0
20140117,10.35,10.39,10.35,10.38,1800,0
20140121,10.11,10.38,10.1,10.21,9400,0
20140122,10.14,10.36,10.11,10.22,3100,0
20140123,10.22,10.38,10.15,10.34,5300,0
20140124,10.18,10.3,10.18,10.3,428,0
20140127,10.2,10.2,10.11,10.11,1500,0
20140128,10.15,10.3,10.15,10.24,2090,0
20140129,10.13,10.39,10.1,10.39,3700,0
20140130,10.25,10.25,10.25,10.25,800,0
20140131,10.1,10.135,9.95,10.135,4298,0
20140203,9.71,9.99,9.71,9.81,8348,0
20140204,9.9,10.01,9.56,9.76,9977,0
20140205,9.99,10,9.89,9.9,6066,0
20140206,10.1,10.39,10,10.39,51551,0
20140207,10.4,10.4,10.04,10.134,2500,0
20140210,10.3,10.3,9.95,10.2,3991,0
20140211,10.18,10.2,10.06,10.2,1905,0
20140212,10.3,10.3,10.3,10.3,357,0
20140213,10.3,10.652,10.3,10.652,6716,0
20140214,10.64,10.69,10.48,10.69,3688,0
20140218,10,10.73,10,10.6,5081,0
20140219,10.64,10.64,10.051,10.5,1774,0
20140220,10.62,10.62,10.62,10.62,300,0
20140221,10.53,10.54,10.53,10.54,1350,0
20140224,10.13,10.4,9.91,10.1,10788,0
20140225,9.96,9.96,9.96,9.96,207,0
20140226,9.999,9.999,9.9,9.986,4150,0
20140227,9.99,10,9.99,10,3950,0
20140228,9.91,10.09,9.903,10.09,8600,0
20140303,10.05,10.09,9.965,9.965,938,0
20140304,10.14,10.4,10.078,10.25,7937,0
20140305,10.28,10.28,10.28,10.28,665,0
20140306,10.3,10.35,10.25,10.35,6685,0
20140307,10.36,10.36,10,10.36,7607,0
20140310,10.32,10.32,10.26,10.26,205,0
20140311,10.38,10.38,10.2,10.2,605,0
20140313,10.27,10.27,10.27,10.27,103,0
20140314,10.28,10.32,10.13,10.25,3037,0
20140317,10.27,10.27,10.11,10.27,1325,0
20140318,10.3,10.35,10.3,10.35,1383,0
20140319,10.35,10.43,10.26,10.3,6045,0
20140320,10.35,10.45,10.34,10.45,3106,0
20140321,10.25,10.25,10.25,10.25,418,0
20140324,10.3,10.3,10.061,10.061,1606,0
20140325,10.2,10.25,10.2,10.25,1127,0
20140327,10.25,10.44,10.131,10.131,9705,0
20140328,10.25,10.25,10.169,10.169,707,0
20140331,10.344,10.344,10.19,10.25,3749,0
20140401,10.25,10.45,10.18,10.45,6195,0
20140402,10.185,10.4,10.185,10.39,1469,0
20140403,10.45,10.45,10.43,10.43,1286,0
20140404,10.34,10.34,10.15,10.34,2114,0
20140407,10.1,10.3,10.05,10.3,8179,0
20140408,10.09,10.09,10.09,10.09,587,0
20140409,10.4,10.4,10.38,10.4,1899,0
20140411,10.41,10.64,10.4,10.47,2064,0
20140414,10.182,10.82,10.182,10.82,2525,0
20140415,10.8,10.97,10.4,10.6,10735,0
20140416,10.64,10.7,10.41,10.41,2125,0
20140417,10.5,10.8,10.5,10.7,2043,0
20140421,10.7,10.78,10.65,10.77,5266,0
20140422,10.78,10.78,10.77,10.77,1026,0
20140423,10.74,10.75,10.23,10.34,2124,0
20140424,10.57,10.85,10.57,10.57,1846,0
20140425,10.57,10.6,10.57,10.58,1700,0
20140429,10.5,10.503,9.9,10.08,26672,0
20140430,10.01,10.15,9,9.59,19138,0
20140501,9.58,10.1,9.58,9.77,5393,0
20140505,9.7,9.8,9.7,9.8,548,0
20140506,9.9,9.9,9.9,9.9,1318,0
20140507,9.99,10,9.5,9.5,23566,0
20140509,9.55,9.8,9.55,9.618,1293,0
20140512,9.6,9.82,9.52,9.52,1661,0
20140513,9.6,9.81,9.6,9.79,2810,0
20140514,9.873,9.873,9.655,9.728,1851,0
20140515,9.79,9.79,9.79,9.79,450,0
20140516,9.99,9.99,9.99,9.99,214,0
20140520,9.89,9.89,9.72,9.83,2839,0
20140522,9.85,9.85,9.85,9.85,108,0
20140523,9.93,9.93,9.93,9.93,635,0
20140527,9.98,9.98,9.67,9.7,2633,0
20140528,9.9,10.03,9.891,10.03,2203,0
20140529,9.97,9.97,9.89,9.97,3433,0
20140530,9.95,10.27,9.9,10.27,6788,0
20140602,10.25,10.25,9.9,9.94,6661,0
20140603,10.14,10.25,9.9,10.03,16981,0
20140604,10.14,10.21,10.04,10.21,2981,0
20140605,10.16,10.25,10.02,10.25,3670,0
20140606,10.02,10.21,10.02,10.21,1400,0
20140609,10.03,10.24,10.02,10.08,6834,0
20140610,9.94,10.11,9.94,10.1,2100,0
20140611,10.11,10.11,9.96,9.96,332,0
20140612,10.008,10.21,10.008,10.21,498,0
20140613,10.02,10.239,10.02,10.239,380,0
20140616,10.22,10.24,10.02,10.24,4263,0
20140617,10.012,10.3,10.012,10.24,9009,0
20140618,10.04,10.25,10.04,10.25,1716,0
20140619,10.25,10.25,10.25,10.25,471,0
20140620,10.26,10.3,10.15,10.3,2153,0
20140623,10.28,10.29,10.14,10.14,1441,0
20140624,10.14,10.245,10.14,10.245,1337,0
20140625,10.15,10.35,10.15,10.15,6327,0
20140626,10.15,10.25,10.15,10.15,649,0
20140627,10.15,10.25,9.99,10.2,2968,0
20140630,10.04,10.04,9.77,9.77,266,0
20140701,9.7,10.25,9.68,9.86,4356,0
20140702,10.25,10.25,10,10,1400,0
20140703,9.9,9.9,9.9,9.9,125,0
20140708,9.92,10.25,9.92,10.1,2218,0
20140709,9.95,10.25,9.95,10.02,9926,0
20140710,10.15,10.24,10.02,10.02,7353,0
20140711,9.96,10.25,9.96,10.13,3699,0
20140714,9.98,10.1,9.98,9.99,700,0
20140715,10.11,10.11,9.99,10.1,624,0
20140716,9.9,10.24,9.6,9.95,13557,0
20140717,9.91,10.25,9.91,9.98,25087,0
20140718,9.77,10.22,9.77,10.198,19691,0
20140721,10.11,10.2,9.95,10,3424,0
20140722,9.86,10.49,9.86,10.49,8042,0
20140723,10.48,10.88,10.08,10.51,20661,0
20140724,10.42,10.83,10.34,10.35,20231,0
20140725,10.4,10.6,10.33,10.6,8400,0
20140728,10.68,10.7,10.311,10.48,14279,0
20140729,10.5,10.65,9.99,10.15,22274,0
20140730,10,10.3,10,10.12,8589,0
20140731,10,10.04,9.66,10,5954,0
20140801,9.96,10.02,9.92,9.92,14143,0
20140804,9.9,10.2,9.9,10.07,8290,0
20140805,10.35,10.35,9.97,10.12,6809,0
20140806,10.18,10.44,10.11,10.13,6850,0
20140807,10.01,10.2,10,10.16,9907,0
20140808,10.46,10.7,10.16,10.16,13684,0
20140811,10.12,10.21,10.01,10.14,13293,0
20140812,10.18,10.75,10.02,10.05,24378,0
20140813,10.05,10.3,9.97,9.97,8534,0
20140814,9.97,10.15,9.97,10.15,1124,0
20140815,10.06,10.09,10.06,10.09,878,0
20140819,10.05,10.18,9.75,9.98,22005,0
20140820,9.85,10,9.85,9.98,2335,0
20140821,9.98,10,9.9,9.9,3213,0
20140822,10.09,10.09,9.915,9.915,400,0
20140825,9.85,10.09,9.75,9.86,3922,0
20140826,9.98,10,9.98,10,9380,0
20140829,9.95,10,9.9,10,2496,0
20140902,9.98,9.98,9.98,9.98,2805,0
20140903,10,10,9.851,9.851,818,0
20140904,9.86,9.9,9.851,9.9,600,0
20140905,9.85,9.85,9.85,9.85,361,0
20140909,9.86,9.9,9.77,9.77,7418,0
20140910,9.78,9.78,9.78,9.78,144,0
20140911,9.81,9.81,9.71,9.78,4014,0
20140915,9.785,9.785,9.74,9.785,260,0
20140916,9.774,9.89,9.731,9.89,2616,0
20140917,9.751,9.788,9.751,9.788,656,0
20140918,9.78,9.78,9.75,9.75,546,0
20140919,9.87,9.99,9.85,9.99,2602,0
20140922,9.75,9.761,9.75,9.761,317,0
20140923,9.98,10.04,9.98,10.04,1477,0
20140924,9.82,9.9,9.82,9.9,1666,0
20140925,9.92,10.1,9.91,9.91,5511,0
20140926,9.9,9.9,9.9,9.9,100,0
20140929,9.98,9.98,9.93,9.93,275,0
20140930,10.1,10.1,9.9,9.9,2653,0
20141002,9.73,9.763,9.73,9.73,2230,0
20141003,9.7,10,9.6,9.79,22408,0
20141006,9.75,9.81,9.61,9.61,6095,0
20141007,9.7,9.75,9.65,9.7,2263,0
20141008,9.7,9.75,9.7,9.75,1620,0
20141014,9.85,9.85,9.7,9.7,5760,0
20141015,9.7,9.7,9.65,9.69,3491,0
20141016,9.7,9.8,9.7,9.8,899,0
20141017,9.83,9.84,9.83,9.84,340,0
20141028,9.84,9.84,9.84,9.84,680,0
20141031,9.63,9.63,9.25,9.5,7200,0
20141103,9.46,9.55,9.4,9.44,3079,0
20141104,9.5,9.5,9.5,9.5,342,0
20141105,9.61,9.98,9.61,9.98,4748,0
20141106,9.85,9.85,9.84,9.85,8817,0
20141107,9.84,9.84,9.34,9.63,7128,0
20141110,9.87,9.915,9.45,9.915,477,0
20141111,9.48,9.695,9.48,9.695,368,0
20141112,9.51,9.8,9.51,9.58,6292,0
20141113,9.52,9.58,9.52,9.58,311,0
20141114,9.43,9.43,9.43,9.43,100,0
20141118,9.51,9.51,9.45,9.45,2306,0
20141119,9.524,9.74,9.524,9.62,700,0
20141120,9.51,9.75,9.51,9.749,6343,0
20141121,9.6,9.74,9.6,9.74,6123,0
20141124,9.63,9.63,9.51,9.51,209,0
20141125,9.57,9.75,9.54,9.6,5485,0
20141201,9.55,9.57,9.55,9.57,1400,0
20141202,9.6,9.6,9.6,9.6,473,0
20141203,9.7,9.7,9.52,9.53,6307,0
20141204,9.4681,9.7,9.4681,9.6,4319,0
20141205,9.7,9.7,9.5,9.5,206,0
20141208,9.5,9.509,9.5,9.5,2209,0
20141209,9.7,9.7,9.4,9.68,2126,0
20141210,9.68,9.68,9.55,9.6,9007,0
20141211,9.4,9.75,9.4,9.75,3811,0
20141212,9.75,9.75,9.74,9.74,1288,0
20141215,9.74,9.8,9.66,9.66,6989,0
20141216,9.8,9.85,9.75,9.85,3468,0
20141217,9.65,9.73,9.65,9.73,1067,0
20141218,9.8,9.8,9.68,9.74,935,0
20141219,9.66,9.8,9.65,9.74,5117,0
20141222,9.74,9.74,9.695,9.71,887,0
20141223,9.8,9.8,9.33,9.43,1473,0
20141226,9.4,9.43,9.1401,9.42,3568,0
20141229,9.43,9.75,9.4,9.43,3336,0
20141230,9.512,9.512,9.512,9.512,627,0
20141231,9.511,9.655,9.511,9.655,820,0
20150106,9.76,9.85,9.75,9.77,6011,0
20150109,9.65,9.84,9.6,9.8,14505,0
20150112,9.5,9.56,9.5,9.56,2690,0
20150113,9.45,9.8,9.3,9.45,3509,0
20150114,9.68,9.69,9.45,9.65,923,0
20150115,9.45,9.45,9.45,9.45,268,0
20150116,9.45,10.115,9.4,9.4,1426,0
20150120,9.7,9.7,9.35,9.35,1803,0
20150121,9.55,9.7,9.55,9.7,2058,0
20150122,9.5,9.74,9.5,9.74,2452,0
20150123,9.448,9.448,9.448,9.448,475,0
20150126,9.53,9.53,9.53,9.53,230,0
20150127,9.394,9.69,9.394,9.5,531,0
20150128,9.649,9.98,9.501,9.95,22052,0
20150202,9.8,9.8,9.8,9.8,500,0
20150203,9.8,9.98,9.55,9.58,2585,0
20150204,9.72,9.72,9.395,9.395,500,0
20150205,9.51,9.51,9.51,9.51,100,0
20150206,9.61,9.62,9.46,9.6,3073,0
20150209,9.5,9.62,9.38,9.601,3997,0
20150210,9.59,9.6,9.481,9.55,3550,0
20150211,9.6,9.6,9.6,9.6,234,0
20150212,9.35,9.35,9.35,9.35,191,0
20150213,9.55,9.57,9.52,9.57,7703,0
20150217,9.59,9.6,9.4,9.4,3370,0
20150218,9.32,9.6,9.32,9.6,3656,0
20150219,9.64,9.69,9.45,9.459,2669,0
20150220,9.53,9.59,9.53,9.57,2571,0
20150223,9.57,9.59,9.57,9.57,1224,0
20150227,9.47,9.47,9.47,9.47,109,0
20150302,9.47,9.6,9.47,9.6,11600,0
20150303,9.59,9.6,9.59,9.6,500,0
20150305,9.58,9.58,9.58,9.58,1200,0
20150306,9.47,9.47,9.47,9.47,500,0
20150309,9.48,9.58,9.48,9.48,800,0
20150310,9.58,9.59,9.57,9.59,1300,0
20150311,9.5,9.62,9.41,9.41,7600,0
20150312,9.42,9.61,9.33,9.43,8100,0
20150313,9.42,9.43,9.32,9.4,8200,0
20150316,9.4,9.56,9.4,9.52,5000,0
20150317,9.52,9.59,9.49,9.59,8400,0
20150318,9.53,9.53,9.53,9.53,100,0
20150319,9.5,9.6,9.49,9.6,2800,0
20150320,10.2,10.2,9.52,9.61,6300,0
20150323,9.52,9.68,9.52,9.68,3800,0
20150324,10.08,10.08,9.55,9.55,5600,0
20150325,9.64,9.65,9.38,9.63,15300,0
20150326,9.5,9.5,9.5,9.5,300,0
20150327,9.48,9.73,9.47,9.58,28700,0
20150330,9.53,9.68,9.49,9.66,17300,0
20150331,9.63,9.7,9.63,9.65,11820,0
20150401,9.65,10.15,9.65,10.05,14800,0
20150402,10.18,10.5,10.01,10.21,6400,0
20150406,10.24,10.26,10.14,10.26,2000,0
20150407,10.25,10.25,10.25,10.25,981,0
20150409,10.21,10.7,10.12,10.15,11596,0
20150413,10.15,10.15,10.15,10.15,300,0
20150414,10.49,10.5,10.23,10.5,40800,0
20150415,10.49,10.5,10.46,10.46,9260,0
20150416,10.5,10.58,10.5,10.58,2801,0
20150417,10.7,10.7,10.6,10.6,1100,0
20150420,10.7,10.7,10.41,10.45,5466,0
20150421,10.5,10.5,10.5,10.5,3301,0
20150422,10.6,10.6,10.6,10.6,832,0
20150423,10.5,10.6,10.5,10.55,2200,0
20150424,10.68,10.68,10.68,10.68,694,0
20150427,10.5,10.52,10.5,10.5,15300,0
20150428,10.5,10.65,10.5,10.63,2839,0
20150429,10.6,10.7,10.55,10.7,5200,0
20150430,10.55,11.02,10.55,11.01,23100,0
20150501,10.9,11.04,10.9,10.99,10400,0
20150504,11,11.05,10.95,11.05,32200,0
20150505,11.1,11.3,11.09,11.09,2700,0
20150506,11.07,11.07,11.07,11.07,302,0
20150507,11.06,11.3,11.05,11.2,6449,0
20150508,11.3,11.37,11.16,11.17,5500,0
20150511,11.15,11.3,11.15,11.2,4500,0
20150512,11.2,11.2,11.15,11.15,1780,0
20150513,11.15,11.31,11.15,11.3,11781,0
20150514,11.19,11.25,11.17,11.19,3500,0
20150515,11.75,11.75,11.15,11.25,4661,0
20150518,11.15,11.29,11.15,11.29,1004,0
20150519,11.31,11.31,11.31,11.31,160,0
20150521,11.2,11.43,11.2,11.43,7100,0
20150522,11.3,11.42,11.3,11.4,19100,0
20150527,11.65,11.66,11.44,11.44,600,0
20150601,11.453,11.453,11.453,11.453,210,0
20150602,11.52,11.53,11.5,11.524,2483,0
20150603,11.45,11.45,11.45,11.45,2500,0
20150604,11.45,11.45,11.45,11.45,1400,0
20150605,11.7,11.7,11.46,11.63,3400,0
20150608,11.64,11.64,11.64,11.64,1300,0
20150609,11.46,11.46,11.45,11.45,1585,0
20150610,11.45,11.618,11.45,11.539,1585,0
20150611,11.64,11.64,11.52,11.52,1156,0
20150612,11.64,11.64,11.63,11.63,800,0
20150615,11.63,11.98,11.59,11.78,5200,0
20150616,11.67,12.39,11.67,12.35,5700,0
20150617,12.25,12.35,11.88,12.29,5300,0
20150618,12.2,12.31,12.2,12.3,6800,0
20150619,12.3,12.98,12.03,12.03,19000,0
20150622,12.11,12.24,12,12.03,4200,0
20150623,12.18,12.18,11.82,11.865,4945,0
20150624,11.81,12.18,11.8,12.16,1600,0
20150625,11.8,12.17,11.8,12.17,58500,0
20150626,12.18,12.25,11.9,12.13,41200,0
20150629,12.18,12.18,12.15,12.15,1800,0
20150630,12.38,12.38,12.115,12.115,705,0
20150701,12.5,12.98,12.03,12.84,4400,0
20150702,12.7,12.8,12.24,12.24,3600,0
20150706,12.24,12.69,12.24,12.32,1000,0
20150707,12.26,12.32,12.25,12.25,3300,0
20150708,12.51,12.51,12.51,12.51,500,0
20150710,12.55,12.59,12,12.59,300,0
20150713,12.58,12.58,12.01,12.04,1500,0
20150714,12.29,12.29,12.21,12.26,869,0
20150715,12.207,12.47,12.207,12.39,1593,0
20150716,12.25,12.31,12.15,12.3,800,0
20150717,12.31,12.66,12.3,12.3,3600,0
20150721,12.69,12.78,12.39,12.39,1000,0
20150722,12.29,12.29,12.23,12.25,2000,0
20150723,12.4,12.94,12.4,12.76,2400,0
20150724,12.96,12.96,12.33,12.91,3300,0
20150727,12.75,12.75,12.21,12.75,1800,0
20150728,12.15,12.21,12.15,12.21,300,0
20150729,12.23,12.23,12.23,12.23,100,0
20150730,12.17,12.25,12.17,12.25,300,0
20150731,12.23,12.38,12.23,12.36,1000,0
20150803,12.35,13,12.35,12.82,9096,0
20150804,12.39,12.82,12.39,12.82,6900,0
20150805,12.77,12.83,12.71,12.71,1300,0
20150806,12.35,12.989,12.35,12.735,10865,0
20150807,12.94,12.94,12.8,12.8,5300,0
20150810,12.81,12.95,12.81,12.85,800,0
20150811,12.9,12.9,12.75,12.79,3310,0
20150812,12.75,12.75,12.3,12.3,900,0
20150813,12.53,12.78,12.53,12.58,2800,0
20150814,12.68,12.75,12.68,12.75,700,0
20150819,12.8,12.9,12.75,12.9,10100,0
20150820,12.81,12.81,12.75,12.75,4100,0
20150821,12.76,12.76,12.74,12.75,5000,0
20150824,12.55,12.69,12.55,12.69,1412,0
20150825,12.54,12.55,12.5,12.5,4100,0
20150826,12.5,12.55,12.5,12.55,3200,0
20150827,12.75,12.75,12.75,12.75,100,0
20150828,12.63,12.73,12.63,12.7,2000,0
20150831,12.7,12.7,12.7,12.7,500,0
20150901,12.58,12.7,12.51,12.6,3800,0
20150902,12.68,12.74,12.53,12.53,1200,0
20150903,12.82,12.82,12.5,12.73,600,0
20150904,12.5,12.93,12.5,12.93,2900,0
20150908,12.85,12.9,12.57,12.87,10300,0
20150909,12.76,13.7,12.76,13.3,24600,0
20150910,13.3,13.87,13.3,13.65,2149,0
20150911,13.82,13.82,13.2,13.8,4200,0
20150914,13.77,13.8,13.58,13.8,2200,0
20150915,13.8,13.8,13.59,13.8,2400,0
20150916,13.8,13.8,13.5,13.59,3800,0
20150917,13.68,13.8,13.11,13.22,7031,0
20150918,13.35,13.84,12.8,12.8,21500,0
20150921,13.1,13.8,13.02,13.5,6900,0
20150922,13.41,13.6,13.4,13.59,1900,0
20150923,13.58,13.58,13.06,13.52,2632,0
20150924,13.065,13.325,13.065,13.18,4648,0
20150925,13.4,13.4,13.21,13.21,1800,0
20150928,13.12,13.25,13.04,13.12,1741,0
20150929,13.24,13.24,12.9,13.23,11400,0
20150930,13.09,13.1,12.93,12.99,2900,0
20151001,12.82,13.24,12.82,13.23,10100,0
20151002,13.14,13.24,12.98,13.24,4500,0
20151005,13.24,13.64,13.24,13.64,532,0
20151006,13.64,13.75,13.64,13.73,2100,0
20151007,13.75,13.85,13.75,13.79,3694,0
20151008,13.8,16.29,13.78,16.29,4000,0
20151009,13.98,15,13.98,14.59,4100,0
20151012,14.25,14.565,14.25,14.45,1474,0
20151013,14.26,14.26,14.26,14.26,200,0
20151014,14.5,14.5,14.5,14.5,200,0
20151015,14.61,14.7,14.5,14.62,2700,0
20151016,14.28,14.7,14.28,14.69,1300,0
20151019,14.69,14.69,14.4,14.5,14812,0
20151020,14.5,14.5,14.5,14.5,400,0
20151021,14.65,14.65,14.25,14.65,5800,0
20151022,14.68,14.69,14.65,14.65,4500,0
20151023,14.75,14.8,14.75,14.77,3900,0
20151026,14.88,14.88,14.75,14.84,2400,0
20151027,14.84,15,14.74,15,13400,0
20151028,14.7,14.9,14.7,14.8,900,0
20151029,14.9,14.9,14.7,14.7,6800,0
20151102,14.7,15,14.7,15,5862,0
20151103,14.89,15.33,14.85,15,17800,0
20151104,15,15.01,15,15,1629,0
20151105,15,15.08,14.99,15.06,11800,0
20151106,14.58,15.1,14.58,15.1,18700,0
20151109,15.109,15.11,15,15.043,4480,0
20151110,15.1,15.2,14.93,15.1,32200,0
20151116,15.4,15.4,15.3,15.31,8900,0
20151117,15.28,15.5,15.28,15.32,2400,0
20151118,15.3,15.5,15.3,15.35,21900,0
20151119,15.35,15.5,15.35,15.35,1100,0
20151120,15.43,15.45,15.35,15.45,4900,0
20151123,15.44,15.45,15.44,15.45,3100,0
20151124,15.44,15.49,15.4,15.45,3700,0
20151125,15.49,15.75,15.48,15.51,4800,0
20151127,15.74,15.76,15.74,15.75,600,0
20151130,16.08,16.25,15.85,16.15,13800,0
20151201,16,16.625,15.96,16.18,28816,0
20151202,16.08,16.526,16.08,16.37,2946,0
20151203,16.25,16.34,16.15,16.33,2603,0
20151204,16.15,16.65,16.15,16.18,12100,0
20151207,16.56,17.25,16.56,17.24,5500,0
20151208,17.24,17.25,16.66,17.24,5678,0
20151209,17.41,17.5,16.75,17.24,9400,0
20151210,17.1,18.1,16.67,16.89,24100,0
20151211,17.27,18.12,16.8,17.68,8500,0
20151214,18.15,18.15,17.39,17.45,7868,0
20151215,17.9,17.9,17.2,17.2,4900,0
20151216,17.2,18.49,17.2,17.97,3800,0
20151217,18.36,18.36,17.21,17.31,17800,0
20151218,17.26,18.3,17.26,17.84,21300,0
20151221,17.79,18.4,17.47,17.79,19600,0
20151222,17.72,18.4,17.72,18.39,15153,0
20151223,18.45,18.45,17.9,18.35,9400,0
20151224,18.3,18.3,17.28,17.79,7713,0
20151228,17.99,18.35,17.99,18.29,3916,0
20151229,18.35,18.35,18.21,18.29,2476,0
20151230,18.35,18.38,18.01,18.38,1222,0
20151231,18.113,18.44,18.1,18.44,1946,0
20160104,18.08,18.42,18,18.164,6486,0
20160105,18.1916,18.24,18.01,18.1,10573,0
20160106,18.05,18.09,18.05,18.077,6358,0
20160107,18,18.22,17.7601,17.7601,14564,0
20160108,18,18,17.81,18,6509,0
20160111,18.25,18.25,17.8216,18.1,1667,0
20160112,18.15,18.16,17.96,17.97,2800,0
20160113,18.116,18.116,17.9,17.9273,1918,0
20160114,18.18,18.18,17.8246,17.86,2250,0
20160115,17.76,18.08,17.76,17.76,3942,0
20160119,18.09,18.09,17.85,17.9,4100,0
20160120,17.851,17.8542,17.11,17.62,35538,0
20160121,17.79,17.79,17.6601,17.6601,601,0
20160122,18.08,18.08,17.8116,18,2399,0
20160125,18.09,18.09,17.86,17.86,1438,0
20160126,17.8137,17.8137,17.8137,17.8137,681,0
20160127,17.854,17.86,17.7977,17.7977,1212,0
20160128,17.76,17.787,17.65,17.75,1124,0
20160129,17.75,17.75,16.26,16.75,12960,0
20160201,16.17,16.3,15.413,16.02,21049,0
20160202,16.68,16.68,14.9,15.9899,7131,0
20160203,15.19,15.85,14.02,15.5215,20546,0
20160204,15.6416,15.99,15.54,15.76,2893,0
20160205,15.501,15.92,14.74,15.7,6468,0
20160208,14.94,14.94,13.45,14.649,1579,0
20160209,14.68,15.46,13.79,15.25,5361,0
20160210,14.6,15.4,14.58,14.6101,3750,0
20160211,14.504,14.52,14.5001,14.5001,1000,0
20160212,14.5,14.7153,14.5,14.7,913,0
20160216,14.51,14.84,14.39,14.5,2473,0
20160217,13.7,14.84,13.7,14.84,11021,0
20160218,14.5,15.05,14.1,14.85,10100,0
20160219,14.75,14.85,14.3,14.7,5384,0
20160222,14.662,15.25,14.4,15.15,4393,0
20160224,15.12,15.25,15,15,10742,0
20160225,14.4,14.79,13.04,14.7,18558,0
20160226,14.732,14.8499,14.732,14.8499,950,0
20160229,15.15,15.199,14.71,15.19,8093,0
20160301,15.2,15.2,14.509,14.99,1195,0
20160302,14.7501,15.1999,14.7501,14.95,3020,0
20160303,14.91,15.2,14.78,14.78,848,0
20160304,14.56,14.56,14.56,14.56,126,0
20160307,14.41,14.99,14.41,14.91,13011,0
20160308,15.1,15.1,14.8,14.885,3600,0
20160309,15.18,15.645,15.18,15.324,4105,0
20160310,15.27,15.35,15.27,15.32,1780,0
20160314,15.4,15.4,15.4,15.4,809,0
20160315,15.6,15.7,15.15,15.15,2914,0
20160316,15.2,15.2,14.55,15.15,1954,0
20160317,14.84,15.2,14.84,15,7288,0
20160318,15.6,15.6,15.6,15.6,2549,0
20160321,15.11,15.7,15.11,15.52,979,0
20160322,15.3,15.74,15.3,15.7165,2473,0
20160323,15.01,15.51,15.01,15.51,815,0
20160324,15.7872,16.2,15.7816,16.16,8997,0
20160328,15.99,16.23,15.89,16.23,309,0
20160329,16,16,15.85,15.85,1030,0
20160330,15.5001,16.24,15.5001,15.95,1246,0
20160331,16.16,16.8,15.75,16.8,7168,0
20160405,15.8592,16.2,15.8592,16.2,537,0
20160406,16.06,16.06,15.5001,16,2135,0
20160407,16,16,16,16,7253,0
20160411,16.01,16.01,16.01,16.01,200,0
20160412,16,16.13,16,16.13,4698,0
20160413,16,16.16,15.7501,16,7807,0
20160414,16.198,16.198,16.198,16.198,300,0
20160415,16.095,16.2,16,16,7138,0
