Date,Open,High,Low,Close,Volume,OpenInt
20120425,4.11,4.34,4,4.2,499136,0
20120426,4.12,4.2,4.12,4.2,43093,0
20120427,4.2,4.28,4.17,4.28,30768,0
20120430,4.39,6.57,4.26,4.84,132069,0
20120501,5.5,5.5,4.91,5.2,62937,0
20120502,5.25,5.25,5,5.24,21778,0
20120503,5.37,8.16,5.24,6,123608,0
20120504,6.01,7.45,6.01,7.44,354754,0
20120507,8.22,9.75,7.81,9.39,461940,0
20120508,9.2,9.25,8.02,8.43,188581,0
20120509,8.29,8.35,7.3,7.46,98012,0
20120510,7.39,7.65,7.25,7.45,50643,0
20120511,7.45,8.63,7.45,7.86,41680,0
20120514,7.9,7.9,7.35,7.4,30931,0
20120515,7.84,7.89,7.25,7.46,19207,0
20120516,7.38,7.5,6.27,6.27,78497,0
20120517,6.32,6.32,5.51,5.75,68539,0
20120518,5.7,6.2,5.61,6.02,45233,0
20120521,6.07,6.54,6,6,48986,0
20120522,6.06,6.44,5.85,5.85,23193,0
20120523,6.07,6.42,5.5,5.52,42336,0
20120524,5.54,6.06,5.34,5.64,25314,0
20120525,5.65,5.75,5.33,5.44,16448,0
20120529,5.74,5.83,5.39,5.39,15675,0
20120530,5.38,5.45,5.25,5.45,10416,0
20120531,5.41,5.41,5.01,5.16,23277,0
20120601,5.16,5.16,4.9,4.94,29005,0
20120604,4.9,5.37,4.9,5.37,40241,0
20120605,5.54,6,5.24,5.54,43826,0
20120606,5.53,6.13,5.53,5.9,44277,0
20120607,5.99,6.4,5.99,6.17,28139,0
20120608,6.13,6.37,5.75,6.37,23293,0
20120611,6.34,6.93,5.76,6.39,5912,0
20120612,6.8,6.85,6.51,6.57,47462,0
20120613,6.52,6.7,6.02,6.46,29379,0
20120614,6.5,6.5,5.87,6.5,56047,0
20120615,6.38,6.71,5.89,5.89,12801,0
20120618,5.81,6.3,5.81,6.3,10728,0
20120619,6.3,6.7,6.2,6.58,68473,0
20120620,6.57,6.99,6.31,6.64,20639,0
20120621,6.6,6.65,6.12,6.19,16922,0
20120622,6.21,6.62,6.02,6.56,29238,0
20120625,6.42,6.65,6.32,6.57,9001,0
20120626,6.6,6.73,5.83,6.4,10197,0
20120627,6.36,6.39,6.02,6.37,7948,0
20120628,6.37,6.65,6.01,6.65,16329,0
20120629,6.85,6.8899,6.2032,6.78,8245,0
20120702,7,7,6.85,6.95,5414,0
20120703,6.9,6.9,6.501,6.888,2886,0
20120705,6.85,6.85,6.5,6.52,5159,0
20120706,6.71,6.84,6.11,6.24,21276,0
20120709,6.22,6.28,6.22,6.23,6523,0
20120710,6.25,6.25,5.86,5.86,24755,0
20120711,5.84,6.01,5.75,5.84,11859,0
20120712,5.7,6,5.7,6,1775,0
20120713,5.84,5.9,5.78,5.8,4190,0
20120716,5.71,5.72,5.71,5.72,1300,0
20120717,5.72,5.72,5.5,5.6596,7653,0
20120718,5.59,5.69,5.59,5.6889,2296,0
20120719,5.7,5.7,5.69,5.69,700,0
20120720,5.69,5.69,5.65,5.65,1500,0
20120723,6.73,7,5.5,6.27,41133,0
20120724,6.18,6.837,6.18,6.73,23777,0
20120725,6.99,7.79,6.9,7.55,54998,0
20120726,7.68,7.68,7.24,7.24,34740,0
20120727,7.48,7.51,5.77,6.95,20752,0
20120730,6.84,7.1,6.84,7.06,11161,0
20120731,7.12,7.5,6.9,7.1299,7150,0
20120801,7.07,7.42,7.07,7.25,10153,0
20120802,7.11,7.63,6.9005,7.16,31379,0
20120803,7.51,7.51,7.172,7.341,22626,0
20120806,7.42,7.55,7.37,7.45,5420,0
20120807,7.73,7.73,7.05,7.1,9086,0
20120808,7.15,7.245,7.07,7.11,8306,0
20120809,7.4,7.4,7.11,7.15,3633,0
20120810,7.17,7.17,7.16,7.162,410,0
20120813,7.31,7.35,7.2,7.35,442,0
20120814,7.4,7.49,7,7.03,46494,0
20120815,7.08,7.229,7,7,8427,0
20120816,7.23,7.23,7,7.016,5665,0
20120817,6.78,7.1,6.78,7,7964,0
20120820,7,7,6.78,6.98,8733,0
20120821,6.79,6.969,6.78,6.78,10195,0
20120822,6.81,7.09,6.78,7,17916,0
20120823,7.25,7.35,6.85,6.87,9505,0
20120824,6.99,7.35,6.81,7.2,23425,0
20120827,7.3,7.37,7,7.16,48844,0
20120828,7.29,7.3,7.1,7.1,5240,0
20120829,7.1,7.4,6.86,7.4,10060,0
20120830,7.46,7.46,6.85,7.3,13390,0
20120831,7.26,7.35,7,7.15,5758,0
20120904,7.25,7.25,6.91,7.05,38486,0
20120905,7.35,7.35,7.15,7.15,555,0
20120906,7.3,7.4,7.1,7.26,7396,0
20120907,7.3017,7.42,7.3017,7.42,1928,0
20120910,7.4,7.59,7.1018,7.2,7860,0
20120911,7.29,7.29,7.13,7.13,4300,0
20120912,7.15,7.27,6.81,7.27,24622,0
20120913,7.1,7.1,6.932,6.94,3884,0
20120914,6.88,7.07,6.65,7,24972,0
20120917,7.07,7.3,7,7.15,3400,0
20120918,7.05,7.3,7,7.3,9754,0
20120919,7.05,7.2,7,7.19,12893,0
20120920,7.1,7.32,7.1,7.1,6200,0
20120921,7.06,7.131,6.56,6.56,21609,0
20120924,6.59,7.3,6.57,7.3,20355,0
20120925,7.2,7.2,6.75,7,63514,0
20120926,7.1,7.1,6.92,7.01,40660,0
20120927,7.4,7.4,6.915,7.25,66075,0
20120928,7.17,7.17,6.8901,7.04,25002,0
20121001,6.95,7.05,6.65,6.9,11193,0
20121002,7,7.05,6.7,7,28255,0
20121003,7,7.67,7,7.34,91212,0
20121004,7.45,7.73,7.45,7.7,40525,0
20121005,7.85,8.4,7.82,7.9,151645,0
20121008,8.28,8.49,8.0101,8.4,35808,0
20121009,8.29,8.3984,7.79,7.95,48580,0
20121010,7.26,7.85,7.25,7.42,44517,0
20121011,7.65,7.7,7.4,7.4,43607,0
20121012,7.43,7.93,7.4,7.93,37008,0
20121015,8.08,8.75,7.5036,7.65,81680,0
20121016,7.7,7.808,7.5,7.55,14475,0
20121017,7.55,7.58,7.05,7.13,121721,0
20121018,7,7.0882,6.1,6.19,106859,0
20121019,6.03,6.108,5.6,5.7,90712,0
20121022,5.65,5.6699,5.25,5.44,148457,0
20121023,5.4,5.4,5.05,5.13,86967,0
20121024,5,5.35,5,5.35,95618,0
20121025,5.36,5.42,5.21,5.42,16528,0
20121026,5.28,5.4,5.28,5.33,21749,0
20121031,5.2,5.41,5.1,5.1,33317,0
20121101,5.12,5.28,5.12,5.21,19884,0
20121102,5.09,5.34,5.02,5.16,31183,0
20121105,5.26,5.3299,5.21,5.26,23351,0
20121106,5.23,5.26,5.206,5.21,12433,0
20121107,5.2,5.35,5,5.35,14629,0
20121108,5.25,5.39,5.22,5.3,56266,0
20121109,5.021,5.31,5.021,5.16,10955,0
20121112,5.22,5.669,5.22,5.4311,71311,0
20121113,5.48,5.55,5.32,5.33,45234,0
20121114,5.42,5.4999,5.19,5.33,47354,0
20121115,5.3,5.4,5.274,5.35,52481,0
20121116,5.28,5.35,5.2,5.2,45600,0
20121119,5.27,5.32,5.2,5.21,26874,0
20121120,5.21,5.27,5.21,5.25,5204,0
20121121,5.24,5.278,5.21,5.24,27061,0
20121123,5.21,5.27,5.2,5.2,3667,0
20121126,5.22,5.25,5.15,5.15,27968,0
20121127,5.2,5.25,5.2,5.2199,9600,0
20121128,5.25,5.27,5,5.26,13780,0
20121129,5.15,5.2,5.1,5.15,21837,0
20121130,5.11,5.21,5.1,5.16,15655,0
20121203,5.1456,5.2,5.1456,5.15,11271,0
20121204,5.2,5.2,5.07,5.07,12129,0
20121205,5.05,5.05,4.3,4.36,68675,0
20121206,4.36,4.41,4.01,4.1,97778,0
20121207,4.13,4.77,4.128,4.7699,20606,0
20121210,4.77,4.85,4.6715,4.8,19192,0
20121211,4.8,4.91,4.8,4.82,15217,0
20121212,4.89,5.0299,4.8,4.98,12698,0
20121213,5,5.04,4.921,5.04,5037,0
20121214,4.99,5.05,4.76,4.76,13303,0
20121217,4.7,4.9985,4.2701,4.6,22836,0
20121218,4.66,4.82,4.62,4.82,23962,0
20121219,4.84,5,4.53,4.74,18082,0
20121220,4.98,5.05,4.9,5.05,18402,0
20121221,4.97,5.07,4.6,5.02,76920,0
20121224,4.95,5.0385,4.95,5,6999,0
20121226,5.04,5.09,4.8,5.02,21160,0
20121227,4.95,4.9601,4.8599,4.8599,3411,0
20121228,4.7601,4.81,4.6101,4.72,14557,0
20121231,4.61,5,4.51,4.84,32263,0
20130102,4.96,5,4.87,5,26227,0
20130103,5,5,4.82,5,16442,0
20130104,4.99,5,4.82,4.82,12512,0
20130107,4.98,5,4.85,4.95,17372,0
20130108,4.9,4.9599,4.841,4.95,21124,0
20130109,4.95,4.99,4.81,4.9,15958,0
20130110,4.87,4.94,4.75,4.94,14475,0
20130111,4.89,4.9375,4.76,4.89,8847,0
20130114,4.89,4.99,4.85,4.93,9696,0
20130115,4.98,4.98,4.85,4.87,8950,0
20130116,4.93,5,4.87,4.97,13469,0
20130117,4.86,4.95,4.86,4.88,4450,0
20130118,4.97,4.97,4.82,4.95,14614,0
20130122,4.9,4.95,4.83,4.9,10639,0
20130123,4.83,4.9,4.8,4.87,5884,0
20130124,4.91,4.91,4.75,4.8001,10746,0
20130125,4.84,4.9,4.67,4.72,12563,0
20130128,4.77,4.95,4.75,4.8,9830,0
20130129,4.9,4.9,4.67,4.78,6335,0
20130130,4.75,4.78,4.7,4.7,7895,0
20130131,4.75,4.75,4.7,4.7,13176,0
20130201,4.68,4.74,4.55,4.62,14111,0
20130204,4.57,4.63,4.12,4.3,44169,0
20130205,4.24,4.53,4.15,4.29,20913,0
20130206,4.56,4.56,4.25,4.34,23543,0
20130207,4.36,4.42,4.312,4.42,29971,0
20130208,4.3,4.385,4.25,4.35,27476,0
20130211,4.39,4.5499,4.38,4.44,22921,0
20130212,4.42,4.58,4.41,4.55,36329,0
20130213,4.5,4.704,4.5,4.6,24698,0
20130214,4.65,5,4.6,5,73566,0
20130215,4.95,5.43,4.8699,5.17,88812,0
20130219,5.12,5.12,4.83,5.05,108181,0
20130220,4.88,4.92,4.82,4.92,30136,0
20130221,4.92,5.46,4.84,5.15,30150,0
20130222,5.09,5.45,4.82,5.1,114915,0
20130225,5.31,5.33,4.85,5.09,81132,0
20130226,5.07,5.1,4.94,5.01,16506,0
20130227,5.02,5.09,4.955,5.04,37330,0
20130228,5.05,5.1,4.9,4.91,34846,0
20130301,4.95,5.14,4.9,5.1,34676,0
20130304,5.02,5.36,5.02,5.36,48149,0
20130305,5.33,5.33,5.0122,5.11,34079,0
20130306,5.08,5.1899,4.75,4.91,95964,0
20130307,4.98,5.08,4.89,5,30301,0
20130308,4.94,5.06,4.9,5.04,33478,0
20130311,5.04,5.8,5.0094,5.79,164706,0
20130312,5.86,7.51,5.8,6.9,969307,0
20130313,7,7.38,6.59,7.13,359100,0
20130314,7.2,7.33,6.6,6.77,121688,0
20130315,6.77,6.89,6.13,6.34,122367,0
20130318,6.29,6.63,6.22,6.49,115326,0
20130319,6.57,6.57,6.13,6.5,116433,0
20130320,6.58,6.72,6.36,6.49,45025,0
20130321,6.49,6.95,6.48,6.79,110823,0
20130322,6.82,7.0899,6.71,7.02,55690,0
20130325,7.1,7.28,6.8,6.95,72106,0
20130326,6.98,6.98,6.6,6.69,28797,0
20130327,6.78,6.78,6.5,6.77,46505,0
20130328,6.7,7.2,6.7,7.11,223656,0
20130401,7.1,7.12,6.57,6.9,139393,0
20130402,6.93,8.19,6.93,7.75,628928,0
20130403,7.75,8.2,7.44,7.92,345754,0
20130404,7.99,8.19,7.76,8.04,221350,0
20130405,8.11,8.13,7.52,7.67,100473,0
20130408,7.56,7.72,7,7.3,177024,0
20130409,7.25,7.25,6.6,6.93,116938,0
20130410,7.19,7.71,7.1,7.59,225667,0
20130411,7.56,8.05,7.327,7.71,126411,0
20130412,7.66,7.8,7.33,7.8,46084,0
20130415,7.69,7.69,7.15,7.62,92976,0
20130416,7.61,7.61,7.26,7.57,54601,0
20130417,7.46,7.745,7.36,7.572,65470,0
20130418,7.65,7.7,7.15,7.25,45853,0
20130419,7.25,7.33,7.03,7.33,16806,0
20130422,7.4,8.5,7.15,8.3,207359,0
20130423,8.5,8.5,7.81,8.12,158708,0
20130424,8.1,8.11,7.83,8.1,84079,0
20130425,8.07,8.39,7.8,7.85,67332,0
20130426,8,8.1,7.72,8.01,105262,0
20130429,8.1,9.45,8.05,9.34,427278,0
20130430,9.51,9.61,8.82,9.01,121745,0
20130501,9.18,9.59,8.95,9.18,58436,0
20130502,9.24,9.46,8.86,9.12,118960,0
20130503,9.13,9.23,8.75,8.81,69305,0
20130506,8.84,8.99,8.75,8.89,62677,0
20130507,8.8,10.4,8.68,10.36,403511,0
20130508,10.14,10.4,9.75,10.4,129391,0
20130509,10.4,10.89,10.04,10.78,146988,0
20130510,10.84,11.21,10.27,10.3,138323,0
20130513,10.05,10.67,9.99,10.3,81370,0
20130514,10.35,10.44,9.5,9.97,136250,0
20130515,9.89,9.97,9.55,9.7,50913,0
20130516,9.65,9.65,8.86,8.94,151671,0
20130517,9.08,9.3399,8.95,9.26,59857,0
20130520,9.12,10.09,9.12,9.55,72082,0
20130521,9.49,9.726,8.52,9.138,103343,0
20130522,9.09,9.12,8.2568,8.53,100810,0
20130523,8.5,8.97,8.2,8.75,64162,0
20130524,8.94,8.94,8.5,8.82,93119,0
20130528,8.97,9.18,8.34,8.48,57466,0
20130529,8.31,8.6,8.26,8.461,63181,0
20130530,8.52,8.676,8.26,8.37,47319,0
20130531,8.29,8.55,7.73,7.95,117565,0
20130603,8.02,8.14,6.9,7.15,196796,0
20130604,7.15,7.161,6.75,6.8,126422,0
20130605,6.78,6.99,6.35,6.87,109369,0
20130606,6.81,7.26,6.58,7.17,52732,0
20130607,7.14,7.14,6.83,6.97,76074,0
20130610,7.15,7.95,7.1499,7.92,150919,0
20130611,7.85,8.31,7.826,7.99,75962,0
20130612,8.13,9.25,8.13,8.79,119469,0
20130613,8.84,8.87,8.34,8.86,60965,0
20130614,8.94,9.1,8.8,8.9,71441,0
20130617,8.92,9,8.5,8.66,53511,0
20130618,8.74,8.88,8.3,8.41,38611,0
20130619,8.4,8.63,8.3,8.4,40568,0
20130620,8.4,8.796,8.37,8.76,60257,0
20130621,8.81,9,8.05,8.55,82369,0
20130624,8.5,8.7,8.11,8.38,48287,0
20130625,8.55,8.55,7.85,8.44,78926,0
20130626,8.46,8.7158,8.09,8.1,57581,0
20130627,8.25,8.25,7.65,7.9,58203,0
20130628,7.93,8.95,7.93,8.72,154976,0
20130701,9,9.429,8.99,9.2,93043,0
20130702,9.275,9.49,8.901,9.19,73363,0
20130703,9.21,9.35,9.1,9.33,42564,0
20130705,9.33,9.48,9.11,9.19,50086,0
20130708,9.31,9.34,9.1,9.1,18690,0
20130709,9.21,9.81,9.21,9.27,84314,0
20130710,9.25,9.54,9.04,9.04,35624,0
20130711,9.06,9.4899,9.06,9.4001,44270,0
20130712,9.48,9.93,9.275,9.67,77765,0
20130715,9.87,9.87,9.37,9.54,39353,0
20130716,9.68,9.8,9.07,9.26,74587,0
20130717,9.26,9.509,9,9.509,57218,0
20130718,9.45,9.507,9.18,9.21,34232,0
20130719,9.16,9.2,8.8,8.92,57465,0
20130722,9,9.15,8.5,8.8,94886,0
20130723,8.71,8.92,8.5,8.68,33168,0
20130724,8.76,8.89,8.6,8.6,15337,0
20130725,8.6,8.77,8.54,8.63,18157,0
20130726,8.65,8.68,8.48,8.62,31612,0
20130729,8.54,8.617,8.032,8.2,56712,0
20130730,8.25,8.37,7.9,7.97,55792,0
20130731,7.91,8.006,7.83,7.92,58306,0
20130801,7.96,7.96,7.02,7.39,76770,0
20130802,7.32,7.79,7.25,7.61,40524,0
20130805,7.62,8.16,7.61,8.14,50384,0
20130806,8.2,8.2399,7.85,8.0399,36495,0
20130807,8.01,8.0199,7.8,7.9,22573,0
20130808,7.805,7.87,7.75,7.8077,22025,0
20130809,7.78,7.81,7.11,7.13,55562,0
20130812,7.13,7.2999,7.1,7.195,18473,0
20130813,7.18,7.5,7.18,7.4,27857,0
20130814,7.4,7.88,7.28,7.78,27980,0
20130815,7.83,8.399,7.78,8.26,90164,0
20130816,8.34,9.19,8.3,8.85,160123,0
20130819,8.85,9.15,8.46,8.61,41790,0
20130820,8.7,8.7,8.29,8.36,42141,0
20130821,8.31,8.5606,8.15,8.32,11228,0
20130822,8.31,8.31,7.58,7.83,47710,0
20130823,7.9,8.2,7.7,8.011,93019,0
20130826,8.14,8.39,8,8.39,27334,0
20130827,8.3,8.607,8.201,8.32,35353,0
20130828,8.0854,8.48,8,8.201,28692,0
20130829,8.3,8.58,8.0901,8.11,33632,0
20130830,8.35,8.54,8.1,8.19,42827,0
20130903,8.18,8.25,7.9,7.93,25995,0
20130904,7.95,8.59,7.95,8.5,117573,0
20130905,8.46,8.78,8.4,8.78,36415,0
20130906,8.77,8.78,8.59,8.75,40423,0
20130909,8.8,9.02,8.79,8.84,56489,0
20130910,8.9,9,8.79,8.82,47392,0
20130911,8.9,8.9,8.3,8.61,91667,0
20130912,8.64,8.65,8,8,41914,0
20130913,8.08,8.2199,8,8.08,58501,0
20130916,8.12,8.4399,8.12,8.16,26123,0
20130917,8.2,8.2,8.03,8.17,21289,0
20130918,8.13,8.13,7.9,7.91,23904,0
20130919,7.92,8.0999,7.9,7.94,36828,0
20130920,8,8.05,7.75,7.75,41475,0
20130923,7.79,8.02,7.75,7.8,14497,0
20130924,7.98,7.98,7.5,7.51,42600,0
20130925,7.51,7.83,7.39,7.4,20780,0
20130926,7.46,7.46,7.15,7.22,68800,0
20130927,7.25,7.3,6.93,6.95,79170,0
20130930,6.91,7.1,6.48,7.05,87304,0
20131001,7,7.23,6.9,7.23,64506,0
20131002,7.23,7.75,7.23,7.39,46300,0
20131003,7.44,7.45,7.13,7.22,27600,0
20131004,7.33,7.45,7.21,7.42,29500,0
20131007,7.45,7.63,7.15,7.43,21100,0
20131008,7.51,7.84,7.14,7.65,114700,0
20131009,7.68,7.68,7.12,7.68,31200,0
20131010,7.67,7.779,7.181,7.479,15032,0
20131011,7.48,7.7346,7.2101,7.42,24889,0
20131014,7.31,7.36,7.25,7.3,45972,0
20131015,7.24,7.25,6.85,6.85,76562,0
20131016,6.97,7.09,6.53,7.01,52900,0
20131017,7.04,7.25,6.91,7.15,38800,0
20131018,7.13,7.21,6.87,7.21,22800,0
20131021,7.21,7.21,7.06,7.21,42600,0
20131022,7.25,7.46,7.25,7.38,38400,0
20131023,7.4,7.68,7.25,7.64,27000,0
20131024,7.7,7.8,7.54,7.8,60700,0
20131025,7.74,8.26,7.51,8.04,91700,0
20131028,8.12,8.33,8,8.01,27700,0
20131029,8,8.29,8,8.03,48700,0
20131030,8.04,8.27,7.8,7.87,28300,0
20131031,7.87,7.87,7.51,7.51,26989,0
20131101,7.55,7.57,7.1,7.4,49900,0
20131104,7.5,7.67,7.32,7.4,31792,0
20131105,7.41,7.69,7.25,7.33,42100,0
20131106,7.34,7.43,7.23,7.29,37000,0
20131107,7.36,7.4,7,7.08,72000,0
20131108,7.07,7.08,6.86,7.05,98800,0
20131111,7.12,7.3576,6.95,7.24,42218,0
20131112,7.28,7.4,7,7.06,39100,0
20131113,7,7.24,6.99,7.24,27800,0
20131114,7.25,7.45,6.9,6.92,26000,0
20131115,6.9,7.09,6.7,6.74,61200,0
20131118,6.75,7,6.66,6.75,38100,0
20131119,6.7101,6.9699,6.26,6.52,147213,0
20131120,6.5,6.74,5.56,6.11,258500,0
20131121,6.2,6.75,5.82,6.73,50800,0
20131122,6.55,6.85,6.26,6.66,40000,0
20131125,6.6,6.65,6.36,6.65,21600,0
20131126,6.64,6.73,6.44,6.49,18200,0
20131127,6.6,6.6,5.98,6,36700,0
20131129,6,6.09,6,6.038,11955,0
20131202,6.06,6.06,5.9,5.92,63900,0
20131203,5.95,6.02,5.95,5.99,12900,0
20131204,6.02,6.25,6,6.25,34700,0
20131205,6.25,6.6,6.16,6.49,20800,0
20131206,6.57,6.58,6.25,6.33,18800,0
20131209,6.26,6.5,6.15,6.3,25100,0
20131210,6.74,7.87,6.73,7.39,303600,0
20131211,7.69,8.2,7.56,7.8,244800,0
20131212,8,8.05,7.83,7.95,123330,0
20131213,8.05,8.05,7.77,8.05,75100,0
20131216,8.05,8.99,8.05,8.48,354400,0
20131217,8.75,9.78,8.65,8.82,300700,0
20131218,9.03,9.4,8.9,9.15,255100,0
20131219,9.5,9.88,9.27,9.73,254700,0
20131220,9.85,10.29,9.75,9.89,269400,0
20131223,10.11,10.88,9.92,10.88,324400,0
20131224,10.88,12.49,10.5,10.75,260493,0
20131226,11.31,11.37,9.68,10.95,258500,0
20131227,11.04,11.4,10.43,11.14,109500,0
20131230,12,12,11.16,11.43,172100,0
20131231,11.63,11.74,11.35,11.45,97600,0
20140102,11.35,11.46,10.25,10.58,154573,0
20140103,10.5,10.74,9.61,9.88,253561,0
20140106,10,10.09,9.05,9.75,222200,0
20140107,9.7,10.18,9.48,10,172700,0
20140108,10.05,10.38,9.8,9.83,93500,0
20140109,9.96,9.99,9.53,9.96,57400,0
20140110,10.14,10.87,9.85,10.76,145100,0
20140113,11.4,11.4,10.71,10.79,171300,0
20140114,10.74,11.03,10.5,11,128300,0
20140115,11.19,11.75,10.86,11.75,259900,0
20140116,11.59,13.87,11.2,11.66,447897,0
20140117,11.66,11.66,10.51,11.03,188900,0
20140121,11.14,11.36,10.11,10.43,138100,0
20140122,10.5,10.64,10.02,10.06,103300,0
20140123,10,11.32,9.61,11.31,350700,0
20140124,10.94,11.199,10.14,10.62,139988,0
20140127,10.53,10.59,10,10.09,83700,0
20140128,10.04,10.531,10.04,10.36,44446,0
20140129,10.38,10.43,10,10.06,39700,0
20140130,10.09,10.5,10.02,10.13,58800,0
20140131,10.21,10.47,10,10.39,74811,0
20140203,10.35,10.64,10.31,10.58,92507,0
20140204,10.58,10.88,10.5,10.82,42493,0
20140205,10.9,10.9,10.32,10.35,37377,0
20140206,10.32,10.74,10.25,10.275,58608,0
20140207,10.39,10.439,9.95,10.26,68558,0
20140210,10.26,10.38,10.16,10.17,41320,0
20140211,10.23,10.31,10,10,86285,0
20140212,10.01,10.08,9.51,9.82,85813,0
20140213,9.75,10.27,9.738,9.9,43328,0
20140214,9.91,10.09,9.9,10.01,34272,0
20140218,10,10.02,9.73,9.73,92772,0
20140219,9.73,9.86,9.3201,9.49,59582,0
20140220,9.41,9.47,8.52,8.58,153178,0
20140221,8.62,9.236,7.76,9.02,419128,0
20140224,9.03,9.23,8.75,9.21,109047,0
20140225,9.18,9.61,9.1001,9.13,84374,0
20140226,9,9.12,8.8,9.04,47487,0
20140227,9.04,9.2,8.75,8.77,108448,0
20140228,8.75,9.78,8.75,9.35,207408,0
20140303,9.34,9.73,9.15,9.25,89188,0
20140304,9.38,9.5,9.15,9.33,101019,0
20140305,9.33,10.31,9.21,10.2,161020,0
20140306,10.06,10.81,9.95,10.51,122364,0
20140307,10.53,10.62,10.16,10.23,78796,0
20140310,10.3,11,10.15,11,66668,0
20140311,10.75,10.75,10.07,10.2,108835,0
20140312,10.44,10.95,10.2,10.75,152788,0
20140313,11,11.9,10.9,11.2,254539,0
20140314,11.27,11.46,11.01,11.22,58899,0
20140317,11.3,11.4,10.84,11,66972,0
20140318,11,11.13,10.74,10.85,84730,0
20140319,11.06,11.4,10.86,11.23,148234,0
20140320,11.15,11.28,10.85,10.99,80424,0
20140321,11.01,11.13,10.8,10.81,65817,0
20140324,10.86,10.89,9.74,9.94,148287,0
20140325,9.91,10.353,9.91,9.96,55778,0
20140326,10.03,10.49,9.5,9.63,144200,0
20140327,9.58,9.81,8.84,9.77,147856,0
20140328,9.86,10.65,9.71,10.5,96366,0
20140331,10.63,11.12,10.63,10.91,161785,0
20140401,10.88,11,10.65,10.9,53747,0
20140402,10.86,10.92,10.355,10.61,71287,0
20140403,10.45,10.999,10.45,10.77,92513,0
20140404,10.78,10.99,10.1,10.28,91431,0
20140407,10.2,10.33,9.55,9.97,136964,0
20140408,10.05,10.59,9.8,10.59,56226,0
20140409,10.07,10.79,10.02,10.73,100727,0
20140410,10.86,10.98,10.15,10.36,120026,0
20140411,10.31,10.41,9.9,9.97,75393,0
20140414,10.01,10.2,9.791,10.11,85798,0
20140415,10.15,10.17,9.5,9.89,70407,0
20140416,9.86,10.3,9.58,10.27,73411,0
20140417,10.24,10.43,10.12,10.41,76748,0
20140421,10.13,10.55,10.13,10.18,46551,0
20140422,10.18,10.41,10.04,10.24,59770,0
20140423,10.18,10.4,10.1,10.1,15615,0
20140424,10.1,10.4,9.78,9.89,38101,0
20140425,9.87,10.185,9.79,9.98,248020,0
20140428,9.95,10.01,9.44,9.51,103024,0
20140429,9.58,9.609,9.21,9.38,67533,0
20140430,9.39,9.39,8.83,9.24,104606,0
20140501,9.308,9.72,9.2001,9.43,62830,0
20140502,9.129,9.549,9.129,9.299,14757,0
20140505,9.22,9.41,9.08,9.21,52614,0
20140506,9.08,9.2409,9.08,9.1,15510,0
20140507,9,9.2,7.6701,7.99,142046,0
20140508,7.58,8.22,7.51,8.16,141896,0
20140509,8.25,8.61,7.955,8.42,70425,0
20140512,8.53,8.57,7.97,8.06,75277,0
20140513,8.03,8.06,7.72,7.8,70850,0
20140514,7.8,7.929,7.52,7.77,71851,0
20140515,7.79,7.79,7.59,7.65,36457,0
20140516,7.64,8.14,7.58,8.02,36770,0
20140519,8.04,8.47,7.9601,8.04,65553,0
20140520,8.04,8.3,7.902,8.23,34467,0
20140521,8.27,8.75,8.27,8.5,33683,0
20140522,8.52,8.93,8.5,8.9,48135,0
20140523,8.95,9.35,8.73,8.79,42163,0
20140527,8.73,9.3199,8.73,8.81,40843,0
20140528,8.74,9.2,8.74,9.17,33756,0
20140529,9.25,9.28,9.06,9.2,35400,0
20140530,9.1,9.21,8.89,8.93,28625,0
20140602,8.97,8.97,7.86,8.34,79435,0
20140603,8.41,8.48,8.14,8.36,26184,0
20140604,8.24,8.674,8.24,8.52,24944,0
20140605,8.47,9.23,8.43,9.16,83884,0
20140606,9.23,9.24,9.08,9.11,23059,0
20140609,9.15,9.35,9.15,9.1801,33931,0
20140610,9.35,9.35,8.8,8.8,42678,0
20140611,8.8,8.9067,8.2701,8.72,40844,0
20140612,8.71,9.2,8.53,8.89,28873,0
20140613,8.86,9.04,8.69,8.97,8595,0
20140616,9.02,9.09,8.66,8.89,26805,0
20140617,8.85,9.1299,8.82,8.95,25270,0
20140618,8.91,9.1,8.7001,9.1,23622,0
20140619,9.23,10,9.1,9.937,88022,0
20140620,9.91,10,9.59,9.9,21060,0
20140623,10,10,9.48,9.7,22753,0
20140624,9.6,9.97,9.2,9.58,28999,0
20140625,9.49,9.65,9.21,9.32,39522,0
20140626,9.2,9.45,8.8,9.38,54759,0
20140627,9.47,9.48,9.1301,9.3,7032,0
20140630,9.19,9.38,9.11,9.18,17968,0
20140701,9.15,9.64,8.663,8.85,65819,0
20140702,8.86,9.11,8.75,9.11,18400,0
20140703,9.08,9.12,8.7701,8.93,12243,0
20140707,8.94,8.94,8.36,8.46,35824,0
20140708,8.58,8.6063,8.3,8.3,24700,0
20140709,8.33,8.49,7.902,8.06,56412,0
20140710,7.86,7.998,7.36,7.5,100484,0
20140711,7.58,8.4499,7.5,8.2,55297,0
20140714,8.2,9,8.19,8.99,50693,0
20140715,9.01,9.02,8.38,8.61,33618,0
20140716,8.58,8.72,8.2001,8.45,21044,0
20140717,8.6,8.63,8.16,8.24,8258,0
20140718,8.2,8.38,7.9,7.92,40179,0
20140721,7.91,8.6399,7.91,8.5,31414,0
20140722,8.49,8.527,8.0121,8.42,59684,0
20140723,8.5,8.65,8.08,8.24,18795,0
20140724,8.24,8.4,8.11,8.2106,6491,0
20140725,8.1,8.2999,8.028,8.12,20623,0
20140728,8.05,8.3,7.9,7.92,30363,0
20140729,7.99,8.28,7.9,7.95,27102,0
20140730,7.95,8.29,7.9,8.22,24245,0
20140731,8.09,8.25,7.91,8.15,20183,0
20140801,8.06,8.119,7.67,7.89,29697,0
20140804,7.55,7.64,6.8605,6.98,130578,0
20140805,6.75,7.12,6.7,6.92,60689,0
20140806,6.95,7.257,6.61,6.71,36714,0
20140807,6.71,6.85,6.6,6.71,29610,0
20140808,6.64,7.42,6.64,7.37,37519,0
20140811,7.46,7.83,7.42,7.46,22537,0
20140812,7.56,7.71,7.0004,7.56,54803,0
20140813,7.55,7.699,7.38,7.68,34046,0
20140814,7.59,7.85,7.44,7.8399,23087,0
20140815,7.85,7.9,7.4,7.8699,46536,0
20140818,7.86,7.92,7.52,7.87,35599,0
20140819,7.9,8.88,7.88,8.79,109684,0
20140820,8.93,9.03,8.5001,8.65,66302,0
20140821,8.52,8.76,7.91,8.67,98721,0
20140822,8.56,8.69,8.0301,8.32,70722,0
20140825,8.49,8.77,7.9801,8.34,79857,0
20140826,8.31,8.414,8.01,8.15,7872,0
20140827,8.01,8.091,7.21,7.44,77484,0
20140828,7.28,7.6999,7.25,7.52,43932,0
20140829,7.56,7.97,7.55,7.85,46127,0
20140902,7.84,7.84,7.48,7.58,14678,0
20140903,7.6,7.6,7.4001,7.53,24284,0
20140904,7.48,7.6,7.3601,7.44,44998,0
20140905,7.48,7.6099,7.36,7.37,26446,0
20140908,7.37,7.45,6.8,6.82,69406,0
20140909,6.86,7.239,6.83,6.88,30741,0
20140910,6.76,7.0799,6.76,7.04,11803,0
20140911,6.98,7.09,6.98,7.07,20500,0
20140912,7.07,7.0828,6.93,6.95,26193,0
20140915,6.93,7.07,6.6,6.69,64248,0
20140916,6.76,6.76,6.55,6.69,32060,0
20140917,6.59,6.81,6.57,6.75,18497,0
20140918,6.67,6.79,6.6,6.63,38883,0
20140919,6.64,6.6627,6.55,6.6,17131,0
20140922,6.6,6.6,6.5,6.53,47492,0
20140923,6.52,6.53,6.09,6.11,55763,0
20140924,6.08,6.3,5.07,6.25,182905,0
20140925,6.28,6.5,6.25,6.48,34043,0
20140926,6.46,7.14,6.418,7.01,38244,0
20140929,7,7.4199,6.99,7.23,53885,0
20140930,7.13,7.13,6.24,6.68,87501,0
20141001,6.6,6.65,6.2651,6.6,40450,0
20141002,6.6,6.64,6.26,6.36,17306,0
20141003,6.32,6.81,6.31,6.31,15569,0
20141006,6.28,6.5985,5.8,5.9,31516,0
20141007,5.8,6.15,5.62,5.98,39689,0
20141008,5.95,6.49,5.7725,6.44,45122,0
20141009,6.472,6.4799,5.9664,6.14,39267,0
20141010,6.17,6.23,5.96,6.11,46403,0
20141013,6.17,6.17,5.65,5.69,40104,0
20141014,5.63,6.05,5.38,5.98,54247,0
20141015,5.88,5.99,5.25,5.78,74091,0
20141016,5.79,6.15,5.6184,6.11,40114,0
20141017,6.15,6.99,6.05,6.65,85016,0
20141020,6.55,6.85,6.21,6.5701,42455,0
20141021,6.5,6.64,6.27,6.64,29744,0
20141022,6.63,6.75,6.19,6.48,37157,0
20141023,6.48,6.48,6.19,6.359,40481,0
20141024,6.38,6.4371,6.16,6.18,38613,0
20141027,6.14,6.14,5.595,5.9,49862,0
20141028,5.9099,6.24,5.7455,6.24,26719,0
20141029,6.21,6.44,5.97,5.9901,31099,0
20141030,6,6.35,5.92,6.28,38005,0
20141031,6.25,6.25,5.9499,6.06,39188,0
20141103,5.95,6.182,5.7,6.03,32676,0
20141104,6.01,6.15,5.97,6.15,27356,0
20141105,6.27,6.27,6,6.12,15998,0
20141106,6.01,6.01,5.75,5.9,39948,0
20141107,5.85,5.94,5.2868,5.45,63265,0
20141110,5.49,5.66,5.405,5.45,33472,0
20141111,5.45,6.0999,5.083,5.27,46716,0
20141112,5.17,5.88,5.17,5.85,26402,0
20141113,5.85,5.85,5.51,5.61,28301,0
20141114,5.5,6.09,5.2601,6.01,93234,0
20141117,6.01,6.4,5.9,6.14,46894,0
20141118,6.1,6.87,6.05,6.58,89855,0
20141119,6.62,6.98,6.356,6.98,63264,0
20141120,6.95,6.99,6.78,6.8432,34262,0
20141121,6.97,6.9703,6.45,6.83,49379,0
20141124,6.94,7.79,6.75,7.78,121194,0
20141125,7.82,7.95,7.574,7.86,92699,0
20141126,7.99,8.092,7.8,7.94,52731,0
20141128,7.85,8.1099,7.778,7.85,23619,0
20141201,7.87,8.033,7.41,7.42,30860,0
20141202,7.35,7.84,7.34,7.681,32752,0
20141203,7.87,8.02,7.51,7.77,33847,0
20141204,7.87,8.21,7.79,8.13,98569,0
20141205,8.09,8.2,7.76,7.84,52148,0
20141208,8.05,9.4852,7.69,7.7,200130,0
20141209,7.81,8.1,7.7,7.99,32854,0
20141210,7.93,8,7.26,7.44,47403,0
20141211,7.44,8.04,6.51,7.995,179641,0
20141212,7.89,7.92,7.53,7.67,68542,0
20141215,7.66,7.96,7.57,7.61,30588,0
20141216,7.47,7.47,6.8,6.81,90746,0
20141217,6.75,7.6699,6.75,7.34,69161,0
20141218,7.46,7.64,7.37,7.47,35120,0
20141219,7.49,7.6,7.375,7.41,31674,0
20141222,7.4,7.5,7.2,7.2,34217,0
20141223,7.2,7.6,7.06,7.475,37455,0
20141224,7.39,7.6786,7.384,7.63,17164,0
20141226,7.63,7.63,7.28,7.29,15857,0
20141229,7.33,7.45,7.14,7.22,16347,0
20141230,7.3,7.3,6.93,6.99,31509,0
20141231,7,7.33,6.84,7.33,41520,0
20150102,7.33,7.43,6.89,7.24,39617,0
20150105,7.1,7.31,7.03,7.27,17117,0
20150106,7.25,7.25,6.76,6.86,48531,0
20150107,6.92,6.92,6.66,6.7,32491,0
20150108,6.8699,7,6.5,6.6551,41327,0
20150109,6.56,6.66,6.01,6.09,63792,0
20150112,6.06,6.13,5.31,5.83,88486,0
20150113,5.85,6.1,5.85,6,40267,0
20150114,6.4,6.6899,5.91,6.2,32593,0
20150115,6.8199,6.8199,5.98,6.03,13157,0
20150116,6.03,6.44,6.03,6.07,13678,0
20150120,6.05,6.1304,5.69,5.85,30986,0
20150121,6.22,6.3999,5.58,5.58,46435,0
20150122,5.37,6.17,5.37,6.17,60237,0
20150123,6.35,6.35,6,6.19,30387,0
20150126,6.21,6.39,5.76,5.84,60731,0
20150127,5.85,6.3199,5.7,5.96,33586,0
20150128,6.13,6.197,5.78,5.88,37162,0
20150129,6.1,6.44,5.89,6.38,120516,0
20150130,6.28,6.45,5.7193,5.79,61477,0
20150202,5.79,6,5.58,5.78,28844,0
20150203,5.78,6.22,5.78,5.97,41666,0
20150204,6.19,6.2,5.87,6.11,92295,0
20150205,6.2,6.5,6.05,6.33,354774,0
20150206,6.35,6.54,6.15,6.54,187892,0
20150209,6.58,6.94,6.36,6.845,81744,0
20150210,6.71,7.39,6.6,7.28,126575,0
20150211,7.2,7.65,6.9505,7.62,68241,0
20150212,7.75,7.75,7.11,7.34,44505,0
20150213,7.5,7.8576,7.18,7.26,34363,0
20150217,7.1,7.62,6.939,7.09,58188,0
20150218,7.2,7.35,6.84,6.85,60202,0
20150219,6.85,7,6.59,6.61,41179,0
20150220,6.67,6.95,6.5301,6.79,51644,0
20150223,6.73,6.79,6.54,6.55,48261,0
20150224,6.67,6.82,6.55,6.65,43446,0
20150225,6.72,7.24,6.6,6.905,63358,0
20150226,6.73,7.1999,6.63,7.03,50215,0
20150227,7.08,7.08,6.51,6.71,103191,0
20150302,6.65,6.69,6.09,6.18,169600,0
20150303,6.25,6.33,5.91,6.09,71900,0
20150304,6.09,6.39,5.96,6.14,102500,0
20150305,6.15,6.36,6.03,6.34,42300,0
20150306,6.33,6.68,6.3,6.33,223200,0
20150309,6.29,6.4,6.14,6.38,30000,0
20150310,6.34,6.39,5.93,6.12,45400,0
20150311,5.98,6.24,5.95,5.95,55900,0
20150312,5.98,6.01,5.78,5.87,79100,0
20150313,6.29,6.29,5.8,6.01,47900,0
20150316,6.02,6.39,5.67,5.74,45900,0
20150317,5.67,5.93,5.51,5.72,92600,0
20150318,5.92,6,5.64,5.79,39200,0
20150319,5.87,6.17,5.7,5.77,31300,0
20150320,5.8,5.81,5.35,5.51,111400,0
20150323,5.4,5.56,4.94,5.19,216400,0
20150324,5.19,5.34,5.01,5.25,137100,0
20150325,5.22,5.56,4.51,4.97,335200,0
20150326,4.97,5.45,4.76,5.37,72100,0
20150327,5.25,5.46,5.07,5.46,82200,0
20150330,5.51,5.55,5.13,5.22,90200,0
20150331,5.17,5.5,5.1,5.29,30089,0
20150401,5.3,5.52,5.03,5.21,28500,0
20150402,5.18,5.84,5.06,5.84,76100,0
20150406,5.71,5.71,5.09,5.52,67700,0
20150407,5.46,5.62,5.27,5.28,22122,0
20150408,5.35,5.41,5.17,5.24,40400,0
20150409,5.24,5.27,5,5.0903,54436,0
20150410,5.14,5.25,5.1,5.11,27000,0
20150413,5.01,5.23,5.01,5.2,17400,0
20150414,5.18,5.28,5.08,5.26,33000,0
20150415,5.25,5.66,5.23,5.65,64214,0
20150416,5.64,5.83,5.47,5.76,47024,0
20150417,5.74,5.74,5.61,5.74,19000,0
20150420,5.63,5.92,5.63,5.9,57272,0
20150421,5.93,6,5.54,5.61,82223,0
20150422,5.402,5.83,5.2813,5.69,31783,0
20150423,5.71,5.8,5.47,5.56,19200,0
20150424,5.59,5.75,5.51,5.54,15383,0
20150427,5.51,5.61,5.25,5.29,44800,0
20150428,5.32,5.4004,5.19,5.19,30065,0
20150429,5.18,5.52,5.17,5.45,92900,0
20150430,5.33,5.35,5.01,5.03,76600,0
20150501,5.09,5.14,4.95,5.07,41400,0
20150504,5.07,5.11,4.94,4.98,36600,0
20150505,4.92,5,4.83,4.97,66400,0
20150506,5,5,4.63,4.96,76954,0
20150507,4.89,5,4.7,4.9,55204,0
20150508,4.92,5,4.85,4.95,62400,0
20150511,4.98,4.98,4.74,4.74,37700,0
20150512,4.894,5.216,4.64,5.08,90483,0
20150513,5.34,5.854,5.34,5.64,224277,0
20150514,5.68,5.78,5.46,5.7,76200,0
20150515,5.8,6.295,5.72,5.77,210688,0
20150518,5.54,5.85,5.36,5.45,90047,0
20150519,5.31,5.41,5.08,5.23,45700,0
20150520,5.21,5.27,4.89,5.15,66398,0
20150521,5.12,5.35,5.11,5.29,63600,0
20150522,5.35,5.65,5.31,5.53,65100,0
20150526,5.47,5.47,5.29,5.35,40897,0
20150527,5.4,5.4,5.18,5.29,46200,0
20150528,5.31,5.31,5.2,5.2551,17779,0
20150529,5.23,5.26,5.18,5.23,55700,0
20150601,5.26,5.46,5.05,5.43,83002,0
20150602,5.43,5.63,5.2911,5.53,93387,0
20150603,5.43,5.56,5.43,5.52,19800,0
20150604,5.59,5.6,5.36,5.38,25300,0
20150605,5.33,5.47,5.3,5.41,39300,0
20150608,5.45,5.58,5.4,5.58,20700,0
20150609,5.55,5.7899,5.401,5.7,50507,0
20150610,5.68,5.76,5.41,5.45,32644,0
20150611,5.52,5.52,5.3,5.38,21675,0
20150612,5.38,5.52,5.35,5.42,16200,0
20150615,5.41,5.49,5.27,5.4,49300,0
20150616,5.38,5.46,5.31,5.41,20600,0
20150617,5.42,5.46,5.35,5.45,36900,0
20150618,5.41,5.42,5.31,5.36,27600,0
20150619,5.4,5.4,5.27,5.32,36200,0
20150622,5.42,5.63,5.38,5.6,71300,0
20150623,5.61,5.6599,5.55,5.6,21980,0
20150624,5.54,5.55,5.41,5.44,22800,0
20150625,5.43,5.47,5.32,5.44,72100,0
20150626,5.46,5.65,5.44,5.65,16700,0
20150629,5.57,5.57,5.32,5.36,43200,0
20150630,5.34,5.46,5.29,5.41,15151,0
20150701,5.48,5.5,5.16,5.22,39800,0
20150702,5.19,5.25,5.07,5.15,36900,0
20150706,5.09,5.09,4.84,4.92,35400,0
20150707,4.91,5.3,4.8,5.08,372400,0
20150708,5.11,5.11,4.82,4.94,69700,0
20150709,5,5.05,4.83,4.9,49100,0
20150710,5,5,4.76,4.95,66400,0
20150713,4.94,5.11,4.81,4.99,45400,0
20150714,5,5.18,4.75,4.79,77457,0
20150715,4.87,4.87,4.66,4.71,82748,0
20150716,4.69,4.75,4.44,4.65,88000,0
20150717,4.68,4.68,4.18,4.44,274400,0
20150720,4.52,4.59,4.2,4.42,69800,0
20150721,4.34,4.37,4.08,4.25,65700,0
20150722,4.14,4.45,4.04,4.37,141800,0
20150723,4.41,4.41,4.06,4.06,91800,0
20150724,4.1,4.22,3.72,3.86,180300,0
20150727,3.91,3.91,3.43,3.54,205400,0
20150728,3.34,3.82,3.22,3.81,78200,0
20150729,3.79,4,3.45,3.95,57521,0
20150730,3.94,3.99,3.86,3.93,19500,0
20150731,3.93,3.98,3.83,3.92,93500,0
20150803,3.93,3.97,3.75,3.96,67654,0
20150804,3.94,3.94,3.6,3.67,85000,0
20150805,3.66,3.74,3.5,3.56,40700,0
20150806,3.49,3.63,3.41,3.44,63166,0
20150807,3.58,3.86,3.3,3.79,141200,0
20150810,3.8,4,3.63,3.88,37400,0
20150811,4.04,4.12,3.82,4.12,90800,0
20150812,4.15,4.93,3.75,4.87,116700,0
20150813,5,5.36,4.79,5.26,203600,0
20150814,5.34,5.34,4.8,5.3,88100,0
20150817,5.29,5.39,4.9,5.38,102100,0
20150818,5.48,5.48,5.03,5.33,57300,0
20150819,5.22,5.61,5.1,5.38,87400,0
20150820,5.29,5.41,5.09,5.1,46300,0
20150821,5.21,5.24,4.68,5.07,69500,0
20150824,4.71,4.76,4.27,4.55,164952,0
20150825,4.99,4.99,4.67,4.68,22100,0
20150826,4.87,4.93,4.3,4.63,70200,0
20150827,4.78,4.87,4.46,4.53,100200,0
20150828,4.5,4.74,4.31,4.67,114700,0
20150831,4.8,5.04,4.54,4.96,56400,0
20150901,4.87,4.94,4.6,4.8,35400,0
20150902,4.81,5.1,4.77,5.01,42000,0
20150903,5.01,5.14,4.89,5.04,35500,0
20150904,5.07,5.13,4.97,5.05,84500,0
20150908,5.11,5.37,5.05,5.2,87000,0
20150909,5.28,5.88,5.26,5.73,191300,0
20150910,5.8,6.65,5.6,6.4,223307,0
20150911,6.31,6.55,6.02,6.29,74600,0
20150914,6.35,7.32,6.35,6.96,229500,0
20150915,6.94,7.35,6.42,6.53,146700,0
20150916,6.45,6.79,5.9,5.94,232200,0
20150917,5.94,6.13,5.793,5.92,102355,0
20150918,5.86,6.25,5.83,6.25,140200,0
20150921,6.39,6.99,6.36,6.99,122000,0
20150922,6.69,7.64,6.22,7.19,215600,0
20150923,8.09,8.09,7.15,7.23,101605,0
20150924,7.22,7.49,6.65,7.11,96243,0
20150925,7.14,7.14,6.08,6.29,154500,0
20150928,6.17,6.3,5.4,5.56,149916,0
20150929,5.67,5.75,5.1,5.36,89300,0
20150930,5.49,6.32,5.33,6.19,122100,0
20151001,6.23,6.23,5.73,5.77,53000,0
20151002,5.68,6.01,5.5,5.78,41500,0
20151005,5.81,6.0999,5.45,5.52,148352,0
20151006,5.5,5.95,5.47,5.79,82300,0
20151007,5.79,5.97,5.7,5.85,70519,0
20151008,5.9,6.1,5.85,6.09,63800,0
20151009,6.05,6.41,5.98,6.41,51700,0
20151012,6.44,6.45,6.006,6.22,21372,0
20151013,6.2,6.54,6.2,6.33,27400,0
20151014,6.34,6.4499,6.15,6.33,17575,0
20151015,6.51,6.51,6.2,6.25,22600,0
20151016,6.27,6.38,6.25,6.26,6800,0
20151019,6.26,6.27,5.9,5.92,65723,0
20151020,5.92,6.11,5.88,6.03,13325,0
20151021,6.07,6.15,6,6.03,11200,0
20151022,6.19,6.43,6,6.05,29200,0
20151023,6.11,6.18,5.64,5.82,68800,0
20151026,5.84,5.84,5.58,5.7,52200,0
20151027,5.62,5.81,5.32,5.34,75000,0
20151028,5.38,5.54,5.31,5.38,22800,0
20151029,5.69,5.69,5.45,5.49,19700,0
20151030,5.46,5.64,5.22,5.62,115900,0
20151102,5.62,6.13,5.605,5.97,66208,0
20151103,5.98,6.0416,5.5,5.68,33340,0
20151104,5.71,6.14,5.69,6.01,45196,0
20151105,5.96,6.07,5.88,5.93,31200,0
20151106,5.86,5.92,5.37,5.58,115400,0
20151109,5.54,5.72,5.3,5.44,123488,0
20151110,5.4,5.47,5.18,5.3,84200,0
20151111,5.31,5.31,5.01,5.09,52900,0
20151112,5.06,5.15,4.84,4.84,102000,0
20151113,4.84,4.99,4.16,4.73,99300,0
20151116,4.73,4.96,4.73,4.86,32800,0
20151117,4.9,4.9,4.56,4.63,88300,0
20151118,4.65,4.67,4.5,4.55,60100,0
20151119,4.6,4.78,4.47,4.73,32703,0
20151120,4.82,5.1,4.66,5.05,148100,0
20151123,5.1,5.1,4.59,4.69,67500,0
20151124,4.69,4.85,4.61,4.67,15300,0
20151125,4.58,4.99,4.58,4.91,29800,0
20151127,4.89,4.94,4.73,4.74,16800,0
20151130,4.82,5.03,4.8,5,34900,0
20151201,5.18,5.18,4.83,5.07,53463,0
20151202,5,5.259,5,5.08,17126,0
20151203,5.12,5.22,4.9801,5,47339,0
20151204,5,5.08,4.98,5,29600,0
20151207,5,5,4.81,4.85,20100,0
20151208,4.84,4.93,4.8,4.91,99169,0
20151209,4.92,4.92,4.68,4.86,104900,0
20151210,4.86,4.95,4.8,4.9,22700,0
20151211,4.84,4.99,4.78,4.8,72800,0
20151214,4.75,4.8,4.55,4.66,57580,0
20151215,4.73,4.73,4.32,4.44,87500,0
20151216,4.46,4.6,4.46,4.52,49000,0
20151217,4.57,4.97,4.47,4.65,110900,0
20151218,4.68,4.81,4.65,4.65,22200,0
20151221,4.71,5.3,4.71,5.17,206200,0
20151222,5.16,5.25,4.98,4.99,22398,0
20151223,4.93,5.09,4.93,5.01,20700,0
20151224,5.09,5.0972,4.95,4.95,10599,0
20151228,4.95,5.085,4.91,4.99,28688,0
20151229,4.94,5.1614,4.9,5,30683,0
20151230,4.95,5.065,4.8131,4.86,30763,0
20151231,4.93,4.93,4.75,4.85,11582,0
20160104,4.76,4.93,4.5401,4.9,17084,0
20160105,4.95,5.01,4.71,4.75,18065,0
20160106,4.72,4.72,4.42,4.46,58158,0
20160107,4.43,4.533,4.38,4.52,31918,0
20160108,4.66,4.69,4.4,4.4,35763,0
20160111,4.4,4.4,3.53,3.91,199973,0
20160112,3.97,3.99,3.764,3.88,72211,0
20160113,3.91,3.91,3.3,3.33,78926,0
20160114,3.3,3.41,2.68,3.39,261596,0
20160115,3.27,3.42,3.0101,3.28,43909,0
20160119,3.37,3.54,3.3,3.47,66700,0
20160120,3.4,3.4,3.088,3.28,35799,0
20160121,3.3053,3.94,3.3053,3.57,46250,0
20160122,3.65,3.85,3.42,3.46,25253,0
20160125,3.5,3.54,3.26,3.3,44472,0
20160126,3.139,3.45,3.139,3.32,19372,0
20160127,3.33,3.525,2.9,3.11,28370,0
20160128,3.07,3.21,2.94,3.09,29494,0
20160129,3.3799,3.86,3.36,3.78,64118,0
20160201,3.86,3.915,3.6,3.63,29362,0
20160202,3.57,3.57,3.1701,3.57,18282,0
20160203,3.635,3.635,3.14,3.295,35704,0
20160204,3.28,3.42,3.15,3.39,29164,0
20160205,3.35,3.35,3.16,3.19,14404,0
20160208,3.15,3.22,2.93,2.98,55499,0
20160209,2.9849,3.165,2.9849,3.07,36025,0
20160210,3.16,3.2,3.02,3.0701,73403,0
20160211,3.1,3.2794,3.07,3.1,59864,0
20160212,3.3061,3.9048,3.18,3.5301,111610,0
20160216,3.57,3.7128,3.57,3.64,11365,0
20160217,3.62,3.71,3.55,3.62,18328,0
20160218,3.57,3.6767,3.5399,3.54,5677,0
20160219,3.4485,3.6499,3.3701,3.61,13842,0
20160222,3.7399,3.85,3.4747,3.55,19337,0
20160223,3.55,3.677,3.455,3.55,21005,0
20160224,3.53,3.67,3.53,3.61,9804,0
20160225,3.685,3.945,3.65,3.71,20370,0
20160226,3.7,4.1399,3.6426,3.993,31829,0
20160229,4.1,4.48,3.9901,4.13,16995,0
20160301,4.19,4.19,3.835,4,28256,0
20160302,4.026,4.026,3.93,3.98,22355,0
20160303,3.98,4.055,3.902,4.02,23091,0
20160304,4.02,4.02,3.37,3.37,90652,0
20160307,3.52,3.8535,3.39,3.47,34308,0
20160308,3.43,3.48,3.32,3.32,22591,0
20160309,3.3644,3.42,3.33,3.4,14497,0
20160310,3.4509,3.581,3.4164,3.5,34338,0
20160311,3.702,3.94,3.32,3.8,48071,0
20160314,3.84,4.0283,3.6455,3.9399,62054,0
20160315,3.78,4.01,3.5,3.96,13062,0
20160316,4,4.01,3.82,3.85,12212,0
20160317,3.94,3.94,3.77,3.84,6697,0
20160318,3.82,3.9899,3.82,3.93,16162,0
20160321,3.98,4.031,3.95,3.96,27963,0
20160322,4.02,4.02,3.94,3.96,21266,0
20160323,3.96,3.97,3.81,3.97,13268,0
20160324,3.96,3.97,3.88,3.94,17599,0
20160328,3.99,4,3.7881,3.89,19998,0
20160329,3.89,4,3.87,3.9,67809,0
20160330,3.9,4.22,3.8701,4.01,54764,0
20160331,3.97,4.16,3.9401,3.99,80940,0
20160401,4,4.09,3.9701,4.03,25389,0
20160404,3.89,3.97,3.75,3.75,10828,0
20160405,4.19,4.3,3.8609,3.93,115655,0
20160406,4,4,3.78,3.84,12576,0
20160407,3.8,3.99,3.78,3.81,26994,0
20160408,3.95,3.95,3.78,3.85,4341,0
20160411,3.9,4.01,3.9,3.98,23490,0
20160412,4.035,4.035,3.828,3.9201,25472,0
20160413,3.95,4.0061,3.85,3.91,11282,0
20160414,4.09,4.09,3.97,4,7433,0
20160415,3.91,4.03,3.9,3.95,6639,0
