Date,Open,High,Low,Close,Volume,OpenInt
20060712,16,16,16,16,0,0
20060713,16,16.35,15.16,15.88,7696974,0
20060714,15.75,16.05,15.5,16,1715149,0
20060717,15.95,16.1,15.8,15.8,248236,0
20060718,15.81,15.95,15.75,15.8,196207,0
20060719,15.85,15.85,15.5,15.51,156749,0
20060720,15.5,15.69,15.5,15.69,228779,0
20060721,15.56,15.68,15.25,15.55,268750,0
20060724,15.55,16,15.5,15.6,108443,0
20060725,15.51,16,15.5,16,155766,0
20060726,16,16,15.63,15.7,54247,0
20060727,15.73,15.9,15.55,15.7,105940,0
20060728,15.61,15.8,15.25,15.3,213759,0
20060731,15.49,15.49,15.31,15.37,24126,0
20060801,15.35,15.5,15.15,15.29,127247,0
20060802,15.25,15.45,15.15,15.16,107311,0
20060803,15.15,15.91,15.15,15.61,91398,0
20060804,15.46,15.84,15.46,15.64,82600,0
20060807,15.36,15.67,15.18,15.3,79889,0
20060808,15.21,15.39,14.1,14.38,249710,0
20060809,14.33,14.53,14.25,14.28,113590,0
20060810,14.1,14.23,13.3,13.7,566391,0
20060811,13.71,14.6,13.7,14.25,316384,0
20060814,14.45,14.46,14.25,14.41,38593,0
20060815,14.47,14.71,14.06,14.1,93982,0
20060816,14.1,14.47,14,14.45,115399,0
20060817,14.49,14.99,14.13,14.99,86779,0
20060818,14.75,14.76,14.21,14.6,49519,0
20060821,14.49,14.6,14.17,14.19,31096,0
20060822,14.36,14.58,14.3,14.37,108944,0
20060823,14.37,14.75,14.15,14.3,141499,0
20060824,14.1,14.18,13.78,13.87,181905,0
20060825,13.62,13.79,13.31,13.39,176693,0
20060828,13.48,13.78,13.35,13.78,108241,0
20060829,13.8,14.32,13.8,14.01,64643,0
20060830,13.9,14.13,13.9,14.09,91430,0
20060831,14.2,14.32,13.98,14.08,135614,0
20060901,14.09,14.24,13.9,13.9,64463,0
20060905,14,14.21,13.97,14.14,143504,0
20060906,14.06,14.15,14.01,14.14,275315,0
20060907,14.04,14.11,13.91,13.95,84077,0
20060908,14,14,13.85,13.95,98550,0
20060911,13.83,14.24,13.83,14.23,149557,0
20060912,14.18,14.75,14.05,14.74,77781,0
20060913,14.77,15.57,14.64,15.32,250599,0
20060914,15.55,15.59,15.27,15.59,108470,0
20060915,15.5,16.24,15.5,16,567206,0
20060918,15.95,16.67,15.46,16.42,566062,0
20060919,16.37,16.75,16.37,16.73,118351,0
20060920,16.89,16.89,16.22,16.44,101731,0
20060921,16.3,16.41,16,16.03,91566,0
20060922,15.96,16.03,15.62,15.82,99320,0
20060925,15.82,15.9,15.48,15.58,144654,0
20060926,15.67,16,15.41,15.97,93721,0
20060927,15.83,16.16,15.6,15.9,75496,0
20060928,16.05,16.1,15.88,15.95,23887,0
20060929,15.9,16.05,15.79,15.81,28667,0
20061002,15.94,16.16,15.94,15.95,42748,0
20061003,15.95,16.05,15.58,15.76,48255,0
20061004,15.69,15.82,15.41,15.8,100018,0
20061005,15.69,15.95,15.69,15.87,136790,0
20061006,15.88,16,15.71,15.76,89507,0
20061009,15.8,15.95,15.72,15.78,26608,0
20061010,15.79,16,15.77,15.8,31303,0
20061011,16,16,15.45,15.5,126386,0
20061012,15.46,15.95,15.34,15.89,168000,0
20061013,15.99,16.32,15.91,16.19,72395,0
20061016,16.27,16.4,16.12,16.4,44789,0
20061017,16.24,16.73,15.69,15.69,152138,0
20061018,15.73,16,15.6,15.6,118461,0
20061019,15.59,15.92,15.34,15.42,63997,0
20061020,15.41,15.5,15.32,15.42,25566,0
20061023,15.35,15.67,15.02,15.15,70812,0
20061024,15.01,15.13,14.71,14.8,95074,0
20061025,14.71,14.81,14.35,14.64,292399,0
20061026,14.62,14.8,14.58,14.73,87102,0
20061027,14.65,14.82,14.63,14.63,124130,0
20061030,14.68,14.68,14.25,14.45,139324,0
20061031,14.53,14.57,14.29,14.45,63630,0
20061101,14.59,15.06,14.55,14.75,284364,0
20061102,14.75,14.94,14.51,14.88,115906,0
20061103,14.88,15.04,14.51,14.6,354231,0
20061106,14.68,15.06,14.67,15,213215,0
20061107,13.87,15.05,13.8,14.95,459204,0
20061108,14.91,15.58,14.84,15.14,87806,0
20061109,15.14,15.53,15.13,15.53,103941,0
20061110,15.53,15.53,15.25,15.41,102810,0
20061113,15.45,16.8,15.45,16.3,279192,0
20061114,16.6,16.6,15.92,16.26,359897,0
20061115,16.71,17.56,16.5,16.94,271779,0
20061116,16.95,17.35,16.88,17.25,196379,0
20061117,17.11,17.11,16.55,16.67,76342,0
20061120,16.62,16.91,16.05,16.21,165996,0
20061121,16.16,16.35,16.12,16.32,59714,0
20061122,16.3,16.49,16.2,16.25,34532,0
20061124,16.34,16.58,16.34,16.5,86002,0
20061127,16.5,16.54,15.68,15.94,141205,0
20061128,15.92,16.37,15.79,16.34,162539,0
20061129,16.22,16.75,16.22,16.54,182601,0
20061130,16.47,17.21,16.46,16.93,100145,0
20061201,16.76,16.86,16.45,16.81,179422,0
20061204,16.9,17.4,16.82,17.24,110783,0
20061205,17.21,17.8,17.05,17.8,200740,0
20061206,17.8,19.67,17.63,19.67,399688,0
20061207,19.34,19.62,19.1,19.4,301741,0
20061208,19.35,19.98,19.3,19.73,70319,0
20061211,19.65,19.78,19.31,19.44,150557,0
20061212,19.5,20.47,19.27,20.19,234410,0
20061213,19.45,19.75,19.45,19.63,225660,0
20061214,19.63,19.78,19.5,19.62,188955,0
20061215,19.68,19.72,19.51,19.57,45675,0
20061218,19.51,19.57,19.39,19.5,102918,0
20061219,19.4,20.12,19.39,19.5,72627,0
20061220,19.5,20.14,19.38,19.7,45060,0
20061221,19.72,19.76,19.44,19.76,15324,0
20061222,19.72,19.87,19.63,19.76,19343,0
20061226,19.66,19.96,19.58,19.96,58181,0
20061227,19.91,20.53,19.81,20.53,61000,0
20061228,20.53,21.4,20.53,21.4,108152,0
20061229,21.41,21.82,21,21.15,101823,0
20070103,21.21,21.48,20.29,20.6,119219,0
20070104,20.62,20.62,19.74,19.88,99309,0
20070105,19.84,19.87,18,18.61,370081,0
20070108,18.59,19.37,18.55,19.11,177596,0
20070109,19.19,19.19,18.68,18.79,115070,0
20070110,18.67,18.67,18.46,18.48,69562,0
20070111,18.47,19.38,18.47,19.16,120682,0
20070112,19.05,20.1,18.97,20.09,112665,0
20070116,20.08,20.75,19.97,20.67,99921,0
20070117,20.67,21,20.32,20.6,174679,0
20070118,20.67,20.7,19.54,19.64,141554,0
20070119,19.62,19.7,19.14,19.16,74149,0
20070122,19.3,19.68,19,19,114720,0
20070123,19,20.09,18.85,20,186865,0
20070124,19.97,19.97,19.38,19.74,118687,0
20070125,19.78,20.88,19.73,20.28,247687,0
20070126,20.36,20.89,20.23,20.7,168623,0
20070129,19.47,20.17,19.45,20,114283,0
20070130,20,20.5,20,20.22,81437,0
20070131,20.28,21.04,20.19,20.77,126270,0
20070201,20.89,21.44,20.88,21.24,123288,0
20070202,21.2,21.25,20.72,21.02,508369,0
20070205,21.01,21.1,20.46,20.89,255010,0
20070206,21.3,21.3,19.73,20.01,1019910,0
20070207,20.08,20.5,19.66,20.03,263865,0
20070208,20.07,20.78,20.03,20.58,96159,0
20070209,20.55,21.12,20.45,20.62,115980,0
20070212,20.7,20.7,20.03,20.24,137489,0
20070213,20.29,20.57,20.08,20.21,468926,0
20070214,20.25,20.81,20.04,20.54,136692,0
20070215,20.51,20.54,20.17,20.46,28420,0
20070216,20.41,20.5,20.28,20.49,54140,0
20070220,20.54,21.35,20.42,20.73,172417,0
20070221,20.61,21.13,20.61,20.8,144027,0
20070222,20.82,21.1,20.53,20.9,60640,0
20070223,20.91,21.12,20.68,20.9,90324,0
20070226,21.1,21.1,20.64,20.7,227420,0
20070227,20.52,20.52,19.58,19.91,228659,0
20070228,19.93,20.32,19.17,19.84,218621,0
20070301,19.48,19.77,18.88,19.16,147660,0
20070302,19.22,19.3,18.96,19,111176,0
20070305,19.05,19.68,18.94,19.1,381002,0
20070306,19.32,19.48,19.14,19.35,194920,0
20070307,19.33,19.6,19.26,19.33,65955,0
20070308,19.42,19.71,19.37,19.51,64850,0
20070309,19.61,19.79,19.31,19.54,193527,0
20070312,19.45,19.57,19.29,19.52,53095,0
20070313,19.31,19.48,18.07,18.15,125576,0
20070314,18.2,18.52,17.75,18.03,154889,0
20070315,18.06,18.32,18.04,18.23,119279,0
20070316,18.19,18.75,18.19,18.37,270364,0
20070319,18.59,18.59,18.26,18.31,76144,0
20070320,18.3,18.63,17.75,17.91,124729,0
20070321,17.86,18.49,17.74,18.17,235228,0
20070322,18.27,18.48,17.99,18.09,96064,0
20070323,18.06,18.59,18.03,18.24,76614,0
20070326,18.24,18.24,17.38,17.56,139440,0
20070327,17.56,17.96,17.53,17.68,132922,0
20070328,17.65,17.65,17.39,17.5,78717,0
20070329,17.62,17.63,17.35,17.35,78373,0
20070330,17.39,17.39,16.54,16.64,196890,0
20070402,16.67,17.13,16.62,17.08,664994,0
20070403,17.14,17.6,17.04,17.55,77119,0
20070404,17.55,17.6,17.45,17.56,9926,0
20070405,17.55,17.55,17.21,17.23,28562,0
20070409,17.27,17.31,16.34,16.51,147676,0
20070410,16.56,16.56,15.9,16.11,298575,0
20070411,16.16,16.53,16.16,16.41,90738,0
20070412,16.42,16.65,16.3,16.65,54923,0
20070413,16.61,16.66,16.39,16.45,239183,0
20070416,16.57,17.45,16.45,17.37,172190,0
20070417,17.43,17.95,16.94,17.59,145708,0
20070418,17.57,18.37,17.26,17.82,108519,0
20070419,17.8,18.99,17.77,18.1,146138,0
20070420,18.13,18.25,17.69,17.74,138400,0
20070423,17.77,17.82,17.12,17.35,102187,0
20070424,17.42,17.6,17.28,17.42,61931,0
20070425,17.46,17.46,17.08,17.11,83685,0
20070426,17.17,17.26,16.69,17,216884,0
20070427,17.08,17.24,16.93,17.01,123891,0
20070430,17,17.09,16.78,16.78,151740,0
20070501,16.43,17.93,16.43,17.49,409037,0
20070502,17.49,18.66,17.49,18.56,132023,0
20070503,18.63,18.84,17.95,18.11,110944,0
20070504,18.21,18.47,18.15,18.32,51894,0
20070507,18.29,18.56,18.29,18.56,58068,0
20070508,18.46,19.07,18.4,18.85,98421,0
20070509,18.86,19.55,18.79,18.97,119202,0
20070510,18.85,19,18.33,18.33,58475,0
20070511,18.39,19.91,18.39,19.65,119933,0
20070514,19.65,19.66,19.01,19.17,54618,0
20070515,19.25,19.29,18.46,18.48,43830,0
20070516,18.59,18.7,17.96,18.12,156811,0
20070517,18.13,18.43,18.09,18.13,33132,0
20070518,18.25,18.25,18,18.05,37371,0
20070521,18.1,18.44,18.1,18.18,36434,0
20070522,18.13,18.2,17.96,18.1,35217,0
20070523,18.25,18.25,17.92,17.99,230232,0
20070524,18,18,17.32,17.41,50022,0
20070525,17.54,17.61,17.4,17.5,23899,0
20070529,17.56,17.95,17.5,17.64,78054,0
20070530,17.65,17.97,17.65,17.84,61809,0
20070531,17.85,18.11,17.74,17.83,150764,0
20070601,17.95,18.45,17.82,18.06,65948,0
20070604,17.94,18.11,17.85,17.97,59602,0
20070605,17.91,18.2,17.41,17.53,62362,0
20070606,17.4,17.48,17.15,17.16,40881,0
20070607,17.15,17.28,16.91,16.95,78916,0
20070608,16.91,17.1,16.52,16.85,111239,0
20070611,16.8,16.91,16.48,16.48,78546,0
20070612,16.41,16.87,15.95,15.95,307389,0
20070613,16.07,17.63,15.97,17.04,270682,0
20070614,17.1,17.68,16.79,17.13,123306,0
20070615,17.23,18.34,17.23,17.54,107732,0
20070618,17.49,17.87,17.15,17.46,64991,0
20070619,17.48,18.18,17,18,138556,0
20070620,18.09,18.42,17.99,18.17,141294,0
20070621,18.1,18.64,17.42,18.5,254950,0
20070622,18.4,18.4,17.79,18.28,2185531,0
20070625,18.09,18.45,18,18.13,349913,0
20070626,18.28,18.55,18.02,18.22,154832,0
20070627,17.4,18.29,16.78,18.09,271763,0
20070628,18.03,18.82,17.86,18.69,207623,0
20070629,18.82,19.14,17.87,17.91,190219,0
20070702,18.09,18.22,17.76,17.92,242165,0
20070703,18,18,17.26,17.75,60949,0
20070705,17.75,17.98,17.44,17.84,125842,0
20070706,17.84,18.82,17.42,18.68,131629,0
20070709,18.65,18.65,17.76,17.93,187717,0
20070710,17.8,18.01,17.26,17.42,131668,0
20070711,17.38,17.72,16.63,16.65,169878,0
20070712,16.77,17.46,16.77,17.17,167443,0
20070713,17.09,18.2,16.78,18,172275,0
20070716,18,18.48,17.9,18.03,161796,0
20070717,18.06,18.63,18,18.11,87464,0
20070718,18.03,18.1,17.6,17.8,560525,0
20070719,18.08,18.25,17.63,17.68,277563,0
20070720,17.64,18.01,17.2,17.51,238867,0
20070723,17.63,18.3,17.6,17.88,151318,0
20070724,17.69,17.86,16.74,16.83,128241,0
20070725,16.91,17.18,16.04,16.72,143234,0
20070726,16.45,16.66,15.39,15.81,280586,0
20070727,15.66,15.94,15.29,15.76,211574,0
20070730,15.75,16.42,15.41,16.27,93095,0
20070731,14.57,14.88,14.04,14.36,757045,0
20070801,14.36,14.79,13.58,13.73,547225,0
20070802,13.81,14.03,13.36,13.5,402592,0
20070803,13.51,13.64,12.59,12.68,396057,0
20070806,12.8,12.93,12.19,12.9,934290,0
20070807,12.97,13.01,12.22,12.52,1044198,0
20070808,12.52,14.07,12.51,13.5,612517,0
20070809,13.43,13.49,12.53,12.68,607148,0
20070810,12.44,12.77,12,12.65,431190,0
20070813,12.88,13.16,12.28,12.36,362398,0
20070814,12.38,12.51,11.4,11.78,340214,0
20070815,11.73,11.94,11.29,11.47,272741,0
20070816,11.33,12.4,11.33,12.4,217557,0
20070817,13,14,12.58,13.42,237507,0
20070820,12.62,13.96,12.62,13.87,158369,0
20070821,13.8,14.17,13.32,13.61,150630,0
20070822,13.71,14.3,13.36,13.76,168987,0
20070823,13.78,13.78,13,13.04,93451,0
20070824,13.1,13.21,12.57,13.2,91612,0
20070827,13.19,13.21,12.46,12.51,104221,0
20070828,12.46,12.49,11.83,11.89,112711,0
20070829,11.97,12.28,11.53,12.25,91582,0
20070830,12.09,12.32,11.75,12.19,166171,0
20070831,12.2,13.17,12.09,12.78,193401,0
20070904,12.77,12.99,12.17,12.81,129001,0
20070905,12.65,12.8,12.17,12.34,109956,0
20070906,12.37,12.85,12.25,12.83,83185,0
20070907,12.53,12.93,12.46,12.9,125482,0
20070910,13.03,13.69,13,13.17,230545,0
20070911,13.27,13.37,12.83,13.16,86862,0
20070912,13.04,13.09,12.9,13.06,114812,0
20070913,13.16,13.57,12.98,13.35,66568,0
20070914,13.15,13.41,13.03,13.21,57661,0
20070917,13.21,13.55,12.98,13.43,59594,0
20070918,13.43,14.44,13.3,14.37,153745,0
20070919,14.54,14.94,13.86,14.85,180297,0
20070920,14.84,14.84,14.27,14.46,46430,0
20070921,14.62,15.13,14.31,14.98,140957,0
20070924,14.96,15.36,14.7,14.8,185412,0
20070925,14.68,14.68,13.85,13.99,120468,0
20070926,14.05,14.1,13.77,13.9,119212,0
20070927,13.9,13.94,13.73,13.82,131323,0
20070928,13.88,13.91,13.68,13.82,110516,0
20071001,13.83,14,13.71,13.9,641010,0
20071002,13.99,14.87,13.89,14.86,314755,0
20071003,14.71,14.9,13.9,14,219421,0
20071004,14.1,14.75,14.1,14.14,80304,0
20071005,14.35,14.35,13.71,14.03,380222,0
20071008,14.04,14.49,14,14.46,91835,0
20071009,14.49,14.7,13.94,14.42,214809,0
20071010,14.34,14.62,13.95,14.37,114287,0
20071011,14.46,14.46,13.87,14,165082,0
20071012,13.96,14.04,13.14,13.26,277659,0
20071015,13.27,13.49,12.93,13.14,157147,0
20071016,13.1,13.1,12.66,12.7,368439,0
20071017,12.8,13.03,12.56,12.81,122293,0
20071018,12.71,12.9,12.11,12.45,211291,0
20071019,12.44,12.93,11.92,11.99,157388,0
20071022,11.88,12.42,11.71,12.16,122421,0
20071023,12.26,12.37,11.81,11.89,168451,0
20071024,11.77,12.26,11.29,12.08,238154,0
20071025,11.97,12.17,11.65,11.95,119518,0
20071026,12.2,12.73,11.95,12.63,111138,0
20071029,12.67,12.87,11.95,12.15,114239,0
20071030,12.09,12.18,11.6,11.88,96962,0
20071031,11.99,12.23,11.64,12.14,127753,0
20071101,11.98,12.23,11.03,11.05,189437,0
20071102,11.2,11.2,10.47,10.67,311529,0
20071105,10.45,12.08,10.45,11.22,200971,0
20071106,11.01,11.58,10.6,10.68,299732,0
20071107,10.37,10.64,8.81,10.12,566430,0
20071108,10.46,10.46,9.59,9.71,396874,0
20071109,9.52,10.54,9.33,10.35,525826,0
20071112,10.32,11.05,10,10.5,322797,0
20071113,10.5,11.24,10.5,10.9,283161,0
20071114,11.04,11.3,10.57,10.68,225471,0
20071115,10.59,10.74,10.3,10.55,160418,0
20071116,10.61,10.61,9.96,10.13,190857,0
20071119,9.95,10.24,9.64,9.96,184999,0
20071120,9.94,10.2,9.66,9.9,193114,0
20071121,9.9,10.58,9.85,10.05,165846,0
20071123,10.19,10.57,10.03,10.31,54407,0
20071126,10.31,10.46,9.99,10.01,117635,0
20071127,10.06,10.33,9.97,9.98,137474,0
20071128,10.2,10.72,10,10.62,193415,0
20071129,10.5,11.03,10.5,10.82,133671,0
20071130,11.06,11.19,10.73,10.73,160007,0
20071203,10.79,10.86,10.39,10.39,79767,0
20071204,10.27,10.39,10.09,10.1,173994,0
20071205,10.33,10.36,10.11,10.25,119814,0
20071206,10,10.69,9.99,10.5,282650,0
20071207,10.58,11.07,10.45,10.57,105505,0
20071210,10.62,11.31,10.62,11.25,83577,0
20071211,10.88,10.88,9.52,9.77,428893,0
20071212,10.05,10.09,9.55,9.68,211668,0
20071213,9.51,10,9.48,9.93,230669,0
20071214,9.69,10.08,9.55,9.64,155839,0
20071217,9.51,10.24,9.51,9.74,215024,0
20071218,9.98,10.41,9.59,10.32,165691,0
20071219,10.22,10.39,10.13,10.14,99106,0
20071220,10.33,10.33,9.65,10.06,128513,0
20071221,10.23,10.3,10,10.25,266106,0
20071224,10.36,10.74,10.3,10.66,102038,0
20071226,10.53,10.7,10.45,10.61,173648,0
20071227,10.6,10.69,10.38,10.46,113743,0
20071228,10.67,10.71,9.95,10.02,137766,0
20071231,9.9,10.29,9.5,9.51,184099,0
20080102,9.5,9.69,9.26,9.31,159241,0
20080103,9.32,10.08,9.31,9.86,125220,0
20080104,9.62,9.62,9.02,9.02,163305,0
20080107,9.02,9.44,8.75,9.07,150073,0
20080108,9.17,9.17,8.35,8.42,177268,0
20080109,8.36,8.87,8.05,8.7,313997,0
20080110,8.52,9.37,8.15,8.5,310838,0
20080111,8.49,9.27,8.12,8.95,183869,0
20080114,9.05,9.46,8.73,8.89,145445,0
20080115,8.75,9.62,8.65,8.81,193724,0
20080116,8.72,9.49,8.61,9.25,162959,0
20080117,9.28,9.35,8.53,9.02,161904,0
20080118,8.96,9.31,8.8,9,142392,0
20080122,8.57,9.48,8.42,9.32,184410,0
20080123,9.09,10.81,8.88,10.81,272809,0
20080124,10.83,10.83,9.88,9.98,170211,0
20080125,10.14,10.43,9.49,9.61,142410,0
20080128,9.56,10.05,9.54,9.71,121848,0
20080129,9.75,10.15,9.41,9.92,155427,0
20080130,9.78,10.3,9.55,9.72,104877,0
20080131,9.48,10.09,9.33,9.99,126902,0
20080201,10.09,10.4,9.93,10.15,90826,0
20080204,10.02,10.29,9.96,10.1,136927,0
20080205,9.79,10.2,9.29,9.63,109567,0
20080206,9.76,9.94,9.6,9.65,89574,0
20080207,9.61,9.95,9.4,9.84,74784,0
20080208,10.05,10.05,9.02,9.3,68849,0
20080211,9.2,9.38,8.91,9.15,116671,0
20080212,9.22,9.6,9.1,9.17,77615,0
20080213,9.28,9.43,9.1,9.3,84513,0
20080214,9.46,9.48,8.95,9.17,92170,0
20080215,9.02,9.02,7.75,8.22,330325,0
20080219,8.32,8.49,7.93,8.15,137674,0
20080220,8.09,8.81,7.71,8.72,95839,0
20080221,8.77,8.9,8.15,8.25,74695,0
20080222,8.24,8.48,7.93,8.44,52552,0
20080225,8.39,8.71,8.17,8.64,81979,0
20080226,8.65,9.53,8.65,8.86,137830,0
20080227,9.02,9.24,8.01,8.94,194113,0
20080228,8.07,8.23,7.21,7.78,412175,0
20080229,7.48,7.83,7.27,7.5,250177,0
20080303,7.47,7.5,6.85,7.07,274583,0
20080304,6.93,7.24,6.66,7,143070,0
20080305,6.87,7.72,6.6,7.58,376059,0
20080306,7.48,7.66,6.96,6.96,129843,0
20080307,6.83,7.37,6.78,7.06,135195,0
20080310,7.08,7.36,6.8,6.95,133081,0
20080311,7.15,7.72,6.97,7.25,207618,0
20080312,7.21,7.57,7.04,7.12,94088,0
20080313,6.95,7.3,6.89,7.14,165626,0
20080314,7.19,7.19,6.6,6.81,125697,0
20080317,6.7,6.94,6.29,6.48,192759,0
20080318,6.73,7.28,6.69,6.99,160662,0
20080319,7.02,7.11,6.63,6.64,101980,0
20080320,7.16,7.61,6.64,7.39,378687,0
20080324,7.42,7.97,7.41,7.7,136543,0
20080325,7.68,7.87,7.36,7.78,130384,0
20080326,7.67,7.87,7.42,7.66,76927,0
20080327,7.72,7.72,7.07,7.17,136371,0
20080328,6.98,7.25,6.78,6.89,114168,0
20080331,6.82,7.28,6.68,7.09,173852,0
20080401,7.25,7.5,6.81,7.41,101612,0
20080402,7.37,7.4,7,7.07,202261,0
20080403,6.94,7.49,6.88,7.24,119254,0
20080404,7.3,7.99,7.19,7.31,141206,0
20080407,7.36,7.94,7.25,7.45,136571,0
20080408,7.31,7.7,7.13,7.62,85983,0
20080409,7.63,7.7,7.05,7.07,109939,0
20080410,7.02,7.14,6.83,6.95,105466,0
20080411,6.77,7,6.68,6.75,49323,0
20080414,6.69,6.99,6.6,6.69,51628,0
20080415,6.71,6.93,6.62,6.86,46747,0
20080416,6.95,7.15,6.85,7.05,92992,0
20080417,7.06,7.06,6.74,6.89,37766,0
20080418,7,7.2,6.94,7.02,107623,0
20080421,6.94,7.06,6.79,6.96,75301,0
20080422,6.88,6.91,6.6,6.66,39785,0
20080423,6.72,6.86,6.52,6.66,32809,0
20080424,6.69,7,6.34,6.87,144270,0
20080425,6.96,7.05,6.76,6.94,88900,0
20080428,6.9,7.11,6.45,6.69,63612,0
20080429,6.77,6.91,6.48,6.72,25886,0
20080430,6.82,7.02,6.65,6.65,68613,0
20080501,6.65,7.3,6.65,7,121821,0
20080502,7.1,7.12,6.48,6.82,223007,0
20080505,6.81,7.19,6.8,7.13,157780,0
20080506,7,7.3,6.88,7.25,100545,0
20080507,7.15,7.18,6.85,6.87,132264,0
20080508,6.87,7.47,6.87,7.22,162878,0
20080509,7.13,7.41,6.9,6.93,178401,0
20080512,6.97,7.47,6.9,6.95,125009,0
20080513,7,7.26,6.97,6.97,100924,0
20080514,6.98,7.18,6.97,7.12,131028,0
20080515,7.1,7.65,7.09,7.56,155188,0
20080516,7.62,8.28,7.44,8.25,219633,0
20080519,8.22,8.3,7.74,8.1,180718,0
20080520,8.04,8.45,7.99,8.38,163429,0
20080521,8.41,8.5,8.17,8.37,223341,0
20080522,8.39,8.51,7.91,8.06,153746,0
20080523,8,8.22,7.85,7.85,123251,0
20080527,7.85,8.22,7.85,8.15,104162,0
20080528,8.23,8.24,7.85,7.93,106432,0
20080529,7.91,8.1,7.87,7.99,97213,0
20080530,7.96,7.98,7.8,7.94,147378,0
20080602,8.01,8.19,7.75,7.8,114979,0
20080603,7.92,7.97,7.75,7.81,94056,0
20080604,7.76,8.26,7.75,8.25,115793,0
20080605,8.28,8.55,8.23,8.36,92244,0
20080606,8.24,8.51,7.79,7.86,130693,0
20080609,7.9,8.3,7.9,8.17,158912,0
20080610,8.05,8.52,7.91,8.29,117862,0
20080611,8.25,8.35,7.9,7.99,74538,0
20080612,7.99,8.07,7.8,7.83,148671,0
20080613,7.97,8.13,7.88,8,79096,0
20080616,8.01,8.25,7.85,8.14,113833,0
20080617,8.09,8.2,7.9,7.9,42024,0
20080618,7.85,8.21,7.85,8.1,201344,0
20080619,7.99,8.1,7.82,7.95,265832,0
20080620,7.9,8.1,7.73,7.73,171676,0
20080623,7.77,7.87,7.75,7.78,58310,0
20080624,7.75,8.29,7.75,7.97,74578,0
20080625,7.98,8.48,7.98,8.25,92086,0
20080626,8.03,8.16,7.93,8.03,101466,0
20080627,8.02,8.15,7.75,7.94,1667384,0
20080630,7.97,8.1,7.7,7.72,118234,0
20080701,7.74,8.01,7.65,7.65,92991,0
20080702,7.7,7.8,7.6,7.64,123025,0
20080703,7.65,7.73,7.32,7.6,28925,0
20080707,7.63,7.83,7.52,7.57,118659,0
20080708,7.55,7.76,7.5,7.7,67875,0
20080709,7.7,7.78,7.5,7.5,78766,0
20080710,7.56,7.64,7.48,7.51,53120,0
20080711,7.5,8.12,7.49,7.49,68007,0
20080714,7.66,7.75,7.16,7.21,139126,0
20080715,7.07,7.27,6.77,7.15,63820,0
20080716,7.15,7.73,7.15,7.68,61035,0
20080717,7.64,8.09,7.64,8.09,56842,0
20080718,8,8.03,7.61,7.84,63202,0
20080721,7.99,8.02,7.48,7.53,38944,0
20080722,7.24,8.02,7.15,7.92,119325,0
20080723,7.97,8.54,7.57,8.09,155425,0
20080724,8.16,8.16,7.56,7.74,50289,0
20080725,7.85,8.19,7.71,8.05,43949,0
20080728,7.71,7.77,7.34,7.4,42804,0
20080729,7.42,8.51,7.18,8.26,195870,0
20080730,8.39,8.5,8.18,8.39,97245,0
20080731,8.05,8.45,8.05,8.22,69096,0
20080801,8.28,8.54,8.09,8.52,38211,0
20080804,8.36,8.83,7.89,8.69,213628,0
20080805,8.53,9.25,7.92,8.34,162245,0
20080806,8.34,8.39,8.13,8.18,101653,0
20080807,8.14,8.45,8.07,8.18,67850,0
20080808,8.11,8.77,7.94,8.54,39975,0
20080811,8.49,8.88,8.35,8.39,132613,0
20080812,8.39,8.82,8.35,8.4,134100,0
20080813,8.35,8.61,8.35,8.51,79543,0
20080814,8.41,8.87,8.36,8.75,109963,0
20080815,8.74,9,8.49,8.99,76202,0
20080818,8.99,9.31,8.88,8.97,36097,0
20080819,8.89,9.06,8.79,8.99,26209,0
20080820,8.9,9,8.81,8.9,67087,0
20080821,8.9,9.19,8.87,8.95,42465,0
20080822,8.91,9.09,8.75,8.97,25713,0
20080825,8.96,9.19,8.96,8.99,58048,0
20080826,9.14,9.33,9.01,9.19,109477,0
20080827,9.24,9.43,9.07,9.07,83130,0
20080828,9.21,9.36,8.53,9.2,42776,0
20080829,9.15,9.41,8.99,9.18,37963,0
20080902,9.27,9.27,8.92,9.08,45090,0
20080903,9.09,9.23,8.78,9.09,64370,0
20080904,8.89,9.13,8.87,8.98,41614,0
20080905,8.86,9.05,8.54,8.62,70519,0
20080908,8.75,9.02,8.01,8.51,37342,0
20080909,8.49,8.53,8.09,8.09,27908,0
20080910,8.26,8.42,7.82,8.12,83548,0
20080911,8.07,8.44,7.91,8.21,64860,0
20080912,8.15,8.24,7.84,8.03,36937,0
20080915,7.5,8.08,7.34,7.35,44539,0
20080916,7.28,7.31,6.81,7.16,71624,0
20080917,6.81,7.3,6.34,6.55,82028,0
20080918,6.57,7.85,5.87,7.5,185612,0
20080919,8.75,8.75,7.3,7.82,184249,0
20080922,8.25,8.25,7.9,8,51557,0
20080923,8.25,8.25,7.41,8.22,41370,0
20080924,7.86,8.24,7.86,8.01,8705,0
20080925,8.06,8.4,7.74,8.04,120108,0
20080926,8.5,9,7.7,9,79809,0
20080929,8.56,8.71,7.72,7.72,14978,0
20080930,10.5,10.5,7.38,8.35,43971,0
20081001,8.93,8.93,7.99,8.04,15000,0
20081002,7.71,8.44,7.7,8.44,32489,0
20081003,8.4,8.5,7.71,8.14,41858,0
20081006,8.21,8.21,6.96,7,84433,0
20081007,7.23,7.26,6.1,6.12,49345,0
20081008,6.46,6.46,5.91,5.91,68139,0
20081009,6.03,6.43,5.55,5.55,143027,0
20081010,5.57,5.6,4.6,5.18,115914,0
20081013,5.28,6,5.28,5.52,133817,0
20081014,6.14,6.25,5.78,5.9,70467,0
20081015,5.73,5.73,5.01,5.01,6470,0
20081016,5.19,5.19,4.73,4.98,64826,0
20081017,5.37,6.01,5.03,5.17,21669,0
20081020,5.17,5.82,5.17,5.44,52624,0
20081021,5.31,5.45,5.05,5.25,53586,0
20081022,5.3,5.34,5.17,5.3,47058,0
20081023,5.3,5.35,4.99,5.27,90018,0
20081024,5,5.9,5,5.3,37817,0
20081027,5.29,5.68,5.29,5.4,33107,0
20081028,5.68,5.7,5.14,5.64,52340,0
20081029,5.73,6.93,5.5,6.22,162483,0
20081030,6.33,6.64,5.8,6.21,38055,0
20081031,6.34,7.07,5.76,7.07,78070,0
20081103,6.88,6.96,6.44,6.8,50785,0
20081104,6.65,6.72,5.79,6.58,30380,0
20081105,6.5,6.5,5.54,5.61,40069,0
20081106,5.46,5.55,5.12,5.21,399426,0
20081107,5.24,5.67,5.17,5.62,146355,0
20081110,5.88,6.03,5.5,5.55,26687,0
20081111,5.5,5.74,5.4,5.57,74441,0
20081112,5.38,5.64,5.37,5.4,56304,0
20081113,5.01,5.62,5.01,5.59,42721,0
20081114,5.45,5.65,5.41,5.5,32077,0
20081117,5.35,5.77,5.35,5.57,34098,0
20081118,5.45,5.68,5.36,5.5,70567,0
20081119,5.42,5.56,4.81,5.17,62253,0
20081120,5.02,5.58,4.8,5.06,81986,0
20081121,5.12,5.19,4.7,4.91,100371,0
20081124,4.98,5.5,4.73,5.5,67609,0
20081125,5.52,5.74,5.08,5.3,33158,0
20081126,5.13,5.7,5.13,5.6,26808,0
20081128,5.51,5.86,5.28,5.81,9500,0
20081201,5.57,5.76,5.44,5.6,35261,0
20081202,5.64,6.47,5.56,6.32,32180,0
20081203,6.58,6.58,5.97,6.24,16732,0
20081204,6.11,6.11,5.86,6,13476,0
20081205,5.86,6.33,5.79,6,78809,0
20081208,6.03,7.23,6.03,6.77,39006,0
20081209,6.67,7.27,6.48,6.93,31705,0
20081210,6.73,7.41,6.01,6.75,16071,0
20081211,6.75,7.25,6.67,7,49818,0
20081212,6.5,7.39,6.5,6.92,24813,0
20081215,7.48,7.48,6.54,6.89,20542,0
20081216,7.09,7.1,6.76,6.88,57057,0
20081217,6.68,7.09,6.68,7.03,27817,0
20081218,7.25,7.25,6.75,7.01,44188,0
20081219,7.24,7.24,6.18,6.7,85263,0
20081222,6.8,6.92,6.33,6.92,40896,0
20081223,6.92,6.95,6.61,6.75,47528,0
20081224,6.77,6.89,6,6.75,29390,0
20081226,6.85,6.85,6,6.13,10769,0
20081229,6.2,6.24,5.89,6.2,41957,0
20081230,6.2,6.47,5.74,6.35,80274,0
20081231,5.99,6.62,5.99,6.36,16657,0
20090102,6.63,6.89,6.33,6.8,21596,0
20090105,6.89,6.95,6.7,6.7,29428,0
20090106,6.7,6.89,6.25,6.6,27027,0
20090107,6.32,6.58,6.1,6.27,46872,0
20090108,6.35,6.52,6.15,6.47,46762,0
20090109,6.27,6.58,6.27,6.4,50215,0
20090112,6.23,6.43,5.67,5.75,38924,0
20090113,5.68,6.18,5.59,6.07,46022,0
20090114,6.46,6.46,5.89,6,26025,0
20090115,5.99,6.34,5.9,6.25,65596,0
20090116,6.19,6.29,6.12,6.23,47601,0
20090120,6.25,6.28,5.74,5.74,20087,0
20090121,5.75,5.8,5.58,5.7,63855,0
20090122,5.5,5.66,5.5,5.57,65196,0
20090123,5.37,5.97,5.17,5.45,44427,0
20090126,5.4,5.54,5.24,5.35,29106,0
20090127,5.48,5.48,5.38,5.44,18128,0
20090128,5.5,6.49,5.49,6,59004,0
20090129,6.05,6.05,5.85,5.91,28598,0
20090130,5.99,5.99,5.75,5.75,15179,0
20090202,5.58,5.91,5.52,5.82,48791,0
20090203,5.88,5.95,5.64,5.65,21166,0
20090204,5.57,6.15,5.57,6,47311,0
20090205,6.05,6.34,6.05,6.25,18344,0
20090206,6.43,6.43,6.04,6.25,39567,0
20090209,6.33,6.47,5.86,5.99,26230,0
20090210,6,6.1,5.73,5.81,36736,0
20090211,5.7,6.22,5.62,5.65,25904,0
20090212,5.48,5.98,5.48,5.64,34582,0
20090213,5.64,5.74,5.4,5.42,26235,0
20090217,5.4,5.52,5.18,5.45,33724,0
20090218,5.25,5.57,5.15,5.15,42098,0
20090219,5.23,5.23,4.62,4.69,77930,0
20090220,4.75,4.75,4.41,4.45,47194,0
20090223,4.89,4.89,4.32,4.35,18407,0
20090224,4.51,4.57,4.31,4.31,46138,0
20090225,4.34,4.64,3.66,4.43,23006,0
20090226,4.37,4.59,4.27,4.31,31113,0
20090227,4.31,4.31,3.97,4.02,169215,0
20090302,4.13,4.19,3.95,3.97,25135,0
20090303,3.96,3.96,3.67,3.67,61894,0
20090304,3.81,3.92,3.7,3.87,33516,0
20090305,3.81,4,3.72,3.75,41086,0
20090306,3.69,3.8,3.69,3.74,20562,0
20090309,3.65,3.95,3.54,3.59,17637,0
20090310,3.9,4.3,3.57,4.26,45304,0
20090311,4.2,4.33,4.16,4.33,25358,0
20090312,4.28,4.94,4.21,4.91,39452,0
20090313,4.82,5,4.82,4.93,21723,0
20090316,5,5.1,4.9,4.98,19882,0
20090317,4.91,5.07,4.9,5,37614,0
20090318,5.13,5.41,5.09,5.2,32149,0
20090319,5.25,5.25,4.95,4.95,31153,0
20090320,5.16,5.16,4.94,5.05,24673,0
20090323,5.22,5.81,5.2,5.61,51446,0
20090324,5.71,5.71,5.3,5.6,45142,0
20090325,5.51,5.8,5.51,5.62,41018,0
20090326,5.74,5.75,5.5,5.56,46739,0
20090327,5.4,5.81,5.39,5.6,28058,0
20090330,5.37,5.62,5.07,5.07,27035,0
20090331,5.07,5.07,4.62,4.87,40625,0
20090401,4.75,4.89,4.57,4.69,20444,0
20090402,4.75,4.92,4.68,4.87,16804,0
20090403,4.76,5.01,4.7,4.88,24829,0
20090406,4.73,4.96,4.73,4.75,5145,0
20090407,4.8,4.9,4.34,4.9,25289,0
20090408,4.57,4.73,4.34,4.55,67961,0
20090409,4.51,4.98,4.51,4.83,52620,0
20090413,4.79,5.1,4.75,4.9,41555,0
20090414,5.02,6.24,5.02,5.6,77482,0
20090415,5.63,5.63,5.03,5.58,41150,0
20090416,5.74,5.74,5.16,5.61,51508,0
20090417,5.51,5.8,5.51,5.68,21542,0
20090420,5.6,5.6,5.26,5.32,21345,0
20090421,5.43,5.43,5.17,5.38,25441,0
20090422,5.17,5.75,5.17,5.42,34108,0
20090423,5.48,5.74,5.14,5.53,29723,0
20090424,5.46,5.74,5.2,5.2,55392,0
20090427,5.27,5.36,5.01,5.22,27617,0
20090428,5.15,5.59,4.78,5.16,93657,0
20090429,5.2,5.75,4.99,5.71,23872,0
20090430,5.61,5.8,5.49,5.77,32822,0
20090501,5.8,6.08,5.65,5.78,44252,0
20090504,5.93,6.6,5.84,6.17,63302,0
20090505,6.22,6.47,5.89,6,49077,0
20090506,5.98,6.15,5.91,6.12,52427,0
20090507,5.51,6,5.5,5.93,52438,0
20090508,5.84,6,5.76,5.87,31615,0
20090511,5.95,5.95,5.35,5.49,44195,0
20090512,5.62,5.73,5,5.31,29909,0
20090513,5.37,5.37,5.15,5.17,22980,0
20090514,5.33,5.66,5.06,5.2,295069,0
20090515,5.2,5.35,5.17,5.25,39346,0
20090518,5.42,5.42,4.95,5.14,76445,0
20090519,5.29,5.32,4.88,4.97,43530,0
20090520,4.96,5.24,4.96,5.03,38614,0
20090521,5.07,5.1,4.92,4.97,13028,0
20090522,5,5,4.76,4.79,14101,0
20090526,4.75,4.83,4.4,4.75,228824,0
20090527,4.41,4.94,4.41,4.61,69783,0
20090528,4.57,4.9,4.57,4.67,85605,0
20090529,4.77,5.25,4.7,5.2,181360,0
20090601,5.1,5.56,4.56,4.8,228827,0
20090602,4.88,4.92,4.65,4.8,84377,0
20090603,4.78,5,4.78,4.84,68457,0
20090604,5.5,7,5.49,6.59,2245442,0
20090605,6.71,7.75,6.71,7.33,1123949,0
20090608,7.33,7.33,6.78,7.22,488408,0
20090609,7.18,7.25,7.08,7.12,274385,0
20090610,7.18,7.48,7.15,7.25,273138,0
20090611,7.33,7.94,7.3,7.89,434803,0
20090612,7.71,8.75,7.71,8.52,434534,0
20090615,7.91,8.21,7.62,8.05,165800,0
20090616,8.23,8.46,7.81,8.05,128825,0
20090617,8.05,8.14,7.8,7.93,58160,0
20090618,7.86,8.26,7.7,8.16,91684,0
20090619,8.18,8.29,8.07,8.27,159306,0
20090622,8.06,8.1,7.73,7.89,81273,0
20090623,7.79,7.93,7.63,7.82,116187,0
20090624,7.99,8.31,7.89,8.2,67772,0
20090625,8.22,8.3,8.01,8.3,61647,0
20090626,8.36,8.53,8.2,8.42,49717,0
20090629,8.56,8.64,8.15,8.52,40608,0
20090630,8.48,8.51,8.27,8.35,50221,0
20090701,8.3,8.81,8.27,8.69,70940,0
20090702,8.72,8.72,8.15,8.19,98513,0
20090706,8.14,8.14,7.95,8.07,19860,0
20090707,8.21,8.21,7.79,7.96,75559,0
20090708,7.9,8,7.26,7.62,126689,0
20090709,7.6,7.74,7.55,7.68,17592,0
20090710,7.62,7.74,7.5,7.65,14091,0
20090713,7.53,7.94,7.53,7.72,33787,0
20090714,7.81,7.81,7.24,7.35,88205,0
20090715,7.5,7.57,7.44,7.52,50869,0
20090716,7.38,7.47,7.32,7.38,8973,0
20090717,7.32,7.65,7.21,7.58,26470,0
20090720,7.62,7.75,7.43,7.58,14547,0
20090721,7.61,7.61,7.32,7.44,7542,0
20090722,7.35,7.9,7.3,7.34,117410,0
20090723,7.27,7.73,7.27,7.4,72626,0
20090724,7.41,7.52,7.4,7.45,16120,0
20090727,7.39,7.45,7.3,7.35,30158,0
20090728,7.44,7.44,7.21,7.3,41124,0
20090729,7.2,7.27,7.07,7.18,69273,0
20090730,7.25,7.42,7.19,7.19,40959,0
20090731,7.5,7.5,7.2,7.36,10920,0
20090803,7.42,7.5,7.23,7.3,22331,0
20090804,7.19,7.5,7.11,7.37,21288,0
20090805,7.4,8.01,7.2,8.01,21689,0
20090806,8,8.43,6.8,7.15,123202,0
20090807,7.32,7.33,6.84,7.16,331051,0
20090810,7.16,7.16,6.7,6.95,182008,0
20090811,6.91,6.91,6.36,6.65,108910,0
20090812,6.63,6.72,6.52,6.68,104884,0
20090813,6.61,6.79,6.54,6.61,80494,0
20090814,6.6,6.8,6.37,6.56,89455,0
20090817,6.46,6.62,6.33,6.44,89584,0
20090818,6.5,6.63,6.4,6.42,34586,0
20090819,6.45,6.47,6.4,6.42,12279,0
20090820,6.33,6.55,6.33,6.53,16548,0
20090821,6.56,6.64,6.44,6.46,57456,0
20090824,6.5,6.72,6.25,6.6,70087,0
20090825,6.62,6.76,6.5,6.64,11506,0
20090826,6.67,6.71,6.55,6.7,24393,0
20090827,6.7,6.78,6.56,6.6,62514,0
20090828,6.75,6.75,6.57,6.59,47009,0
20090831,6.59,6.7,6.47,6.5,98089,0
20090901,6.5,6.5,6.23,6.3,63325,0
20090902,6.22,6.33,6.19,6.19,21791,0
20090903,6.27,6.47,6.24,6.47,7352,0
20090904,6.37,6.49,6.3,6.49,19092,0
20090908,6.46,6.55,6.44,6.54,25300,0
20090909,6.43,6.63,6.35,6.51,30936,0
20090910,6.45,6.56,6.45,6.54,125520,0
20090911,6.65,6.67,6.49,6.49,56034,0
20090914,6.53,6.85,6.47,6.65,94783,0
20090915,6.71,6.77,6.6,6.68,102188,0
20090916,6.69,7.07,6.68,6.92,170889,0
20090917,6.88,7.07,6.69,6.8,105656,0
20090918,6.84,6.84,6.65,6.75,60753,0
20090921,6.71,6.77,6.55,6.59,97056,0
20090922,6.63,6.75,6.47,6.73,165859,0
20090923,6.75,7.1,6.75,7.05,147298,0
20090924,7.04,7.1,6.84,6.98,106920,0
20090925,6.9,7.38,6.88,7.27,80255,0
20090928,7.37,7.59,7.13,7.35,47009,0
20090929,7.36,7.53,7.25,7.5,57516,0
20090930,7.33,7.35,7.06,7.12,41178,0
20091001,7.03,7.09,6.88,7,65465,0
20091002,6.93,7.16,6.93,7.13,102612,0
20091005,7.15,7.15,6.92,7.01,17962,0
20091006,7.01,7.08,6.98,7,48035,0
20091007,7.06,7.1,6.97,7.02,15893,0
20091008,7.02,7.04,6.97,6.99,24879,0
20091009,7,7.17,6.99,7.1,46901,0
20091012,7.06,7.15,7.01,7.08,20089,0
20091013,7.11,7.11,7.02,7.09,7042,0
20091014,7.18,7.33,7.07,7.24,53658,0
20091015,7.23,7.59,7.19,7.55,88933,0
20091016,7.53,7.75,7.48,7.74,49914,0
20091019,7.63,8,7.36,7.86,33496,0
20091020,7.86,7.86,7.73,7.77,64920,0
20091021,7.67,7.91,7.67,7.8,88711,0
20091022,7.79,7.79,7.54,7.55,144488,0
20091023,7.76,7.76,7.36,7.42,27271,0
20091026,7.38,7.5,7.34,7.44,34204,0
20091027,7.47,7.5,7.41,7.49,19387,0
20091028,7.39,7.48,7.35,7.4,60390,0
20091029,7.47,7.7,7.15,7.61,80155,0
20091030,7.62,7.68,7.51,7.55,109087,0
20091102,6.45,7.3,6.45,7.3,37520,0
20091103,7.35,9,7.35,7.9,1297124,0
20091104,7.9,7.9,6.53,7.34,188357,0
20091105,7.36,7.79,7.34,7.38,157440,0
20091106,7.33,7.33,6.73,6.8,88146,0
20091109,6.86,7.18,6.72,6.9,119898,0
20091110,6.9,7.26,6.75,6.8,79578,0
20091111,6.88,6.95,6.75,6.81,24822,0
20091112,6.82,7,6.72,6.75,70634,0
20091113,6.75,6.75,6.29,6.68,73087,0
20091116,6.8,6.9,6.67,6.81,76040,0
20091117,6.81,6.84,6.7,6.79,290857,0
20091118,6.77,6.84,6.62,6.69,121199,0
20091119,6.66,6.92,6.51,6.61,96157,0
20091120,6.61,6.69,6.37,6.6,229962,0
20091123,6.68,6.88,6.68,6.87,191987,0
20091124,6.86,6.96,6.67,6.72,75139,0
20091125,6.71,6.77,6.61,6.67,131384,0
20091127,6.49,6.57,6.37,6.37,48215,0
20091130,6.39,6.61,6.08,6.59,141399,0
20091201,6.79,6.8,6.27,6.46,78583,0
20091202,6.4,6.55,6.28,6.39,78547,0
20091203,6.4,6.4,6.25,6.3,66471,0
20091204,6.39,6.53,6.21,6.32,127774,0
20091207,6.34,6.46,6.24,6.33,63486,0
20091208,6.15,6.32,5.93,6.29,122111,0
20091209,6.24,6.24,5.63,5.84,228489,0
20091210,5.73,5.81,5.47,5.74,198372,0
20091211,5.76,5.83,5.44,5.65,127944,0
20091214,5.56,5.73,5.15,5.22,263913,0
20091215,5,5.2,4.94,5,5571307,0
20091216,5.12,5.37,5,5.35,1173001,0
20091217,5.25,5.34,5.11,5.33,396922,0
20091218,5.34,5.54,5.25,5.52,576828,0
20091221,5.53,5.64,5.2,5.54,601390,0
20091222,5.53,5.55,5.31,5.52,260769,0
20091223,5.53,5.64,5.47,5.62,271259,0
20091224,5.57,5.89,5.56,5.8,215186,0
20091228,5.87,5.95,5.77,5.88,204877,0
20091229,5.89,5.95,5.72,5.92,337159,0
20091230,5.86,5.95,5.78,5.91,189404,0
20091231,5.91,6,5.91,5.92,257675,0
20100104,6.01,6.02,5.85,5.97,374248,0
20100105,5.93,5.99,5.86,5.93,145662,0
20100106,5.87,5.95,5.86,5.94,227955,0
20100107,5.9,5.91,5.76,5.88,131932,0
20100108,5.84,5.88,5.78,5.81,129257,0
20100111,5.85,5.89,5.66,5.69,155996,0
20100112,5.66,5.77,5.51,5.56,224888,0
20100113,5.55,5.57,5.45,5.54,107425,0
20100114,5.49,5.63,5.49,5.55,161093,0
20100115,5.52,5.55,5.35,5.41,136312,0
20100119,5.37,5.49,5.37,5.48,137389,0
20100120,5.42,5.44,5.35,5.4,152603,0
20100121,5.39,5.41,5.27,5.3,192638,0
20100122,5.3,5.3,5.14,5.17,263395,0
20100125,5.12,5.22,5.11,5.15,117814,0
20100126,5.15,5.24,5.05,5.12,556359,0
20100127,5.1,5.26,5.1,5.23,239830,0
20100128,5.25,5.4,5.05,5.14,538560,0
20100129,5.15,5.22,4.95,4.95,831410,0
20100201,4.98,5.22,4.88,5.22,243772,0
20100202,5.24,5.29,5.1,5.15,192620,0
20100203,5.15,5.22,5,5,75622,0
20100204,4.84,5,4.84,4.89,181824,0
20100205,4.9,4.94,4.87,4.92,150804,0
20100208,4.95,5.19,4.9,4.91,91422,0
20100209,4.97,5.03,4.84,4.89,100220,0
20100210,4.89,5.15,4.85,5.14,173624,0
20100211,5.14,5.15,4.95,4.99,104043,0
20100212,4.97,5.1,4.94,5.07,141096,0
20100216,5.1,5.1,4.99,5.05,99514,0
20100217,5.05,5.09,4.98,5.05,414627,0
20100218,5.05,5.3,5.02,5.15,403165,0
20100219,5.16,5.16,5.07,5.09,109626,0
20100222,5.1,5.19,5.06,5.15,127443,0
20100223,5.16,5.16,5.03,5.06,202470,0
20100224,5.06,5.06,4.99,5.01,83394,0
20100225,4.99,5.26,4.99,5.23,950839,0
20100226,5.26,5.65,5.26,5.44,494125,0
20100301,5.48,5.63,5.38,5.5,235239,0
20100302,5.57,5.57,4.97,5.22,1226253,0
20100303,5.26,5.31,5.08,5.1,775234,0
20100304,5.15,5.3,5.01,5.2,1047329,0
20100305,5.22,5.43,5.2,5.4,617117,0
20100308,5.5,5.71,5.41,5.69,735019,0
20100309,5.7,5.81,5.64,5.75,603503,0
20100310,5.72,5.76,5.6,5.66,451802,0
20100311,5.62,5.7,5.6,5.7,311841,0
20100312,5.7,5.7,5.58,5.64,400163,0
20100315,5.6,5.65,5.47,5.52,296760,0
20100316,5.56,5.56,5.45,5.51,277301,0
20100317,5.53,5.57,5.5,5.53,175082,0
20100318,5.52,5.55,5.4,5.48,160160,0
20100319,5.51,5.51,5.3,5.41,203108,0
20100322,5.36,5.39,5.29,5.33,144639,0
20100323,5.35,5.37,5.29,5.36,208213,0
20100324,5.35,5.37,5.24,5.29,378448,0
20100325,5.29,5.53,5.29,5.46,1508273,0
20100326,5.5,5.67,5.34,5.67,921659,0
20100329,5.7,5.79,5.58,5.73,493029,0
20100330,5.76,5.77,5.59,5.74,267652,0
20100331,5.7,5.73,5.57,5.66,328010,0
20100401,5.66,5.68,5.47,5.53,217980,0
20100405,5.54,5.68,5.54,5.66,265496,0
20100406,5.63,5.77,5.6,5.75,218489,0
20100407,5.72,5.74,5.63,5.65,107662,0
20100408,5.61,6.02,5.61,5.93,913371,0
20100409,5.93,5.95,5.81,5.85,208530,0
20100412,5.88,5.88,5.68,5.7,553345,0
20100413,5.64,5.64,5.41,5.44,590654,0
20100414,5.48,5.69,5.48,5.68,341677,0
20100415,5.66,5.83,5.65,5.75,197774,0
20100416,5.76,5.83,5.52,5.68,255676,0
20100419,5.64,5.72,5.57,5.62,248047,0
20100420,5.62,5.75,5.59,5.68,139785,0
20100421,5.71,5.71,5.56,5.59,62397,0
20100422,5.56,5.56,5.44,5.5,74031,0
20100423,5.5,5.65,5.5,5.64,131751,0
20100426,5.68,5.89,5.64,5.69,263037,0
20100427,5.66,5.71,5.41,5.42,176639,0
20100428,5.45,5.54,5.33,5.39,230402,0
20100429,5.4,5.45,5.36,5.41,103849,0
20100430,5.37,5.53,5.36,5.4,259604,0
20100503,5.41,5.59,5.35,5.56,127715,0
20100504,5.46,5.58,5.37,5.38,278779,0
20100505,5.35,5.52,5.29,5.5,267294,0
20100506,5.47,5.48,4.85,4.98,536335,0
20100507,5.01,5.05,4.75,4.75,431928,0
20100510,4.99,5.07,4.91,5.05,201999,0
20100511,4.95,5.1,4.9,5.04,139400,0
20100512,5.05,5.08,4.55,4.98,697275,0
20100513,4.95,4.99,4.84,4.99,464404,0
20100514,4.95,4.96,4.85,4.9,368966,0
20100517,4.81,4.85,4.6,4.69,445981,0
20100518,4.7,4.85,4.66,4.72,253552,0
20100519,4.7,4.81,4.52,4.74,270192,0
20100520,4.65,4.75,4.37,4.44,480694,0
20100521,4.36,4.63,4.36,4.57,150110,0
20100524,4.62,4.7,4.51,4.54,179289,0
20100525,4.5,4.67,4.41,4.66,179309,0
20100526,4.75,4.9,4.69,4.77,370627,0
20100527,4.83,4.85,4.7,4.84,237417,0
20100528,4.84,4.85,4.7,4.74,138399,0
20100601,4.67,4.72,4.51,4.51,107019,0
20100602,4.58,4.8,4.53,4.8,89903,0
20100603,4.77,4.95,4.76,4.8,104684,0
20100604,4.74,4.8,4.5,4.51,167044,0
20100607,4.51,4.58,4.2,4.22,166624,0
20100608,4.2,4.22,3.87,3.99,346773,0
20100609,4.01,4.57,3.9,4.06,270684,0
20100610,4.13,4.26,4.05,4.25,171143,0
20100611,4.22,4.37,4.18,4.28,97665,0
20100614,4.28,4.45,4.28,4.35,127313,0
20100615,4.36,4.43,4.35,4.43,78507,0
20100616,4.37,4.44,4.25,4.25,119804,0
20100617,4.26,4.36,4.21,4.26,45037,0
20100618,4.29,4.43,4.21,4.33,179875,0
20100621,4.4,4.48,4.34,4.44,244882,0
20100622,4.47,4.54,4.38,4.4,342934,0
20100623,4.36,4.41,4.3,4.36,84683,0
20100624,4.37,4.4,4.07,4.2,286087,0
20100625,4.22,4.65,4.19,4.58,3062680,0
20100628,4.54,4.64,4.46,4.49,204930,0
20100629,4.42,4.48,4.03,4.13,400635,0
20100630,4.13,4.25,4.05,4.1,190956,0
20100701,4.06,4.13,3.84,3.99,228495,0
20100702,4.02,4.02,3.79,3.87,115126,0
20100706,3.92,4.04,3.78,3.79,145082,0
20100707,3.81,4.02,3.76,4.02,181270,0
20100708,4.04,4.17,3.85,3.91,221488,0
20100709,3.92,4.15,3.87,4.15,147694,0
20100712,3.94,4.09,3.92,4,167851,0
20100713,4,4.38,4,4.37,153317,0
20100714,4.37,4.38,4.07,4.11,124361,0
20100715,4.13,4.23,3.92,4.08,115239,0
20100716,4.04,4.1,3.89,3.9,178952,0
20100719,3.92,3.97,3.76,3.79,249998,0
20100720,3.74,3.81,3.6,3.77,352196,0
20100721,3.8,3.8,3.61,3.67,193070,0
20100722,3.73,4.01,3.66,3.95,814802,0
20100723,3.94,4.47,3.91,4.34,289184,0
20100726,4.38,4.49,4.26,4.45,171845,0
20100727,4.48,4.51,4.39,4.44,135322,0
20100728,4.42,4.49,4.24,4.24,105576,0
20100729,4.28,4.3,4.12,4.21,231180,0
20100730,4.16,4.2,4.1,4.16,119278,0
20100802,4.26,4.36,4.22,4.26,112887,0
20100803,4.26,4.39,4.23,4.31,61398,0
20100804,4.35,4.4,4.32,4.35,59253,0
20100805,4.31,4.37,4.27,4.28,74494,0
20100806,4.26,4.32,4.05,4.19,83850,0
20100809,4.19,4.19,4.06,4.13,98599,0
20100810,4.1,4.14,4.01,4.02,227401,0
20100811,3.92,4.02,3.87,3.89,234148,0
20100812,3.81,4.04,3.8,3.94,188738,0
20100813,3.92,4.19,3.89,3.89,110636,0
20100816,3.81,3.86,3.51,3.7,414486,0
20100817,3.71,3.88,3.59,3.85,177372,0
20100818,3.81,3.81,3.68,3.77,163725,0
20100819,3.75,3.76,3.55,3.62,209845,0
20100820,3.62,3.66,3.46,3.65,197138,0
20100823,3.68,3.68,3.54,3.61,277105,0
20100824,3.55,3.56,3.48,3.49,138267,0
20100825,3.47,3.58,3.43,3.58,91111,0
20100826,3.58,3.75,3.55,3.66,281254,0
20100827,3.71,3.78,3.63,3.75,165800,0
20100830,3.74,3.82,3.49,3.5,178705,0
20100831,3.51,3.51,3.41,3.41,137703,0
20100901,3.5,3.66,3.36,3.65,116116,0
20100902,3.63,3.7,3.6,3.68,104243,0
20100903,3.71,3.86,3.7,3.79,154495,0
20100907,3.79,3.8,3.55,3.56,79587,0
20100908,3.58,3.66,3.48,3.49,83805,0
20100909,3.55,3.55,3.4,3.44,170579,0
20100910,3.45,3.57,3.41,3.57,124530,0
20100913,3.6,3.61,3.52,3.57,122629,0
20100914,3.55,3.56,3.4,3.4,144411,0
20100915,3.37,3.46,3.24,3.39,314239,0
20100916,3.38,3.38,3.21,3.26,203663,0
20100917,3.31,3.32,3.23,3.26,130625,0
20100920,3.26,3.39,3.19,3.39,165850,0
20100921,3.39,3.41,3.19,3.2,198782,0
20100922,3.18,3.25,3.08,3.11,159493,0
20100923,3.08,3.16,2.99,3.03,183751,0
20100924,3.08,3.26,3.08,3.23,277947,0
20100927,3.25,3.3,3.23,3.26,271413,0
20100928,3.29,3.35,3.21,3.33,295997,0
20100929,3.33,3.39,3.26,3.37,310519,0
20100930,3.41,3.42,3.25,3.29,208858,0
20101001,3.34,3.38,3.25,3.38,125165,0
20101004,3.38,3.38,3.3,3.31,193806,0
20101005,3.36,3.5,3.27,3.48,257177,0
20101006,3.48,3.49,3.43,3.47,87493,0
20101007,3.5,3.5,3.37,3.37,65994,0
20101008,3.39,3.63,3.39,3.58,141507,0
20101011,3.62,3.74,3.58,3.67,177501,0
20101012,3.66,3.67,3.62,3.64,103061,0
20101013,3.65,3.75,3.64,3.71,114163,0
20101014,3.7,3.7,3.47,3.54,140715,0
20101015,3.6,3.6,3.42,3.51,138243,0
20101018,3.51,3.51,3.37,3.43,122043,0
20101019,3.37,3.44,3.32,3.43,110585,0
20101020,3.46,3.49,3.33,3.48,83164,0
20101021,3.49,3.49,3.42,3.45,101634,0
20101022,3.46,3.5,3.44,3.5,97566,0
20101025,3.5,3.58,3.5,3.51,154242,0
20101026,3.5,3.53,3.45,3.47,113175,0
20101027,3.43,3.5,3.32,3.38,117115,0
20101028,3.43,3.47,3.35,3.44,82741,0
20101029,3.41,3.55,3.33,3.5,188007,0
20101101,3.51,3.58,3.45,3.54,368516,0
20101102,3.6,3.77,3.57,3.72,306366,0
20101103,3.73,3.8,3.7,3.8,152949,0
20101104,3.87,4.11,3.8,4.1,267819,0
20101105,4.12,4.23,4.09,4.21,240272,0
20101108,4.24,4.27,4.16,4.25,84695,0
20101109,4.28,4.46,4.18,4.19,225354,0
20101110,4.22,4.26,4.14,4.2,122960,0
20101111,4.14,4.26,4.02,4.21,106091,0
20101112,4.21,4.38,4.2,4.32,119294,0
20101115,4.3,4.42,4.18,4.2,260089,0
20101116,4.17,4.18,3.93,4.04,205387,0
20101117,3.96,4.07,3.91,4.01,101483,0
20101118,4.09,4.15,4.01,4.03,138319,0
20101119,4.01,4.01,3.9,3.93,127590,0
20101122,3.91,3.93,3.7,3.78,151418,0
20101123,3.72,4,3.69,4,221255,0
20101124,4.03,4.08,3.96,4.01,156795,0
20101126,3.97,3.99,3.91,3.99,23568,0
20101129,3.95,4.13,3.94,4.08,103015,0
20101130,4.03,4.13,4,4.08,113368,0
20101201,4.13,4.39,4.11,4.23,312209,0
20101202,4.25,4.34,4.2,4.34,109646,0
20101203,4.28,4.61,4.28,4.61,494524,0
20101206,4.59,4.7,4.43,4.46,306399,0
20101207,4.51,4.7,4.5,4.57,285673,0
20101208,4.61,4.74,4.59,4.66,101157,0
20101209,4.72,4.76,4.62,4.75,120998,0
20101210,4.76,4.9,4.69,4.85,137587,0
20101213,4.89,4.98,4.81,4.84,172398,0
20101214,4.87,4.88,4.82,4.85,95185,0
20101215,4.85,4.9,4.77,4.84,131593,0
20101216,4.86,4.95,4.8,4.93,186848,0
20101217,4.95,4.95,4.76,4.82,203965,0
20101220,4.82,4.86,4.79,4.82,121828,0
20101221,4.83,4.83,4.75,4.79,154228,0
20101222,4.79,4.9,4.64,4.85,122417,0
20101223,4.84,4.84,4.65,4.71,78477,0
20101227,4.71,4.8,4.63,4.74,116735,0
20101228,4.75,4.86,4.72,4.81,108828,0
20101229,4.81,4.92,4.64,4.85,129480,0
20101230,4.86,5.04,4.82,4.83,213685,0
20101231,4.83,4.86,4.65,4.69,232951,0
20110103,4.75,4.91,4.75,4.9,106112,0
20110104,4.92,4.95,4.71,4.73,122722,0
20110105,4.72,4.79,4.67,4.78,72744,0
20110106,4.76,4.9,4.69,4.89,80835,0
20110107,4.91,4.91,4.77,4.83,58656,0
20110110,4.68,4.82,4.68,4.8,50459,0
20110111,4.81,4.82,4.69,4.72,61268,0
20110112,4.78,4.84,4.75,4.8,47402,0
20110113,4.68,4.8,4.6,4.66,68606,0
20110114,4.66,4.9,4.66,4.9,88450,0
20110118,4.9,5.02,4.85,4.99,136377,0
20110119,4.97,4.97,4.61,4.61,143697,0
20110120,4.56,4.65,4.43,4.53,109036,0
20110121,4.58,4.77,4.58,4.59,72483,0
20110124,4.62,4.63,4.52,4.54,47209,0
20110125,4.52,4.63,4.52,4.61,68292,0
20110126,4.64,4.69,4.58,4.69,150883,0
20110127,4.69,4.77,4.63,4.76,100435,0
20110128,4.77,4.77,4.44,4.5,128390,0
20110131,4.52,4.56,4.41,4.53,99300,0
20110201,4.56,4.6,4.49,4.51,115259,0
20110202,4.5,4.52,4.46,4.47,87788,0
20110203,4.48,4.5,4.35,4.39,206272,0
20110204,4.36,4.48,4.18,4.26,138642,0
20110207,4.24,4.27,4.1,4.16,298293,0
20110208,4.13,4.16,4.1,4.16,141513,0
20110209,4.13,4.3,4.02,4.17,110986,0
20110210,4.12,4.26,4.12,4.22,67781,0
20110211,4.2,4.39,4.15,4.39,77826,0
20110214,4.37,4.54,4.37,4.5,72966,0
20110215,4.49,4.63,4.49,4.62,150781,0
20110216,4.65,4.74,4.57,4.72,109649,0
20110218,4.4,4.42,4.25,4.3,627606,0
20110222,4.27,4.36,4.26,4.3,394501,0
20110223,4.31,4.37,4.29,4.32,760092,0
20110224,4.33,4.33,4.26,4.3,543269,0
20110225,4.31,4.31,4.27,4.31,194798,0
20110228,4.27,4.34,4.23,4.28,520533,0
20110301,4.28,4.37,4.19,4.21,503347,0
20110302,4.17,4.2,4.12,4.15,162466,0
20110303,4.19,4.21,4.15,4.2,267001,0
20110304,4.2,4.25,4.05,4.09,347457,0
20110307,4.08,4.11,4,4.02,392237,0
20110308,4.02,4.16,4,4.15,228415,0
20110309,4.1,4.16,4.06,4.16,228801,0
20110310,4.08,4.1,4.05,4.08,337049,0
20110311,4.06,4.09,4.01,4.09,673396,0
20110314,4.04,4.08,4.02,4.07,252832,0
20110315,3.98,4.01,3.91,3.97,547989,0
20110316,3.95,3.97,3.77,3.8,378006,0
20110317,3.88,4.01,3.81,3.97,544992,0
20110318,4.01,4.13,3.97,4,664785,0
20110321,4.04,4.06,3.94,3.95,254055,0
20110322,3.8,3.97,3.8,3.82,266297,0
20110323,3.82,3.95,3.74,3.92,312180,0
20110324,3.97,4.08,3.9,4.04,262984,0
20110325,4.07,4.18,4.02,4.11,528835,0
20110328,4.15,4.18,4.08,4.08,460516,0
20110329,4.1,4.17,4.06,4.13,294900,0
20110330,4.14,4.17,4.06,4.08,231153,0
20110331,4.05,4.09,3.95,4.01,228511,0
20110401,4.04,4.07,3.96,4.03,259073,0
20110404,4.05,4.16,4.05,4.12,382732,0
20110405,4.13,4.16,4.08,4.12,244146,0
20110406,4.13,4.16,4.1,4.13,230957,0
20110407,4.14,4.16,4.07,4.07,349953,0
20110408,4.11,4.11,4.03,4.04,241335,0
20110411,4.05,4.13,4.04,4.07,276890,0
20110412,4.06,4.19,4.05,4.15,781556,0
20110413,4.2,4.31,4.14,4.31,1440006,0
20110414,4.28,4.34,4.25,4.27,854747,0
20110415,4.25,4.32,4.19,4.22,367185,0
20110418,4.16,4.2,4.1,4.13,303958,0
20110419,4.16,4.16,4.04,4.05,259706,0
20110420,4.12,4.12,4.05,4.11,189166,0
20110421,4.17,4.21,4.1,4.21,334731,0
20110425,4.17,4.22,4.11,4.16,343070,0
20110426,4.19,4.19,4.11,4.12,245031,0
20110427,4.11,4.16,4.1,4.14,494026,0
20110428,4.12,4.22,4.11,4.17,386376,0
20110429,4.18,4.2,4.12,4.16,193581,0
20110502,4.15,4.2,4.1,4.12,413914,0
20110503,4.12,4.13,3.99,4.01,298790,0
20110504,4.02,4.03,3.95,4,282645,0
20110505,3.97,4,3.86,3.9,303569,0
20110506,3.97,4.09,3.9,4.03,325306,0
20110509,4,4.1,4,4.05,167770,0
20110510,4.05,4.08,4.01,4.06,163618,0
20110511,4.06,4.06,4,4.03,226426,0
20110512,4.02,4.05,3.99,4.04,180044,0
20110513,4.03,4.04,3.96,3.97,161484,0
20110516,3.94,3.96,3.81,3.81,336715,0
20110517,3.81,3.91,3.8,3.89,331542,0
20110518,3.89,3.94,3.88,3.91,184906,0
20110519,3.94,3.98,3.86,3.93,170975,0
20110520,3.9,4.11,3.9,4.07,442202,0
20110523,4.36,4.42,4.1,4.1,2123273,0
20110524,4.1,4.11,4.05,4.07,369694,0
20110525,4.06,4.13,4.05,4.07,644543,0
20110526,4.07,4.12,4.05,4.12,231463,0
20110527,4.15,4.16,4.1,4.14,149157,0
20110531,4.19,4.19,4.07,4.12,279460,0
20110601,4.12,4.2,4.01,4.04,1347578,0
20110602,4.04,4.12,4,4.07,157501,0
20110603,4.01,4.09,4.01,4.02,221296,0
20110606,4.03,4.03,3.92,3.95,590306,0
20110607,3.99,3.99,3.9,3.95,250806,0
20110608,3.93,3.93,3.86,3.86,405284,0
20110609,3.87,3.96,3.81,3.92,360275,0
20110610,3.87,3.89,3.74,3.8,482464,0
20110613,3.5,3.74,3.47,3.6,2472962,0
20110614,3.65,3.72,3.62,3.68,894276,0
20110615,3.63,3.67,3.41,3.47,1392073,0
20110616,3.49,3.65,3.49,3.56,1045702,0
20110617,3.6,3.75,3.54,3.65,1048764,0
20110620,3.65,3.76,3.57,3.75,1022658,0
20110621,3.78,3.8,3.66,3.79,434034,0
20110622,3.74,3.79,3.65,3.68,652342,0
20110623,3.63,3.7,3.55,3.66,485146,0
20110624,3.67,3.83,3.56,3.8,2808198,0
20110627,3.76,3.88,3.73,3.84,467251,0
20110628,3.87,3.87,3.8,3.82,311203,0
20110629,3.82,3.91,3.78,3.85,409902,0
20110630,3.85,3.89,3.76,3.76,455866,0
20110701,3.78,3.95,3.76,3.94,706673,0
20110705,3.96,4.06,3.92,3.96,720728,0
20110706,3.95,3.97,3.83,3.86,367033,0
20110707,3.9,3.94,3.77,3.78,500022,0
20110708,3.79,3.8,3.73,3.78,422929,0
20110711,3.82,4.03,3.73,3.85,534363,0
20110712,3.81,3.85,3.76,3.76,399777,0
20110713,3.78,3.87,3.75,3.83,558417,0
20110714,3.83,3.86,3.77,3.86,328238,0
20110715,3.85,4.03,3.81,4,456847,0
20110718,4,4,3.83,3.86,359500,0
20110719,3.88,3.96,3.81,3.95,249840,0
20110720,3.93,3.99,3.92,3.98,199853,0
20110721,4,4.18,3.98,4.15,314144,0
20110722,4.15,4.28,4.1,4.21,383164,0
20110725,4.17,4.21,4.09,4.11,613248,0
20110726,4.13,4.13,4,4.01,443671,0
20110727,4.01,4.04,3.97,3.99,496641,0
20110728,3.98,4.08,3.98,4.06,160577,0
20110729,4.01,4.06,3.91,3.95,582595,0
20110801,3.99,4,3.92,3.98,154373,0
20110802,3.95,3.98,3.84,3.84,213779,0
20110803,3.85,4.05,3.81,3.91,199052,0
20110804,3.88,3.9,3.77,3.82,696254,0
20110805,3.87,3.9,3.64,3.77,1768393,0
20110808,3.65,3.8,3.47,3.49,986635,0
20110809,3.57,3.71,3.27,3.71,823492,0
20110810,3.5,3.73,3.33,3.35,722147,0
20110811,3.33,3.47,3.24,3.39,562892,0
20110812,3.4,3.55,3.24,3.26,316325,0
20110815,3.31,3.54,3.27,3.53,412199,0
20110816,3.43,3.52,3.42,3.44,511477,0
20110817,3.45,3.54,3.41,3.49,287551,0
20110818,3.39,3.42,3.17,3.23,867118,0
20110819,3.24,3.42,3.12,3.25,428510,0
20110822,3.34,3.4,3.21,3.23,335325,0
20110823,3.27,3.38,3.22,3.3,416331,0
20110824,3.29,3.4,3.27,3.35,305739,0
20110825,3.33,3.4,3.3,3.31,337811,0
20110826,3.28,3.36,3.18,3.32,342410,0
20110829,3.38,3.49,3.32,3.46,739921,0
20110830,3.37,3.5,3.37,3.48,616499,0
20110831,3.49,3.53,3.45,3.48,528863,0
20110901,3.49,3.56,3.32,3.41,726413,0
20110902,3.35,3.35,3.15,3.21,402125,0
20110906,3.17,3.21,3.1,3.15,290076,0
20110907,3.23,3.28,3.19,3.26,571973,0
20110908,3.22,3.27,3.08,3.1,579239,0
20110909,3.1,3.23,3.06,3.15,670781,0
20110912,3.08,3.14,3.05,3.11,320864,0
20110913,3.14,3.32,3.12,3.28,508201,0
20110914,3.32,3.32,3.23,3.28,497617,0
20110915,3.31,3.34,3.22,3.3,235779,0
20110916,3.29,3.3,3.11,3.27,685949,0
20110919,3.2,3.24,3.06,3.13,114513,0
20110920,3.14,3.19,3.05,3.05,398692,0
20110921,3.05,3.12,2.96,2.96,464953,0
20110922,2.85,2.96,2.75,2.82,551922,0
20110923,2.81,2.89,2.75,2.83,353013,0
20110926,2.88,2.94,2.81,2.93,150945,0
20110927,2.99,3.04,2.84,2.9,332732,0
20110928,2.91,2.98,2.59,2.67,677058,0
20110929,2.59,2.75,2.57,2.72,535028,0
20110930,2.67,2.73,2.56,2.71,739658,0
20111003,2.69,2.71,2.55,2.55,506400,0
20111004,2.54,2.78,2.32,2.74,520330,0
20111005,2.73,2.75,2.58,2.63,321333,0
20111006,2.62,2.77,2.58,2.73,641614,0
20111007,2.74,2.85,2.65,2.73,624767,0
20111010,2.77,2.92,2.76,2.9,220295,0
20111011,2.84,2.93,2.77,2.89,400306,0
20111012,2.91,2.98,2.88,2.96,388483,0
20111013,2.93,2.96,2.81,2.95,212563,0
20111014,2.99,3,2.91,2.95,301788,0
20111017,2.92,2.96,2.71,2.72,214506,0
20111018,2.75,2.86,2.72,2.79,410872,0
20111019,2.79,2.82,2.67,2.69,403420,0
20111020,2.71,2.76,2.69,2.75,168966,0
20111021,2.75,2.89,2.7,2.8,295307,0
20111024,2.79,2.87,2.73,2.77,320845,0
20111025,2.73,2.75,2.6,2.62,284902,0
20111026,2.72,2.73,2.57,2.66,223359,0
20111027,2.7,2.82,2.69,2.76,824600,0
20111028,2.85,2.85,2.71,2.78,468887,0
20111031,2.74,2.81,2.68,2.72,329512,0
20111101,2.61,2.7,2.52,2.68,302544,0
20111102,2.73,2.75,2.67,2.75,304697,0
20111103,2.79,2.84,2.74,2.79,453820,0
20111104,2.57,2.76,2.57,2.7,252436,0
20111107,2.7,2.76,2.69,2.7,273500,0
20111108,2.73,2.86,2.71,2.85,552305,0
20111109,2.77,2.77,2.63,2.63,562478,0
20111110,2.68,2.84,2.6,2.64,457510,0
20111111,2.65,2.78,2.62,2.7,457261,0
20111114,2.68,2.74,2.64,2.65,540669,0
20111115,2.63,2.74,2.58,2.62,712834,0
20111116,2.59,2.68,2.5,2.5,649011,0
20111117,2.51,2.55,2.46,2.49,421800,0
20111118,2.55,2.55,2.46,2.48,830535,0
20111121,2.58,2.58,2.43,2.5,419232,0
20111122,2.5,2.51,2.46,2.47,421394,0
20111123,2.45,2.58,2.4,2.41,302917,0
20111125,2.47,2.5,2.39,2.41,177546,0
20111128,2.52,2.52,2.41,2.5,514946,0
20111129,2.51,2.54,2.42,2.48,373231,0
20111130,2.58,2.59,2.43,2.46,2450956,0
20111201,2.47,2.55,2.45,2.49,532955,0
20111202,2.53,2.72,2.5,2.6,594322,0
20111205,2.64,2.75,2.64,2.7,505706,0
20111206,2.7,2.75,2.68,2.72,341253,0
20111207,2.68,2.79,2.68,2.76,433420,0
20111208,2.72,2.74,2.62,2.62,344451,0
20111209,2.63,2.71,2.63,2.69,548750,0
20111212,2.65,2.65,2.58,2.63,311969,0
20111213,2.66,2.7,2.57,2.59,416169,0
20111214,2.58,2.6,2.5,2.59,559215,0
20111215,2.63,2.64,2.49,2.56,373225,0
20111216,2.59,2.63,2.49,2.5,371201,0
20111219,2.57,2.57,2.44,2.44,269234,0
20111220,2.56,2.56,2.44,2.47,439505,0
20111221,2.46,2.5,2.43,2.45,478160,0
20111222,2.47,2.61,2.45,2.57,687218,0
20111223,2.57,2.61,2.5,2.52,423356,0
20111227,2.52,2.58,2.48,2.51,457972,0
20111228,2.5,2.59,2.5,2.57,272404,0
20111229,2.57,2.65,2.54,2.57,281984,0
20111230,2.56,2.61,2.54,2.59,454712,0
20120103,2.75,2.75,2.53,2.62,437594,0
20120104,2.61,2.67,2.58,2.59,222699,0
20120105,2.58,2.66,2.57,2.59,116008,0
20120106,2.57,2.71,2.57,2.7,742446,0
20120109,2.78,2.8,2.69,2.77,400514,0
20120110,2.8,2.86,2.77,2.85,291570,0
20120111,2.85,2.91,2.75,2.82,262632,0
20120112,2.85,2.85,2.78,2.84,54902,0
20120113,2.8,2.8,2.65,2.69,207567,0
20120117,2.71,2.83,2.68,2.7,410601,0
20120118,2.7,2.8,2.57,2.79,230238,0
20120119,2.8,2.93,2.73,2.77,114315,0
20120120,2.77,2.82,2.67,2.81,214434,0
20120123,2.79,2.8,2.68,2.74,163465,0
20120124,2.72,2.8,2.67,2.79,104904,0
20120125,2.8,2.84,2.74,2.79,255908,0
20120126,2.78,2.83,2.77,2.77,213770,0
20120127,2.75,2.78,2.73,2.77,109732,0
20120130,2.75,2.75,2.68,2.7,152555,0
20120131,2.71,2.72,2.68,2.7,422714,0
20120201,2.72,2.82,2.69,2.82,331898,0
20120202,2.83,2.83,2.72,2.8,248712,0
20120203,2.83,2.91,2.82,2.9,281298,0
20120206,2.95,2.96,2.84,2.9,109385,0
20120207,2.9,2.9,2.83,2.86,125933,0
20120208,2.87,2.9,2.82,2.87,180560,0
20120209,2.88,2.9,2.85,2.85,130534,0
20120210,2.84,2.84,2.76,2.77,137006,0
20120213,2.79,2.85,2.75,2.83,204927,0
20120214,2.81,2.84,2.71,2.74,1313174,0
20120215,2.75,2.76,2.71,2.73,217544,0
20120216,2.7,2.79,2.68,2.79,804132,0
20120217,2.84,2.84,2.76,2.78,130850,0
20120221,2.79,2.79,2.75,2.77,86238,0
20120222,2.76,2.78,2.73,2.73,173872,0
20120223,2.73,2.84,2.7,2.83,280465,0
20120224,2.86,2.89,2.82,2.86,207508,0
20120227,2.86,2.98,2.85,2.86,254613,0
20120228,2.89,2.93,2.82,2.86,267437,0
20120229,2.87,2.91,2.8,2.8,223254,0
20120301,2.83,2.9,2.8,2.88,302319,0
20120302,2.86,2.89,2.75,2.76,294485,0
20120305,2.75,2.78,2.71,2.76,160259,0
20120306,2.72,2.72,2.65,2.65,274407,0
20120307,2.71,2.71,2.64,2.67,436204,0
20120308,2.7,2.75,2.66,2.7,121441,0
20120309,2.66,2.72,2.63,2.7,235482,0
20120312,2.72,2.73,2.65,2.67,169721,0
20120313,2.69,2.76,2.67,2.74,363572,0
20120314,2.75,2.87,2.68,2.72,262196,0
20120315,2.69,2.8,2.66,2.75,254458,0
20120316,2.77,2.79,2.68,2.71,580194,0
20120319,2.71,2.83,2.7,2.76,149896,0
20120320,2.75,2.8,2.72,2.75,114062,0
20120321,2.77,2.82,2.74,2.77,177365,0
20120322,2.74,2.81,2.74,2.8,200461,0
20120323,2.8,2.85,2.75,2.85,144006,0
20120326,2.89,2.95,2.87,2.9,229722,0
20120327,2.87,2.91,2.85,2.86,247051,0
20120328,2.86,2.86,2.8,2.84,119888,0
20120329,2.81,2.84,2.69,2.69,391229,0
20120330,2.72,2.74,2.69,2.71,507877,0
20120402,2.7,2.76,2.67,2.76,470140,0
20120403,2.74,2.85,2.71,2.74,333843,0
20120404,2.72,2.73,2.69,2.7,270727,0
20120405,2.68,2.7,2.63,2.66,237608,0
20120409,2.6,2.61,2.56,2.59,423391,0
20120410,2.59,2.6,2.5,2.5,375008,0
20120411,2.53,2.56,2.48,2.5,270904,0
20120412,2.5,2.55,2.5,2.54,219248,0
20120413,2.52,2.55,2.47,2.5,181356,0
20120416,2.52,2.52,2.49,2.52,107784,0
20120417,2.53,2.55,2.48,2.53,315503,0
20120418,2.51,2.52,2.49,2.49,230576,0
20120419,2.5,2.52,2.49,2.51,348378,0
20120420,2.6,2.6,2.48,2.5,352304,0
20120423,2.48,2.55,2.45,2.48,295236,0
20120424,2.48,2.53,2.48,2.5,149999,0
20120425,2.53,2.53,2.49,2.52,158681,0
20120426,2.5,2.58,2.48,2.56,201238,0
20120427,2.57,2.59,2.51,2.56,251312,0
20120430,2.55,2.57,2.51,2.53,166191,0
20120501,2.52,2.55,2.48,2.5,222943,0
20120502,2.47,2.51,2.47,2.49,166583,0
20120503,2.48,2.49,2.41,2.44,270704,0
20120504,2.42,2.51,2.38,2.45,691752,0
20120507,2.46,2.52,2.41,2.47,278452,0
20120508,2.45,2.57,2.45,2.53,278629,0
20120509,2.5,2.52,2.46,2.47,528363,0
20120510,2.49,2.51,2.45,2.47,462734,0
20120511,2.44,2.54,2.44,2.48,378515,0
20120514,2.46,2.5,2.43,2.43,405819,0
20120515,2.45,2.56,2.41,2.42,314857,0
20120516,2.44,2.46,2.39,2.39,180806,0
20120517,2.41,2.41,2.35,2.35,413237,0
20120518,2.34,2.41,2.33,2.34,603140,0
20120521,2.36,2.4,2.28,2.35,478432,0
20120522,2.36,2.42,2.32,2.32,204610,0
20120523,2.3,2.39,2.24,2.38,403987,0
20120524,2.38,2.45,2.36,2.39,383177,0
20120525,2.38,2.44,2.38,2.39,194167,0
20120529,2.39,2.44,2.39,2.43,159738,0
20120530,2.42,2.49,2.4,2.43,347091,0
20120531,2.44,2.56,2.41,2.54,378172,0
20120601,2.49,2.57,2.48,2.49,247406,0
20120604,2.49,2.49,2.29,2.33,464045,0
20120605,2.31,2.38,2.3,2.35,280685,0
20120606,2.39,2.51,2.35,2.44,215561,0
20120607,2.49,2.49,2.41,2.44,266361,0
20120608,2.42,2.5,2.37,2.5,243141,0
20120611,2.52,2.58,2.51,2.54,364013,0
20120612,2.54,2.6,2.53,2.6,462279,0
20120613,2.58,2.66,2.57,2.62,362627,0
20120614,2.63,2.75,2.56,2.67,437339,0
20120615,2.65,2.67,2.59,2.62,473132,0
20120618,2.6,2.67,2.58,2.59,198823,0
20120619,2.59,2.65,2.54,2.61,190633,0
20120620,2.62,2.69,2.58,2.65,193397,0
20120621,2.64,2.67,2.55,2.56,238586,0
20120622,2.58,2.69,2.58,2.6,2993165,0
20120625,2.57,2.59,2.5,2.53,143032,0
20120626,2.52,2.57,2.52,2.56,95181,0
20120627,2.52,2.64,2.52,2.63,112877,0
20120628,2.6,2.6,2.52,2.58,123272,0
20120629,2.64,2.66,2.6,2.66,347343,0
20120702,2.65,2.67,2.58,2.67,326309,0
20120703,2.67,2.7,2.65,2.69,178865,0
20120705,2.68,2.73,2.67,2.69,208760,0
20120706,2.66,2.71,2.65,2.68,148656,0
20120709,2.66,2.67,2.62,2.66,100282,0
20120710,2.67,2.7,2.62,2.65,207421,0
20120711,2.65,2.71,2.61,2.66,297492,0
20120712,2.65,2.68,2.6,2.67,193077,0
20120713,2.67,2.81,2.6601,2.76,273395,0
20120716,2.76,2.79,2.74,2.76,114000,0
20120717,2.78,2.8,2.76,2.79,123121,0
20120718,2.79,2.86,2.75,2.79,198872,0
20120719,2.79,2.81,2.74,2.75,110243,0
20120720,2.73,2.75,2.63,2.66,221946,0
20120723,2.61,2.63,2.53,2.55,133435,0
20120724,2.56,2.5699,2.42,2.44,150569,0
20120725,2.47,2.47,2.42,2.45,173314,0
20120726,2.48,2.48,2.35,2.4,215638,0
20120727,2.4,2.52,2.35,2.495,247949,0
20120730,2.51,2.53,2.48,2.5,161206,0
20120731,2.51,2.56,2.49,2.5,329012,0
20120801,2.52,2.52,2.33,2.34,277976,0
20120802,2.35,2.4,2.29,2.36,279068,0
20120803,2.26,2.51,2.26,2.48,283762,0
20120806,2.49,2.5101,2.29,2.48,344318,0
20120807,2.5,2.55,2.4,2.49,347805,0
20120808,2.48,2.56,2.48,2.51,119488,0
20120809,2.52,2.5594,2.45,2.54,136236,0
20120810,2.54,2.6,2.5,2.55,208293,0
20120813,2.54,2.57,2.46,2.53,233082,0
20120814,2.55,2.6,2.51,2.52,144769,0
20120815,2.5,2.54,2.49,2.53,151946,0
20120816,2.53,2.56,2.51,2.54,124796,0
20120817,2.53,2.58,2.49,2.55,214971,0
20120820,2.54,2.64,2.51,2.6,403085,0
20120821,2.6,2.72,2.6,2.63,255247,0
20120822,2.63,2.64,2.61,2.62,94992,0
20120823,2.62,2.68,2.61,2.62,157160,0
20120824,2.61,2.65,2.6,2.64,187273,0
20120827,2.64,2.68,2.6,2.61,245855,0
20120828,2.6,2.67,2.6,2.62,302404,0
20120829,2.63,2.66,2.61,2.65,431272,0
20120830,2.64,2.65,2.59,2.595,154811,0
20120831,2.62,2.64,2.58,2.61,157441,0
20120904,2.6,2.68,2.59,2.64,515733,0
20120905,2.67,2.71,2.61,2.67,428348,0
20120906,2.68,2.84,2.64,2.8,694630,0
20120907,2.83,2.83,2.72,2.74,347699,0
20120910,2.75,2.8,2.62,2.7,399781,0
20120911,2.71,2.75,2.71,2.72,345616,0
20120912,2.74,2.75,2.6688,2.7,156114,0
20120913,2.71,2.85,2.68,2.79,512464,0
20120914,2.82,2.92,2.7,2.9,482783,0
20120917,2.87,2.89,2.71,2.88,229800,0
20120918,2.88,2.9399,2.81,2.87,147531,0
20120919,2.89,2.92,2.8401,2.9,206478,0
20120920,2.89,2.91,2.79,2.86,216843,0
20120921,2.91,2.93,2.85,2.9,514944,0
20120924,2.87,2.95,2.83,2.89,246443,0
20120925,2.92,2.95,2.78,2.79,280144,0
20120926,2.79,2.84,2.74,2.78,157931,0
20120927,2.78,2.8,2.76,2.78,223461,0
20120928,2.75,2.76,2.69,2.705,237429,0
20121001,2.73,2.89,2.72,2.8,203645,0
20121002,2.8,2.91,2.76,2.8,162039,0
20121003,2.8,2.81,2.74,2.75,89546,0
20121004,2.77,2.84,2.72,2.78,119693,0
20121005,2.78,2.83,2.72,2.73,98025,0
20121008,2.71,2.74,2.6701,2.72,69897,0
20121009,2.73,2.75,2.68,2.69,68466,0
20121010,2.68,2.78,2.63,2.68,90805,0
20121011,2.71,2.76,2.67,2.7,99064,0
20121012,2.69,2.72,2.63,2.66,107037,0
20121015,2.68,2.73,2.64,2.69,124079,0
20121016,2.72,2.74,2.69,2.7,115294,0
20121017,2.71,2.74,2.68,2.73,108915,0
20121018,2.74,2.77,2.63,2.645,176661,0
20121019,2.61,2.69,2.52,2.56,248297,0
20121022,2.55,2.59,2.46,2.51,125737,0
20121023,2.49,2.53,2.46,2.52,109320,0
20121024,2.53,2.59,2.45,2.48,74823,0
20121025,2.51,2.57,2.49,2.55,84902,0
20121026,2.56,2.56,2.47,2.5,130445,0
20121031,2.49,2.54,2.48,2.54,105544,0
20121101,2.55,2.67,2.55,2.59,230871,0
20121102,2.59,2.595,2.45,2.47,146643,0
20121105,2.5,2.58,2.49,2.56,247481,0
20121106,2.58,2.59,2.5292,2.57,56722,0
20121107,2.53,2.53,2.39,2.5,192745,0
20121108,2.45,2.54,2.27,2.33,440888,0
20121109,2.33,2.39,2.31,2.34,199396,0
20121112,2.34,2.44,2.33,2.37,133592,0
20121113,2.3213,2.375,2.32,2.34,213671,0
20121114,2.34,2.35,2.25,2.3,363478,0
20121115,2.31,2.34,2.24,2.24,129225,0
20121116,2.23,2.24,2.16,2.19,351700,0
20121119,2.22,2.26,2.16,2.26,250127,0
20121120,2.24,2.27,2.21,2.23,182565,0
20121121,2.25,2.29,2.22,2.25,96357,0
20121123,2.27,2.29,2.23,2.25,99745,0
20121126,2.2,2.26,2.2,2.25,156861,0
20121127,2.25,2.3,2.24,2.24,67553,0
20121128,2.25,2.27,2.21,2.23,139374,0
20121129,2.24,2.27,2.22,2.24,433851,0
20121130,2.24,2.38,2.22,2.32,526816,0
20121203,2.33,2.355,2.23,2.23,312077,0
20121204,2.25,2.3,2.23,2.26,166506,0
20121205,2.22,2.29,2.21,2.24,266340,0
20121206,2.23,2.25,2.2201,2.25,326186,0
20121207,2.28,2.32,2.24,2.3,451133,0
20121210,2.3,2.35,2.3,2.3301,353652,0
20121211,2.37,2.41,2.35,2.39,184078,0
20121212,2.39,2.39,2.31,2.31,139583,0
20121213,2.32,2.37,2.22,2.34,155189,0
20121214,2.33,2.36,2.26,2.29,1274976,0
20121217,2.29,2.49,2.29,2.45,498310,0
20121218,2.45,2.55,2.444,2.4801,311265,0
20121219,2.475,2.475,2.41,2.43,237518,0
20121220,2.42,2.52,2.42,2.51,648659,0
20121221,2.49,2.49,2.42,2.42,598158,0
20121224,2.41,2.43,2.37,2.42,70364,0
20121226,2.44,2.44,2.35,2.3897,199140,0
20121227,2.4,2.43,2.35,2.42,210965,0
20121228,2.4,2.46,2.37,2.37,121696,0
20121231,2.39,2.46,2.34,2.45,206650,0
20130102,2.45,2.55,2.45,2.49,522892,0
20130103,2.5,2.55,2.5,2.54,333222,0
20130104,2.55,2.57,2.42,2.5,517033,0
20130107,2.47,2.56,2.47,2.48,385833,0
20130108,2.5,2.5,2.44,2.47,196578,0
20130109,2.48,2.53,2.44,2.52,190105,0
20130110,2.54,2.549,2.48,2.49,139833,0
20130111,2.5,2.5,2.46,2.48,76244,0
20130114,2.46,2.49,2.425,2.48,402770,0
20130115,2.43,2.47,2.42,2.45,286215,0
20130116,2.44,2.47,2.42,2.42,150350,0
20130117,2.44,2.46,2.4,2.45,177196,0
20130118,2.45,2.49,2.42,2.49,394241,0
20130122,2.5,2.63,2.49,2.59,472118,0
20130123,2.59,2.63,2.57,2.62,778119,0
20130124,2.67,2.6897,2.6,2.66,475113,0
20130125,2.66,2.66,2.61,2.66,207844,0
20130128,2.67,2.68,2.6,2.64,398023,0
20130129,2.64,2.69,2.63,2.65,387007,0
20130130,2.67,2.69,2.65,2.67,401287,0
20130131,2.68,2.68,2.65,2.66,294129,0
20130201,2.65,2.69,2.65,2.69,1889366,0
20130204,2.67,2.73,2.65,2.68,604632,0
20130205,2.69,2.73,2.69,2.71,250098,0
20130206,2.7,2.74,2.68,2.74,888827,0
20130207,2.75,2.86,2.73,2.77,1066570,0
20130208,2.76,2.8,2.75,2.77,118211,0
20130211,2.76,2.79,2.74,2.76,216987,0
20130212,2.75,2.85,2.75,2.81,251226,0
20130213,2.81,2.8799,2.8,2.82,427355,0
20130214,2.8,2.88,2.8,2.83,328888,0
20130215,2.87,2.9,2.79,2.82,413476,0
20130219,2.83,2.83,2.75,2.81,265959,0
20130220,2.8,2.85,2.77,2.79,550797,0
20130221,2.8,2.8,2.65,2.68,266867,0
20130222,2.69,2.71,2.65,2.71,210400,0
20130225,2.73,2.73,2.645,2.65,317940,0
20130226,2.66,2.69,2.65,2.68,274536,0
20130227,2.67,2.71,2.655,2.67,251862,0
20130228,2.66,2.7,2.6,2.61,395893,0
20130301,2.6,2.7,2.485,2.5,541244,0
20130304,2.49,2.62,2.47,2.51,446044,0
20130305,2.55,2.63,2.53,2.58,507540,0
20130306,2.6,2.68,2.58,2.63,219948,0
20130307,2.6,2.6503,2.6,2.65,132936,0
20130308,2.7,2.83,2.67,2.7,838380,0
20130311,2.68,2.68,2.65,2.66,363107,0
20130312,2.62,2.82,2.62,2.8,509187,0
20130313,2.84,2.88,2.8,2.82,358500,0
20130314,2.83,2.89,2.76,2.87,451672,0
20130315,2.9,2.95,2.87,2.9,583758,0
20130318,2.88,2.92,2.85,2.88,164056,0
20130319,2.88,2.89,2.8,2.81,173007,0
20130320,2.84,2.84,2.75,2.77,176275,0
20130321,2.74,2.8,2.7,2.73,198924,0
20130322,2.73,2.8,2.7,2.8,187175,0
20130325,2.8,2.8,2.7,2.71,165573,0
20130326,2.71,2.78,2.69,2.71,110977,0
20130327,2.7,2.78,2.7,2.77,867331,0
20130328,2.79,2.85,2.76,2.82,400046,0
20130401,2.84,2.89,2.66,2.73,246923,0
20130402,2.77,2.77,2.62,2.7,434135,0
20130403,2.7,2.71,2.63,2.63,407836,0
20130404,2.65,2.7,2.6094,2.69,285766,0
20130405,2.65,2.79,2.65,2.76,307098,0
20130408,2.78,2.78,2.74,2.75,274691,0
20130409,2.75,2.85,2.745,2.77,291975,0
20130410,2.77,2.8,2.74,2.77,325063,0
20130411,2.76,2.79,2.64,2.67,240107,0
20130412,2.76,2.76,2.62,2.69,223032,0
20130415,2.66,2.7,2.5,2.59,426827,0
20130416,2.63,2.66,2.53,2.59,281963,0
20130417,2.57,2.65,2.48,2.54,337125,0
20130418,2.55,2.55,2.45,2.5,190070,0
20130419,2.5,2.52,2.49,2.52,175740,0
20130422,2.52,2.52,2.46,2.51,190127,0
20130423,2.55,2.57,2.51,2.57,196948,0
20130424,2.56,2.58,2.5,2.58,114751,0
20130425,2.58,2.6,2.55,2.59,173094,0
20130426,2.59,2.59,2.5,2.5,424541,0
20130429,2.51,2.54,2.47,2.51,493683,0
20130430,2.52,2.59,2.51,2.56,431700,0
20130501,2.56,2.58,2.46,2.49,502361,0
20130502,2.5,2.52,2.46,2.51,264936,0
20130503,2.54,2.61,2.53,2.59,410521,0
20130506,2.6,2.6,2.53,2.58,401832,0
20130507,2.6,2.71,2.59,2.6,714805,0
20130508,2.59,2.63,2.54,2.6,519821,0
20130509,2.6,2.68,2.59,2.64,796631,0
20130510,2.66,2.69,2.6,2.68,264230,0
20130513,2.67,2.72,2.65,2.72,413433,0
20130514,2.71,2.8,2.71,2.76,446478,0
20130515,2.76,2.81,2.76,2.805,579766,0
20130516,2.81,2.83,2.78,2.81,287192,0
20130517,2.82,2.85,2.805,2.81,385520,0
20130520,2.81,2.85,2.77,2.85,303374,0
20130521,2.84,2.97,2.82,2.86,613849,0
20130522,2.87,2.89,2.75,2.78,413199,0
20130523,2.76,2.8,2.68,2.79,261017,0
20130524,2.8,2.8,2.74,2.78,136601,0
20130528,2.83,2.91,2.83,2.88,483122,0
20130529,2.86,2.94,2.86,2.9,214112,0
20130530,2.93,3.1,2.93,3.09,527802,0
20130531,3.07,3.13,3.05,3.09,593579,0
20130603,3.11,3.11,2.96,3.05,1188214,0
20130604,3.05,3.12,3.05,3.1,581739,0
20130605,3.1,3.145,3.05,3.1,498586,0
20130606,3.09,3.18,3.09,3.17,337117,0
20130607,3.17,3.24,3.17,3.21,280736,0
20130610,3.24,3.29,3.19,3.28,741526,0
20130611,3.25,3.29,3.21,3.26,1075804,0
20130612,3.27,3.288,3.211,3.23,665972,0
20130613,3.22,3.24,3.16,3.19,348536,0
20130614,3.19,3.22,3.09,3.11,213647,0
20130617,3.16,3.23,3.07,3.17,395435,0
20130618,3.17,3.22,3.142,3.19,372706,0
20130619,3.18,3.21,3.12,3.14,267071,0
20130620,3.09,3.09,3,3.03,403072,0
20130621,3.04,3.05,2.94,2.97,618220,0
20130624,2.92,2.97,2.84,2.91,355210,0
20130625,2.94,3.02,2.882,3.01,1134257,0
20130626,3.04,3.06,2.98,2.99,675106,0
20130627,3.02,3.02,2.95,2.97,1384958,0
20130628,2.97,2.98,2.89,2.89,1734972,0
20130701,2.94,3.02,2.922,3.01,793178,0
20130702,3.01,3.02,2.98,3,883355,0
20130703,2.99,3.01,2.98,3,124722,0
20130705,3.05,3.05,2.99,3,375028,0
20130708,3.03,3.07,3,3,798010,0
20130709,3.04,3.11,2.98,3.06,1111338,0
20130710,3.05,3.1,3.01,3.05,1278718,0
20130711,3.11,3.11,3.04,3.09,1017414,0
20130712,3.07,3.17,3.04,3.05,850372,0
20130715,3.11,3.2,3.05,3.1,1257129,0
20130716,3.1,3.16,3.071,3.09,915293,0
20130717,3.14,3.14,3.09,3.1,925188,0
20130718,3.09,3.19,3.06,3.14,1059777,0
20130719,3.14,3.2,3.14,3.18,449266,0
20130722,3.17,3.25,3.16,3.22,363682,0
20130723,3.24,3.25,3.2,3.21,225534,0
20130724,3.22,3.24,3.16,3.16,326033,0
20130725,3.14,3.43,3.13,3.4,1354910,0
20130726,3.4,3.47,3.35,3.37,910478,0
20130729,3.37,3.42,3.28,3.3,317498,0
20130730,3.34,3.365,3.25,3.26,231881,0
20130731,3.28,3.3,3.23,3.23,321322,0
20130801,3.28,3.35,3.25,3.31,471462,0
20130802,3.36,3.44,3.13,3.21,497243,0
20130805,3.48,3.68,3.27,3.58,1963726,0
20130806,3.56,3.65,3.54,3.61,1720936,0
20130807,3.6,3.64,3.56,3.6,829036,0
20130808,3.645,3.67,3.562,3.6,945941,0
20130809,3.6,3.62,3.48,3.52,711121,0
20130812,3.49,3.5801,3.4101,3.58,424286,0
20130813,3.57,3.59,3.48,3.55,406696,0
20130814,3.55,3.61,3.5,3.59,737202,0
20130815,3.56,3.58,3.45,3.49,353023,0
20130816,3.45,3.58,3.45,3.55,547244,0
20130819,3.46,3.58,3.44,3.46,660997,0
20130820,3.45,3.57,3.42,3.57,458602,0
20130821,3.55,3.59,3.44,3.51,667938,0
20130822,3.51,3.555,3.43,3.43,491028,0
20130823,3.43,3.5,3.35,3.37,702582,0
20130826,3.37,3.4,3.33,3.345,462736,0
20130827,3.31,3.39,3.27,3.27,497673,0
20130828,3.28,3.36,3.26,3.31,416418,0
20130829,3.31,3.39,3.295,3.31,202625,0
20130830,3.3,3.31,3.2,3.24,360170,0
20130903,3.25,3.31,3.21,3.28,374713,0
20130904,3.3,3.39,3.29,3.33,525390,0
20130905,3.32,3.4,3.28,3.29,385777,0
20130906,3.32,3.32,3.17,3.27,275903,0
20130909,3.27,3.35,3.24,3.31,684281,0
20130910,3.31,3.42,3.31,3.36,685949,0
20130911,3.36,3.39,3.31,3.36,361537,0
20130912,3.34,3.37,3.29,3.36,306648,0
20130913,3.4,3.46,3.36,3.4,586642,0
20130916,3.46,3.5375,3.44,3.5,702144,0
20130917,3.52,3.56,3.5,3.54,343971,0
20130918,3.54,3.59,3.5,3.57,308588,0
20130919,3.61,3.61,3.51,3.54,328621,0
20130920,3.56,3.6,3.5,3.52,1105318,0
20130923,3.51,3.54,3.485,3.53,412703,0
20130924,3.52,3.53,3.46,3.48,284100,0
20130925,3.47,3.53,3.43,3.495,295358,0
20130926,3.5,3.5,3.42,3.46,256100,0
20130927,3.42,3.49,3.41,3.47,145709,0
20130930,3.44,3.47,3.38,3.44,549303,0
20131001,3.45,3.52,3.45,3.51,558581,0
20131002,3.49,3.52,3.48,3.52,601000,0
20131003,3.5,3.56,3.5,3.53,1143400,0
20131004,3.52,3.56,3.51,3.54,384000,0
20131007,3.54,3.54,3.48,3.51,574700,0
20131008,3.5,3.53,3.48,3.48,600100,0
20131009,3.48,3.52,3.48,3.49,623300,0
20131010,3.51,3.51,3.49,3.51,968780,0
20131011,3.5,3.59,3.49,3.57,1218987,0
20131014,3.55,3.59,3.51,3.54,1279532,0
20131015,3.64,3.65,3.53,3.56,1279353,0
20131016,3.58,3.61,3.52,3.57,791362,0
20131017,3.56,3.65,3.54,3.64,664300,0
20131018,3.7,3.71,3.65,3.7,664200,0
20131021,3.7,3.75,3.7,3.74,534700,0
20131022,3.75,3.76,3.6,3.72,790800,0
20131023,3.7,3.75,3.69,3.74,780200,0
20131024,3.77,3.79,3.72,3.78,965100,0
20131025,3.8,3.84,3.75,3.83,767600,0
20131028,3.81,4.03,3.81,3.97,1247900,0
20131029,3.99,4.03,3.88,3.96,792900,0
20131030,3.98,4.07,3.92,4.02,536300,0
20131031,4.01,4.07,3.94,3.97,986602,0
20131101,3.94,4.02,3.9,3.99,1098800,0
20131104,4,4.01,3.94,4,555900,0
20131105,3.99,4,3.95,3.99,472700,0
20131106,3.99,4.02,3.97,3.97,678400,0
20131107,4.02,4.05,3.67,3.69,881400,0
20131108,3.69,3.77,3.6,3.75,636000,0
20131111,3.73,3.8,3.68,3.79,439777,0
20131112,3.78,3.84,3.72,3.82,528100,0
20131113,3.8,3.88,3.78,3.88,529166,0
20131114,3.87,3.94,3.86,3.93,548700,0
20131115,3.92,3.96,3.89,3.94,476000,0
20131118,3.95,3.98,3.9,3.91,441800,0
20131119,3.9,3.94,3.86,3.9,360800,0
20131120,3.91,3.93,3.83,3.85,247400,0
20131121,3.85,3.93,3.84,3.93,496400,0
20131122,3.97,3.97,3.9,3.94,518900,0
20131125,3.92,4.05,3.92,3.99,847000,0
20131126,4.01,4.03,3.97,3.99,573700,0
20131127,3.99,4.02,3.98,4,429100,0
20131129,4,4.13,4,4.04,582456,0
20131202,4.05,4.13,4.01,4.1,937700,0
20131203,4.1,4.1,4.05,4.08,397700,0
20131204,4.08,4.09,3.93,4,465100,0
20131205,3.99,4.05,3.97,4.01,415200,0
20131206,4.03,4.04,3.93,4,536600,0
20131209,3.98,4,3.95,4,259600,0
20131210,3.97,4,3.94,3.96,416700,0
20131211,4,4,3.84,3.85,416000,0
20131212,3.78,3.91,3.76,3.82,289364,0
20131213,3.85,3.94,3.84,3.87,506600,0
20131216,3.92,3.95,3.84,3.85,630300,0
20131217,3.85,3.86,3.73,3.84,1575200,0
20131218,3.84,3.86,3.7,3.84,598000,0
20131219,3.83,3.84,3.79,3.81,324500,0
20131220,3.8,3.82,3.67,3.81,1240700,0
20131223,3.82,3.9,3.81,3.88,371700,0
20131224,3.88,3.96,3.82,3.96,189916,0
20131226,3.95,4,3.91,3.98,257800,0
20131227,4,4,3.9,3.92,217100,0
20131230,3.92,3.94,3.86,3.86,223800,0
20131231,3.88,3.94,3.85,3.91,270600,0
20140102,3.88,3.9,3.82,3.85,244251,0
20140103,3.84,3.9,3.81,3.87,278000,0
20140106,3.9,3.93,3.84,3.91,390000,0
20140107,3.94,3.96,3.9,3.96,217300,0
20140108,3.94,3.95,3.84,3.87,154400,0
20140109,3.9,3.93,3.85,3.91,670500,0
20140110,3.93,3.99,3.87,3.99,462100,0
20140113,4,4.01,3.77,3.83,602000,0
20140114,3.84,3.84,3.77,3.82,264100,0
20140115,3.81,3.99,3.79,3.98,491200,0
20140116,3.97,3.99,3.93,3.97,250777,0
20140117,3.99,4.04,3.94,4.03,382000,0
20140121,4.05,4.36,4.05,4.35,1352300,0
20140122,4.2,4.41,4.19,4.3,900400,0
20140123,4.26,4.28,4.07,4.25,781500,0
20140124,4.21,4.24,4.12,4.15,750712,0
20140127,4.2,4.24,4.1,4.16,898200,0
20140128,4.18,4.23,4.145,4.21,652188,0
20140129,4.19,4.22,4.05,4.06,742700,0
20140130,4.1,4.18,4.1,4.14,371600,0
20140131,4.09,4.17,4.06,4.08,520715,0
20140203,4.08,4.12,4.05,4.08,994761,0
20140204,4.1,4.18,4.06,4.13,680173,0
20140205,4.12,4.15,3.925,3.94,376794,0
20140206,3.95,3.95,3.87,3.91,304640,0
20140207,3.9,3.95,3.78,3.83,902409,0
20140210,3.82,3.85,3.78,3.83,443358,0
20140211,3.77,3.94,3.77,3.89,357669,0
20140212,3.9,3.94,3.81,3.84,300772,0
20140213,3.8,3.96,3.8,3.94,182849,0
20140214,3.94,3.96,3.77,3.85,291846,0
20140218,3.87,3.91,3.86,3.91,357724,0
20140219,3.89,3.91,3.79,3.81,320521,0
20140220,3.83,3.91,3.79,3.9,210682,0
20140221,3.87,3.96,3.87,3.93,273991,0
20140224,3.95,4.04,3.93,4.03,261268,0
20140225,4.01,4.01,3.89,3.92,299069,0
20140226,3.93,4.03,3.915,4.01,270528,0
20140227,3.98,4.08,3.97,4.05,244633,0
20140228,4.08,4.33,4.04,4.28,716806,0
20140303,4.26,4.41,4.25,4.37,445351,0
20140304,4.29,4.52,4.09,4.1,2398534,0
20140305,4.1,4.23,4.05,4.11,9364870,0
20140306,4.12,4.25,4.11,4.2,1119844,0
20140307,4.24,4.35,4.21,4.34,1888302,0
20140310,4.36,4.37,4.21,4.24,725276,0
20140311,4.21,4.37,4.21,4.3,1259240,0
20140312,4.29,4.37,4.23,4.26,773152,0
20140313,4.26,4.31,4.2,4.23,731327,0
20140314,4.2,4.21,4.06,4.09,1116407,0
20140317,4.15,4.32,4.15,4.19,1839342,0
20140318,4.19,4.33,4.11,4.32,1423514,0
20140319,4.32,4.52,4.27,4.51,1581383,0
20140320,4.53,4.73,4.49,4.71,1346141,0
20140321,4.75,4.77,4.68,4.76,1678639,0
20140324,4.75,4.83,4.595,4.7,888846,0
20140325,4.74,4.79,4.59,4.59,502020,0
20140326,4.56,4.7,4.27,4.29,943400,0
20140327,4.3,4.32,4.19,4.29,713066,0
20140328,4.28,4.31,4.25,4.28,965064,0
20140331,4.28,4.51,4.26,4.41,968730,0
20140401,4.4,4.59,4.4,4.56,894792,0
20140402,4.58,4.6199,4.49,4.51,519512,0
20140403,4.52,4.55,4.38,4.47,594920,0
20140404,4.49,4.5,4.21,4.21,1746900,0
20140407,4.2,4.32,4,4.01,2599629,0
20140408,4.02,4.02,3.91,3.96,1934233,0
20140409,3.95,4.08,3.91,4.07,1859076,0
20140410,4.06,4.06,3.9,3.92,2059104,0
20140411,3.9,3.97,3.86,3.87,2368962,0
20140414,3.9483,3.97,3.775,3.83,2108523,0
20140415,3.86,3.94,3.69,3.895,2176203,0
20140416,3.91,4.04,3.85,3.92,1830396,0
20140417,3.91,4.07,3.76,4.02,1942428,0
20140421,4.04,4.14,4.005,4.09,887915,0
20140422,4.08,4.185,4.03,4.14,477514,0
20140423,4.15,4.155,4.08,4.1,628503,0
20140424,4.11,4.28,4.04,4.24,1030833,0
20140425,4.25,4.25,4.16,4.19,780673,0
20140428,4.2,4.24,4.05,4.19,868664,0
20140429,4.21,4.24,4.15,4.15,328571,0
20140430,4.15,4.15,4.04,4.11,413982,0
20140501,4.09,4.165,4.02,4.07,784646,0
20140502,4.06,4.14,4.02,4.08,502163,0
20140505,4.03,4.075,3.9715,4.06,382576,0
20140506,4.03,4.05,3.96,3.97,764251,0
20140507,4.14,4.19,3.87,3.95,572736,0
20140508,3.97,4.05,3.92,4,883971,0
20140509,3.93,4.03,3.88,4,2037219,0
20140512,4,4.2,4,4.17,1221514,0
20140513,4.17,4.19,4.09,4.14,602630,0
20140514,4.02,4.13,4.02,4.06,755328,0
20140515,4.04,4.04,3.81,3.83,2491979,0
20140516,3.81,3.9,3.8,3.84,1323361,0
20140519,3.82,3.9,3.82,3.85,708569,0
20140520,3.86,3.91,3.76,3.82,867883,0
20140521,3.87,4,3.87,3.95,1060490,0
20140522,3.88,4.03,3.88,4.01,590120,0
20140523,4,4.04,3.99,4.02,456341,0
20140527,4.07,4.15,4.05,4.09,1216547,0
20140528,4.09,4.1,4.03,4.05,604617,0
20140529,4.08,4.12,4.04,4.09,1008018,0
20140530,4.18,4.19,4.08,4.13,1730786,0
20140602,4.12,4.16,4.08,4.13,650529,0
20140603,4.13,4.15,4.045,4.06,686791,0
20140604,4.05,4.1,4.03,4.08,462552,0
20140605,4.07,4.19,4.06,4.19,1154242,0
20140606,4.2,4.25,4.17,4.24,845508,0
20140609,4.2,4.29,4.17,4.27,1572982,0
20140610,4.27,4.31,4.2,4.26,797800,0
20140611,4.25,4.3,4.175,4.22,812556,0
20140612,4.26,4.26,4.09,4.1,629192,0
20140613,4.11,4.1899,4.11,4.17,635601,0
20140616,4.17,4.26,4.17,4.19,850764,0
20140617,4.21,4.32,4.19,4.3,856571,0
20140618,4.32,4.35,4.25,4.32,333003,0
20140619,4.32,4.37,4.29,4.35,446789,0
20140620,4.39,4.45,4.32,4.42,2313240,0
20140623,4.4499,4.4499,4.35,4.38,716495,0
20140624,4.37,4.43,4.27,4.29,465429,0
20140625,4.26,4.3,4.25,4.285,360927,0
20140626,4.29,4.29,4.18,4.24,589019,0
20140627,4.2,4.34,4.2,4.29,2362742,0
20140630,4.28,4.33,4.21,4.22,506992,0
20140701,4.24,4.3299,4.2101,4.29,591199,0
20140702,4.28,4.36,4.26,4.31,393000,0
20140703,4.32,4.37,4.29,4.33,184904,0
20140707,4.33,4.33,4.21,4.22,280101,0
20140708,4.29,4.29,4.04,4.12,829752,0
20140709,4.15,4.15,4.06,4.1,870701,0
20140710,4.05,4.16,4.04,4.15,1074929,0
20140711,4.13,4.235,4.12,4.2,529357,0
20140714,4.27,4.36,4.25,4.34,558834,0
20140715,4.35,4.435,4.26,4.41,925365,0
20140716,4.46,4.46,4.33,4.37,403361,0
20140717,4.32,4.35,4.17,4.24,1253239,0
20140718,4.14,4.35,4.11,4.33,489432,0
20140721,4.261,4.31,4.24,4.295,243293,0
20140722,4.32,4.32,4.2399,4.31,813534,0
20140723,4.3,4.33,4.25,4.28,370366,0
20140724,4.31,4.32,4.21,4.27,477657,0
20140725,4.22,4.27,4.17,4.18,621786,0
20140728,4.2,4.2,4.09,4.12,1256388,0
20140729,4.15,4.1999,4.1,4.15,213209,0
20140730,4.2,4.21,4.1,4.16,222860,0
20140731,4.09,4.16,3.96,4,2876195,0
20140801,3.99,4.04,3.96,4.01,625507,0
20140804,4.02,4.04,3.91,3.99,315395,0
20140805,4,4,3.92,3.95,354519,0
20140806,3.96,4.07,3.91,4.021,524307,0
20140807,4.05,4.14,3.94,4,617831,0
20140808,3.99,4.04,3.94,4.03,398684,0
20140811,4.05,4.12,4.01,4.08,511405,0
20140812,4.06,4.08,4.05,4.07,603478,0
20140813,4.1,4.13,4.07,4.1,228568,0
20140814,4.15,4.16,4.02,4.02,661120,0
20140815,4.08,4.08,3.915,4.02,661345,0
20140818,4.08,4.12,4.01,4.1,526584,0
20140819,4.1,4.12,4.08,4.1,398569,0
20140820,4.08,4.15,4.02,4.05,423876,0
20140821,4.04,4.1099,3.99,4.07,337425,0
20140822,4.08,4.09,4.03,4.07,279185,0
20140825,4.07,4.15,4.07,4.12,321136,0
20140826,4.11,4.15,4.1,4.11,339317,0
20140827,4.1,4.1,4.02,4.04,288770,0
20140828,4.01,4.05,3.99,4.03,177173,0
20140829,4,4.1,4,4.09,329335,0
20140902,4.13,4.2,4.08,4.18,513064,0
20140903,4.21,4.21,4.07,4.14,750019,0
20140904,4.13,4.17,4.07,4.08,593752,0
20140905,4.06,4.1,4.0211,4.05,456785,0
20140908,4.07,4.13,4.05,4.1,271332,0
20140909,4.1,4.1195,4.04,4.09,1262144,0
20140910,4.15,4.16,4.09,4.11,410906,0
20140911,4.08,4.155,4.06,4.14,350853,0
20140912,4.15,4.16,4.07,4.11,425675,0
20140915,4.09,4.1,4,4.03,630720,0
20140916,4,4.0385,3.96,4.02,521745,0
20140917,4.01,4.02,3.95,3.96,230964,0
20140918,3.99,4.01,3.95,3.98,354128,0
20140919,3.98,3.992,3.84,3.905,1302644,0
20140922,3.87,3.93,3.84,3.91,933561,0
20140923,3.9,3.94,3.86,3.87,400275,0
20140924,3.89,3.89,3.68,3.81,441088,0
20140925,3.79,3.84,3.73,3.81,581729,0
20140926,3.81,3.88,3.76,3.88,438230,0
20140929,3.82,3.85,3.775,3.82,724345,0
20140930,3.83,3.86,3.74,3.75,688263,0
20141001,3.76,3.76,3.52,3.62,1063298,0
20141002,3.62,3.83,3.6051,3.8,539163,0
20141003,3.86,3.86,3.79,3.8,365099,0
20141006,3.81,3.81,3.725,3.75,272430,0
20141007,3.74,3.8,3.7,3.73,582171,0
20141008,3.73,3.83,3.67,3.82,327645,0
20141009,3.8,3.82,3.68,3.69,1105830,0
20141010,3.65,3.83,3.58,3.74,663648,0
20141013,3.73,3.79,3.66,3.68,313803,0
20141014,3.71,3.76,3.65,3.73,429294,0
20141015,3.66,3.82,3.55,3.81,972432,0
20141016,3.75,3.84,3.69,3.77,450796,0
20141017,3.8,3.84,3.7,3.71,524892,0
20141020,3.68,3.88,3.68,3.81,610063,0
20141021,3.82,3.92,3.82,3.87,393530,0
20141022,3.88,3.93,3.77,3.81,346028,0
20141023,3.83,3.92,3.78,3.82,288761,0
20141024,3.8,3.84,3.76,3.83,353033,0
20141027,3.76,3.83,3.73,3.8,673792,0
20141028,3.83,4.04,3.83,4,862822,0
20141029,3.97,4.08,3.96,3.99,367360,0
20141030,3.96,4.03,3.88,3.92,457428,0
20141031,3.94,4.05,3.76,4.04,729463,0
20141103,4.03,4.07,3.99,4.01,450227,0
20141104,3.99,4.02,3.94,3.99,1008259,0
20141105,4.03,4.03,3.86,3.92,570294,0
20141106,3.94,4.1,3.91,4.1,867964,0
20141107,4.07,4.1,3.97,4.07,376912,0
20141110,4.08,4.15,4.03,4.15,376021,0
20141111,4.12,4.18,4.07,4.16,291074,0
20141112,4.13,4.22,4.13,4.22,250562,0
20141113,4.23,4.28,4.12,4.155,808649,0
20141114,4.14,4.17,4.09,4.12,247822,0
20141117,4.1,4.1201,3.97,3.99,305487,0
20141118,4.01,4.07,3.99,4.04,165009,0
20141119,4,4.07,3.94,4.05,1511128,0
20141120,4.02,4.085,4.01,4.07,429991,0
20141121,4.12,4.12,4.06,4.09,378661,0
20141124,4.08,4.17,4.08,4.11,660681,0
20141125,4.11,4.32,4.09,4.23,639894,0
20141126,4.2,4.26,4.18,4.24,430622,0
20141128,4.23,4.3,4.22,4.24,334998,0
20141201,4.22,4.33,4.17,4.3,698285,0
20141202,4.3,4.38,4.245,4.3,603626,0
20141203,4.32,4.39,4.3,4.36,713123,0
20141204,4.36,4.405,4.3,4.38,535758,0
20141205,4.37,4.62,4.37,4.53,885169,0
20141208,4.5,4.65,4.49,4.5,1094951,0
20141209,4.44,4.66,4.44,4.66,710130,0
20141210,4.63,4.66,4.54,4.57,881560,0
20141211,4.55,4.66,4.55,4.58,1318210,0
20141212,4.52,4.64,4.5,4.55,1370413,0
20141215,4.59,4.64,4.5,4.53,740645,0
20141216,4.53,4.61,4.48,4.52,672807,0
20141217,4.51,4.66,4.51,4.66,443867,0
20141218,4.7,4.71,4.54,4.65,1373031,0
20141219,4.65,4.7399,4.63,4.7,1136110,0
20141222,4.68,4.75,4.68,4.69,474387,0
20141223,4.71,4.75,4.68,4.705,617806,0
20141224,4.7,4.75,4.69,4.72,369153,0
20141226,4.75,4.79,4.66,4.73,331837,0
20141229,4.75,4.77,4.71,4.72,187757,0
20141230,4.69,4.75,4.66,4.72,169192,0
20141231,4.74,4.81,4.66,4.8,870107,0
20150102,4.84,4.84,4.67,4.7,395522,0
20150105,4.68,4.79,4.6,4.66,496406,0
20150106,4.65,4.72,4.46,4.56,514358,0
20150107,4.59,4.72,4.58,4.68,324998,0
20150108,4.69,4.8,4.67,4.7,563024,0
20150109,4.69,4.73,4.61,4.69,431372,0
20150112,4.68,4.74,4.52,4.58,457006,0
20150113,4.63,4.71,4.48,4.57,584140,0
20150114,4.5,4.51,4.41,4.5,497384,0
20150115,4.51,4.54,4.33,4.41,1238708,0
20150116,4.38,4.47,4.36,4.44,436720,0
20150120,4.47,4.47,4.34,4.4,279997,0
20150121,4.38,4.47,4.3201,4.38,248593,0
20150122,4.43,4.49,4.335,4.49,325721,0
20150123,4.5,4.5,4.43,4.46,150013,0
20150126,4.43,4.46,4.35,4.38,359456,0
20150127,4.31,4.42,4.3,4.36,310779,0
20150128,4.359,4.38,4.22,4.22,388158,0
20150129,4.24,4.25,4.18,4.23,479009,0
20150130,4.18,4.23,4.1,4.16,444581,0
20150202,4.1904,4.215,4.13,4.17,293851,0
20150203,4.21,4.38,4.21,4.37,650083,0
20150204,4.33,4.44,4.33,4.42,834312,0
20150205,4.45,4.59,4.45,4.56,393903,0
20150206,4.58,4.73,4.57,4.68,436478,0
20150209,4.66,4.73,4.61,4.7,456811,0
20150210,4.7,4.72,4.645,4.71,587906,0
20150211,4.69,4.7,4.62,4.69,1274722,0
20150212,4.71,4.74,4.65,4.7,514867,0
20150213,4.72,4.79,4.7,4.76,453912,0
20150217,4.76,4.79,4.65,4.72,545677,0
20150218,4.7,4.75,4.69,4.72,261269,0
20150219,4.7,4.72,4.68,4.71,241054,0
20150220,4.7,4.75,4.63,4.74,394543,0
20150223,4.7895,4.87,4.71,4.795,1162019,0
20150224,4.82,4.97,4.82,4.93,1408280,0
20150225,4.94,5.05,4.89,4.91,763130,0
20150226,4.96,5.21,4.96,5.2,2153893,0
20150227,5.21,5.33,5.2,5.29,1452931,0
20150302,5.34,5.4,5.24,5.37,1622100,0
20150303,5.39,5.4,5.21,5.22,758600,0
20150304,5.21,5.25,5.12,5.21,497000,0
20150305,5.24,5.35,5.23,5.33,1076200,0
20150306,5.27,5.35,5.17,5.21,1038300,0
20150309,5.08,5.33,5.03,5.28,1054700,0
20150310,5.21,5.26,5.09,5.24,667000,0
20150311,5.23,5.29,5.19,5.25,783500,0
20150312,5.27,5.41,5.24,5.33,1224500,0
20150313,5.35,5.35,5.27,5.32,939000,0
20150316,5.35,5.43,5.29,5.36,1469900,0
20150317,5.33,5.37,5.28,5.32,828500,0
20150318,5.32,5.45,5.24,5.42,1209800,0
20150319,5.43,5.48,5.38,5.46,579800,0
20150320,5.47,5.53,5.41,5.43,4063000,0
20150323,5.43,5.51,5.35,5.37,1077000,0
20150324,5.34,5.4,5.32,5.35,1179700,0
20150325,5.35,5.35,5.18,5.22,789900,0
20150326,5.19,5.25,5.1,5.22,420400,0
20150327,5.22,5.26,5.14,5.15,772800,0
20150330,5.15,5.2,5.13,5.18,991900,0
20150331,5.16,5.2,5.14,5.2,619101,0
20150401,5.17,5.26,5.15,5.23,1356100,0
20150402,5.27,5.35,5.25,5.28,554200,0
20150406,5.28,5.38,5.2,5.34,670300,0
20150407,5.35,5.4,5.28,5.28,496754,0
20150408,5.29,5.42,5.29,5.38,648600,0
20150409,5.4,5.5,5.35,5.47,639244,0
20150410,5.5,5.62,5.45,5.52,877000,0
20150413,5.57,5.61,5.5,5.59,1781100,0
20150414,5.61,5.68,5.56,5.6,867600,0
20150415,5.64,5.65,5.58,5.64,1612669,0
20150416,5.64,5.7,5.61,5.69,1611782,0
20150417,5.66,5.7,5.57,5.62,474000,0
20150420,5.66,5.67,5.63,5.65,507430,0
20150421,5.69,5.75,5.64,5.68,620816,0
20150422,5.7,5.77,5.66,5.75,620203,0
20150423,5.76,5.82,5.72,5.78,614800,0
20150424,5.81,5.91,5.78,5.81,802587,0
20150427,5.84,5.92,5.72,5.73,1442800,0
20150428,5.7,5.85,5.7,5.83,610100,0
20150429,5.83,5.89,5.77,5.77,559700,0
20150430,5.74,5.95,5.53,5.59,1175600,0
20150501,5.6,5.77,5.57,5.75,1464400,0
20150504,5.76,5.81,5.69,5.7,552600,0
20150505,5.66,5.7,5.58,5.66,858200,0
20150506,5.66,5.72,5.58,5.69,767293,0
20150507,5.65,5.75,5.58,5.71,626282,0
20150508,5.79,5.82,5.66,5.69,713400,0
20150511,5.7,5.85,5.7,5.8,702200,0
20150512,5.81,5.93,5.69,5.9,813457,0
20150513,5.7,5.71,5.39,5.59,4371244,0
20150514,5.59,5.59,5.41,5.47,4993900,0
20150515,5.5,5.53,5.46,5.49,1712836,0
20150518,5.5264,5.81,5.505,5.78,4337860,0
20150519,5.8,5.8199,5.65,5.67,1138811,0
20150520,5.65,5.74,5.58,5.71,1108700,0
20150521,5.72,5.76,5.67,5.71,1339500,0
20150522,5.71,5.76,5.68,5.71,704600,0
20150526,5.67,5.71,5.6,5.65,1286726,0
20150527,5.7,5.93,5.67,5.91,2139700,0
20150528,5.92,5.92,5.84,5.84,937714,0
20150529,5.8,5.92,5.78,5.9,2038200,0
20150601,5.91,6.03,5.83,6.01,2410041,0
20150602,6.02,6.13,6.01,6.05,1574861,0
20150603,6.09,6.32,6.03,6.26,2969100,0
20150604,6.22,6.33,6.12,6.17,4739300,0
20150605,6.15,6.34,6.1,6.32,2252300,0
20150608,6.37,6.38,6.29,6.35,1148200,0
20150609,6.35,6.37,6.21,6.295,2245641,0
20150610,6.39,6.43,6.28,6.29,2166606,0
20150611,6.31,6.32,6.08,6.23,1176001,0
20150612,6.23,6.26,6.12,6.22,2179200,0
20150615,6.16,6.23,6.09,6.2,1953200,0
20150616,6.23,6.33,6.18,6.26,2458200,0
20150617,6.29,6.32,6.22,6.25,1927800,0
20150618,6.26,6.26,6.12,6.2,1819300,0
20150619,6.17,6.26,6.14,6.23,3777800,0
20150622,6.25,6.36,6.22,6.27,1334500,0
20150623,6.27,6.32,6.26,6.275,1836674,0
20150624,6.28,6.31,6.18,6.19,1573000,0
20150625,6.22,6.35,6.2,6.32,1754200,0
20150626,6.35,6.5,6.34,6.5,3321300,0
20150629,6.45,6.46,6.27,6.31,1878100,0
20150630,6.51,6.51,6.345,6.4,1568002,0
20150701,6.46,6.5,6.39,6.44,722400,0
20150702,6.42,6.45,6.3,6.37,602500,0
20150706,6.33,6.4,6.29,6.39,825400,0
20150707,6.4,6.4,6.17,6.33,1523300,0
20150708,6.26,6.33,6.19,6.22,1091600,0
20150709,6.29,6.35,6.24,6.29,1270800,0
20150710,6.38,6.44,6.28,6.33,2490700,0
20150713,6.39,6.43,6.29,6.33,1400400,0
20150714,6.33,6.49,6.33,6.44,1202615,0
20150715,6.45,6.46,6.365,6.4,978493,0
20150716,6.42,6.59,6.41,6.51,1583300,0
20150717,6.55,6.59,6.51,6.53,874500,0
20150720,6.36,6.42,5.91,6.03,2449600,0
20150721,6.01,6.04,5.83,5.94,1232600,0
20150722,5.9,5.99,5.88,5.99,1109900,0
20150723,5.97,6,5.83,5.87,957800,0
20150724,5.85,5.88,5.7,5.82,1021900,0
20150727,5.79,5.79,5.57,5.63,1044900,0
20150728,5.69,5.73,5.63,5.66,698000,0
20150729,5.72,5.75,5.6,5.73,682400,0
20150730,5.81,6.14,5.72,5.74,1206900,0
20150731,5.75,5.94,5.62,5.65,1049800,0
20150803,5.62,5.89,5.62,5.77,1691437,0
20150804,5.81,5.87,5.63,5.68,1613300,0
20150805,5.7,5.75,5.59,5.66,1103600,0
20150806,5.63,5.73,5.546,5.57,904217,0
20150807,5.53,5.56,5.37,5.42,1483300,0
20150810,5.42,5.71,5.06,5.67,2712500,0
20150811,5.6,5.63,5.42,5.47,940937,0
20150812,5.39,5.6,5.3,5.56,1090276,0
20150813,5.56,5.64,5.4,5.59,1861300,0
20150814,5.55,5.74,5.5,5.69,1246800,0
20150817,5.64,5.64,5.47,5.55,1534500,0
20150818,5.51,5.55,5.45,5.46,917600,0
20150819,5.44,5.45,5.39,5.4,777500,0
20150820,5.32,5.36,5.17,5.18,813300,0
20150821,5.06,5.24,5.05,5.1,1146600,0
20150824,4.8,5.2,4.53,5.105,1379675,0
20150825,5.25,5.25,5,5.06,1904400,0
20150826,5.18,5.18,4.91,5,2571200,0
20150827,5.02,5.14,4.93,5.05,1595100,0
20150828,5.05,5.24,5.05,5.23,909600,0
20150831,5.23,5.31,5.19,5.29,898700,0
20150901,5.15,5.35,5.01,5.08,1421500,0
20150902,5.17,5.17,5.01,5.13,937100,0
20150903,5.09,5.14,5.01,5.03,1001100,0
20150904,4.95,5.07,4.88,5.04,815200,0
20150908,5.11,5.15,5.03,5.07,1056200,0
20150909,5.16,5.25,5.1,5.16,1693700,0
20150910,5.15,5.18,5.03,5.07,922934,0
20150911,5.03,5.16,5,5.14,1098300,0
20150914,5.18,5.24,5.06,5.07,591900,0
20150915,5.06,5.13,5.03,5.08,483500,0
20150916,5.06,5.19,5.03,5.19,512900,0
20150917,5.2,5.24,5.07,5.08,702901,0
20150918,5,5.06,4.9,4.92,1591900,0
20150921,4.96,5.02,4.92,4.96,699800,0
20150922,4.9,4.93,4.78,4.87,1134100,0
20150923,4.85,5.055,4.835,5,1292014,0
20150924,5,5.06,4.79,4.9,1184981,0
20150925,4.95,4.98,4.65,4.66,1397300,0
20150928,4.65,4.66,4.42,4.51,919965,0
20150929,4.53,4.59,4.42,4.53,757300,0
20150930,4.57,4.59,4.36,4.56,1046700,0
20151001,4.57,4.58,4.51,4.53,1041600,0
20151002,4.5,4.55,4.44,4.52,894400,0
20151005,4.54,4.69,4.52,4.69,1097411,0
20151006,4.68,4.86,4.64,4.78,769600,0
20151007,4.77,4.9,4.73,4.79,1254736,0
20151008,4.75,4.75,4.35,4.41,3082600,0
20151009,4.4,4.4,4.2,4.3,2221600,0
20151012,4.3,4.3,4.1,4.22,1219552,0
20151013,4.21,4.34,4.15,4.23,1115300,0
20151014,4.2,4.24,4.11,4.16,2650700,0
20151015,4.18,4.41,4.12,4.4,1760600,0
20151016,4.4,4.45,4.2,4.31,1006500,0
20151019,4.28,4.42,4.28,4.35,803273,0
20151020,4.34,4.4,4.11,4.16,1184800,0
20151021,4.16,4.22,4.11,4.11,881800,0
20151022,4.15,4.3,4.06,4.07,1145500,0
20151023,4.12,4.21,4.11,4.21,1500200,0
20151026,4.21,4.28,4.15,4.17,522600,0
20151027,4.13,4.26,3.98,4.16,1254800,0
20151028,4.16,4.3,4.14,4.3,827900,0
20151029,4.26,4.35,3.87,4.2,1028200,0
20151030,4.22,4.25,4.18,4.21,616700,0
20151102,4.19,4.39,4.18,4.34,546956,0
20151103,4.33,4.38,4.28,4.35,493900,0
20151104,4.35,4.62,4.34,4.39,1030440,0
20151105,4.42,4.47,4.31,4.38,447900,0
20151106,4.36,4.7,4.36,4.66,750000,0
20151109,4.64,4.7,4.455,4.54,1197234,0
20151110,4.54,4.7,4.46,4.47,885400,0
20151111,4.48,4.57,4.47,4.51,539400,0
20151112,4.5,4.53,4.44,4.48,589500,0
20151113,4.43,4.57,4.43,4.44,759100,0
20151116,4.45,4.49,4.36,4.48,937400,0
20151117,4.47,4.59,4.46,4.53,555600,0
20151118,4.52,4.68,4.51,4.68,623300,0
20151119,4.68,4.77,4.61,4.67,816700,0
20151120,4.68,4.75,4.68,4.75,632800,0
20151123,4.73,4.77,4.52,4.57,679100,0
20151124,4.56,4.61,4.46,4.61,677100,0
20151125,4.6,4.7,4.59,4.68,470200,0
20151127,4.68,4.82,4.66,4.78,239100,0
20151130,4.77,4.81,4.69,4.75,546300,0
20151201,4.75,4.78,4.47,4.73,1246405,0
20151202,4.73,4.735,4.42,4.52,1321091,0
20151203,4.54,4.64,4.495,4.54,1013275,0
20151204,4.52,4.62,4.52,4.57,615800,0
20151207,4.54,4.59,4.32,4.35,670400,0
20151208,4.29,4.34,4.23,4.26,899011,0
20151209,4.23,4.32,4.17,4.23,1400500,0
20151210,4.24,4.33,4.21,4.27,663500,0
20151211,4.18,4.29,4.08,4.08,2063500,0
20151214,4.07,4.07,3.8,3.85,1372668,0
20151215,3.88,3.98,3.86,3.92,1129900,0
20151216,3.97,4.02,3.92,4,897900,0
20151217,4.03,4.07,3.96,4.04,850100,0
20151218,4.04,4.04,3.9,3.97,2092000,0
20151221,3.97,4.02,3.93,3.97,642800,0
20151222,4,4,3.875,3.98,477507,0
20151223,4,4.02,3.96,4.01,514900,0
20151224,4,4.12,4,4.07,326207,0
20151228,4.07,4.0783,3.91,3.91,558671,0
20151229,3.93,3.95,3.77,3.82,2014661,0
20151230,3.8,3.91,3.8,3.86,655861,0
20151231,3.84,3.91,3.81,3.83,557595,0
20160104,3.78,3.79,3.65,3.74,901940,0
20160105,3.74,3.76,3.7,3.7,776978,0
20160106,3.7,3.78,3.57,3.61,1340281,0
20160107,3.54,3.7699,3.51,3.55,891292,0
20160108,3.57,3.62,3.43,3.44,1303122,0
20160111,3.42,3.44,3.24,3.3,1719547,0
20160112,3.32,3.35,3.24,3.28,1408398,0
20160113,3.25,3.35,3.06,3.08,1993384,0
20160114,3.09,3.18,2.97,3.12,784453,0
20160115,3.03,3.09,2.96,3.03,1030990,0
20160119,3.06,3.06,2.82,2.83,1546000,0
20160120,2.77,2.854,2.61,2.61,2948472,0
20160121,2.58,2.69,2.465,2.65,2132226,0
20160122,2.72,2.935,2.7,2.92,1590541,0
20160125,2.91,2.955,2.84,2.84,824350,0
20160126,2.88,3,2.85,3,782677,0
20160127,3,3.015,2.87,2.87,1191280,0
20160128,2.89,2.995,2.79,2.79,673719,0
20160129,2.81,2.87,2.62,2.86,2764216,0
20160201,2.84,2.98,2.765,2.96,1809191,0
20160202,2.91,2.95,2.84,2.84,1661524,0
20160203,2.85,2.97,2.65,2.76,1556394,0
20160204,2.76,2.945,2.7,2.795,828713,0
20160205,2.76,2.825,2.7,2.7,761267,0
20160208,2.66,2.765,2.58,2.65,1134459,0
20160209,2.57,2.68,2.57,2.64,1309221,0
20160210,2.68,2.8,2.65,2.69,623163,0
20160211,2.63,2.71,2.56,2.7,888039,0
20160212,2.74,2.97,2.69,2.965,1618672,0
20160216,3.07,3.07,2.96,3.06,1107798,0
20160217,3.1,3.325,3.09,3.32,2031595,0
20160218,3.31,3.32,3.21,3.28,1565293,0
20160219,3.26,3.32,3.1752,3.3,985870,0
20160222,3.34,3.38,3.26,3.38,895804,0
20160223,3.36,3.4,3.29,3.36,1007414,0
20160224,3.31,3.39,3.3,3.35,1152421,0
20160225,3.35,3.36,3.13,3.18,1108636,0
20160226,3.45,3.5,3.34,3.47,2062072,0
20160229,3.47,3.5,3.35,3.39,1238789,0
20160301,3.43,3.57,3.39,3.53,1275820,0
20160302,3.54,3.56,3.36,3.48,730232,0
20160303,3.49,3.59,3.42,3.5,1094750,0
20160304,3.55,3.705,3.48,3.68,1601768,0
20160307,3.66,3.84,3.66,3.78,1001900,0
20160308,3.74,3.79,3.575,3.6,885126,0
20160309,3.61,3.6699,3.56,3.63,512081,0
20160310,3.65,3.7,3.545,3.57,478316,0
20160311,3.56,3.75,3.56,3.68,788296,0
20160314,3.65,3.7,3.5,3.56,1096924,0
20160315,3.52,3.55,3.43,3.47,683177,0
20160316,3.46,3.71,3.46,3.5,876963,0
20160317,3.5,3.59,3.39,3.55,1171480,0
20160318,3.57,3.75,3.555,3.69,851456,0
20160321,3.7,3.74,3.56,3.56,424236,0
20160322,3.56,3.855,3.52,3.83,1157991,0
20160323,3.85,3.97,3.63,3.67,1318674,0
20160324,3.63,3.68,3.54,3.58,1052695,0
20160328,3.62,3.62,3.485,3.52,869224,0
20160329,3.43,3.83,3.41,3.79,700554,0
20160330,3.9,3.9,3.74,3.76,749825,0
20160331,3.75,3.88,3.75,3.81,1293499,0
20160401,3.76,3.855,3.74,3.83,720113,0
20160404,3.74,3.875,3.74,3.77,541736,0
20160405,3.74,3.75,3.57,3.57,723432,0
20160406,3.54,3.68,3.51,3.61,559422,0
20160407,3.56,3.64,3.53,3.54,673397,0
20160408,3.56,3.69,3.5,3.52,874445,0
20160411,3.56,3.7,3.45,3.46,740516,0
20160412,3.46,3.71,3.44,3.68,585482,0
20160413,3.7,3.87,3.6512,3.81,1198494,0
20160414,3.82,3.86,3.72,3.79,361806,0
20160415,3.77,3.8,3.65,3.65,396586,0
