Date,Open,High,Low,Close,Volume,OpenInt
20050225,11.539,11.549,11.539,11.539,4382,0
20050228,11.539,11.687,11.539,11.687,2554,0
20050302,11.687,11.782,11.599,11.599,11706,0
20050303,11.589,11.628,11.539,11.539,6161,0
20050304,11.861,11.96,11.539,11.668,3608,0
20050307,11.763,11.763,11.638,11.678,822,0
20050308,11.812,11.871,11.812,11.831,4415,0
20050309,11.979,11.979,11.763,11.831,9705,0
20050310,11.822,11.979,11.735,11.979,5092,0
20050311,11.93,11.93,11.861,11.93,1858,0
20050314,11.782,11.881,11.782,11.881,7189,0
20050315,11.93,11.93,11.782,11.782,29739,0
20050316,11.792,11.93,11.782,11.93,39656,0
20050317,11.782,11.93,11.782,11.93,2114,0
20050318,11.93,11.93,11.93,11.93,361,0
20050321,11.93,11.93,11.93,11.93,307,0
20050322,11.782,11.782,11.782,11.782,1541,0
20050323,11.782,11.891,11.782,11.831,5647,0
20050324,11.782,11.812,11.782,11.782,2767,0
20050328,11.782,11.782,11.782,11.782,4076,0
20050330,11.782,11.822,11.782,11.782,2153,0
20050331,11.782,11.891,11.782,11.881,13041,0
20050401,11.782,11.782,11.782,11.782,1541,0
20050404,11.881,11.881,11.782,11.782,2875,0
20050405,11.782,11.861,11.782,11.792,65505,0
20050406,11.782,11.92,11.687,11.92,12893,0
20050407,11.881,11.93,11.881,11.93,19921,0
20050408,11.782,11.93,11.782,11.831,7393,0
20050411,11.831,11.871,11.831,11.871,4118,0
20050412,11.831,11.979,11.802,11.979,31316,0
20050413,11.979,12.065,11.979,11.979,512,0
20050414,11.979,12.32,11.979,12.32,1868,0
20050415,12.32,13,12.32,12.952,3022,0
20050418,11.93,12.387,11.93,11.93,6333,0
20050419,12.455,13.147,12.455,13.118,2078,0
20050420,11.979,12.349,11.979,12.017,875,0
20050421,12.027,12.084,11.94,12.027,1129,0
20050422,12.055,12.055,11.93,11.93,1502,0
20050425,12.065,12.455,11.93,11.93,4518,0
20050426,11.831,11.841,11.831,11.831,7245,0
20050427,11.831,11.831,11.831,11.831,3148,0
20050428,11.831,11.831,11.831,11.831,207,0
20050429,11.881,11.911,11.881,11.881,2361,0
20050502,11.831,11.831,11.831,11.831,5443,0
20050503,11.831,11.831,11.831,11.831,1643,0
20050504,11.831,11.841,11.831,11.831,1336,0
20050505,11.93,11.93,11.881,11.881,1745,0
20050506,11.881,11.93,11.881,11.881,28932,0
20050509,11.901,11.901,11.782,11.782,18995,0
20050510,11.93,11.93,11.782,11.782,367,0
20050511,11.93,11.979,11.831,11.831,7387,0
20050513,12.183,12.183,11.802,12.027,3250,0
20050516,11.831,12.027,11.831,12.027,1772,0
20050517,12.027,12.027,12.027,12.027,1027,0
20050519,12.007,12.027,12.007,12.027,618,0
20050520,11.989,11.989,11.989,11.989,889,0
20050523,11.831,11.999,11.831,11.999,3296,0
20050524,11.831,11.901,11.831,11.901,5889,0
20050525,11.901,11.95,11.901,11.93,4967,0
20050527,12.027,12.027,12.027,12.027,1436,0
20050531,12.027,12.027,11.831,11.861,42665,0
20050601,11.831,11.831,11.831,11.831,3697,0
20050603,12.027,12.027,12.027,12.027,207,0
20050607,11.871,11.871,11.831,11.831,1129,0
20050608,11.831,11.831,11.831,11.831,1129,0
20050609,12.027,12.027,12.027,12.027,411,0
20050613,11.831,11.831,11.831,11.831,1027,0
20050615,12.037,12.037,11.93,11.979,1436,0
20050616,11.93,11.93,11.93,11.93,1027,0
20050617,11.831,11.831,11.831,11.831,512,0
20050621,11.93,11.93,11.93,11.93,1027,0
20050622,11.93,11.93,11.93,11.93,307,0
20050623,11.881,11.881,11.881,11.881,411,0
20050624,11.92,11.92,11.911,11.911,581,0
20050627,12.055,12.055,11.881,11.881,2621,0
20050628,11.881,11.881,11.881,11.881,207,0
20050630,11.93,12.074,11.831,11.881,3800,0
20050705,12.055,12.104,11.93,11.93,8317,0
20050706,11.93,11.93,11.93,11.93,100,0
20050707,11.93,11.93,11.93,11.93,3000,0
20050712,12.193,12.193,11.93,11.93,2084,0
20050719,11.93,11.93,11.93,11.93,407,0
20050722,11.93,11.93,11.891,11.93,2875,0
20050725,12.047,12.047,12.047,12.047,307,0
20050726,11.93,11.93,11.891,11.93,3491,0
20050727,11.93,12.055,11.93,12.055,618,0
20050729,11.979,12.074,11.979,12.074,801,0
20050801,11.979,11.979,11.979,11.979,719,0
20050802,11.979,11.979,11.979,11.979,207,0
20050803,12.074,12.222,11.979,11.979,5959,0
20050808,11.979,11.979,11.979,11.979,620,0
20050809,12.027,12.027,11.979,11.979,307,0
20050810,11.979,11.979,11.979,11.979,618,0
20050815,11.989,11.989,11.979,11.989,2362,0
20050816,12.027,12.027,11.979,11.979,2155,0
20050818,11.979,12.027,11.979,12.027,2179,0
20050819,12.027,12.027,12.027,12.027,207,0
20050822,12.074,12.074,12.074,12.074,100,0
20050825,11.979,12.027,11.979,12.027,264,0
20050829,12.027,12.222,11.989,12.027,4314,0
20050830,12.047,12.047,12.047,12.047,1028,0
20050831,11.979,12.027,11.979,12.027,209,0
20050901,12.074,12.074,12.074,12.074,100,0
20050902,12.047,12.047,12.027,12.027,598,0
20050907,12.055,12.055,12.027,12.027,512,0
20050908,12.027,12.027,12.027,12.027,413,0
20050913,12.027,12.241,12.027,12.027,411,0
20050914,12.027,12.027,12.027,12.027,307,0
20050916,12.027,12.027,12.027,12.027,927,0
20050919,12.027,12.027,12.027,12.027,1241,0
20050922,11.979,11.979,11.979,11.979,3903,0
20050927,12.027,12.027,12.027,12.027,3081,0
20050929,12.027,12.037,11.979,11.979,12366,0
20050930,12.027,12.074,12.027,12.074,3697,0
20051003,11.979,11.979,11.979,11.979,1541,0
20051004,12.027,12.027,11.979,11.979,2465,0
20051005,12.017,12.017,11.979,11.979,2155,0
20051007,12.074,12.074,12.074,12.074,1129,0
20051010,12.074,12.074,12.027,12.027,2627,0
20051011,11.979,11.979,11.979,11.979,718,0
20051012,12.027,12.027,12.027,12.027,1745,0
20051013,12.339,12.339,11.999,11.999,618,0
20051014,12.163,12.173,12.163,12.173,526,0
20051018,11.979,12.055,11.979,12.055,227,0
20051026,12.124,12.124,12.124,12.124,970,0
20051103,12.32,12.397,12.32,12.32,307,0
20051104,12.32,12.339,12.32,12.32,905,0
20051109,12.367,12.465,12.32,12.465,6366,0
20051110,12.124,12.173,11.93,12.173,13986,0
20051111,12.037,12.124,12.037,12.124,557,0
20051114,12.124,12.163,12.124,12.163,1336,0
20051115,12.074,12.074,12.074,12.074,816,0
20051116,12.134,12.222,12.124,12.222,6768,0
20051117,12.455,12.465,12.455,12.465,1075,0
20051118,12.632,12.904,12.513,12.904,89300,0
20051121,12.67,12.67,12.67,12.67,100,0
20051123,12.904,12.904,12.904,12.904,100,0
20051125,12.904,12.952,12.904,12.952,7097,0
20051128,13.428,13.428,13.428,13.428,307,0
20051129,13.517,13.828,13.517,13.828,39617,0
20051130,13.828,14.024,13.77,13.77,36813,0
20051201,13.73,13.73,13.73,13.73,30894,0
20051202,13.487,13.926,13.147,13.926,5446,0
20051205,13.926,13.926,13.398,13.615,15310,0
20051206,13.8,13.8,13.468,13.487,1436,0
20051208,13.438,13.438,13.438,13.438,577,0
20051209,13.577,13.577,13.577,13.577,411,0
20051212,13.507,13.507,13.507,13.507,100,0
20051214,13.587,13.587,13.587,13.587,207,0
20051215,13.577,13.577,13.147,13.448,8259,0
20051216,13.39,13.438,13.352,13.438,24142,0
20051220,13.615,13.633,13.615,13.624,871,0
20051221,13.682,13.682,13.682,13.682,25672,0
20051222,13.926,13.926,13.877,13.877,307,0
20051228,13.633,13.692,13.605,13.692,31234,0
20051229,13.877,13.877,13.73,13.73,207,0
20060103,13.487,13.507,13.487,13.507,1745,0
20060105,13.587,13.78,13.587,13.596,307,0
20060106,13.828,13.828,13.828,13.828,207,0
20060110,13.672,13.672,13.633,13.633,1297,0
20060111,13.701,13.828,13.701,13.82,9267,0
20060112,13.74,13.81,13.73,13.81,618,0
20060113,13.867,13.877,13.867,13.877,925,0
20060117,13.633,13.633,13.633,13.633,207,0
20060120,13.682,13.682,13.682,13.682,512,0
20060123,13.497,13.497,13.497,13.497,257,0
20060124,13.682,13.682,13.682,13.682,822,0
20060125,13.682,13.828,13.682,13.73,16122,0
20060126,13.926,13.926,13.73,13.73,481,0
20060127,13.73,13.73,13.73,13.73,718,0
20060130,13.672,13.897,13.672,13.887,2619,0
20060131,13.82,13.828,13.82,13.828,3183,0
20060201,13.73,13.907,13.73,13.828,5622,0
20060202,13.828,13.828,13.73,13.828,25055,0
20060206,14.061,14.061,14.061,14.061,100,0
20060207,13.682,13.81,13.682,13.81,2413,0
20060208,13.975,13.975,13.682,13.78,4621,0
20060209,13.975,13.975,13.78,13.78,1027,0
20060210,13.887,13.887,13.887,13.887,100,0
20060213,13.877,13.877,13.79,13.8,3389,0
20060214,13.955,13.975,13.79,13.79,2361,0
20060215,13.79,13.965,13.78,13.828,22627,0
20060216,13.965,13.965,13.926,13.926,1129,0
20060217,13.926,13.926,13.877,13.877,512,0
20060221,13.701,13.79,13.701,13.79,1130,0
20060222,13.78,13.78,13.78,13.78,1436,0
20060223,13.74,13.965,13.73,13.965,875,0
20060224,13.682,13.682,13.682,13.682,1436,0
20060227,13.877,13.877,13.73,13.858,1648,0
20060301,13.867,13.867,13.78,13.79,1336,0
20060303,13.692,13.74,13.692,13.74,2210,0
20060306,13.828,13.828,13.8,13.8,2727,0
20060307,13.78,13.877,13.78,13.877,5032,0
20060308,13.828,13.897,13.828,13.897,611,0
20060309,13.848,13.848,13.848,13.848,100,0
20060310,13.828,13.877,13.828,13.877,10124,0
20060313,13.78,13.828,13.78,13.828,1541,0
20060314,13.81,13.81,13.8,13.8,3697,0
20060320,13.955,13.965,13.73,13.73,2066,0
20060321,13.81,13.81,13.81,13.81,1027,0
20060322,13.867,13.877,13.828,13.877,1356,0
20060323,13.848,13.877,13.828,13.877,12981,0
20060324,13.8,13.8,13.79,13.79,361,0
20060327,13.79,13.81,13.79,13.81,618,0
20060328,13.877,13.877,13.8,13.8,307,0
20060329,13.877,13.877,13.877,13.877,100,0
20060330,13.838,13.838,13.828,13.828,1643,0
20060331,13.76,13.81,13.76,13.8,718,0
20060403,13.926,13.965,13.828,13.955,2261,0
20060404,13.79,13.828,13.79,13.828,304,0
20060405,13.917,13.965,13.917,13.965,207,0
20060410,13.877,13.877,13.877,13.877,37834,0
20060412,13.73,13.73,13.73,13.73,2371,0
20060413,13.877,13.877,13.78,13.82,11910,0
20060417,13.682,14.12,13.682,14.091,21425,0
20060421,13.78,13.78,13.78,13.78,211,0
20060424,13.858,13.887,13.858,13.887,1336,0
20060425,14.12,14.12,14.12,14.12,822,0
20060426,14.12,14.12,14.071,14.071,411,0
20060427,14.024,14.024,13.926,13.926,1129,0
20060428,14.12,14.597,14.12,14.597,4652,0
20060501,14.607,14.607,14.607,14.607,925,0
20060502,14.607,14.607,14.607,14.607,1129,0
20060503,14.851,14.851,14.851,14.851,1952,0
20060504,14.9,14.9,14.763,14.9,411,0
20060505,14.686,14.9,14.607,14.9,14726,0
20060508,14.753,14.851,14.753,14.851,1570,0
20060509,14.851,14.9,14.802,14.861,3081,0
20060510,15.094,15.094,15.094,15.094,2566,0
20060511,15.241,15.338,15.144,15.144,1637,0
20060512,15.074,15.416,14.997,14.997,31671,0
20060515,14.978,15.074,14.978,15.074,618,0
20060516,14.939,14.939,14.939,14.939,257,0
20060517,15.241,15.241,15.192,15.241,6036,0
20060518,15.582,15.582,15.104,15.104,3924,0
20060519,15.094,15.241,15.094,15.241,439,0
20060522,15.163,15.163,15.163,15.163,1129,0
20060523,15.221,15.221,15.221,15.221,100,0
20060524,15.094,15.144,15.094,15.144,2155,0
20060526,15.144,15.144,15.144,15.144,307,0
20060530,15.104,15.104,15.104,15.104,1027,0
20060601,15.094,15.562,15.094,15.562,1488,0
20060602,15.328,15.532,15.328,15.338,822,0
20060605,15.279,15.279,15.269,15.269,207,0
20060606,15.279,15.338,15.094,15.192,1232,0
20060607,15.094,15.279,15.094,15.279,1456,0
20060608,15.094,15.328,15.094,15.328,2054,0
20060609,15.183,15.241,15.094,15.094,31216,0
20060612,15.094,15.094,15.094,15.094,2983,0
20060613,15.426,15.426,15.241,15.241,207,0
20060616,15.532,15.532,15.532,15.532,3081,0
20060619,15.279,15.279,15.279,15.279,207,0
20060620,15.338,15.572,15.338,15.522,2772,0
20060621,15.192,15.522,15.192,15.522,5236,0
20060623,15.522,15.522,15.522,15.522,356,0
20060626,15.231,15.231,15.231,15.231,100,0
20060627,15.192,15.192,15.192,15.192,148,0
20060628,15.192,15.192,15.192,15.192,151,0
20060630,15.221,15.241,15.221,15.241,716,0
20060703,15.104,15.104,15.104,15.104,134,0
20060705,15.094,15.094,15.094,15.094,718,0
20060706,15.094,15.094,15.094,15.094,609,0
20060710,15.163,15.163,15.163,15.163,172,0
20060711,15.582,15.582,15.094,15.241,47672,0
20060712,15.094,15.094,15.094,15.094,100,0
20060713,15.183,15.183,15.183,15.183,100,0
20060714,15.279,15.279,15.192,15.192,508,0
20060717,15.094,15.094,15.094,15.094,100,0
20060718,15.094,15.094,15.094,15.094,18792,0
20060721,15.027,15.027,14.851,14.949,2053,0
20060724,14.9,15.104,14.851,15.104,14178,0
20060725,14.773,15.045,14.773,14.949,1595,0
20060726,14.9,14.9,14.9,14.9,100,0
20060728,15.045,15.045,15.045,15.045,100,0
20060801,15.094,15.202,15.094,15.202,800,0
20060803,14.987,15.308,14.9,15.308,1550,0
20060804,15.308,15.308,15.045,15.045,2356,0
20060807,15.114,15.114,15.094,15.094,618,0
20060808,15.094,15.124,15.094,15.094,685,0
20060809,15.094,15.094,15.094,15.094,512,0
20060814,15.094,15.173,15.094,15.173,371,0
20060816,15.094,15.094,14.92,14.92,925,0
20060817,15.035,15.192,15.035,15.094,52658,0
20060818,15.094,15.094,15.094,15.094,309,0
20060828,15.035,15.035,15.007,15.007,422,0
20060901,15.338,15.338,15.338,15.338,110,0
20060905,15.338,15.338,15.338,15.338,100,0
20060906,15.094,15.094,15.094,15.094,307,0
20060908,14.949,15.094,14.949,15.094,1232,0
20060911,15.007,15.007,15.007,15.007,935,0
20060912,14.949,15.522,14.949,15.045,3085,0
20060913,15.045,15.114,15.045,15.114,307,0
20060921,15.582,15.582,15.582,15.582,512,0
20060922,15.26,15.26,15.045,15.045,1643,0
20060925,15.094,15.582,15.084,15.582,1899,0
20060926,15.522,15.522,15.386,15.386,1129,0
20060928,15.114,15.114,15.114,15.114,207,0
20061002,14.997,14.997,14.997,14.997,1737,0
20061004,15.045,15.318,15.045,15.318,512,0
20061006,15.094,15.094,15.094,15.094,5136,0
20061009,14.997,14.997,14.997,14.997,814,0
20061010,14.997,14.997,14.949,14.949,1089,0
20061019,14.949,15.376,14.949,14.959,347,0
20061023,14.949,15.367,14.949,14.997,3183,0
20061024,14.9,14.949,14.9,14.949,1130,0
20061026,15.572,15.572,15.572,15.572,100,0
20061027,15.289,15.289,15.289,15.289,100,0
20061030,15.289,15.289,15.289,15.289,3775,0
20061031,15.289,15.289,15.289,15.289,100,0
20061102,15.338,15.338,15.338,15.338,100,0
20061103,15.289,15.289,15.241,15.241,8727,0
20061106,14.607,14.607,14.607,14.607,207,0
20061108,15.532,15.532,15.289,15.289,616,0
20061109,15.289,15.289,15.289,15.289,1027,0
20061115,15.241,15.572,15.241,15.338,1952,0
20061117,15.241,15.338,15.241,15.338,1027,0
20061121,15.338,15.338,15.338,15.338,2155,0
20061128,15.289,15.289,15.289,15.289,1027,0
20061205,15.183,15.308,15.104,15.289,1615,0
20061206,15.289,15.338,15.289,15.338,9243,0
20061207,15.241,15.251,15.241,15.241,1767,0
20061208,15.241,15.241,15.241,15.241,4106,0
20061214,15.241,15.241,15.241,15.241,1103,0
20061218,15.241,15.241,15.241,15.241,1436,0
20061219,15.241,15.289,15.241,15.241,11708,0
20061220,15.192,15.289,15.192,15.289,638,0
20061228,15.572,15.572,15.572,15.572,132,0
20061229,15.241,15.241,15.241,15.241,207,0
20070103,15.572,15.572,15.289,15.289,5937,0
20070105,15.241,15.241,15.241,15.241,361,0
20070111,15.241,15.241,15.241,15.241,5443,0
20070112,15.386,15.386,15.338,15.338,10521,0
20070116,15.241,15.241,15.241,15.241,154,0
20070118,15.572,15.582,15.572,15.582,643,0
20070119,15.582,15.582,15.572,15.582,548,0
20070122,15.192,15.192,15.192,15.192,4308,0
20070125,15.241,15.376,15.241,15.241,6312,0
20070126,15.269,15.308,15.241,15.289,822,0
20070130,15.269,15.338,15.241,15.289,5854,0
20070131,15.289,15.484,15.094,15.298,9265,0
20070201,15.26,15.26,15.241,15.241,1977,0
20070205,15.241,15.455,15.192,15.241,7668,0
20070206,15.241,15.338,15.241,15.241,17663,0
20070208,15.241,15.241,15.241,15.241,207,0
20070209,15.241,15.241,15.241,15.241,737,0
20070212,15.241,15.241,15.241,15.241,100,0
20070213,15.241,15.241,15.241,15.241,4137,0
20070214,15.241,15.241,15.241,15.241,207,0
20070215,15.338,15.338,15.241,15.241,5348,0
20070216,15.241,15.241,15.241,15.241,1005,0
20070220,15.241,15.241,15.192,15.192,6135,0
20070221,15.289,15.338,15.241,15.338,6879,0
20070227,15.269,15.376,15.269,15.376,207,0
20070228,15.269,15.279,15.241,15.269,1848,0
20070301,15.298,15.298,15.202,15.202,10473,0
20070302,15.298,15.436,15.241,15.338,35632,0
20070305,15.251,15.251,15.241,15.241,2376,0
20070306,15.289,15.338,15.241,15.251,19231,0
20070312,15.26,15.582,15.26,15.289,4776,0
20070313,15.289,15.338,15.241,15.241,23734,0
20070315,15.338,15.338,15.289,15.289,5339,0
20070316,15.308,15.308,15.289,15.289,207,0
20070319,15.289,15.455,15.289,15.289,1540,0
20070320,15.386,15.386,15.26,15.338,21784,0
20070322,15.289,15.338,15.289,15.338,14789,0
20070326,15.289,15.386,15.289,15.289,4209,0
20070328,15.308,15.308,15.298,15.298,207,0
20070330,15.484,15.572,15.289,15.298,26477,0
20070402,15.298,15.298,15.289,15.289,2527,0
20070405,15.289,15.289,15.289,15.289,718,0
20070411,15.318,15.318,15.289,15.289,1028,0
20070412,15.318,15.318,15.289,15.298,1027,0
20070417,15.289,15.338,15.289,15.338,2104,0
20070423,15.386,15.386,15.338,15.338,618,0
20070424,15.436,15.436,15.289,15.289,1027,0
20070425,15.386,15.386,15.386,15.386,116,0
20070426,15.289,15.289,15.289,15.289,843,0
20070430,15.318,15.318,15.289,15.289,3111,0
20070501,15.338,15.426,15.338,15.426,5371,0
20070503,15.426,15.426,15.289,15.289,1027,0
20070504,15.289,15.318,15.289,15.298,1541,0
20070507,15.094,15.289,15.094,15.289,1129,0
20070509,15.289,15.338,15.289,15.338,13351,0
20070510,15.289,15.318,15.289,15.289,975,0
20070511,15.338,15.338,15.338,15.338,7702,0
20070514,15.289,15.289,15.289,15.289,512,0
20070515,15.289,15.289,15.289,15.289,618,0
20070516,15.289,15.289,15.289,15.289,207,0
20070517,15.289,15.289,15.289,15.289,8113,0
20070518,15.289,15.298,15.289,15.289,512,0
20070521,15.104,15.338,15.104,15.338,2261,0
20070522,15.298,15.338,15.289,15.338,17416,0
20070523,15.289,15.386,15.289,15.386,822,0
20070525,15.289,15.289,15.289,15.289,935,0
20070529,15.289,15.338,15.289,15.338,39534,0
20070531,15.289,15.328,15.094,15.289,24263,0
20070601,15.094,15.094,15.094,15.094,925,0
20070605,15.094,15.104,14.997,14.997,1848,0
20070606,14.997,14.997,14.997,14.997,4896,0
20070607,14.949,14.949,14.949,14.949,3183,0
20070608,14.949,14.949,14.851,14.851,1129,0
20070611,14.851,14.851,13.828,14.753,13446,0
20070612,14.656,14.656,14.12,14.12,11301,0
20070613,13.81,14.12,13.633,13.73,14340,0
20070614,13.643,14.081,13.643,14.081,4734,0
20070615,13.935,14.12,13.935,14.12,2457,0
20070618,13.77,13.77,13.692,13.692,1643,0
20070619,13.633,13.662,13.487,13.487,1831,0
20070620,13.517,13.517,13.487,13.487,307,0
20070621,13.487,13.487,13.428,13.428,4724,0
20070622,13.156,13.156,12.397,12.563,21154,0
20070625,12.28,12.28,11.442,11.442,6846,0
20070626,11.608,11.696,11.608,11.648,8046,0
20070627,11.687,11.782,11.687,11.782,1232,0
20070628,11.687,11.687,11.687,11.687,1232,0
20070629,11.716,11.93,11.678,11.687,22674,0
20070702,11.638,11.93,11.638,11.93,1776,0
20070703,12.104,12.553,11.93,12.553,3059,0
20070705,12.756,13.245,12.756,13.245,2670,0
20070706,13.39,13.39,13.39,13.39,307,0
20070709,13.39,13.39,13.39,13.39,100,0
20070711,13.39,13.39,12.904,12.904,718,0
20070712,12.952,12.962,12.806,12.806,618,0
20070716,12.662,12.689,12.416,12.416,822,0
20070717,11.911,12.037,11.394,12.027,7052,0
20070718,12.084,12.652,12.084,12.652,925,0
20070723,12.689,12.689,12.689,12.689,100,0
20070726,12.31,12.31,12.173,12.173,556,0
20070727,12.173,12.173,11.726,11.93,1021,0
20070730,12.027,12.027,11.979,11.979,2331,0
20070731,11.979,11.979,11.979,11.979,1541,0
20070801,11.94,12.173,11.94,11.979,512,0
20070802,11.94,11.94,11.687,11.735,925,0
20070806,11.735,11.743,11.735,11.735,1644,0
20070807,11.696,11.706,11.696,11.706,207,0
20070808,11.687,11.687,11.687,11.687,100,0
20070809,11.792,11.792,11.792,11.792,101,0
20070810,11.92,11.92,11.92,11.92,718,0
20070813,11.696,12.007,11.696,11.716,1336,0
20070814,11.979,11.979,11.782,11.782,307,0
20070815,11.782,12.124,11.696,12.124,718,0
20070816,11.696,11.696,11.687,11.696,1129,0
20070817,11.687,11.687,11.229,11.229,207,0
20070821,11.491,11.491,11.491,11.491,104,0
20070822,11.539,11.539,11.491,11.491,9934,0
20070824,11.52,11.638,11.5,11.638,1823,0
20070828,11.648,11.648,11.648,11.648,512,0
20070829,11.687,11.687,11.687,11.687,411,0
20070830,11.687,11.687,11.638,11.638,646,0
20070905,11.638,11.638,11.638,11.638,122,0
20070907,11.638,11.638,11.638,11.638,349,0
20070910,11.687,11.687,11.687,11.687,1027,0
20070911,12.163,12.173,12.163,12.163,923,0
20070914,11.782,11.782,11.579,11.687,3286,0
20070924,11.638,11.743,11.219,11.743,1539,0
20070925,11.638,11.638,10.761,10.818,3182,0
20070926,10.761,10.761,9.992,10.08,6647,0
20070927,10.41,10.507,10.41,10.469,1348,0
20070928,10.37,10.37,10.37,10.37,478,0
20071002,10.419,11.326,10.324,11.189,2261,0
20071004,11.111,11.111,11.101,11.101,522,0
20071012,11.199,11.199,11.199,11.199,207,0
20071015,11.179,11.179,11.179,11.179,100,0
20071016,11.072,11.101,11.053,11.072,3007,0
20071017,11.081,11.081,11.053,11.063,651,0
20071018,11.782,11.782,11.442,11.442,618,0
20071019,11.491,11.491,11.491,11.491,100,0
20071023,11.472,11.472,11.442,11.442,207,0
20071031,11.442,11.442,11.442,11.442,512,0
20071101,11.442,11.442,11.442,11.442,298,0
20071106,11.442,11.442,11.442,11.442,618,0
20071107,11.442,11.442,11.432,11.442,8789,0
20071120,10.567,11.678,10.567,11.452,411,0
20071123,11.92,11.92,11.92,11.92,100,0
20071126,11.199,11.199,10.469,11.101,698,0
20071129,10.808,10.818,10.808,10.818,822,0
20071203,10.808,11.219,10.808,10.808,1129,0
20071206,10.808,10.808,10.808,10.808,480,0
20071212,10.808,10.808,10.479,10.479,1867,0
20071213,10.808,10.808,10.479,10.479,1899,0
20071214,10.507,11.15,10.459,11.15,1541,0
20071218,10.449,10.449,10.449,10.449,307,0
20071220,10.469,10.469,10.469,10.469,207,0
20071221,10.459,10.459,10.275,10.275,307,0
20071226,10.175,10.175,9.689,9.689,925,0
20071227,9.593,9.593,9.2515,9.2515,925,0
20071228,9.3004,9.3004,9.2515,9.2515,618,0
20071231,9.0371,9.2515,9.0177,9.0177,1643,0
20080104,9.047,9.047,8.8035,8.8229,1129,0
20080107,8.7742,8.7742,8.375,8.375,618,0
20080108,8.4529,8.4529,8.4236,8.4529,618,0
20080109,8.2777,8.2777,7.8395,7.8395,512,0
20080110,7.8395,7.9465,7.2746,7.7907,3596,0
20080111,7.7129,7.8297,7.3524,7.7907,2722,0
20080114,7.5958,7.7907,7.5958,7.6933,2979,0
20080115,7.6251,7.6251,7.6251,7.6251,100,0
20080116,8.2679,8.2679,7.6058,7.6058,307,0
20080118,7.5958,7.5958,7.4499,7.4499,1032,0
20080122,7.4499,7.4499,6.8654,6.8654,1066,0
20080123,8.6378,8.9495,7.8783,8.7647,4769,0
20080124,9.884,9.982,9.008,9.1053,2413,0
20080125,8.7938,8.862,8.7647,8.862,2261,0
20080130,8.521,8.521,8.2485,8.521,512,0
20080201,8.5892,8.7938,8.521,8.521,3165,0
20080204,8.521,8.521,8.521,8.521,1952,0
20080206,8.9008,8.9106,8.521,8.521,475,0
20080212,9.008,9.4168,8.5892,8.9495,1821,0
20080213,8.8035,8.8424,8.8035,8.8131,4970,0
20080214,8.784,8.784,8.784,8.784,100,0
20080215,8.8131,8.8131,8.2872,8.8131,2352,0
20080219,8.8131,8.8131,8.8131,8.8131,374,0
20080220,8.7938,8.7938,8.7938,8.7938,100,0
20080221,8.4723,8.6477,8.4723,8.6477,43641,0
20080222,8.6184,8.6184,8.6184,8.6184,100,0
20080225,8.4236,8.4236,8.4236,8.4236,1693,0
20080229,8.6184,8.6184,8.6184,8.6184,100,0
20080304,8.6671,8.6671,8.6184,8.6671,5955,0
20080305,8.7647,8.7647,8.6671,8.6671,13085,0
20080306,8.862,8.862,8.862,8.862,103,0
20080310,9.0371,9.0371,8.862,8.9106,603,0
20080311,8.0439,8.4723,8.0439,8.4723,361,0
20080312,9.3882,9.3882,8.482,9.2809,1336,0
20080313,9.4842,9.4842,8.4723,8.521,4237,0
20080314,8.4723,9.0566,8.4723,8.7647,3731,0
20080317,8.7255,8.7255,8.7255,8.7255,100,0
20080318,9.3098,9.3098,8.9983,8.9983,411,0
20080319,9.271,9.3782,8.4335,8.7353,4109,0
20080320,9.008,9.008,8.7159,8.7159,3840,0
20080324,8.521,8.521,8.375,8.4627,7548,0
20080325,8.599,8.599,8.599,8.599,100,0
20080326,8.2777,9.4359,7.9855,8.7647,2361,0
20080327,7.927,8.375,7.927,8.2777,1693,0
20080328,8.2777,8.7255,8.2777,8.5796,411,0
20080401,8.2777,8.2777,8.2777,8.2777,100,0
20080402,8.3361,8.3361,8.3361,8.3361,6972,0
20080403,8.2777,8.3166,8.2777,8.3166,319,0
20080407,8.3067,8.3067,8.3067,8.3067,312,0
20080408,8.2777,8.3067,8.2777,8.3067,2335,0
20080409,8.2872,8.2872,8.2872,8.2872,100,0
20080410,8.3263,8.5114,8.3263,8.3458,718,0
20080411,8.4042,8.599,8.3263,8.375,2465,0
20080414,8.3554,8.3554,8.3263,8.3263,411,0
20080415,8.2872,8.2872,8.2872,8.2872,207,0
20080416,8.2872,8.2872,8.2872,8.2872,207,0
20080417,8.2872,8.2872,8.2872,8.2872,207,0
20080418,8.2872,8.6572,8.2872,8.6572,848,0
20080421,8.2777,8.2872,8.2777,8.2777,618,0
20080422,8.2872,8.375,8.2872,8.375,347,0
20080425,8.375,8.521,8.375,8.521,2300,0
20080428,8.2872,8.2872,8.2777,8.2777,512,0
20080429,8.4919,9.271,8.2872,8.3166,3100,0
20080430,8.521,8.7547,8.521,8.7547,7497,0
20080501,8.4723,8.4723,8.2777,8.3263,618,0
20080502,8.3166,8.3166,8.3166,8.3166,218,0
20080505,8.2777,8.3067,8.2777,8.3067,4413,0
20080506,8.6965,8.7159,8.2777,8.7159,7315,0
20080507,8.7159,8.7159,8.2972,8.2972,29429,0
20080508,8.375,8.375,8.2777,8.2777,4826,0
20080509,8.375,8.375,8.375,8.375,1027,0
20080512,8.229,8.2972,8.229,8.2972,1336,0
20080513,8.0733,8.1315,8.0535,8.0535,1568,0
20080515,8.219,8.375,8.219,8.375,1166,0
20080516,8.521,8.521,8.521,8.521,153,0
20080519,8.375,8.521,8.0535,8.0535,1686,0
20080523,8.2777,8.2777,8.2777,8.2777,1027,0
20080527,8.2095,8.2095,7.9758,8.1803,3995,0
20080528,8.5114,8.521,7.7615,8.0828,8666,0
20080529,8.2777,8.2777,8.2777,8.2777,277,0
20080530,7.7907,8.5114,7.7907,8.5114,512,0
20080604,7.8879,8.0341,7.8879,8.0341,983,0
20080606,8.0341,8.0341,8.0341,8.0341,207,0
20080610,7.9173,7.9952,7.9173,7.9952,2465,0
20080612,7.9173,7.9173,7.9173,7.9173,657,0
20080613,8.4627,8.4723,8.4627,8.4723,1128,0
20080619,7.8103,7.8103,7.7907,7.7907,1027,0
20080623,7.8783,7.8879,7.8783,7.8879,1129,0
20080624,7.7322,7.7322,6.3301,6.3395,4361,0
20080625,6.3301,6.3395,6.3202,6.3395,1496,0
20080701,6.4273,7.4499,6.4273,7.4499,12817,0
20080702,6.4273,6.4273,6.2327,6.2327,1643,0
20080707,6.2131,6.2131,5.7262,5.843,3682,0
20080709,5.7262,5.7944,5.4827,5.4827,587,0
20080710,5.8137,5.8137,5.4534,5.4534,1643,0
20080711,5.7944,5.7944,5.7944,5.7944,2361,0
20080714,5.7944,5.7944,5.7944,5.7944,2772,0
20080715,5.7455,5.7455,5.7455,5.7455,100,0
20080716,5.5119,5.8527,4.723,4.8691,6138,0
20080717,4.4213,4.6256,4.4213,4.6256,618,0
20080718,4.8691,5.064,4.723,4.723,5236,0
20080722,5.1127,5.3561,4.8205,4.8691,8327,0
20080723,5.3463,5.3561,4.8691,4.8691,2057,0
20080724,4.5478,4.5478,3.9441,4.0415,31575,0
20080725,3.9732,3.9732,3.8564,3.8564,16122,0
20080728,3.8954,3.8954,3.8368,3.8954,4058,0
20080729,4.2265,4.5283,3.759,3.8954,7678,0
20080730,4.8497,4.8594,3.8954,3.8954,5751,0
20080731,3.8954,3.8954,3.7396,3.7396,9943,0
20080801,3.798,3.8175,3.7882,3.8175,1619,0
20080804,4.8205,4.8205,3.8175,3.8175,3791,0
20080807,3.8175,4.7719,3.8175,3.8175,1872,0
20080808,3.4084,4.1583,3.4084,3.7493,2051,0
20080813,3.8954,3.9634,3.8175,3.8954,11091,0
20080814,3.8175,3.8175,3.4084,3.5156,5272,0
20080815,3.7396,3.8954,3.7396,3.8954,1498,0
20080819,3.8466,3.8954,3.8466,3.8954,2277,0
20080820,4.8108,4.8108,4.3822,4.3822,4298,0
20080822,3.8954,3.8954,3.8954,3.8954,100,0
20080827,3.8954,3.8954,3.8954,3.8954,1792,0
20080828,3.8368,3.8954,3.7006,3.8759,2286,0
20080829,3.8954,4.3043,3.8856,4.2557,2932,0
20080902,4.7037,4.7037,4.3141,4.3141,512,0
20080904,3.9538,3.9538,3.9441,3.9441,207,0
20080905,4.0415,4.0415,3.9927,3.9927,1134,0
20080908,3.6031,3.6519,3.6031,3.6519,822,0
20080910,4.0609,4.0609,4.0609,4.0609,100,0
20080911,4.1097,4.1097,3.798,3.798,307,0
20080912,4.0219,4.0219,3.7201,3.7493,512,0
20080915,3.8954,3.8954,3.8954,3.8954,100,0
20080918,3.759,4.1388,3.7493,3.8272,1747,0
20080919,4.1388,4.1388,4.1388,4.1388,1232,0
20080922,4.0512,4.0512,4.0512,4.0512,307,0
20080923,4.0512,4.0512,4.0512,4.0512,1129,0
20080924,4.09,4.2849,4.0512,4.0512,5702,0
20080925,4.4115,4.4115,4.4115,4.4115,154,0
20080926,4.8497,4.8691,4.8497,4.8691,1541,0
20080929,5.1029,5.1029,4.8691,4.8691,307,0
20080930,4.8691,5.3561,4.8691,5.3561,1541,0
20081001,5.3561,5.3561,5.3561,5.3561,512,0
20081002,5.1127,5.1127,4.9471,5.0738,1525,0
20081003,4.8594,4.8594,4.8594,4.8594,124,0
20081006,4.1875,4.1875,4.1875,4.1875,307,0
20081007,4.1388,4.1388,4.1388,4.1388,307,0
20081008,4.5772,4.5772,4.207,4.207,564,0
20081009,3.9441,3.9441,3.9441,3.9441,181,0
20081014,3.9927,4.1388,3.9927,4.1388,1848,0
20081015,3.9927,3.9927,3.9927,3.9927,100,0
20081016,3.9441,3.9441,3.7006,3.7006,4751,0
20081022,4.1388,4.8691,4.1388,4.8691,1336,0
20081023,4.8691,4.8691,4.8691,4.8691,100,0
20081024,4.8594,4.8691,4.8594,4.8691,1027,0
20081028,4.7329,4.7329,4.3822,4.3822,718,0
20081029,4.1388,4.3822,4.1388,4.3822,1643,0
20081030,4.0415,4.0415,3.165,3.2624,22704,0
20081031,4.3725,4.3822,3.3402,3.8954,3328,0
20081103,4.3822,4.3822,4.3822,4.3822,100,0
20081104,3.4084,3.6519,3.4084,3.6226,2361,0
20081111,3.7006,3.7006,3.4084,3.4084,5042,0
20081112,3.2624,3.2624,3.2624,3.2624,1232,0
20081114,3.2721,3.2721,2.9216,2.9216,7966,0
20081117,2.9604,2.9799,2.9216,2.9216,925,0
20081118,3.2039,3.2234,3.2039,3.2234,512,0
20081119,3.3597,3.4182,3.2137,3.4084,17620,0
20081120,3.2624,3.3597,3.2624,3.3597,6477,0
20081121,3.2137,3.5058,3.2137,3.4084,1628,0
20081125,3.7201,3.7201,3.7201,3.7201,100,0
20081128,3.7493,3.7493,3.7493,3.7493,512,0
20081202,3.7493,4.2654,3.4474,3.4668,2054,0
20081204,3.4278,3.4278,3.4182,3.4182,925,0
20081208,4.0123,4.0123,3.4182,3.4182,3593,0
20081209,3.4182,3.6519,3.4084,3.6519,12307,0
20081210,3.6519,4.0609,3.6519,4.0609,306,0
20081212,3.4572,3.4572,3.4572,3.4572,307,0
20081215,3.6713,3.7006,3.4182,3.5544,6161,0
20081216,3.7006,4.2849,3.7006,4.2849,1846,0
20081217,3.7006,3.7396,3.7006,3.7396,2024,0
20081219,4.1778,4.1778,3.7102,3.7102,2795,0
20081222,4.2557,4.2557,4.2459,4.2459,207,0
20081223,3.798,3.798,3.798,3.798,102,0
20081224,3.7396,3.8954,3.7102,3.8954,307,0
20081226,3.7493,3.8954,3.7493,3.8954,1316,0
20081230,3.7493,3.8954,3.165,3.2427,3175,0
20081231,3.8175,3.8954,3.4961,3.4961,7454,0
20090107,3.9148,3.9148,3.7201,3.7201,1610,0
20090112,3.8368,3.8368,3.8368,3.8368,411,0
20090114,3.6812,3.6812,3.6812,3.6812,100,0
20090116,3.5643,3.8466,3.5643,3.7201,411,0
20090120,3.5838,3.6519,2.9216,2.9216,26833,0
20090121,3.0774,3.2721,3.0774,3.2721,9755,0
20090122,3.2332,3.2332,3.087,3.087,719,0
20090123,3.4084,3.4084,3.4084,3.4084,257,0
20090126,3.6519,3.6519,3.2427,3.3986,5384,0
20090128,3.4084,3.4668,3.4084,3.4668,1232,0
20090129,3.5448,3.8466,3.5448,3.5544,2897,0
20090130,3.6519,3.6519,3.5448,3.5448,949,0
20090202,3.35,3.35,3.35,3.35,100,0
20090203,3.2427,3.6031,3.2427,3.6031,3142,0
20090204,3.5058,3.5058,3.5058,3.5058,512,0
20090205,3.3305,3.3695,3.3109,3.3695,307,0
20090206,3.0188,3.0188,3.0188,3.0188,512,0
20090209,3.165,3.1844,3.165,3.165,821,0
20090210,3.0385,3.0385,2.9311,2.9311,1232,0
20090211,2.9216,2.9216,2.9216,2.9216,491,0
20090213,2.9703,2.9703,2.6877,2.8436,3964,0
20090218,2.9117,2.9117,2.9117,2.9117,257,0
20090220,2.9216,2.9216,2.8241,2.9216,1232,0
20090223,1.9477,2.9216,1.9477,2.9216,18315,0
20090224,2.5807,2.5807,2.5807,2.5807,100,0
20090225,2.347,2.8534,2.347,2.8534,2979,0
20090227,2.8338,2.9216,2.8338,2.9216,1229,0
20090302,2.5807,2.6,2.5807,2.5807,15489,0
20090303,2.3371,2.5612,1.9477,2.5612,2823,0
20090304,2.1912,2.2203,2.1912,2.2203,309,0
20090305,2.493,2.5125,2.3371,2.5125,411,0
20090306,2.3371,2.4541,2.3371,2.4541,1745,0
20090309,2.1912,2.4541,1.9477,1.9672,3902,0
20090310,2.084,2.084,2.0451,2.0451,307,0
20090312,2.3567,2.3567,1.5484,1.8503,88721,0
20090313,1.568,1.8894,1.568,1.8894,4533,0
20090317,2.9117,2.9117,2.3371,2.4346,1436,0
20090319,2.4152,2.4346,2.0645,2.0645,822,0
20090325,2.2885,2.2885,2.2885,2.2885,207,0
20090326,1.9963,2.2594,1.9963,2.2594,311,0
20090331,2.571,2.5807,2.571,2.571,1952,0
20090406,2.269,2.4346,2.2594,2.4346,307,0
20090407,2.3567,2.3567,2.0353,2.0353,5312,0
20090408,2.5612,2.7073,2.0061,2.0353,3563,0
20090409,2.0743,2.61,2.0743,2.61,1006,0
20090413,2.0937,2.5418,2.0937,2.5418,247,0
20090414,2.4346,2.4346,2.4346,2.4346,1180,0
20090415,2.6,2.6,2.4152,2.5418,869,0
20090420,2.4346,2.4346,2.4346,2.4346,1027,0
20090421,2.5807,2.5807,2.5807,2.5807,100,0
20090422,2.4346,2.4346,2.4346,2.4346,2010,0
20090428,2.2982,2.2982,2.2982,2.2982,100,0
20090430,2.5807,2.5807,2.5807,2.5807,2054,0
20090501,2.61,3.0385,2.61,2.8241,2426,0
20090504,1.9477,2.6293,1.9477,2.6293,307,0
20090505,3.0675,3.0675,2.6682,2.6682,6158,0
20090506,2.7365,2.7365,2.6682,2.6682,307,0
20090507,2.3371,2.3371,2.3371,2.3371,2054,0
20090508,2.4346,2.5807,2.4346,2.5807,2421,0
20090511,2.6781,2.8241,2.6781,2.8241,3455,0
20090513,2.7559,2.7559,2.6877,2.6877,4520,0
20090515,2.6877,2.7269,1.9477,2.7269,2546,0
20090527,2.5418,2.5418,2.4346,2.4346,2054,0
20090528,2.4249,2.4249,2.4249,2.4249,822,0
20090529,2.5318,2.6877,2.4346,2.4834,2565,0
20090602,2.4834,2.4834,2.4736,2.4834,2154,0
20090603,2.3762,2.3762,2.3762,2.3762,411,0
20090608,2.4346,2.4346,2.0451,2.0451,2185,0
20090609,2.5028,2.5807,2.3762,2.5807,6264,0
20090610,2.1619,2.3859,1.9477,2.3859,7253,0
20090624,2.0451,2.0451,2.0451,2.0451,140,0
20090625,2.0353,2.0743,2.0353,2.0743,643,0
20090629,2.0353,2.0451,2.0353,2.0451,287,0
20090701,2.0451,2.0451,2.0353,2.0353,1027,0
20090709,2.0353,2.0353,2.0353,2.0353,307,0
20090710,1.9477,1.9477,1.4511,1.6068,18188,0
20090713,1.4607,1.6362,1.4607,1.6362,207,0
20090715,1.8503,2.0353,1.8503,1.9573,22640,0
20090716,2.0353,2.0743,2.0061,2.0743,2168,0
20090717,2.0937,2.2885,2.0937,2.2885,4518,0
20090720,2.2398,2.2398,2.2398,2.2398,100,0
20090721,2.2398,2.2885,2.1912,2.2885,3915,0
20090723,2.2885,2.2885,2.2885,2.2885,1762,0
20090724,2.1912,2.2398,2.1912,2.2398,28736,0
20090727,2.3371,2.4346,2.2398,2.3371,12220,0
20090728,2.3371,2.4346,2.2495,2.2495,20109,0
20090729,2.3371,2.6781,2.3371,2.6781,36638,0
20090730,2.6781,2.6781,2.6682,2.6682,5067,0
20090731,2.6781,2.7559,2.493,2.493,10155,0
20090803,2.6587,2.6682,2.6587,2.6682,2670,0
20090804,2.6392,2.6392,2.6392,2.6392,512,0
20090805,2.2008,2.6682,2.2008,2.6682,3646,0
20090806,2.6682,2.6682,2.6682,2.6682,0,0
20090807,2.571,2.6781,2.571,2.6781,608,0
20090810,2.6781,2.6781,2.3762,2.3956,15605,0
20090811,2.3371,2.3371,2.3371,2.3371,243,0
20090812,2.6587,2.6587,2.571,2.571,678,0
20090813,2.6293,2.6293,2.6293,2.6293,5647,0
20090814,2.6293,2.6293,2.6293,2.6293,3183,0
20090818,2.3762,2.3762,2.3371,2.3371,208,0
20090824,2.3371,2.3371,2.3371,2.3371,0,0
20090825,2.3371,2.3371,2.3371,2.3371,0,0
20090826,2.5807,2.5807,2.5513,2.5807,512,0
20090831,2.4834,2.4834,2.4834,2.4834,619,0
20090901,2.2885,2.2885,2.2885,2.2885,5136,0
20090903,2.2398,2.2398,2.2398,2.2398,512,0
20090909,2.2398,2.2495,2.2398,2.2398,1541,0
20090910,2.2885,2.2885,2.2885,2.2885,1027,0
20090914,2.4249,2.4346,2.4249,2.4346,1847,0
20090915,2.4346,2.4346,2.2106,2.2301,6518,0
20090921,2.4443,2.4443,2.4443,2.4443,100,0
20090922,2.2398,2.2398,2.2106,2.2106,1027,0
20090923,2.2398,2.2398,2.2398,2.2398,7189,0
20090929,2.2106,2.2106,2.2106,2.2106,1541,0
20091001,2.2203,2.2203,2.2106,2.2106,1027,0
20091002,2.2106,2.2398,2.2106,2.2398,5751,0
20091008,2.2398,2.3371,2.2106,2.2398,2361,0
20091009,2.3371,2.4443,2.3371,2.4443,1745,0
20091012,2.4834,2.4834,2.4834,2.4834,100,0
20091014,2.2203,2.2203,2.2008,2.2008,766,0
20091015,2.2008,2.2008,2.2008,2.2008,1541,0
20091019,2.4736,2.493,2.4736,2.493,1952,0
20091020,2.4541,2.4541,2.2106,2.2106,207,0
20091021,2.4443,2.4443,2.4346,2.4346,1027,0
20091022,2.5318,2.5418,2.5318,2.5418,512,0
20091023,2.4346,2.4346,2.4346,2.4346,100,0
20091026,2.4249,2.4443,2.4249,2.4443,6091,0
20091027,2.4443,2.4443,2.4443,2.4443,1027,0
20091028,2.6487,2.9216,2.6487,2.6781,7724,0
20091029,2.6877,2.6877,2.6877,2.6877,806,0
20091102,2.6,2.6,2.5807,2.5807,410,0
20091103,2.6682,2.9117,2.6682,2.9117,5584,0
20091105,2.61,2.61,2.61,2.61,411,0
20091113,2.9117,2.9311,2.9117,2.9311,15984,0
20091116,2.6392,2.9311,2.6293,2.9311,2670,0
20091117,2.9703,2.9703,2.9703,2.9703,512,0
20091118,3.165,3.165,2.9703,2.9703,8400,0
20091119,2.941,2.9604,2.941,2.9604,307,0
20091120,2.9703,2.9703,2.9311,2.9703,3902,0
20091123,2.9216,2.9216,2.9216,2.9216,361,0
20091124,2.9703,2.9703,2.9703,2.9703,1111,0
20091208,2.9508,2.9508,2.9216,2.9216,512,0
20091210,3.0675,3.0675,3.0675,3.0675,6264,0
20091214,3.0675,3.0675,2.9216,2.9216,10576,0
20091215,2.8728,3.0675,2.8728,3.0675,6366,0
20091216,3.0579,3.0579,3.0188,3.0188,7393,0
20091217,3.0675,3.0675,3.0675,3.0675,177,0
20091218,2.9216,2.9216,2.8728,2.8728,936,0
20091221,3.0675,3.0675,3.0675,3.0675,481,0
20091222,2.8826,2.9216,2.8728,2.8728,1336,0
20091224,2.8728,3.0675,2.2398,2.7269,5331,0
20091229,2.6781,2.6781,2.6781,2.6781,925,0
20091230,2.6781,2.6781,2.6781,2.6781,207,0
20100104,3.0481,3.0481,2.7169,2.7169,512,0
20100105,2.7269,2.7269,2.6781,2.6781,1643,0
20100108,3.0385,3.0675,3.0385,3.0675,512,0
20100121,2.9216,2.9216,2.9216,2.9216,1286,0
20100127,3.0675,3.0675,3.0675,3.0675,14581,0
20100128,3.0188,3.0675,2.9508,2.9703,2074,0
20100129,2.9508,2.9508,2.9216,2.9216,1035,0
20100202,2.8338,2.8338,2.8338,2.8338,126,0
20100205,3.0675,3.0675,3.0675,3.0675,100,0
20100208,2.9216,2.9216,2.9216,2.9216,207,0
20100209,2.8338,2.8338,2.8338,2.8338,1848,0
20100212,2.8436,2.8436,2.8338,2.8338,512,0
20100217,2.8338,2.8338,2.8338,2.8338,100,0
20100222,3.0188,3.0188,3.0188,3.0188,100,0
20100302,3.0188,3.0188,2.9216,2.9216,1027,0
20100304,2.8241,3.0675,2.7269,3.0675,1306,0
20100311,2.8241,2.8728,2.8241,2.8728,7085,0
20100312,2.9604,2.9604,2.9604,2.9604,471,0
20100315,2.9604,2.9604,2.9604,2.9604,207,0
20100316,2.9703,2.9703,2.9703,2.9703,207,0
20100318,2.9703,2.9703,2.9703,2.9703,512,0
20100323,2.9703,2.9703,2.9703,2.9703,512,0
20100324,2.9703,2.9703,2.9703,2.9703,100,0
20100325,2.9703,2.9703,2.9703,2.9703,3994,0
20100329,2.8728,2.8826,2.8728,2.8728,2979,0
20100405,2.902,2.902,2.902,2.902,1027,0
20100406,2.902,2.902,2.902,2.902,207,0
20100408,2.7754,2.7754,2.6392,2.6587,618,0
20100415,2.8241,2.8924,2.8241,2.8924,207,0
20100420,2.8144,2.9311,2.8144,2.9311,15031,0
20100421,3.165,3.165,2.8728,2.8728,1977,0
20100423,3.0675,3.0675,2.9311,2.9311,4108,0
20100426,3.0675,3.5544,3.0579,3.0675,58554,0
20100427,3.126,3.126,2.9216,2.9703,6285,0
20100428,3.0675,3.0675,2.9216,2.9604,3034,0
20100429,3.0385,3.0774,2.9311,2.9604,6653,0
20100430,3.126,3.3597,3.0092,3.0385,7928,0
20100503,3.3695,3.4084,3.2624,3.3402,8539,0
20100504,3.1552,3.535,3.0188,3.3305,7887,0
20100505,3.1746,3.1746,3.165,3.165,2878,0
20100506,3.0774,3.0774,3.0188,3.0188,2566,0
20100510,2.9311,2.9604,2.9216,2.9604,2772,0
20100511,3.0481,3.0968,2.9216,3.0968,5443,0
20100513,2.9311,2.9311,2.9216,2.9216,4826,0
20100514,2.9117,2.9117,2.9117,2.9117,1129,0
20100518,2.8241,2.8241,2.7657,2.7754,2566,0
20100519,2.7754,2.7851,2.7657,2.7754,8008,0
20100520,2.7269,2.7269,2.6196,2.6781,2155,0
20100521,2.7754,2.7754,2.7754,2.7754,1745,0
20100524,2.6781,2.6781,2.5807,2.5807,6963,0
20100525,2.4834,2.4834,2.2982,2.4346,6290,0
20100527,2.7657,2.7657,2.5318,2.5318,3115,0
20100528,2.5807,2.5807,2.5318,2.5807,3491,0
20100601,2.5905,2.6,2.3371,2.6,16440,0
20100602,2.5318,2.5513,2.3859,2.5318,5362,0
20100603,2.5318,2.5418,2.347,2.5318,47345,0
20100607,2.4346,2.4346,2.4249,2.4346,27675,0
20100608,2.4346,2.4346,2.4346,2.4346,5136,0
20100609,2.4834,2.4834,2.4834,2.4834,100,0
20100610,2.4834,2.6293,2.4834,2.6293,21933,0
20100611,2.6293,2.6682,2.6293,2.6682,14479,0
20100614,2.6196,2.6682,2.6196,2.6682,307,0
20100616,2.5807,2.5905,2.5807,2.5905,207,0
20100618,2.9117,2.9117,2.9117,2.9117,111,0
20100621,2.6781,2.8241,2.6781,2.6877,3589,0
20100623,2.5807,2.5807,2.5807,2.5807,411,0
20100624,2.5807,2.7365,2.5807,2.7269,1971,0
20100625,2.5807,2.5807,2.5418,2.5418,1109,0
20100629,2.4053,2.4834,2.3663,2.4637,3403,0
20100630,2.4346,2.4346,2.4346,2.4346,8275,0
20100701,2.3956,2.4346,2.3956,2.4346,355,0
20100702,2.4443,2.4443,2.4443,2.4443,100,0
20100706,2.4346,2.4346,2.4346,2.4346,1027,0
20100707,2.4346,2.4637,2.3663,2.4637,3646,0
20100708,2.6781,2.6781,2.6392,2.6392,207,0
20100712,2.4346,2.4443,2.3859,2.3859,2145,0
20100714,2.4443,2.4443,2.4346,2.4346,925,0
20100719,2.5612,2.5612,2.4346,2.4346,307,0
20100720,2.4346,2.4346,2.2788,2.2982,26926,0
20100721,2.3371,2.3371,2.3371,2.3371,13862,0
20100722,2.347,2.347,2.347,2.347,2349,0
20100723,2.61,2.61,2.3859,2.3859,207,0
20100727,2.3859,2.3859,2.347,2.347,2015,0
20100729,2.347,2.347,2.308,2.308,1027,0
20100730,2.571,2.571,2.571,2.571,822,0
20100802,2.5807,2.5807,2.5807,2.5807,411,0
20100805,2.61,2.61,2.61,2.61,290,0
20100806,2.6293,2.6293,2.6,2.6,217,0
20100811,2.6293,2.6293,2.571,2.571,1419,0
20100812,2.6293,2.6293,2.5905,2.6,718,0
20100816,2.4834,2.4834,2.4834,2.4834,361,0
20100818,2.6293,2.6293,2.6293,2.6293,307,0
20100819,2.6293,2.6293,2.6293,2.6293,184,0
20100824,2.4834,2.5418,2.4346,2.5318,4940,0
20100825,2.4736,2.5807,2.4736,2.571,1079,0
20100826,2.6293,2.6293,2.6293,2.6293,1955,0
20100827,2.6293,2.6293,2.5318,2.5318,1436,0
20100831,2.4443,2.4443,2.4443,2.4443,228,0
20100901,2.6293,2.6293,2.4346,2.4346,8399,0
20100903,2.5807,2.5807,2.5318,2.5318,307,0
20100907,2.5807,2.5807,2.2788,2.4346,24253,0
20100908,2.4346,2.4346,2.4346,2.4346,252,0
20100909,2.493,2.493,2.493,2.493,100,0
20100910,2.6293,2.6293,2.6293,2.6293,885,0
20100913,2.4443,2.6293,2.4346,2.6293,6984,0
20100914,2.6293,2.9117,2.6293,2.7754,16584,0
20100915,2.9216,3.0675,2.8534,2.9216,38722,0
20100916,3.1162,3.2137,2.8534,3.126,2895,0
20100917,3.3109,3.3597,3.3109,3.3597,2053,0
20100920,3.5934,3.6031,3.3402,3.3597,4391,0
20100923,3.2721,3.2721,3.0188,3.0188,6373,0
20100924,3.0188,3.0188,3.0188,3.0188,479,0
20100930,2.9311,2.9311,2.8534,2.8534,3986,0
20101001,2.8534,2.8534,2.8534,2.8534,176,0
20101005,2.9311,3.165,2.9311,3.126,6983,0
20101007,2.9799,2.9897,2.9703,2.9703,512,0
20101008,2.9311,2.9703,2.9117,2.9311,111127,0
20101011,2.9311,2.9311,2.8728,2.8728,22641,0
20101012,2.9216,2.9216,2.8534,2.8534,5032,0
20101013,2.9311,2.9703,2.902,2.9311,239752,0
20101014,2.9508,2.9703,2.9216,2.9216,62126,0
20101015,2.9703,2.9703,2.9703,2.9703,100,0
20101018,2.9703,2.9703,2.9311,2.9311,10063,0
20101019,2.8924,2.9703,2.8924,2.9703,2540,0
20101020,2.9311,2.9311,2.9311,2.9311,120,0
20101021,2.9216,2.9604,2.795,2.9117,726749,0
20101022,2.9216,3.0092,2.9216,2.9799,16634,0
20101025,3.1552,3.1552,2.9604,2.9993,8831,0
20101026,3.0675,3.0675,3.0675,3.0675,309,0
20101027,3.0675,3.1066,3.0675,3.1066,721,0
20101028,2.9897,3.087,2.9216,3.0188,4724,0
20101029,3.1066,3.3208,3.1066,3.3109,41383,0
20101101,3.2137,3.2624,2.9703,3.0385,16717,0
20101102,3.1844,3.1943,3.1844,3.1844,1745,0
20101103,3.1844,3.1844,3.0968,3.0968,4193,0
20101104,3.2915,3.2915,3.2039,3.2137,822,0
20101105,3.2137,3.2137,3.2137,3.2137,3183,0
20101108,3.2137,3.2137,3.1552,3.1552,718,0
20101110,3.165,3.165,3.165,3.165,207,0
20101111,3.1552,3.165,3.1552,3.165,1436,0
20101116,3.2234,3.3891,3.1162,3.3891,1704,0
20101117,3.2234,3.3891,3.2234,3.3891,618,0
20101118,3.2624,3.3891,3.2624,3.3891,2130,0
20101119,3.2819,3.3891,3.2819,3.3891,512,0
20101123,3.2039,3.3208,3.2039,3.2721,1090,0
20101124,3.3597,3.3597,3.2721,3.2721,411,0
20101126,3.1162,3.1162,3.1162,3.1162,512,0
20101129,3.3208,3.3208,3.2234,3.2526,618,0
20101130,3.165,3.3891,3.165,3.3891,253,0
20101201,3.3986,3.3986,3.2721,3.3109,1340,0
20101202,3.4084,3.4084,3.4084,3.4084,512,0
20101203,3.3986,3.535,3.3792,3.535,10505,0
20101206,3.535,3.535,3.2039,3.4084,4118,0
20101207,3.4084,3.4084,3.4084,3.4084,100,0
20101208,3.4084,3.5934,3.3305,3.4084,2691,0
20101209,3.4084,3.5934,3.3597,3.3891,4620,0
20101210,3.4084,3.5058,3.4084,3.5058,3406,0
20101213,3.5058,3.5058,3.4474,3.4474,512,0
20101214,3.4084,3.4084,3.3792,3.3792,2466,0
20101215,3.5058,3.5058,3.3208,3.4572,3593,0
20101216,3.5058,3.5058,3.4084,3.4084,2097,0
20101217,3.6031,3.6031,3.3597,3.4084,3593,0
20101221,3.4084,3.7006,3.3109,3.4084,1027,0
20101222,3.3986,3.4668,3.35,3.4572,7778,0
20101223,3.4572,3.6031,3.4572,3.6031,6572,0
20101227,3.5058,3.6031,3.3109,3.6031,1995,0
20101228,3.5058,3.6519,3.5058,3.5544,4311,0
20101229,3.5058,3.5058,3.5058,3.5058,618,0
20101230,3.5838,3.5838,3.4278,3.5448,12016,0
20101231,3.4961,3.5058,3.4961,3.5058,925,0
20110103,3.4961,3.6713,3.4961,3.6713,945,0
20110104,3.6031,3.7102,3.6031,3.7006,32494,0
20110105,3.7006,3.7006,3.7006,3.7006,411,0
20110106,3.7882,3.7882,3.7006,3.7298,18873,0
20110107,3.7298,3.7688,3.6519,3.7688,718,0
20110110,3.7882,3.798,3.7006,3.798,32521,0
20110111,3.7882,3.8954,3.7882,3.8954,8360,0
20110112,3.8856,3.9831,3.8856,3.9538,2172,0
20110113,3.9148,4.129,3.9148,4.129,6983,0
20110114,4.09,4.1193,4.09,4.1193,925,0
20110118,4.129,4.129,4.129,4.129,1336,0
20110119,4.1193,4.1193,3.9927,4.09,2361,0
20110120,4.1875,4.3822,4.1388,4.3822,83142,0
20110121,4.3628,4.8205,4.3628,4.723,27253,0
20110124,4.5772,4.6256,4.3628,4.5772,24894,0
20110125,4.392,4.5772,4.392,4.4797,10143,0
20110126,4.5672,4.5772,4.5187,4.5672,1541,0
20110127,4.5187,4.5772,4.3434,4.3725,30152,0
20110128,4.3822,4.5574,4.2265,4.3043,6061,0
20110131,4.3335,4.392,4.1388,4.2654,19193,0
20110201,4.3822,4.5772,4.3822,4.3822,6366,0
20110202,4.3434,4.5772,4.2849,4.2849,6134,0
20110203,4.2167,4.3335,4.1972,4.3335,1541,0
20110204,4.2849,4.5772,4.2849,4.4309,2155,0
20110207,4.3822,4.3822,4.2849,4.2849,5603,0
20110208,4.3822,4.3822,4.2849,4.2849,618,0
20110209,4.2849,4.2849,4.1875,4.1875,3514,0
20110210,4.2752,4.4797,4.2752,4.4797,29374,0
20110211,4.4017,4.5574,4.3822,4.4699,1848,0
20110214,4.3822,4.392,4.3822,4.392,512,0
20110215,4.4504,4.4504,4.4504,4.4504,618,0
20110216,4.4504,4.4504,4.4407,4.4407,1745,0
20110217,4.4894,4.4894,4.4894,4.4894,207,0
20110218,4.4991,4.5381,4.4407,4.4407,36907,0
20110222,4.4504,4.4504,4.4407,4.4407,512,0
20110223,4.4407,4.4407,4.2849,4.2849,549,0
20110224,4.3141,4.3238,4.2849,4.3238,2054,0
20110225,4.4991,4.5283,4.2946,4.3238,2465,0
20110228,4.4115,4.5574,4.4017,4.4017,4904,0
20110301,4.392,4.392,4.392,4.392,1232,0
20110302,4.4602,4.4894,4.4213,4.4213,1336,0
20110304,4.3822,4.4602,4.3822,4.3822,2772,0
20110307,4.2849,4.3822,4.2849,4.3531,1643,0
20110308,4.207,4.4699,4.207,4.4699,2978,0
20110309,4.4797,4.4797,4.4504,4.4797,766,0
20110310,4.392,4.392,4.392,4.392,207,0
20110311,4.4699,4.4797,4.4699,4.4797,2997,0
20110315,4.2946,4.5478,4.2849,4.5478,1436,0
20110317,4.3822,4.3822,4.3335,4.3335,7310,0
20110318,4.4699,4.4699,4.2459,4.3822,2228,0
20110321,4.3822,4.4309,4.2946,4.4309,987,0
20110322,4.2849,4.3531,4.2849,4.3531,1541,0
20110323,4.2946,4.2946,4.2849,4.2849,289,0
20110324,4.2946,4.2946,4.2849,4.2849,1129,0
20110325,4.3531,4.4309,4.3434,4.4309,3079,0
20110328,4.3822,4.3822,4.3822,4.3822,658,0
20110329,4.3822,4.392,4.3822,4.3822,1489,0
20110330,4.3822,4.5478,4.3822,4.5478,1027,0
20110401,4.5283,4.5381,4.3822,4.4309,1285,0
20110404,4.4309,4.4407,4.4309,4.4309,1150,0
20110411,4.4407,4.4407,4.3822,4.3822,688,0
20110412,4.2849,4.3725,4.2849,4.3725,411,0
20110415,4.3725,4.3822,4.3725,4.3725,822,0
20110418,4.3822,4.3822,4.3335,4.3335,2898,0
20110419,4.3238,4.3238,4.2849,4.2849,838,0
20110420,4.3335,4.3335,4.3238,4.3335,411,0
20110421,4.3238,4.3335,4.2362,4.2362,1417,0
20110426,4.3434,4.3434,4.2362,4.2362,1336,0
20110427,4.2362,4.2362,4.1388,4.2362,1044,0
20110428,4.1388,4.1388,3.9441,4.0609,19715,0
20110429,4.0999,4.207,4.09,4.1875,3601,0
20110502,4.0706,4.1388,4.0415,4.1388,5973,0
20110503,4.2362,4.2362,4.09,4.1388,4209,0
20110504,4.0415,4.2362,4.0415,4.2362,1585,0
20110505,4.1388,4.1388,4.09,4.1388,11910,0
20110506,4.1388,4.2849,4.1388,4.2849,8727,0
20110509,4.1485,4.2752,4.09,4.2265,2361,0
20110510,4.1485,4.2265,4.1485,4.1583,307,0
20110511,4.1485,4.1485,4.1388,4.1388,4209,0
20110512,4.1388,4.1388,4.1388,4.1388,1129,0
20110513,4.0512,4.1388,4.0415,4.1388,15117,0
20110516,4.1485,4.2362,4.1388,4.2362,1232,0
20110517,4.1778,4.1778,4.1778,4.1778,618,0
20110519,4.1485,4.1485,4.1485,4.1485,100,0
20110520,4.09,4.1485,4.09,4.09,1232,0
20110523,3.9441,4.0609,3.9148,4.0609,307,0
20110524,4.0609,4.0609,3.9927,3.9927,2079,0
20110525,4.0415,4.0415,4.0415,4.0415,100,0
20110526,4.09,4.09,4.0415,4.0415,1611,0
20110527,4.0415,4.0415,4.0415,4.0415,411,0
20110601,4.09,4.09,4.09,4.09,100,0
20110602,4.0024,4.0024,3.9441,3.9927,12272,0
20110603,3.9441,3.9927,3.9441,3.9927,1027,0
20110606,3.9441,3.9441,3.6519,3.6519,45257,0
20110607,3.6031,3.6031,3.5058,3.5058,19875,0
20110608,3.2915,3.8954,3.2915,3.8954,10413,0
20110609,3.7396,3.8856,3.4084,3.798,3800,0
20110610,3.6519,3.866,3.5838,3.7396,2465,0
20110613,3.5838,3.6713,3.4084,3.4084,20537,0
20110614,3.535,3.535,3.4278,3.5253,2465,0
20110615,3.535,3.535,3.3597,3.5058,926,0
20110617,3.535,3.535,3.535,3.535,431,0
20110620,3.5934,3.5934,3.5156,3.5544,307,0
20110621,3.5058,3.5058,3.3792,3.5058,1129,0
20110622,3.4182,3.535,3.3597,3.3597,2155,0
20110623,3.4474,3.4474,3.4084,3.4084,207,0
20110624,3.3986,3.4084,3.3986,3.4084,5882,0
20110706,3.574,3.759,3.574,3.7493,5032,0
20110711,3.574,3.574,3.574,3.574,207,0
20110712,3.6812,3.798,3.6226,3.6226,1797,0
20110713,3.6031,3.6031,3.6031,3.6031,256,0
20110714,3.4182,3.4278,3.4084,3.4084,1952,0
20110715,3.4084,3.5058,3.4084,3.4572,5000,0
20110718,3.4572,3.4766,3.4572,3.4766,361,0
20110719,3.5253,3.5253,3.5058,3.5156,3415,0
20110720,3.6031,3.6031,3.6031,3.6031,100,0
20110722,3.5156,3.6519,3.5156,3.5934,307,0
20110725,3.5058,3.535,3.4572,3.535,1012,0
20110726,3.4084,3.4766,3.2427,3.3597,9701,0
20110727,3.3597,3.3597,2.9311,3.2721,1848,0
20110728,3.1844,3.3402,3.165,3.3402,1027,0
20110801,3.1746,3.2915,3.1746,3.2915,207,0
20110802,3.165,3.165,2.941,3.1552,1541,0
20110803,3.1552,3.1552,3.1552,3.1552,100,0
20110804,2.9508,3.0675,2.9311,2.9703,13777,0
20110805,3.165,3.165,2.9508,2.9508,1848,0
20110808,2.8728,2.9216,2.7657,2.8241,21113,0
20110809,2.8728,2.8728,2.8436,2.8436,1286,0
20110810,2.7754,2.8241,2.7559,2.7559,512,0
20110811,2.7754,2.7754,2.5318,2.5318,2875,0
20110812,2.5028,2.6781,2.5028,2.6781,2670,0
20110815,2.7559,2.7754,2.5807,2.7754,5278,0
20110817,2.6392,2.7754,2.6293,2.7754,4312,0
20110818,2.7754,2.7754,2.5807,2.7754,4209,0
20110819,2.7754,2.7754,2.7754,2.7754,100,0
20110823,2.6781,2.6781,2.6293,2.6293,10269,0
20110829,2.6196,2.6196,2.5905,2.5905,2054,0
20110830,2.5807,2.5807,2.5222,2.5222,2361,0
20110831,2.5222,2.6293,2.5028,2.5028,8832,0
20110901,2.5028,2.5028,2.5028,2.5028,100,0
20110906,2.4443,2.4541,2.269,2.4152,4236,0
20110907,2.5318,2.5318,2.4152,2.5318,207,0
20110912,2.6293,2.6781,2.6293,2.6781,411,0
20110913,2.6682,2.6682,2.6293,2.6392,307,0
20110914,2.5807,2.5807,2.5807,2.5807,2180,0
20110915,2.6293,2.6293,2.6293,2.6293,618,0
20110916,2.6293,2.6293,2.5318,2.5318,718,0
20110919,2.5318,2.5513,2.4249,2.4346,4998,0
20110921,2.4541,2.4541,2.2885,2.2885,1848,0
20110922,2.4443,2.4541,2.2398,2.2398,1027,0
20110923,2.1912,2.2008,2.1912,2.1912,2748,0
20110926,2.1813,2.1912,2.1813,2.1912,2074,0
20110927,2.0451,2.1619,1.8308,2.1425,11706,0
20110928,2.1327,2.2008,2.1327,2.2008,411,0
20110929,2.2008,2.2982,2.2008,2.2982,1129,0
20111003,2.2301,2.2301,1.9477,2.0549,6245,0
20111004,2.0061,2.0061,2.0061,2.0061,207,0
20111006,2.5125,2.5318,2.2106,2.2106,1232,0
20111007,2.1035,2.1327,2.0937,2.1327,512,0
20111010,2.3371,2.3371,2.3371,2.3371,100,0
20111014,2.123,2.123,2.1035,2.1035,207,0
20111018,2.3371,2.3371,2.1912,2.269,618,0
20111019,2.1522,2.2008,1.7238,2.0645,8528,0
20111020,2.2398,2.2398,2.0549,2.0549,207,0
20111021,2.1718,2.1718,2.0937,2.0937,925,0
20111024,2.0645,2.1035,2.0645,2.1035,361,0
20111026,2.2301,2.2398,2.2301,2.2398,242,0
20111027,2.3276,2.3371,2.3276,2.3371,19663,0
20111028,2.3371,2.3371,2.3371,2.3371,643,0
20111031,2.3371,2.3859,2.3371,2.3371,5443,0
20111101,2.3371,2.3371,2.1425,2.2398,23880,0
20111102,2.123,2.1522,1.8989,1.8989,9551,0
20111103,1.86,1.9281,1.8212,1.9281,6061,0
20111104,1.9477,1.9477,1.6263,1.6457,90159,0
20111107,1.9379,1.9379,1.6944,1.7431,24436,0
20111108,1.7626,1.7626,1.7431,1.7431,3286,0
20111109,1.7335,1.8795,1.6847,1.6944,171579,0
20111114,1.6749,1.8989,1.6749,1.7042,1027,0
20111115,1.8016,1.8113,1.7626,1.8113,1436,0
20111116,1.8016,1.8697,1.6556,1.7042,13945,0
20111117,1.7042,1.7042,1.5094,1.568,25467,0
20111118,1.7042,1.7042,1.6653,1.6653,207,0
20111121,1.6556,1.6556,1.6556,1.6556,207,0
20111128,1.6556,1.6556,1.6165,1.6556,718,0
20111129,1.6362,1.6362,1.4607,1.4607,18770,0
20111130,1.5874,1.5874,1.3245,1.5094,6855,0
20111201,1.5582,1.5582,1.4607,1.4607,1436,0
20111202,1.6556,1.6556,1.5582,1.5582,2670,0
20111205,1.7042,1.7042,1.4607,1.4607,4108,0
20111206,1.6556,1.6556,1.4607,1.6556,4100,0
20111207,1.6556,1.6556,1.4607,1.5289,4990,0
20111208,1.5582,1.5582,1.5094,1.5094,1037,0
20111209,1.4607,1.5582,1.4607,1.5094,512,0
20111212,1.597,1.597,1.5582,1.5582,411,0
20111213,1.597,1.6556,1.597,1.6068,1027,0
20111215,1.6556,1.6556,1.4607,1.4607,26596,0
20111216,1.6068,1.6068,1.4607,1.4607,925,0
20111219,1.5094,1.5094,1.5094,1.5094,1027,0
20111220,1.5094,1.6068,1.5094,1.6068,2496,0
20111221,1.6068,1.6068,1.6068,1.6068,207,0
20111222,1.568,1.568,1.3633,1.4412,7192,0
20111223,1.412,1.5192,1.3537,1.4412,5538,0
20111227,1.5094,1.5192,1.4607,1.4802,3659,0
20111228,1.5094,1.5094,1.4705,1.4705,411,0
20111229,1.5094,1.5289,1.4607,1.4607,3895,0
20111230,1.4412,1.451,1.3245,1.451,8832,0
20120103,1.412,1.6263,1.412,1.5484,8727,0
20120104,1.5582,1.6556,1.4802,1.6068,1972,0
20120106,1.597,1.6165,1.5094,1.6165,822,0
20120109,1.597,1.6556,1.597,1.6362,3389,0
20120110,1.6165,1.6556,1.5582,1.6457,12070,0
20120111,1.6263,1.6263,1.4802,1.597,3462,0
20120112,1.597,1.597,1.5094,1.597,1129,0
20120117,1.4607,1.6068,1.4607,1.6068,14112,0
20120118,1.5874,1.597,1.4607,1.568,4298,0
20120119,1.5874,1.597,1.568,1.597,307,0
20120120,1.4607,1.6457,1.4607,1.6457,15999,0
20120123,1.6457,1.8016,1.6457,1.8016,17151,0
20120124,1.8113,1.8212,1.8016,1.8016,411,0
20120125,1.7821,1.7821,1.7723,1.7821,2054,0
20120126,1.7821,1.8113,1.6847,1.753,7024,0
20120127,1.753,1.7723,1.753,1.753,1179,0
20120130,1.753,1.753,1.6556,1.753,4209,0
20120131,1.753,1.753,1.753,1.753,100,0
20120201,1.7042,1.7238,1.5094,1.6068,20742,0
20120202,1.5094,1.5094,1.2367,1.3147,60644,0
20120203,1.3633,1.3633,1.2563,1.3147,35727,0
20120206,1.4024,1.4607,1.3537,1.4511,91525,0
20120207,1.5582,1.5582,1.4607,1.5484,37067,0
20120208,1.5582,1.6165,1.5192,1.6068,3697,0
20120209,1.6068,1.6263,1.568,1.6068,9742,0
20120210,1.6362,1.7335,1.6068,1.6556,45577,0
20120213,1.7335,1.7335,1.6944,1.7042,13776,0
20120214,1.6944,1.7042,1.6847,1.6944,12819,0
20120215,1.6749,1.7431,1.6749,1.7042,2054,0
20120216,1.7335,1.8308,1.7238,1.8308,38291,0
20120217,1.8989,1.9281,1.8503,1.86,14836,0
20120221,1.8894,1.8894,1.753,1.7723,10063,0
20120222,1.9087,1.9281,1.8405,1.9087,13693,0
20120223,1.9185,2.0743,1.9185,2.0743,12215,0
20120224,2.0743,2.1425,1.9963,1.9963,6593,0
20120227,2.0451,2.0451,1.9963,1.9963,1178,0
20120228,1.9573,1.9573,1.9477,1.9477,1262,0
20120301,2.0255,2.0353,2.0061,2.0061,2155,0
20120307,2.0255,2.0451,2.0061,2.0353,11514,0
20120308,2.084,2.1912,2.0549,2.0743,8901,0
20120309,1.9573,2.1131,1.9573,2.1131,3737,0
20120313,2.1131,2.4346,2.0937,2.4152,16496,0
20120314,2.2398,2.3859,1.7431,2.1425,33113,0
20120315,2.1425,2.2398,2.1425,2.2398,12434,0
20120316,2.1813,2.3762,2.1813,2.3762,6416,0
20120319,2.3859,2.4834,2.3859,2.4736,7889,0
20120320,2.4834,2.6487,2.4834,2.6487,1962,0
20120321,2.6196,2.6293,2.5807,2.5807,12056,0
20120323,2.5905,2.5905,2.5318,2.5318,1643,0
20120327,2.4834,2.5028,2.4834,2.4834,2566,0
20120328,2.4541,2.5318,2.4541,2.5318,1302,0
20120329,2.5318,2.5318,2.4834,2.4834,822,0
20120330,2.4834,2.5318,2.4834,2.4834,1557,0
20120403,2.5125,2.5222,2.4834,2.4834,2465,0
20120404,2.4637,2.5125,2.3276,2.5125,11598,0
20120410,2.3567,2.5028,2.3567,2.5028,618,0
20120412,2.3859,2.4346,2.1912,2.3762,2989,0
20120413,2.4346,2.4541,2.4346,2.4346,1545,0
20120416,2.3371,2.3371,2.3371,2.3371,1027,0
20120417,2.3371,2.4346,2.3371,2.4346,16251,0
20120419,2.3371,2.3371,2.1912,2.1912,1027,0
20120420,2.2885,2.4541,2.2885,2.4346,1815,0
20120423,2.4346,2.4443,2.2982,2.3371,4654,0
20120424,2.3371,2.347,2.1912,2.1912,18430,0
20120425,2.2398,2.2398,2.2398,2.2398,512,0
20120426,2.2398,2.2398,2.2398,2.2398,543,0
20120427,2.2398,2.2398,2.2398,2.2398,1541,0
20120430,2.2316,2.2316,2.2316,2.2316,307,0
20120501,2.2594,2.347,2.2398,2.2398,3183,0
20120502,2.2398,2.2398,2.2398,2.2398,207,0
20120503,2.2203,2.2203,2.1912,2.1912,3491,0
20120507,2.1912,2.2788,2.1912,2.2398,9941,0
20120508,2.1718,2.1813,2.0451,2.0451,3516,0
20120509,2.1912,2.2398,2.0645,2.0645,6779,0
20120510,2.123,2.1718,1.9963,2.1718,17860,0
20120511,2.1813,2.1813,2.1425,2.1425,10946,0
20120514,2.1425,2.1912,2.1425,2.1522,1085,0
20120515,2.1522,2.2788,2.1522,2.2788,2770,0
20120516,2.3859,2.4443,2.3859,2.4443,1745,0
20120517,2.3956,2.3956,2.1522,2.1522,7804,0
20120518,2.2008,2.4541,2.1619,2.1619,17319,0
20120521,2.1813,2.3371,2.1813,2.3371,6946,0
20120522,2.347,2.347,2.347,2.347,100,0
20120524,2.4346,2.4541,2.4346,2.4541,1678,0
20120530,2.4541,2.7754,2.2982,2.2982,5392,0
20120531,2.4053,2.4053,2.4053,2.4053,307,0
20120604,2.4346,2.4346,2.4249,2.4249,4875,0
20120605,2.269,2.2885,2.2398,2.2398,22335,0
20120606,2.2398,2.2885,2.2398,2.2398,7259,0
20120607,2.4834,2.4834,2.2495,2.2495,13452,0
20120608,2.2788,2.2788,2.2788,2.2788,327,0
20120611,2.3276,2.4346,2.2495,2.2495,4999,0
20120612,2.3956,2.3956,2.2885,2.2885,618,0
20120613,2.269,2.2885,2.269,2.2885,1027,0
20120615,2.3276,2.7169,2.269,2.7169,24040,0
20120618,2.7073,2.7073,2.269,2.269,6043,0
20120619,2.269,2.269,2.269,2.269,498,0
20120621,2.269,2.4346,2.1619,2.1619,10154,0
20120622,2.1619,2.2008,2.1522,2.1912,1356,0
20120625,2.1912,2.2398,2.1425,2.1425,12116,0
20120626,2.1425,2.1425,2.1425,2.1425,1541,0
20120627,2.1425,2.1425,2.1425,2.1425,2054,0
20120629,2.2495,2.4345,2.2495,2.4345,513,0
20120702,2.4346,2.4346,2.1425,2.2885,1090,0
20120705,2.2008,2.2398,2.1425,2.2398,1911,0
20120706,2.2495,2.2885,2.2398,2.2398,512,0
20120709,2.3276,2.3276,2.3276,2.3276,189,0
20120710,2.3276,2.3371,2.3276,2.3371,1027,0
20120711,2.3371,2.3371,2.2398,2.2398,2078,0
20120712,2.3276,2.3276,2.1425,2.1522,5647,0
20120716,2.1522,2.2398,2.1522,2.2398,1232,0
20120718,2.2398,2.2495,2.2398,2.2495,415,0
20120719,2.3276,2.3371,2.3276,2.3371,512,0
20120720,2.2398,2.2398,2.2398,2.2398,307,0
20120724,2.2398,2.2398,2.2398,2.2398,307,0
20120725,2.2106,2.3276,2.2106,2.3276,361,0
20120726,2.3371,2.3371,2.1522,2.1718,512,0
20120730,2.1425,2.3371,2.1425,2.3371,2261,0
20120731,2.2788,2.3276,2.1619,2.3276,2772,0
20120802,2.2885,2.3567,2.2885,2.347,25501,0
20120803,2.4834,2.4834,2.4152,2.4152,11215,0
20120806,2.3567,2.4834,2.347,2.4834,4929,0
20120807,2.4834,2.4834,2.4834,2.4834,5091,0
20120808,2.5418,2.5418,2.5418,2.5418,307,0
20120809,2.7239,2.7239,2.5318,2.6392,1643,0
20120810,2.902,2.902,2.5125,2.6293,9395,0
20120813,2.5318,2.8241,2.4834,2.4834,5024,0
20120814,2.5222,2.6293,2.5222,2.5418,6061,0
20120815,2.5318,2.7851,2.4834,2.4834,1027,0
20120817,2.5612,2.8436,2.5612,2.6293,618,0
20120821,2.6487,2.6488,2.6487,2.6488,512,0
20120823,2.6487,2.6877,2.6487,2.6781,1541,0
20120827,2.9215,2.9215,2.6682,2.6682,2772,0
20120828,2.6781,2.8436,2.6781,2.8241,411,0
20120829,2.6877,2.6877,2.6487,2.6487,16430,0
20120831,2.8826,2.9216,2.8241,2.8241,10781,0
20120904,2.8241,2.8241,2.8241,2.8241,100,0
20120905,2.795,2.795,2.5807,2.5808,5236,0
20120906,2.6975,2.8241,2.6975,2.8144,6779,0
20120910,2.8144,2.9216,2.8095,2.9216,4646,0
20120912,2.9117,2.9117,2.8241,2.8242,2484,0
20120914,2.9216,2.9216,2.9215,2.9216,7085,0
20120917,2.9117,2.9216,2.902,2.9216,2566,0
20120918,2.9897,2.9897,2.6196,2.7851,2261,0
20120919,2.8924,2.8924,2.7365,2.7851,618,0
20120921,2.8728,2.8728,2.8728,2.8728,871,0
20120924,2.8631,2.8631,2.6196,2.6196,718,0
20120926,2.6392,2.7754,2.6392,2.7754,822,0
20120928,2.61,2.61,2.61,2.61,307,0
20121001,2.5807,2.5905,2.5807,2.5905,3081,0
20121002,2.7073,2.9117,2.7073,2.9117,4699,0
20121003,2.8631,2.8728,2.7754,2.795,4082,0
20121005,2.8631,2.8631,2.7754,2.8631,4490,0
20121009,2.8534,2.9117,2.8534,2.9117,400,0
20121010,2.8436,2.902,2.8436,2.902,2186,0
20121012,2.902,2.902,2.8728,2.8728,307,0
20121015,2.9052,2.9052,2.9052,2.9052,207,0
20121017,2.8534,2.9216,2.8534,2.9216,1255,0
20121018,2.8826,2.8826,2.8826,2.8826,100,0
20121031,2.6975,2.7073,2.6877,2.6877,2185,0
20121101,2.8534,2.8534,2.8534,2.8534,1027,0
20121105,2.8728,2.902,2.695,2.902,3630,0
20121106,2.8971,2.902,2.8826,2.9004,3872,0
20121107,2.8338,2.8338,2.7073,2.7657,1129,0
20121109,2.7657,2.7657,2.6877,2.6877,4724,0
20121112,2.6587,2.6587,2.4347,2.6293,9350,0
20121113,2.4736,2.4834,2.4541,2.4541,6983,0
20121114,2.5222,2.5222,2.5222,2.5222,100,0
20121116,2.5612,2.7269,2.5125,2.5125,5236,0
20121119,2.4736,2.7269,2.4541,2.5905,2465,0
20121120,2.5513,2.7073,2.5513,2.5612,7137,0
20121121,2.6293,2.6682,2.6293,2.6682,1027,0
20121126,2.8436,2.8436,2.7365,2.8144,1336,0
20121127,2.6101,2.7073,2.6101,2.6293,1027,0
20121128,2.795,2.795,2.7365,2.7365,925,0
20121129,2.6587,2.678,2.6587,2.6587,1436,0
20121203,2.7365,2.8241,2.7269,2.8241,10937,0
20121204,2.8728,2.8728,2.8728,2.8728,346,0
20121205,2.8728,2.8728,2.8631,2.8728,4884,0
20121206,3.1162,3.4084,3.0676,3.3597,14262,0
20121207,3.3695,3.3695,3.3695,3.3695,100,0
20121210,3.3695,3.3695,3.3695,3.3695,822,0
20121211,3.1844,3.3597,3.1795,3.3597,3902,0
20121212,3.3597,3.3597,3.2915,3.3109,26016,0
20121213,3.3208,3.3208,3.165,3.165,5796,0
20121214,3.2624,3.3109,3.0266,3.2721,19763,0
20121218,3.2624,3.2624,3.165,3.165,618,0
20121219,3.2526,3.3109,3.2137,3.2915,2611,0
20121220,3.2427,3.2819,3.2427,3.2721,512,0
20121221,3.2624,3.2624,3.2138,3.2138,1129,0
20121224,3.3109,3.3109,3.0189,3.2624,3517,0
20121226,3.1746,3.1844,3.1163,3.1844,5236,0
20121227,3.126,3.2039,3.1162,3.1844,1336,0
20121228,3.3014,3.3014,3.2039,3.2624,3059,0
20130102,3.3109,3.3109,2.7269,2.795,7290,0
20130103,2.941,3.0083,2.9216,2.9993,1898,0
20130104,2.9897,3.0968,2.9897,3.0188,1808,0
20130107,3.0188,3.165,3.0188,3.165,925,0
20130108,3.2039,3.3108,3.2039,3.3108,618,0
20130109,3.2915,3.3109,3.2819,3.3109,3608,0
20130110,3.0431,3.0774,3.0431,3.0774,1643,0
20130114,3.0968,3.1066,3.0968,3.0968,207,0
20130115,3.0579,3.3109,3.0579,3.3108,975,0
20130116,3.3014,3.3014,3.3014,3.3014,100,0
20130118,3.2332,3.2624,3.0188,3.2624,11887,0
20130122,3.1746,3.1746,3.0188,3.1162,1745,0
20130123,3.0385,3.0579,3.0188,3.0286,3593,0
20130124,3.0286,3.8954,3.0286,3.6519,78514,0
20130125,3.6713,3.7493,3.2722,3.4668,4544,0
20130128,3.4961,3.5448,3.4474,3.4474,564,0
20130130,3.7006,4.3725,3.6519,4.2265,105702,0
20130131,4.2459,4.2459,4.0123,4.1875,20553,0
20130201,4.1875,4.7076,4.1875,4.6745,94901,0
20130204,4.7037,4.9665,4.7037,4.7329,15837,0
20130205,4.7621,4.8382,4.6745,4.7719,3618,0
20130206,4.6841,4.8691,4.6841,4.8205,10641,0
20130207,4.8691,4.8691,4.6548,4.6647,8650,0
20130208,4.6745,4.7719,4.6647,4.7719,5260,0
20130211,4.8205,4.8205,4.5283,4.7719,13449,0
20130212,4.7133,4.8205,4.6745,4.7719,9884,0
20130213,4.8205,4.84,4.7719,4.84,4206,0
20130214,4.84,4.8691,4.392,4.8205,24700,0
20130215,4.7719,4.8205,4.5283,4.8205,3553,0
20130219,4.7855,4.8205,4.7855,4.7912,3441,0
20130220,4.7523,4.7523,4.6548,4.6563,2527,0
20130222,4.6548,4.723,4.5772,4.723,13262,0
20130225,4.7912,4.8108,4.5284,4.6841,11216,0
20130226,4.8108,4.8108,4.616,4.616,1354,0
20130227,4.5381,4.723,4.5284,4.723,5904,0
20130228,4.7523,4.7718,4.5382,4.723,8214,0
20130301,4.5284,4.723,4.5284,4.7229,1630,0
20130304,4.723,4.723,4.6746,4.723,2420,0
20130305,4.7037,4.7037,4.7037,4.7037,411,0
20130306,4.723,4.7912,4.723,4.7912,2497,0
20130307,4.7719,4.7719,4.723,4.723,1952,0
20130308,4.6647,4.7648,4.6647,4.727,3659,0
20130311,4.7426,4.8205,4.7231,4.8108,20851,0
20130312,4.7621,4.8108,4.723,4.7426,3661,0
20130313,4.6745,4.6745,4.6745,4.6745,100,0
20130314,4.8205,4.8691,4.6355,4.8691,12966,0
20130315,4.6842,4.8691,4.6842,4.8691,6802,0
20130318,4.6841,4.7719,4.6745,4.6841,3975,0
20130319,4.6745,4.7675,4.6745,4.723,749,0
20130320,4.723,4.8838,4.723,4.8302,5339,0
20130321,4.8593,4.8593,4.8303,4.8303,3904,0
20130322,4.6939,4.6939,4.6548,4.6548,1643,0
20130325,4.6745,4.6745,4.6256,4.6257,3697,0
20130326,4.6256,4.6745,4.4407,4.6255,7393,0
20130327,4.5283,4.6256,4.5283,4.6256,6264,0
20130328,4.5283,4.6354,4.5283,4.6256,10865,0
20130401,4.6548,4.723,4.6256,4.723,20742,0
20130402,4.723,4.723,4.723,4.723,512,0
20130403,4.6354,4.7621,4.6256,4.7361,3702,0
20130404,4.7719,4.7719,4.6745,4.7329,2140,0
20130405,4.7426,4.8691,4.723,4.8594,7736,0
20130408,4.8594,4.8691,4.8594,4.8691,2461,0
20130409,4.8497,4.8497,4.6568,4.8205,3785,0
20130410,4.8205,4.8205,4.7197,4.8205,2272,0
20130411,4.8205,4.8497,4.5772,4.5772,3287,0
20130415,4.7133,4.8497,4.5283,4.5478,10409,0
20130416,4.6841,4.84,4.5478,4.5478,3146,0
20130417,4.8204,4.8204,4.8204,4.8204,1027,0
20130418,4.5772,4.6939,4.5672,4.6939,10781,0
20130419,4.7815,4.7912,4.6745,4.6745,1129,0
20130422,4.7229,4.7229,4.6256,4.6256,2413,0
20130423,4.6257,4.7621,4.6257,4.7621,2155,0
20130424,4.8108,4.8108,4.723,4.723,3697,0
20130425,4.129,4.7621,3.8954,4.5672,31679,0
20130426,4.5672,4.5672,4.4602,4.4699,3600,0
20130429,4.4309,4.6548,4.4309,4.6403,7823,0
20130430,4.6647,4.6647,4.6647,4.6647,2155,0
20130501,4.6453,4.6453,4.4797,4.6256,3491,0
20130502,4.7523,4.762,4.7426,4.762,538,0
20130503,4.6647,4.6745,4.6647,4.6647,1027,0
20130506,4.6647,4.6647,4.5089,4.6637,2054,0
20130507,4.5574,4.5772,4.5574,4.5672,1129,0
20130508,4.5283,4.5772,4.5283,4.5772,1598,0
20130509,4.5965,4.6745,4.5965,4.6745,3913,0
20130510,4.6745,4.6745,4.6256,4.6256,1652,0
20130513,4.7133,4.7133,4.6745,4.6745,1336,0
20130515,4.7037,4.7037,4.7037,4.7037,207,0
20130516,4.5574,4.6745,4.5574,4.6745,6044,0
20130520,4.5868,4.6745,4.5772,4.6325,7085,0
20130521,4.6647,4.6745,4.6647,4.6745,4724,0
20130522,4.616,4.6256,4.616,4.6256,1027,0
20130523,4.5965,4.6256,4.5672,4.5672,2875,0
20130524,4.5478,4.5672,4.5478,4.5672,2261,0
20130528,4.5672,4.5672,4.5283,4.5672,7343,0
20130529,4.5672,4.5672,4.5672,4.5672,362,0
20130603,4.4797,4.5228,4.392,4.4991,5777,0
20130604,4.4894,4.4894,4.4017,4.4017,512,0
20130605,4.4213,4.5614,4.4213,4.5614,307,0
20130606,4.5089,4.5089,4.4987,4.5088,1745,0
20130607,4.4602,4.4602,4.4017,4.4017,554,0
20130610,4.392,4.5187,4.392,4.4894,5346,0
20130611,4.4309,4.5186,4.4309,4.5186,2875,0
20130612,4.5187,4.5187,4.5187,4.5187,718,0
20130613,4.5186,4.5187,4.5186,4.5187,4108,0
20130617,4.5187,4.5187,4.5187,4.5187,658,0
20130618,4.5672,4.5772,4.5574,4.5772,2465,0
20130619,4.5886,4.5965,4.5886,4.5965,643,0
20130620,4.4798,4.5965,4.4798,4.4798,4044,0
20130621,4.5283,4.5772,4.5283,4.5772,1566,0
20130624,4.5849,4.5964,4.5849,4.5964,1336,0
20130625,4.5965,4.5965,4.4797,4.5772,7884,0
20130626,4.5772,4.579,4.3929,4.3929,16834,0
20130627,4.5868,4.5868,4.5868,4.5868,207,0
20130628,4.5965,4.5965,4.5965,4.5965,307,0
20130701,4.6256,4.6256,4.3823,4.616,1336,0
20130702,4.6256,4.7621,4.6023,4.7133,47113,0
20130703,4.5965,4.6506,4.5772,4.6506,8933,0
20130705,4.5781,4.5781,4.5772,4.5772,307,0
20130708,4.5772,4.5965,4.5478,4.5868,6083,0
20130709,4.6063,4.6495,4.5672,4.6495,37082,0
20130710,4.6745,4.8205,4.5772,4.8108,17898,0
20130711,4.8691,4.8691,4.6735,4.6745,3697,0
20130712,4.6745,4.6745,4.6745,4.6745,307,0
20130715,4.6647,4.6647,4.616,4.6256,13876,0
20130717,4.5868,4.5868,4.5868,4.5868,100,0
20130718,4.6744,4.6744,4.6256,4.6256,13041,0
20130719,4.6256,4.6745,4.6256,4.6713,33373,0
20130722,4.6256,4.801,4.5772,4.6745,18125,0
20130723,4.6745,4.6745,4.6744,4.6745,9755,0
20130724,4.6745,4.7329,4.6745,4.723,21564,0
20130725,4.8691,5.2004,4.801,5.1419,54260,0
20130726,5.6774,5.6774,5.2781,5.3561,31467,0
20130729,5.3561,5.8137,5.3561,5.5022,14434,0
20130730,5.3852,5.5801,5.3852,5.5411,1952,0
20130801,5.5509,5.5997,5.3852,5.5509,6976,0
20130802,5.3952,5.3952,5.3952,5.3952,207,0
20130805,5.4534,5.5997,5.4437,5.5987,4419,0
20130806,5.5509,5.5997,5.5315,5.5411,4108,0
20130808,5.4145,5.5897,5.4145,5.5897,1848,0
20130809,5.5801,5.5997,5.4243,5.4827,7144,0
20130812,5.5119,5.5509,5.3561,5.3561,10282,0
20130813,5.4534,5.4534,5.4534,5.4534,272,0
20130814,5.3561,5.3852,5.3561,5.3852,1406,0
20130815,5.4534,5.4534,5.4243,5.4243,3644,0
20130820,5.3659,5.5704,5.3561,5.5704,10540,0
20130821,5.5801,5.5801,5.4243,5.4243,5032,0
20130822,5.4925,5.4925,5.3659,5.3659,307,0
20130823,5.3756,5.3756,5.3561,5.3561,3467,0
20130826,5.3852,5.4534,5.3852,5.4534,414,0
20130827,5.3084,5.4924,5.3084,5.4924,718,0
20130829,5.4291,5.4291,5.4291,5.4291,512,0
20130830,5.3571,5.3571,5.3571,5.3571,512,0
20130903,5.4925,5.4925,5.3561,5.4145,5664,0
20130904,5.3659,5.5315,5.2685,5.4925,16585,0
20130905,5.4534,5.5315,5.4534,5.5119,578,0
20130906,5.5216,5.5216,5.3269,5.3269,969,0
20130909,5.5897,5.5997,5.4534,5.4728,18269,0
20130910,5.4633,5.6679,5.4633,5.6679,9325,0
20130911,5.6679,5.6679,5.6679,5.6679,1232,0
20130912,5.5032,5.6679,5.5032,5.6679,2052,0
20130913,5.6679,5.6969,5.6679,5.6969,5694,0
20130916,5.7455,5.7455,5.5509,5.5509,2155,0
20130918,5.6287,5.6287,5.6287,5.6287,618,0
20130920,5.5509,5.5509,5.5509,5.5509,512,0
20130923,5.6483,5.6483,5.5704,5.5704,821,0
20130924,5.5509,5.5509,5.3659,5.3659,1129,0
20130926,5.4048,5.4048,5.4048,5.4048,100,0
20130930,5.3756,5.434,5.3561,5.3852,4216,0
20131001,5.3756,5.6872,5.3659,5.5997,1745,0
20131002,5.6872,5.6872,5.5997,5.5997,512,0
20131003,5.5801,5.5801,5.2489,5.3561,15711,0
20131004,5.4728,5.6385,5.3852,5.4048,2465,0
20131007,5.21,5.5119,5.21,5.3463,4108,0
20131008,5.3561,5.5411,5.21,5.21,9961,0
20131009,5.4243,5.4243,5.4048,5.4048,207,0
20131010,5.4048,5.6287,5.2587,5.3852,4312,0
20131011,5.4048,5.4048,5.3561,5.3561,2465,0
20131014,5.3852,5.5897,5.3852,5.5897,1643,0
20131015,5.4534,5.4633,5.4534,5.4534,4744,0
20131016,5.5509,5.5509,5.4534,5.4534,1870,0
20131017,5.7554,5.7554,5.5897,5.6092,3697,0
20131018,5.6092,5.7554,5.6092,5.7554,2054,0
20131021,5.7455,5.7554,5.5315,5.5315,1952,0
20131022,5.4827,5.5315,5.4534,5.5315,5032,0
20131023,5.4827,5.6872,5.4728,5.5411,7598,0
20131024,5.6483,5.7455,5.4534,5.6579,8317,0
20131025,5.6483,5.7554,5.6483,5.7554,1848,0
20131028,5.7066,5.7554,5.6092,5.6092,1336,0
20131029,5.5997,5.7262,5.5997,5.7262,8113,0
20131030,5.7163,5.7455,5.7163,5.736,618,0
20131031,5.6679,5.7454,5.6679,5.7454,1336,0
20131101,5.736,5.7455,5.736,5.7455,2875,0
20131104,5.736,5.7361,5.736,5.7361,1745,0
20131105,5.736,5.7455,5.736,5.736,1643,0
20131106,5.7554,5.7554,5.6969,5.6969,512,0
20131107,5.7944,5.7944,5.7944,5.7944,100,0
20131108,5.843,5.843,5.843,5.843,512,0
20131111,5.843,5.843,5.843,5.843,100,0
20131112,5.843,5.843,5.6969,5.6969,6983,0
20131113,5.7014,5.7014,5.6969,5.6969,2772,0
20131114,5.6969,5.6969,5.6969,5.6969,100,0
20131115,5.7748,5.7748,5.7652,5.7652,618,0
20131118,5.7748,5.843,5.6969,5.6969,2361,0
20131119,5.7455,5.7455,5.6579,5.6579,1643,0
20131120,5.6483,5.6483,5.3561,5.4534,6779,0
20131121,5.5411,5.5509,5.5315,5.5509,3697,0
20131125,5.5216,5.5997,5.5216,5.5997,1436,0
20131129,5.5897,5.5997,5.5897,5.5997,1643,0
20131202,5.6092,5.6483,5.5997,5.6483,4209,0
20131203,5.6385,5.6483,5.5315,5.5315,5751,0
20131204,5.5315,5.5997,5.5315,5.5997,2361,0
20131205,5.5897,5.6483,5.5897,5.6483,5136,0
20131206,5.6483,5.6483,5.5897,5.5897,2875,0
20131209,5.6483,5.7944,5.5997,5.7748,6879,0
20131210,5.7455,5.843,5.6483,5.843,8933,0
20131212,5.8334,5.8527,5.8236,5.8527,10274,0
20131213,5.8527,5.8527,5.8527,5.8527,1643,0
20131216,5.8917,5.9891,5.843,5.9891,37789,0
20131217,5.9541,5.9895,5.5509,5.5897,32478,0
20131218,5.6483,5.9402,5.5704,5.843,5854,0
20131219,5.843,5.843,5.6774,5.8236,5443,0
20131220,5.5315,5.9112,5.5315,5.7748,44668,0
20131223,5.6774,5.9794,5.6774,5.843,3183,0
20131224,5.9598,6.0866,5.9402,6.0084,9963,0
20131226,6.0672,6.0866,5.9598,6.0866,10063,0
20131227,6.0866,6.1838,5.9891,6.1838,3697,0
20131230,6.2229,6.5441,5.8917,6.4177,18177,0
20131231,6.3592,6.3884,6.1059,6.3884,9037,0
20140102,6.8559,6.8704,6.1161,6.6416,12175,0
20140103,6.6416,6.6416,6.4468,6.6222,4637,0
20140106,6.6026,6.9727,6.5248,6.7973,22488,0
20140107,6.8559,7.3039,6.5929,6.7877,29470,0
20140108,6.7487,7.1577,6.7292,7.0309,27416,0
20140109,6.7585,7.0991,6.6317,7.0215,23105,0
20140110,6.9922,7.109,6.7195,7.0991,13965,0
20140113,7.1674,7.2647,7.0215,7.2064,19819,0
20140114,7.2064,7.4207,7.0116,7.2064,12631,0
20140115,7.2551,7.2746,7.0991,7.0991,2772,0
20140116,7.0991,7.2551,7.0798,7.109,4680,0
20140117,7.0896,7.0896,6.924,7.0602,6673,0
20140121,7.0602,8.0828,7.0309,7.1577,11604,0
20140122,7.1188,7.6933,7.1188,7.6348,1541,0
20140123,7.6348,7.6348,7.5083,7.5278,1232,0
20140124,7.5278,7.5278,7.3039,7.3039,722,0
20140127,6.9628,7.0798,6.8266,7.0798,5854,0
20140128,7.109,7.1984,7.109,7.1284,726,0
20140129,7.1577,7.3039,7.1577,7.2161,4826,0
20140130,7.0602,7.1188,7.0602,7.1188,1436,0
20140131,7.1188,7.1284,6.9824,6.9824,3806,0
20140203,6.9824,7.109,6.7195,6.7682,17875,0
20140204,6.7293,6.8946,6.7293,6.8071,2802,0
20140205,6.8169,6.8169,6.7682,6.8071,2534,0
20140206,6.7682,6.8247,6.7195,6.8169,4911,0
20140207,6.8751,6.8751,6.8169,6.846,2143,0
20140210,6.8752,7.294,6.7195,6.8851,41406,0
20140211,6.8851,7.2551,6.8851,7.2064,64671,0
20140212,6.9337,7.2064,6.9337,7.0602,15375,0
20140213,6.9727,7.0602,6.8267,6.9337,2144,0
20140214,6.6317,7.0018,6.5052,6.9628,24237,0
20140218,6.9628,6.9628,6.9138,6.9142,4879,0
20140219,6.9185,6.9185,6.9142,6.9142,2606,0
20140220,6.846,6.9045,6.8267,6.9045,1812,0
20140221,7.0458,7.0458,6.9178,6.9727,2301,0
20140224,6.9824,7.0116,6.924,7.0018,7629,0
20140225,7.0506,7.0506,6.9142,6.9346,822,0
20140226,6.9143,6.9241,6.9143,6.9241,743,0
20140227,7.0602,7.0602,6.9142,7.0018,1374,0
20140228,6.9142,7.0602,6.8636,7.0601,2611,0
20140303,6.924,7.0506,6.7877,6.9922,2912,0
20140304,6.924,7.0018,6.924,7.0018,1365,0
20140305,6.8851,6.9327,6.8851,6.9327,1046,0
20140306,6.846,6.9434,6.846,6.9434,683,0
20140307,6.925,6.98,6.9142,6.9534,4869,0
20140310,7.0018,7.0018,6.8267,6.9824,3541,0
20140311,7.1383,7.1383,6.8266,7.0116,5657,0
20140312,6.9337,6.9824,6.9337,6.9824,509,0
20140313,6.9534,6.9534,6.8365,6.8752,573,0
20140314,6.9142,6.9142,6.846,6.846,2661,0
20140317,6.8364,7.0116,6.8364,6.9727,6835,0
20140318,7.0116,7.0116,6.7682,6.8266,7737,0
20140319,6.7877,6.9922,6.7877,6.9824,1034,0
20140320,6.9824,6.9922,6.8266,6.9824,670,0
20140321,7.0018,7.0116,6.8851,7.0116,4518,0
20140324,7.0116,7.0116,6.7292,6.9337,7353,0
20140326,6.7389,6.7973,6.7389,6.7973,1436,0
20140327,6.8654,6.8654,6.8364,6.8364,1225,0
20140331,6.7292,6.8071,6.515,6.7682,8103,0
20140401,6.7778,6.8071,6.7195,6.7292,1427,0
20140402,6.5734,6.807,6.5734,6.7292,4832,0
20140403,6.6123,6.7682,6.5929,6.7682,1311,0
20140408,6.5734,6.661,6.3202,6.5541,6068,0
20140409,6.7292,6.7487,6.6805,6.7195,4367,0
20140410,6.7966,6.7966,6.6026,6.6026,1674,0
20140411,6.4273,6.8071,6.4273,6.8071,9784,0
20140414,6.7682,7.0116,6.4273,6.9922,9115,0
20140415,7.0009,7.0009,6.5929,6.6485,944,0
20140416,6.7585,6.9628,6.7585,6.9628,618,0
20140417,6.9434,6.9434,6.9434,6.9434,106,0
20140422,6.9142,6.9142,6.9142,6.9142,584,0
20140423,6.6426,6.6426,6.6426,6.6426,244,0
20140424,6.7098,6.9132,6.6514,6.6903,3800,0
20140428,6.7292,6.7292,6.6416,6.6659,6139,0
20140429,6.6317,6.7877,6.5052,6.7877,6375,0
20140430,6.7584,6.7584,6.7486,6.7486,944,0
20140501,6.6026,6.6708,6.5344,6.6317,4191,0
20140502,6.6416,6.7798,6.4566,6.6222,3622,0
20140505,6.7935,6.807,6.661,6.6708,3004,0
20140506,6.7156,6.7156,6.515,6.6708,1091,0
20140507,6.6903,6.6903,6.6074,6.6903,1456,0
20140508,6.5832,6.7195,6.5832,6.7195,2385,0
20140509,6.6222,6.6708,6.3311,6.6123,25779,0
20140512,6.5441,6.5734,6.3884,6.5734,1313,0
20140513,6.3786,6.5734,6.3786,6.5611,1870,0
20140514,6.3689,6.6123,6.3689,6.4839,3372,0
20140515,6.5541,6.5813,6.5344,6.5813,992,0
20140516,6.5344,6.5344,6.4077,6.437,9115,0
20140519,6.4759,6.6173,6.4759,6.4955,2108,0
20140520,6.4273,6.6805,6.4273,6.6805,1952,0
20140521,6.6222,6.6222,6.437,6.4554,512,0
20140522,6.4468,6.4859,6.4468,6.4859,589,0
20140523,6.4371,6.4662,6.4371,6.4662,1114,0
20140527,6.476,6.5052,6.476,6.5052,1099,0
20140528,6.5248,6.5248,6.5248,6.5248,512,0
20140529,6.437,6.4955,6.437,6.437,2928,0
20140530,6.4759,6.515,6.4759,6.5052,1599,0
20140602,6.5248,6.6222,6.515,6.6222,5548,0
20140603,6.6222,6.6222,6.6222,6.6222,822,0
20140604,6.6222,6.6905,6.6222,6.6455,1776,0
20140605,6.5734,6.5831,6.5734,6.5734,1186,0
20140606,6.6123,6.6222,6.5635,6.5734,16122,0
20140609,6.661,6.661,6.6317,6.6416,1037,0
20140610,6.5052,6.6708,6.4759,6.6514,8008,0
20140611,6.5169,6.5635,6.486,6.5635,1511,0
20140612,6.6805,6.6805,6.5442,6.6708,2631,0
20140613,6.5252,6.5831,6.4955,6.5831,1614,0
20140616,6.5344,6.8169,6.4955,6.8071,4422,0
20140617,6.661,6.8071,6.6415,6.8071,3308,0
20140618,6.8169,6.8169,6.6317,6.8169,3077,0
20140619,6.7195,6.8169,6.5052,6.5052,5931,0
20140620,6.5052,6.6999,6.4273,6.4273,22582,0
20140623,6.4759,6.6222,6.437,6.4468,4116,0
20140624,6.4759,6.5248,6.4273,6.4273,1303,0
20140625,6.4177,6.6222,6.3592,6.442,3504,0
20140626,6.437,6.437,6.437,6.437,415,0
20140627,6.4468,6.5734,6.437,6.437,1413,0
20140630,6.437,6.5783,6.437,6.4759,1443,0
20140701,6.5441,6.5441,6.4273,6.5198,2280,0
20140702,6.4468,6.5052,6.2033,6.5052,18483,0
20140703,6.1352,6.5541,6.1352,6.4662,6516,0
20140707,6.6708,6.6708,6.4273,6.4273,1636,0
20140708,6.3202,6.4273,6.3182,6.3982,17747,0
20140709,6.4759,6.4759,6.4662,6.4662,245,0
20140710,6.4662,6.4759,6.4662,6.4759,223,0
20140711,6.4273,6.4273,6.291,6.4177,5386,0
20140714,6.3592,6.3592,6.1936,6.3301,2172,0
20140715,6.2033,6.291,6.1059,6.291,877,0
20140716,6.291,6.291,6.1352,6.1352,1341,0
20140717,6.1352,6.3301,6.0962,6.2327,5010,0
20140718,6.2033,6.3301,6.1449,6.1838,2146,0
20140721,6.3104,6.6317,6.1547,6.6317,6420,0
20140722,6.1937,6.5441,6.1937,6.3786,4321,0
20140723,6.3786,6.5441,6.3104,6.3301,18185,0
20140724,6.4273,6.6222,6.4177,6.6222,14975,0
20140725,6.5734,6.6222,6.5248,6.5248,5668,0
20140728,6.515,6.6222,6.515,6.5734,1627,0
20140729,6.6222,6.7195,6.5734,6.661,69315,0
20140730,6.5734,6.8168,6.5734,6.5783,2798,0
20140731,6.8078,6.8372,6.593,6.593,1496,0
20140801,6.6124,6.6261,6.5929,6.6261,1716,0
20140804,6.4659,6.4659,6.4464,6.4464,1513,0
20140805,6.6027,6.6027,6.5724,6.5724,1518,0
20140806,6.7199,6.7208,6.6075,6.7174,767,0
20140807,6.7784,6.7784,6.7784,6.7784,153,0
20140808,6.5929,6.6124,6.544,6.5831,15406,0
20140811,6.798,6.798,6.2803,6.4366,23832,0
20140812,6.6222,6.6222,6.4856,6.5246,12506,0
20140813,6.544,6.544,6.3977,6.4062,1740,0
20140814,6.4856,6.6418,6.2803,6.4612,10664,0
20140815,6.4268,6.6418,6.3683,6.6418,13618,0
20140818,6.6222,6.6417,6.3488,6.4659,15148,0
20140819,6.3683,6.5343,6.3096,6.4856,6143,0
20140820,6.4473,6.4952,6.3145,6.3145,1537,0
20140821,6.2999,6.4952,6.2999,6.4952,2428,0
20140822,6.5439,6.5439,6.4464,6.4464,1206,0
20140825,6.544,6.544,6.5342,6.5342,1485,0
20140826,6.544,6.544,6.4464,6.505,11556,0
20140827,6.4416,6.471,6.3585,6.471,522,0
20140828,6.4463,6.4464,6.3705,6.4366,1444,0
20140829,6.4464,6.4464,6.4464,6.4464,751,0
20140902,6.5246,6.544,6.5246,6.5246,821,0
20140903,6.4464,6.5635,6.4464,6.544,5991,0
20140904,6.3878,6.549,6.3878,6.4952,3133,0
20140908,6.4856,6.4952,6.3096,6.3096,8333,0
20140909,6.3194,6.505,6.2803,6.2902,13271,0
20140910,6.4172,6.4464,6.2316,6.2316,9828,0
20140911,6.3293,6.4464,6.2316,6.3488,14387,0
20140912,6.2609,6.3096,6.2413,6.3096,1769,0
20140915,6.505,6.5343,6.2413,6.2609,3429,0
20140916,6.2705,6.3488,6.2413,6.2609,10688,0
20140917,6.2803,6.4756,6.2803,6.3488,4187,0
20140918,6.3585,6.3585,6.3585,6.3585,398,0
20140919,6.2609,6.4856,6.2413,6.4856,4668,0
20140922,6.4856,6.5343,6.2316,6.505,7579,0
20140923,6.2609,6.3977,6.2609,6.3096,1630,0
20140925,6.2609,6.3194,6.1941,6.3194,5951,0
20140926,6.212,6.296,6.1144,6.2609,10263,0
20140929,6.2902,6.2902,6.251,6.251,1555,0
20140930,5.9189,6.0947,5.8604,5.9092,43940,0
20141001,5.9582,6.0851,5.9582,5.9678,2092,0
20141002,5.9092,5.9582,5.87,5.87,8523,0
20141003,5.87,6.046,5.87,5.9582,8273,0
20141006,5.9678,5.9678,5.8604,5.8604,2771,0
20141007,5.9383,5.9383,5.8955,5.8955,290,0
20141008,5.87,5.9092,5.8604,5.8995,2505,0
20141010,5.8604,5.9189,5.8604,5.914,3818,0
20141013,5.8878,5.8878,5.8878,5.8878,224,0
20141014,5.8604,5.8604,5.8604,5.8604,914,0
20141015,5.8604,5.8878,5.8604,5.8693,1843,0
20141016,5.9288,5.9288,5.9288,5.9288,1022,0
20141017,5.8799,5.9582,5.8799,5.9582,410,0
20141021,5.9582,5.9776,5.9582,5.9678,1228,0
20141023,6.0067,6.0263,5.9582,6.0263,7556,0
20141024,6.0851,6.3096,6.0851,6.1144,12014,0
20141029,6.1632,6.2022,6.1632,6.2022,1408,0
20141030,6.2413,6.251,6.2413,6.251,5837,0
20141031,6.1924,6.251,6.1632,6.251,5357,0
20141103,6.2999,6.3389,6.2218,6.3389,4505,0
20141104,6.3293,6.4366,6.2705,6.2705,2036,0
20141105,6.251,6.3096,6.251,6.2609,46687,0
20141106,6.3686,6.4763,6.3,6.3686,48778,0
20141107,5.9473,6.4657,5.9473,6.2705,29580,0
20141110,6.2705,6.4077,6.2705,6.3391,8266,0
20141111,6.4177,6.4177,6.3391,6.3686,816,0
20141112,6.4077,6.4177,6.3588,6.4077,3266,0
20141113,6.4077,6.4567,6.3686,6.3784,6006,0
20141114,6.4568,6.4568,6.3098,6.4567,4082,0
20141117,6.3686,6.4666,6.3686,6.4182,6676,0
20141118,6.4666,6.4666,6.3686,6.4666,8690,0
20141119,6.5644,6.5644,6.3686,6.3686,6978,0
20141120,6.3784,6.447,6.3295,6.4177,22964,0
20141121,6.3686,6.447,6.3391,6.447,28005,0
20141124,6.3784,6.4177,6.3686,6.4177,1163,0
20141125,6.447,6.447,6.447,6.447,195,0
20141126,6.4077,6.4077,6.3391,6.3686,10031,0
20141201,6.3686,6.3686,6.2804,6.2893,4181,0
20141202,6.3784,6.3784,6.3784,6.3784,585,0
20141203,6.4047,6.5058,6.3785,6.5058,2465,0
20141204,6.5644,6.7605,6.3196,6.4273,84229,0
20141205,6.7214,6.7605,6.5254,6.5644,1530,0
20141208,6.6038,6.7214,6.6038,6.6135,10873,0
20141209,6.4763,6.4763,6.4763,6.4763,205,0
20141210,6.5254,6.7311,6.4666,6.7311,63014,0
20141211,6.6626,6.7115,6.6235,6.7115,13210,0
20141212,6.6527,6.6723,6.5644,6.5644,5492,0
20141216,6.6234,6.6234,6.3,6.3686,54096,0
20141217,6.4666,6.4666,6.3196,6.3784,6865,0
20141218,6.4666,6.6626,6.447,6.4863,24190,0
20141219,6.4666,6.5058,6.4666,6.4666,3007,0
20141222,6.4763,6.4763,6.4273,6.4666,890,0
20141223,6.4666,6.4763,6.4618,6.4618,731,0
20141226,6.4078,6.4189,6.3981,6.4189,9389,0
20141229,6.3686,6.4666,6.3686,6.4666,5088,0
20141230,6.4272,6.4372,6.4272,6.4272,205,0
20141231,6.4177,6.4763,6.4177,6.4273,2264,0
20150105,6.4273,6.5155,6.3981,6.5155,9185,0
20150106,6.5058,6.5155,6.5058,6.5155,8574,0
20150109,6.6135,6.7115,6.5744,6.6234,7043,0
20150112,6.5644,6.7115,6.5644,6.692,1583,0
20150113,6.6135,6.7066,6.6135,6.7017,520,0
20150114,6.5754,6.5754,6.5754,6.5754,305,0
20150116,6.594,6.597,6.5744,6.597,1123,0
20150120,6.5155,6.6038,6.4177,6.5155,11855,0
20150121,6.5155,6.6626,6.4177,6.5644,21711,0
20150122,6.5644,6.6135,6.5549,6.5644,8675,0
20150123,6.7115,6.8389,6.6234,6.6235,10719,0
20150126,6.7409,6.8095,6.5841,6.5841,15164,0
20150127,6.5155,6.5644,6.4667,6.5644,1701,0
20150129,6.6135,6.6135,6.6135,6.6135,509,0
20150130,6.6135,6.6135,6.6135,6.6135,100,0
20150202,6.5745,6.5745,6.5745,6.5745,509,0
20150203,6.4763,6.6626,6.4763,6.6626,7247,0
20150204,6.6331,6.6331,6.6038,6.6135,11534,0
20150209,6.7217,6.7217,6.6823,6.6823,4070,0
20150210,6.6725,6.6725,6.6725,6.6725,121,0
20150211,6.7217,6.7217,6.6725,6.6725,5172,0
20150212,6.6529,6.6529,6.6431,6.6431,785,0
20150217,6.7217,6.7314,6.7217,6.7314,2442,0
20150219,6.6528,6.6528,6.5251,6.5547,9222,0
20150220,6.6627,6.6725,6.5663,6.5663,6208,0
20150224,6.6528,6.6725,6.6331,6.6331,3288,0
20150225,6.6331,6.6341,6.5841,6.5841,5111,0
20150226,6.584,6.6135,6.5643,6.5643,3052,0
20150227,6.6038,6.6135,6.6038,6.6135,403,0
20150302,6.6038,6.6038,6.584,6.584,2136,0
20150303,6.5939,6.6234,6.5939,6.6234,1324,0
20150304,6.584,6.6038,6.4759,6.4759,13025,0
20150310,6.584,6.584,6.4859,6.4859,1120,0
20150311,6.584,6.584,6.4859,6.4859,408,0
20150312,6.4859,6.4859,6.4465,6.4859,13128,0
20150313,6.4759,6.5547,6.4171,6.5547,17198,0
20150316,6.535,6.5643,6.4859,6.4859,12517,0
20150318,6.4955,6.4955,6.4955,6.4955,612,0
20150319,6.5153,6.5251,6.4071,6.4071,612,0
20150320,6.4759,6.4759,6.4662,6.4759,3460,0
20150323,6.5055,6.584,6.4171,6.584,9566,0
20150325,6.584,6.584,6.584,6.584,204,0
20150326,6.584,6.5939,6.5447,6.584,712,0
20150330,6.4563,6.5547,6.4563,6.4859,1527,0
20150401,6.4955,6.4955,6.4859,6.4859,11805,0
20150406,6.584,6.584,6.584,6.584,1016,0
20150409,6.5122,6.5122,6.5122,6.5122,508,0
20150414,6.4955,6.4955,6.4955,6.4955,508,0
20150415,6.5063,6.5063,6.5063,6.5063,762,0
20150416,6.5595,6.5595,6.535,6.535,291,0
20150417,6.5055,6.6234,6.5055,6.535,5800,0
20150420,6.5153,6.5153,6.5153,6.5153,102,0
20150423,6.4955,6.4955,6.3875,6.4171,3052,0
20150424,6.5743,6.7609,6.5547,6.7609,13449,0
20150427,6.7315,6.7315,6.6431,6.6431,4070,0
20150428,6.6135,6.645,6.6135,6.6234,2483,0
20150429,6.6331,6.6431,6.6331,6.6331,4478,0
20150501,6.6725,6.6823,6.6431,6.6431,6207,0
20150504,6.6823,6.6823,6.5939,6.6038,4986,0
20150505,6.6038,6.6038,6.584,6.584,2646,0
20150506,6.584,6.6331,6.584,6.6331,6731,0
20150507,6.6134,6.6134,6.6134,6.6134,100,0
20150508,6.6134,6.7122,6.6134,6.6628,91482,0
20150511,6.722,6.7615,6.6628,6.7122,87227,0
20150512,6.6628,6.6628,6.6628,6.6628,602,0
20150513,6.7122,6.7122,6.7023,6.7122,1215,0
20150514,6.6628,6.7122,6.6628,6.6825,34040,0
20150515,6.6628,6.7023,6.6628,6.6825,3214,0
20150518,6.6825,6.7122,6.6825,6.7122,5673,0
20150519,6.7091,6.7091,6.7091,6.7091,761,0
20150521,6.7122,6.7122,6.7122,6.7122,33432,0
20150522,6.6825,6.722,6.6628,6.722,303,0
20150526,6.722,6.722,6.722,6.722,372,0
20150527,6.7122,6.7122,6.5838,6.6628,20262,0
20150528,6.6621,6.6621,6.6621,6.6621,1039,0
20150529,6.6925,6.7122,6.6234,6.7122,2634,0
20150601,6.7122,6.7516,6.7122,6.7122,10861,0
20150603,6.722,6.722,6.7122,6.722,1520,0
20150604,6.7122,6.7516,6.7122,6.7122,13474,0
20150605,6.7615,6.7615,6.6234,6.6234,6282,0
20150609,6.7418,6.7418,6.7418,6.7418,100,0
20150610,6.7137,6.7137,6.7137,6.7137,2262,0
20150611,6.6727,6.7023,6.574,6.574,11418,0
20150612,6.6134,6.6134,6.4259,6.4259,38294,0
20150616,6.4061,6.4358,6.4061,6.4358,1318,0
20150618,6.3766,6.4161,6.3766,6.4161,1621,0
20150619,6.5443,6.5443,6.5443,6.5443,303,0
20150622,6.4457,6.4457,6.4457,6.4457,100,0
20150623,6.5937,6.5937,6.5246,6.5937,2112,0
20150624,6.5148,6.574,6.5049,6.5148,2229,0
20150625,6.5148,6.5148,6.5049,6.5049,709,0
20150626,6.5049,6.5937,6.5049,6.5937,810,0
20150629,6.5346,6.564,6.5346,6.564,2229,0
20150630,6.5937,6.5937,6.5148,6.5148,208,0
20150701,6.5049,6.5937,6.5049,6.5148,1621,0
20150702,6.5148,6.564,6.5148,6.5246,1115,0
20150706,6.564,6.564,6.564,6.564,100,0
20150707,6.5148,6.5543,6.5148,6.5543,203,0
20150708,6.564,6.564,6.5148,6.5346,1418,0
20150709,6.5148,6.5148,6.5148,6.5148,1318,0
20150710,6.5148,6.5543,6.5148,6.5543,912,0
20150713,6.5443,6.5443,6.5148,6.5148,609,0
20150714,6.564,6.564,6.564,6.564,913,0
20150715,6.5639,6.564,6.5153,6.5543,10511,0
20150716,6.5148,6.5148,6.5148,6.5148,100,0
20150717,6.5443,6.5443,6.5443,6.5443,609,0
20150720,6.5443,6.5443,6.5443,6.5443,5876,0
20150721,6.5443,6.6037,6.5443,6.6037,2938,0
20150722,6.5543,6.5543,6.5543,6.5543,100,0
20150723,6.5937,6.6037,6.5937,6.6037,3546,0
20150724,6.5838,6.6529,6.564,6.6529,18641,0
20150727,6.564,6.6134,6.5246,6.6134,13170,0
20150728,6.5346,6.6037,6.5346,6.5346,1722,0
20150729,6.5543,6.6529,6.5543,6.6529,5268,0
20150730,6.5838,6.6134,6.5443,6.6134,1520,0
20150731,6.6134,6.6234,6.6134,6.6234,203,0
20150803,6.6234,6.6529,6.6234,6.6331,3008,0
20150804,6.6529,6.7023,6.6529,6.7023,1418,0
20150805,6.6628,6.722,6.6628,6.722,1924,0
20150807,6.6825,6.6825,6.6825,6.6825,1012,0
20150811,6.762,6.762,6.7619,6.7619,1614,0
20150812,6.7817,6.7917,6.7817,6.7817,3328,0
20150813,6.7321,6.7321,6.7321,6.7321,2420,0
20150814,6.6727,6.6825,6.5437,6.6231,3228,0
20150817,6.6825,6.6825,6.6727,6.6825,3631,0
20150818,6.6627,6.6627,6.6627,6.6627,302,0
20150819,6.6727,6.6925,6.6727,6.6925,3832,0
20150820,6.6925,6.6925,6.6925,6.6925,1916,0
20150821,6.6925,6.7321,6.6925,6.7024,9783,0
20150825,6.7222,6.7222,6.7024,6.7024,806,0
20150826,6.6925,6.7321,6.633,6.7321,25719,0
20150827,6.6825,6.7321,6.6131,6.7321,13616,0
20150828,6.6925,6.7321,6.6429,6.6429,908,0
20150831,6.7817,6.7817,6.7519,6.7817,2925,0
20150901,6.6528,6.7718,6.6528,6.7718,5043,0
20150902,6.7817,6.8412,6.7718,6.7718,58701,0
20150903,6.8907,6.8907,6.8015,6.8115,27938,0
20150904,6.7718,6.7817,6.7619,6.7718,1512,0
20150909,6.8115,6.9403,6.7421,6.7817,18861,0
20150910,6.8115,6.8213,6.7917,6.8213,8289,0
20150911,6.7917,6.9205,6.7817,6.9205,7464,0
20150914,6.8809,6.8809,6.8809,6.8809,202,0
20150915,6.9106,6.9106,6.8809,6.8809,1512,0
20150916,6.8313,6.8412,6.8313,6.8412,404,0
20150917,6.7917,6.8907,6.7917,6.8907,529,0
20150918,6.7917,6.9007,6.7917,6.9007,3026,0
20150921,6.9007,6.9007,6.9007,6.9007,2018,0
20150923,6.8611,6.8709,6.8412,6.8412,10752,0
20150924,6.8809,6.9899,6.8809,6.8907,31389,0
20150925,6.8511,6.8511,6.8511,6.8511,100,0
20150928,6.8511,6.8611,6.7917,6.8023,5974,0
20150929,6.8412,6.8412,6.7917,6.7917,5244,0
20150930,6.9305,6.9305,6.8907,6.8907,806,0
20151001,6.8412,6.9106,6.8412,6.8511,6354,0
20151002,6.8213,6.8709,6.7917,6.8709,5749,0
20151006,6.8809,6.9205,6.8412,6.8907,10489,0
20151007,6.8907,6.8907,6.8611,6.8611,631,0
20151008,6.8907,6.8907,6.8809,6.8907,3228,0
20151009,6.8907,6.8907,6.8611,6.8611,1512,0
20151012,6.8907,6.8907,6.8907,6.8907,100,0
20151013,6.8907,6.9007,6.8907,6.8907,4640,0
20151014,6.8412,6.8907,6.8412,6.8412,6052,0
20151015,6.9205,6.9205,6.9106,6.9106,1008,0
20151016,6.8611,6.9205,6.8611,6.8709,8573,0
20151019,6.9205,6.9305,6.9205,6.9305,1402,0
20151021,6.9205,6.9403,6.9205,6.9403,3732,0
20151022,6.9403,6.9403,6.9403,6.9403,2118,0
20151023,6.9899,6.9899,6.9899,6.9899,1008,0
20151026,6.8115,7.0395,6.8115,7.0197,6657,0
20151027,7.0395,7.0395,6.9999,6.9999,202,0
20151028,7.0395,7.0891,7.0395,7.0891,1714,0
20151029,7.1287,7.2377,6.9403,6.9403,24811,0
20151030,6.8907,6.9403,6.8412,6.8907,3530,0
20151104,6.9205,6.9324,6.9106,6.9205,6982,0
20151105,6.9503,6.9503,6.9503,6.9503,302,0
20151106,6.9305,6.9999,6.8907,6.9899,5446,0
20151109,6.9999,7.0098,6.9999,7.0098,1808,0
20151111,6.9899,7.0297,6.9899,7.0297,2209,0
20151113,6.9302,6.9302,6.9003,6.9003,1004,0
20151116,6.9899,6.9899,6.9899,6.9899,100,0
20151117,7.0098,7.0098,6.8804,6.8804,803,0
20151118,6.8804,7.0198,6.8804,6.9202,10545,0
20151119,6.9501,7.0198,6.9202,7.0198,2009,0
20151120,6.97,7.0198,6.96,7.0098,7633,0
20151130,7.0198,7.1592,7.0198,7.1592,2209,0
20151201,7.1462,7.1462,7.0198,7.0397,4178,0
20151202,7.0098,7.0397,6.97,7.0297,7287,0
20151204,6.98,6.98,6.98,6.98,100,0
20151207,7.0098,7.0696,7.0098,7.0696,4419,0
20151208,7.0596,7.1194,7.0098,7.1194,1362,0
20151209,7.0596,7.1194,7.0297,7.0297,2410,0
20151210,7.1194,7.1194,7.0198,7.0497,1004,0
20151211,7.0198,7.1492,6.9401,6.9899,22898,0
20151214,6.96,7.0297,6.9423,7.0297,1503,0
20151216,7.0297,7.0397,7.0297,7.0397,1707,0
20151217,6.98,7.0795,6.9202,7.0795,6026,0
20151218,7.0696,7.0696,7.0198,7.0497,1105,0
20151221,6.9401,7.0596,6.8704,7.0596,4017,0
20151222,6.9748,7.0596,6.962,7.0596,1215,0
20151223,7.0198,7.0696,6.9401,7.0696,4821,0
20151224,7.1094,7.1592,7.1094,7.1592,4103,0
20151228,7.0297,7.1393,6.9501,6.9501,2607,0
20151229,7.0696,7.1194,7.0148,7.1094,4670,0
20151230,6.9202,7.0397,6.9202,7.0397,5311,0
20151231,7.0994,7.1094,6.9302,6.9401,1773,0
20160104,6.9899,7.0696,6.9849,7.0497,2227,0
20160105,7.0328,7.1592,7.0328,7.1592,3556,0
20160106,7.1492,7.1492,7.1492,7.1492,201,0
20160107,6.9899,7.1393,6.9242,7.1393,1353,0
20160108,6.9401,7.1691,6.9401,7.1691,2410,0
20160111,7.2189,7.2189,7.2189,7.2189,505,0
20160112,7.0697,7.1233,7.0696,7.1233,2131,0
20160113,7.0138,7.1691,6.97,7.0945,9739,0
20160114,7.2189,7.2189,7.1891,7.1891,402,0
20160115,7.2188,7.2189,7.0098,7.0098,458,0
20160119,7.0198,7.1194,7.0198,7.1194,4017,0
20160120,6.97,6.9899,6.9202,6.9451,6631,0
20160121,6.9202,7.1194,6.9202,7.1194,1306,0
20160125,7.1194,7.1194,7.0297,7.0297,402,0
20160126,7.1185,7.1194,7.0297,7.0297,1406,0
20160127,7.0297,7.0297,7.0297,7.0297,703,0
20160128,7.0098,7.0098,6.8804,7.0098,14517,0
20160129,7.0696,7.1194,7.0696,7.0994,803,0
20160201,7.0198,7.0994,7.0198,7.0994,803,0
20160203,7.0198,7.0199,7.0198,7.0199,487,0
20160204,7.0696,7.1691,7.0696,7.1592,1894,0
20160205,7.1194,7.1194,6.96,6.97,4109,0
20160208,6.96,7.0497,6.96,6.97,3515,0
20160209,7,7.1005,7,7.1,3304,0
20160211,7.05,7.05,7.05,7.05,27803,0
20160216,6.93,7.09,6.81,7.01,14729,0
20160217,7.08,7.08,6.9511,6.9511,21900,0
20160218,7.08,7.08,6.95,6.95,200,0
20160219,7.1,7.15,6.97,6.97,667,0
20160222,7.05,7.085,6.98,7,24315,0
20160223,7,7,7,7,2464,0
20160224,7,7.03,6.9001,6.95,25022,0
20160225,7,7.0299,6.95,7.0299,14200,0
20160226,7.05,7.24,7,7.16,9868,0
20160229,7.2,7.2,7.06,7.1,2408,0
20160301,7.184,7.184,7.02,7.02,2042,0
20160307,7,7.06,6.86,7,46270,0
20160308,7.08,7.08,7.05,7.05,20100,0
20160309,6.97,7.05,6.9,6.95,9071,0
20160310,6.95,7,6.79,6.82,8316,0
20160311,6.83,6.94,6.79,6.82,5300,0
20160314,6.94,7.04,6.8,6.85,56831,0
20160315,6.85,6.93,6.85,6.85,3652,0
20160316,6.82,7.05,6.8,7.05,8004,0
20160317,6.82,7.2,6.82,6.95,19621,0
20160318,7.01,7.15,6.8,6.9,79058,0
20160321,7.02,7.02,7.01,7.02,379,0
20160322,6.95,6.99,6.85,6.8501,5455,0
20160323,6.92,6.92,6.92,6.92,184,0
20160324,6.85,6.8699,6.81,6.86,1965,0
20160328,6.81,6.85,6.79,6.79,15829,0
20160329,6.9,6.9,6.82,6.82,2232,0
20160330,6.876,6.876,6.8459,6.8459,2200,0
20160331,6.82,6.82,6.8,6.8,737,0
20160401,6.82,6.88,6.82,6.88,1975,0
20160404,6.85,6.8601,6.8,6.8,1500,0
20160405,6.873,7.05,6.82,6.95,6742,0
20160406,6.984,6.984,6.984,6.984,100,0
20160407,7,7,7,7,100,0
20160408,7.02,7.04,7.01,7.03,7134,0
20160411,7.02,7.02,7,7,2200,0
20160412,7.0306,7.0306,7.03,7.03,300,0
20160413,7.04,7.1,7.04,7.04,4101,0
20160414,7.08,7.09,7,7.03,8700,0
20160415,7.1,7.2,7.02,7.02,12747,0
