Date,Open,High,Low,Close,Volume,OpenInt
20050304,8.1009,8.1009,8.1009,8.1009,1087,0
20050328,8.0395,8.0395,7.8128,8.0395,2177,0
20050329,7.5771,7.5771,7.5771,7.5771,872,0
20050406,7.5771,7.5771,7.5771,7.5771,2612,0
20050407,8.0395,8.0395,8.0395,8.0395,439,0
20050412,7.5771,7.5771,7.3502,7.3502,872,0
20050413,7.3502,7.3502,7.193,7.193,2612,0
20050414,7.193,7.193,7.193,7.193,1522,0
20050415,7.6993,7.6993,7.3502,7.4111,6309,0
20050419,7.193,7.5771,7.193,7.5771,2612,0
20050420,7.1231,7.1231,7.0096,7.0096,4897,0
20050421,7.1231,7.1231,7.1231,7.1231,872,0
20050502,7.3502,7.3502,7.3502,7.3502,439,0
20050511,7.0096,7.0096,7.0096,7.0096,5224,0
20050517,6.966,6.966,6.8874,6.8874,4460,0
20050520,6.8874,6.8874,6.8874,6.8874,1740,0
20050613,6.8874,6.8874,6.8874,6.8874,545,0
20050614,6.8874,6.8874,6.8874,6.8874,723,0
20050708,7.2368,7.2368,7.2368,7.2368,3051,0
20050721,7.2368,7.2368,7.0619,7.0619,31474,0
20050722,7.2368,7.2978,7.2368,7.2978,1740,0
20050725,7.2978,7.2978,7.2978,7.2978,10881,0
20050727,7.4111,7.4111,7.4111,7.4111,1740,0
20050728,7.3502,7.3502,7.2978,7.2978,4420,0
20050729,7.3065,7.3065,7.3065,7.3065,872,0
20050801,7.3065,7.3065,7.3065,7.3065,4476,0
20050802,7.3935,7.4637,7.3935,7.4637,5659,0
20050805,7.4637,7.4637,7.4111,7.4111,1307,0
20050808,7.3589,7.3589,7.3589,7.3589,3485,0
20050809,7.4637,7.4637,7.4637,7.4637,4354,0
20050810,7.5771,7.5771,7.5771,7.5771,746,0
20050817,7.8128,7.8128,7.5246,7.5246,1307,0
20050826,7.5771,7.5771,7.5771,7.5771,2177,0
20050831,7.9612,7.9612,7.9612,7.9612,8705,0
20050901,7.5771,7.5771,7.5771,7.5771,1740,0
20050906,7.5771,7.6381,7.3502,7.5595,58767,0
20050920,7.6381,7.9262,7.6381,7.9262,12842,0
20050921,8.0395,8.0395,8.0395,8.0395,439,0
20051020,7.6993,7.9262,7.6993,7.8128,13930,0
20051024,7.8128,7.9176,7.8128,7.9176,6965,0
20051031,7.8302,7.8302,7.8128,7.8128,13060,0
20051102,7.8825,7.8825,7.8128,7.8128,8705,0
20051103,7.8128,7.865,7.8128,7.865,13060,0
20051104,7.865,7.865,7.865,7.865,2604,0
20051109,8.0395,8.2666,8.0395,8.2666,4868,0
20051121,7.9262,7.9262,7.9262,7.9262,12911,0
20051129,7.8214,7.8214,7.8214,7.8214,439,0
20051201,8.0395,8.0395,8.0395,8.0395,439,0
20051205,7.8128,7.8128,7.8128,7.8128,872,0
20051206,7.9784,7.9784,7.865,7.865,5659,0
20051207,7.9612,7.9612,7.8128,7.8128,1740,0
20051219,7.6381,7.6381,7.5771,7.5771,2612,0
20051221,7.4897,7.6993,7.385,7.6993,6094,0
20051228,7.8128,7.8128,7.8128,7.8128,872,0
20051230,7.8128,7.9262,7.5771,7.9262,15237,0
20060104,7.5771,7.5771,7.5771,7.5771,439,0
20060113,7.3502,7.3502,7.3502,7.3502,650,0
20060123,7.4637,7.481,7.2628,7.2628,9576,0
20060124,7.385,7.385,7.385,7.385,872,0
20060125,7.385,7.5771,7.3502,7.4111,18934,0
20060126,7.3589,7.3589,7.3589,7.3589,2177,0
20060130,7.3589,7.3589,7.3589,7.3589,711,0
20060131,7.4111,7.4111,7.4111,7.4111,10441,0
20060206,7.4637,7.6993,7.4637,7.6381,33250,0
20060208,7.6993,7.6993,7.5771,7.5771,4354,0
20060209,7.5771,7.5771,7.5771,7.5771,872,0
20060214,7.6034,7.6381,7.5334,7.6381,7691,0
20060215,7.5334,7.5334,7.5334,7.5334,872,0
20060222,7.5595,7.6294,7.5595,7.6294,1307,0
20060223,7.5771,7.5771,7.5771,7.5771,582,0
20060224,7.6034,7.6034,7.6034,7.6034,5879,0
20060228,7.5771,7.5771,7.5246,7.5246,1783,0
20060303,7.4897,7.4897,7.4897,7.4897,1261,0
20060306,7.5246,7.5246,7.5246,7.5246,545,0
20060314,7.5246,7.5246,7.5246,7.5246,872,0
20060317,7.4637,7.4637,7.4637,7.4637,872,0
20060322,7.4637,7.4637,7.2454,7.2454,6906,0
20060329,7.2368,7.2368,7.2368,7.2368,439,0
20060330,7.5771,7.5771,7.5771,7.5771,4354,0
20060405,7.2368,7.2368,7.2368,7.2368,872,0
20060411,7.2368,7.2368,7.2368,7.2368,1087,0
20060412,7.2368,7.2368,7.2368,7.2368,690,0
20060418,7.2368,7.2368,7.1231,7.1231,6309,0
20060419,7.0619,7.0619,7.0619,7.0619,872,0
20060420,7.1231,7.1231,7.1231,7.1231,872,0
20060424,7.0096,7.0096,7.0096,7.0096,439,0
20060427,7.0096,7.0096,6.9572,7.0096,8443,0
20060428,7.1231,7.1231,7.1231,7.1231,872,0
20060501,7.1231,7.1231,7.1231,7.1231,6965,0
20060504,7.1231,7.2368,7.0619,7.2368,9576,0
20060505,7.1753,7.2368,7.1753,7.2368,1307,0
20060512,7.2368,7.2368,7.2368,7.2368,2177,0
20060515,7.2368,7.2368,7.2368,7.2368,872,0
20060522,7.2803,7.2803,7.2803,7.2803,872,0
20060609,7.3239,7.3239,7.3239,7.3239,872,0
20060614,7.3239,7.3502,7.3239,7.3502,1850,0
20060615,7.3239,7.3239,7.3239,7.3239,4354,0
20060616,7.3502,7.3502,7.2368,7.2368,5824,0
20060626,7.2454,7.2454,7.2454,7.2454,872,0
20060630,7.2628,7.2628,7.2628,7.2628,2177,0
20060705,7.2628,7.2628,7.2628,7.2628,872,0
20060706,7.2628,7.2628,7.2628,7.2628,4354,0
20060707,7.2628,7.2628,7.2368,7.2368,4259,0
20060710,7.1753,7.1753,7.1753,7.1753,872,0
20060727,7.3239,7.3239,7.3239,7.3239,1307,0
20060731,7.2368,7.2368,7.2368,7.2368,1740,0
20060801,7.2105,7.3502,7.193,7.3239,29601,0
20060814,7.2277,7.2277,7.2016,7.2016,4354,0
20060815,7.2016,7.2016,7.2016,7.2016,1154,0
20060821,7.2978,7.2978,7.2978,7.2978,872,0
20060823,7.3065,7.3502,7.3065,7.3065,14127,0
20060905,7.4111,7.4111,7.3239,7.3239,1960,0
20060913,7.4637,7.4637,7.4637,7.4637,439,0
20060918,7.4637,7.4637,7.4637,7.4637,500,0
20060922,7.4637,7.8128,7.4637,7.8128,2308,0
20061004,7.2454,7.2454,7.2454,7.2454,2177,0
20061018,7.4637,7.4637,7.4637,7.4637,4354,0
20061019,7.5246,7.5246,7.5246,7.5246,439,0
20061020,7.4897,7.4897,7.4897,7.4897,1215,0
20061025,7.6993,7.6993,7.6993,7.6993,872,0
20061026,7.5595,7.5595,7.5595,7.5595,1740,0
20061103,7.6034,7.6034,7.6034,7.6034,1740,0
20061108,7.5771,7.5771,7.4637,7.4637,2177,0
20061114,7.385,7.4897,7.3763,7.4897,5571,0
20061115,7.4897,7.4897,7.4897,7.4897,4354,0
20061116,7.4897,7.5246,7.4897,7.5246,1357,0
20061122,7.5595,7.6993,7.4111,7.6993,13930,0
20061130,7.6644,7.6644,7.6644,7.6644,872,0
20061201,7.4111,7.4111,7.2978,7.2978,1307,0
20061204,7.3239,7.3239,7.3239,7.3239,872,0
20061205,7.5771,7.5771,7.5771,7.5771,439,0
20061212,7.5246,7.5246,7.5246,7.5246,872,0
20061218,7.2978,7.2978,7.2978,7.2978,1688,0
20061222,7.193,7.193,7.193,7.193,5224,0
20061226,7.5246,7.5246,7.5246,7.5246,4354,0
20061227,7.3502,7.3502,7.3502,7.3502,872,0
20061228,7.3502,7.4637,7.3502,7.4637,8705,0
20070105,7.6732,7.6732,7.6732,7.6732,5224,0
20070108,7.3502,7.3502,7.3502,7.3502,439,0
20070109,7.3502,7.3502,7.3502,7.3502,650,0
20070125,7.3502,7.3502,7.3152,7.3152,1370,0
20070126,7.3239,7.8128,7.3239,7.5771,11754,0
20070129,7.9262,7.9262,7.9262,7.9262,872,0
20070209,7.6294,7.6294,7.6294,7.6294,872,0
20070213,7.6119,7.6119,7.6119,7.6119,872,0
20070214,7.5771,7.5771,7.5771,7.5771,872,0
20070216,7.3935,7.5771,7.3935,7.5771,3284,0
20070222,7.4637,7.4637,7.4637,7.4637,872,0
20070223,7.4461,7.4461,7.4461,7.4461,1740,0
20070226,7.481,7.481,7.481,7.481,2612,0
20070228,7.4983,7.4983,7.4983,7.4983,518,0
20070301,7.5771,7.5771,7.5771,7.5771,2177,0
20070302,7.5771,7.5771,7.2368,7.4199,17846,0
20070308,7.5771,7.5771,7.5771,7.5771,872,0
20070316,7.5334,7.5334,7.4983,7.4983,1740,0
20070319,7.3763,7.3763,7.3763,7.3763,872,0
20070320,7.3935,7.3935,7.3763,7.3763,1740,0
20070326,7.3502,7.3502,7.3502,7.3502,2177,0
20070329,7.4637,7.4637,7.4637,7.4637,3051,0
20070402,7.6381,7.6381,7.6381,7.6381,6531,0
20070404,7.6381,7.6381,7.2803,7.2803,872,0
20070405,7.4111,7.4111,7.2192,7.2192,4940,0
20070409,7.2192,7.2803,7.0795,7.2803,6965,0
20070410,7.4637,7.8128,7.4637,7.8128,2612,0
20070413,7.5771,7.5771,7.4637,7.5159,8705,0
20070509,7.5159,7.5159,7.5159,7.5159,1740,0
20070514,7.3502,7.3502,7.3502,7.3502,872,0
20070523,7.3502,7.3502,7.3502,7.3502,1572,0
20070524,7.5771,7.6381,7.3502,7.3502,5659,0
20070529,7.6381,7.6381,7.6381,7.6381,872,0
20070604,7.4637,7.4637,7.4637,7.4637,650,0
20070607,7.4637,7.4637,7.4637,7.4637,2612,0
20070613,7.4637,7.4637,7.4637,7.4637,531,0
20070614,7.5246,7.6381,7.4111,7.4111,9769,0
20070618,7.5771,7.5771,7.5771,7.5771,4354,0
20070620,7.5771,7.5771,7.5771,7.5771,872,0
20070625,7.6294,7.6294,7.6294,7.6294,439,0
20070626,7.5159,7.5159,7.5159,7.5159,872,0
20070702,7.5246,7.5246,7.5246,7.5246,2177,0
20070710,7.5771,7.5771,7.5771,7.5771,1740,0
20070712,7.5246,7.5246,7.5246,7.5246,872,0
20070718,7.5771,7.5771,7.5771,7.5771,439,0
20070724,7.3502,7.3502,7.3502,7.3502,485,0
20070725,7.4287,7.4287,7.4287,7.4287,611,0
20070726,7.4287,7.4287,7.4287,7.4287,872,0
20070730,7.5771,7.5771,7.5771,7.5771,872,0
20070731,7.5246,7.5771,7.4461,7.5771,13477,0
20070816,7.4637,7.4637,7.3502,7.3502,1557,0
20070821,7.0619,7.0619,7.0619,7.0619,548,0
20070906,7.3502,7.3502,7.2368,7.2368,4354,0
20070910,7.2803,7.2803,7.2368,7.2368,1740,0
20070911,7.1667,7.1667,7.1667,7.1667,1740,0
20070912,7.0271,7.0271,7.0271,7.0271,872,0
20070914,6.9921,7.0271,6.9921,7.0271,6269,0
20070921,7.2803,7.2803,7.2803,7.2803,1307,0
20070927,7.3502,7.5771,7.3502,7.5771,5520,0
20071001,7.4111,7.4111,7.3502,7.3502,2743,0
20071002,7.3502,7.4111,7.3502,7.4111,3054,0
20071003,7.4287,7.4287,7.4287,7.4287,1740,0
20071004,7.4637,7.4637,7.4199,7.4199,5659,0
20071009,7.4287,7.4287,7.4287,7.4287,872,0
20071011,7.4461,7.4461,7.4461,7.4461,1307,0
20071012,7.4897,7.4897,7.4461,7.4461,5224,0
20071022,7.5246,7.5246,7.5246,7.5246,5224,0
20071023,7.5246,7.5246,7.5246,7.5246,1740,0
20071024,7.5246,7.5246,7.5246,7.5246,14300,0
20071101,7.5246,7.5246,7.4637,7.4637,1740,0
20071102,6.9572,6.9572,6.9572,6.9572,872,0
20071112,7.0795,7.0795,7.0795,7.0795,872,0
20080110,6.3199,6.4334,6.3199,6.3199,6094,0
20080111,5.9709,5.9709,5.9709,5.9709,872,0
20080114,5.9709,5.9709,5.9709,5.9709,3485,0
20080122,6.259,6.259,6.259,6.259,4354,0
20080129,6.3199,6.3724,6.3199,6.3724,6803,0
20080204,6.4859,6.4859,6.4859,6.4859,3262,0
20080320,6.4334,6.4334,6.3724,6.3724,6531,0
20080326,6.3288,6.3288,6.3199,6.3199,1740,0
20080327,5.9882,5.9882,5.9882,5.9882,1087,0
20080328,5.9882,5.9882,5.9882,5.9882,1087,0
20080401,6.0407,6.0407,6.0407,6.0407,872,0
20080402,5.9186,5.9186,5.9186,5.9186,518,0
20080416,6.1715,6.1715,6.1715,6.1715,872,0
20080424,6.5905,6.5905,6.4859,6.4859,9576,0
20080428,6.4859,6.4859,6.4334,6.4334,3485,0
20080429,6.5469,6.6602,6.5469,6.6602,7483,0
20080501,6.7738,6.7738,6.7738,6.7738,439,0
20080507,6.7738,6.7738,6.7738,6.7738,2287,0
20080512,6.6602,6.6692,6.6602,6.6602,5224,0
20080528,6.4685,6.4685,6.4685,6.4685,728,0
20080606,6.4424,6.4424,6.4424,6.4424,1522,0
20080613,6.2065,6.2065,6.2065,6.2065,2138,0
20080714,6.2154,6.2154,6.2154,6.2154,872,0
20080717,6.2065,6.2065,6.2065,6.2065,872,0
20080728,5.8663,5.8663,5.8663,5.8663,1568,0
20080804,6.4334,6.4334,6.4334,6.4334,1307,0
20080808,6.2065,6.2065,6.2065,6.2065,2177,0
20080814,6.2065,6.2065,6.2065,6.2065,3309,0
20080820,6.0844,6.0844,6.0844,6.0844,872,0
20080821,5.9709,5.997,5.9709,5.997,72867,0
20080822,5.9882,6.0757,5.9882,6.0757,13088,0
20080826,6.0667,6.0667,6.0667,6.0667,6531,0
20080827,5.9709,6.0667,5.9709,6.0667,6292,0
20080902,6.0667,6.0667,6.0667,6.0667,6531,0
20080905,6.0321,6.0844,6.0321,6.0844,5224,0
20080908,5.9709,5.9709,5.9709,5.9709,545,0
20080916,5.997,5.997,5.9709,5.9709,2177,0
20080922,5.9709,5.9709,5.9709,5.9709,1740,0
20080923,5.7438,5.7438,5.7438,5.7438,1197,0
20080924,5.9709,6.0321,5.9709,6.0321,12842,0
20080929,5.9709,5.9709,5.9709,5.9709,461,0
20081009,5.9709,5.9709,5.9709,5.9709,2612,0
20081022,5.2813,5.2813,5.2813,5.2813,872,0
20081030,5.7438,5.7438,5.2986,5.2986,6094,0
20081103,5.2813,5.2813,5.2813,5.2813,1655,0
20081120,5.2813,5.2813,5.2813,5.2813,872,0
20090219,5.2287,5.2287,4.9407,5.0455,6094,0
20090220,4.9931,4.9931,4.9931,4.9931,1740,0
20090225,5.0455,5.0455,4.9407,4.9407,1740,0
20090302,4.8273,4.8273,4.8273,4.8273,2177,0
20090303,4.9407,4.9407,4.9407,4.9407,2177,0
20090324,5.2813,5.2813,5.2813,5.2813,439,0
20090325,5.2813,5.2813,5.2813,5.2813,572,0
20090424,5.6393,5.6393,5.6393,5.6393,786,0
20090501,5.8572,5.8663,5.8572,5.8663,1087,0
20090511,6.2853,6.2937,6.2853,6.2937,1740,0
20090519,6.4334,6.4334,6.4334,6.4334,4354,0
20090603,6.2065,6.2065,6.2065,6.2065,545,0
20090609,6.4334,6.4334,6.4334,6.4334,439,0
20090731,6.4859,6.4859,6.2065,6.4859,5682,0
20090805,6.6602,6.6602,6.6602,6.6602,1688,0
20090806,6.7215,6.7215,6.7215,6.7215,1740,0
20090807,6.7215,6.7215,6.7215,6.7215,545,0
20090810,6.6602,6.6602,6.6602,6.6602,4795,0
20090826,6.3199,6.3199,6.3199,6.3199,2025,0
20090917,6.5469,6.5469,6.5469,6.5469,1087,0
20090923,7.5421,7.5421,6.8874,6.8874,2395,0
20090929,6.6602,6.6602,6.5469,6.5469,2604,0
20091005,6.8874,6.8874,6.8874,6.8874,872,0
20091009,6.8874,6.8874,6.8874,6.8874,872,0
20091019,6.6602,6.6602,6.6602,6.6602,872,0
20091022,7.2368,7.2368,7.2368,7.2368,439,0
20091130,6.6954,6.6954,6.6954,6.6954,439,0
20091201,6.6954,6.6954,6.6954,6.6954,513,0
20091203,7.0619,7.0619,7.0619,7.0619,4029,0
20091207,7.5771,7.5771,7.5771,7.5771,758,0
20091208,7.5771,7.6381,7.5771,7.6381,2619,0
20091217,7.6381,7.6381,7.6294,7.6381,3485,0
20091221,7.8128,8.0395,7.8128,8.0395,2612,0
20091222,8.0395,8.0395,8.0395,8.0395,578,0
20091223,8.0395,8.0395,8.0395,8.0395,439,0
20091224,8.0395,8.0395,8.0395,8.0395,872,0
20091228,8.0395,8.0395,7.6732,7.6732,1740,0
20091229,7.8128,7.8128,7.8128,7.8128,439,0
20091231,7.4983,7.4983,7.4983,7.4983,439,0
20100111,7.5246,7.5771,7.5159,7.5159,2164,0
20100114,7.865,7.865,7.865,7.865,1307,0
20100202,8.0395,8.0395,8.0395,8.0395,698,0
20100203,8.0395,8.0395,7.7077,7.7077,1307,0
20100204,7.7077,7.7077,7.7077,7.7077,872,0
20100223,7.9784,8.0395,7.9784,8.0395,3485,0
20100226,8.1094,8.1094,8.1094,8.1094,650,0
20100304,8.3887,8.3887,8.3887,8.3887,650,0
20100305,9,9.0085,9,9.0085,872,0
20100310,8.3887,8.3887,8.1531,8.1531,1743,0
20100311,8.1531,8.1531,8.1531,8.1531,439,0
20100312,8.1531,8.1531,8.1531,8.1531,439,0
20100319,8.9387,9.0085,8.9387,9.0085,2177,0
20100322,9.0085,9.0085,9.0085,9.0085,3151,0
20100323,9.42,9.42,9.42,9.42,872,0
20100324,9.42,9.42,9.42,9.42,872,0
20100325,9.1918,9.42,9.1918,9.42,1307,0
20100331,9.42,10.109,9.42,10.109,1564,0
20100401,9.42,9.42,9.42,9.42,872,0
20100405,8.7292,9.2082,8.7292,9.2082,462728,0
20100406,9.2082,9.2082,9.1221,9.1306,101970,0
20100407,9.1306,9.2004,9.1221,9.1918,115798,0
20100408,9.1662,9.1749,9.149,9.1662,101399,0
20100409,9.42,9.42,9.149,9.1662,34544,0
20100412,9.1662,9.2971,9.1393,9.2971,45764,0
20100413,9.2706,9.2706,9.1662,9.2169,14564,0
20100414,9.2169,9.2971,9.1662,9.2971,32373,0
20100415,9.2169,9.2354,9.2169,9.2354,1719,0
20100416,9.2971,9.2971,9.1575,9.1662,34971,0
20100419,9.1221,9.2882,9.1221,9.1749,37000,0
20100420,9.1393,9.2522,9.1393,9.2522,17643,0
20100421,9.2522,9.2522,9.1662,9.1918,14665,0
20100422,9.1393,9.2971,9.1393,9.2354,16716,0
20100423,9.1393,9.2795,9.1393,9.1393,15644,0
20100426,9.1575,9.3226,9.1393,9.2522,33908,0
20100427,9.0952,9.2004,9.0952,9.1662,27674,0
20100428,9.0782,9.262,9.0782,9.2004,18461,0
20100429,9.2265,9.2522,9.1049,9.1135,9590,0
20100430,9.1049,9.2354,9.0782,9.0952,7441,0
20100503,9.1049,9.1662,9.0866,9.0866,12304,0
20100504,9.1049,9.1049,9.0782,9.0782,27848,0
20100505,9.0952,9.1662,9.0866,9.0866,12774,0
20100506,9.1221,9.1662,9.0782,9.0782,23080,0
20100507,9.0782,9.0866,9.035,9.035,18416,0
20100510,9.1221,9.1393,9.1049,9.1393,20990,0
20100511,9.149,9.149,9,9,17825,0
20100512,9.035,9.035,9.035,9.035,13116,0
20100513,9.149,9.149,9.0866,9.0866,848,0
20100514,9.149,9.149,9.0085,9.0085,8328,0
20100517,9.0085,9.0085,8.9911,8.9911,4067,0
20100518,9,9.0085,8.8605,8.8605,13917,0
20100519,8.9911,8.9911,8.7989,8.7989,21106,0
20100520,9.0609,9.0609,8.7116,8.7206,8361,0
20100521,8.9474,8.9474,8.6856,8.7554,3507,0
20100524,8.9474,8.9474,8.642,8.642,13666,0
20100525,8.9474,8.9474,8.6507,8.7292,34101,0
20100526,8.7292,8.8167,8.7292,8.7469,8018,0
20100527,8.7729,8.7729,8.7554,8.7554,3435,0
20100528,8.7729,8.7729,8.7554,8.7729,6079,0
20100601,8.7381,8.7729,8.7381,8.7469,11913,0
20100602,8.7906,8.8605,8.7643,8.8605,4123,0
20100603,8.8167,8.8605,8.8167,8.8167,13402,0
20100604,8.9474,8.9474,8.7292,8.7292,4696,0
20100607,8.7292,8.7729,8.7292,8.7729,8086,0
20100609,8.7292,8.7292,8.4675,8.4675,6087,0
20100610,8.546,8.5982,8.4936,8.572,8993,0
20100611,8.572,8.572,8.572,8.572,120,0
20100614,8.5372,8.5372,8.4762,8.5199,2192,0
20100615,8.5024,8.6945,8.4675,8.5285,3092,0
20100616,8.6945,8.7729,8.5109,8.7729,745,0
20100617,8.8516,8.8516,8.5372,8.6074,4787,0
20100618,8.5634,8.7116,8.4848,8.5982,2953,0
20100621,8.5372,8.7381,8.5372,8.7381,2875,0
20100622,8.546,8.7292,8.5285,8.6507,1442,0
20100623,8.6333,8.642,8.4848,8.4848,1876,0
20100624,8.6856,8.6856,8.4848,8.5548,5784,0
20100625,8.5024,8.5024,8.4848,8.4936,3435,0
20100628,8.5109,8.6769,8.5109,8.6684,871,0
20100629,8.5109,8.6769,8.5109,8.6769,2866,0
20100630,8.6429,8.6429,8.511,8.511,2828,0
20100701,8.642,8.6507,8.642,8.6507,286,0
20100702,8.4848,8.4848,8.4848,8.4848,459,0
20100706,8.6333,8.6769,8.6333,8.6769,390,0
20100707,8.6856,8.6856,8.5548,8.5548,3779,0
20100708,8.5548,8.5548,8.5548,8.5548,1033,0
20100709,8.5548,8.5548,8.5548,8.5548,1032,0
20100712,8.5548,8.642,8.5548,8.642,4332,0
20100713,8.642,8.6856,8.5548,8.5982,3532,0
20100714,8.5982,8.5982,8.5109,8.5982,799,0
20100715,8.5548,8.5548,8.5548,8.5548,1048,0
20100716,8.5548,8.5548,8.5548,8.5548,315,0
20100719,8.5982,8.5982,8.5982,8.5982,224,0
20100721,8.5548,8.5548,8.5548,8.5548,4123,0
20100722,8.5109,8.5109,8.4848,8.4848,11674,0
20100723,8.4848,8.4848,8.4848,8.4848,340,0
20100726,8.5109,8.5109,8.4848,8.5109,5295,0
20100727,8.4848,8.4848,8.4848,8.4848,47658,0
20100729,8.5024,8.5199,8.4848,8.4848,2406,0
20100730,8.4848,8.4848,8.4848,8.4848,470,0
20100802,8.6769,8.6769,8.4936,8.4936,1267,0
20100804,8.4326,8.5024,8.4326,8.4413,3210,0
20100805,8.4238,8.4413,8.4238,8.4238,9486,0
20100809,8.4238,8.4238,8.3451,8.3451,917,0
20100810,8.3801,8.3801,8.3363,8.3363,685,0
20100812,8.3363,8.354,8.319,8.354,1032,0
20100813,8.2145,8.3714,8.2145,8.3714,2004,0
20100816,8.3363,8.3363,8.2928,8.2928,4739,0
20100817,8.3277,8.3277,8.3277,8.3277,120,0
20100818,8.3363,8.3363,8.1619,8.1619,1218,0
20100819,8.2054,8.2054,8.1969,8.2054,5317,0
20100820,8.0834,8.1358,8.0834,8.1358,224,0
20100823,8.1269,8.1269,8.1269,8.1269,2062,0
20100824,8.1269,8.1269,8.0748,8.0748,30379,0
20100825,8.0395,8.0748,8.0311,8.0311,12551,0
20100826,8.1182,8.1182,8.0748,8.0834,4354,0
20100827,8.0748,8.0748,7.9875,7.9875,9469,0
20100830,8.0483,8.0483,7.9524,8.0311,576,0
20100831,8.0722,8.0722,8.0281,8.0281,340,0
20100901,8.1009,8.1009,8.0573,8.0573,1374,0
20100902,8.0748,8.0748,7.647,8.0045,3324,0
20100903,8.0311,8.0395,8.0135,8.0135,1026,0
20100907,8.0573,8.1531,7.8563,8.1445,6326,0
20100908,8.0748,8.0748,8.0748,8.0748,685,0
20100909,8.0655,8.0748,7.9875,8.0748,17782,0
20100910,8.0748,8.0748,8.0748,8.0748,576,0
20100913,8.0748,8.1619,8.0748,8.1269,26725,0
20100914,8.0748,8.1619,8.0748,8.1619,4643,0
20100915,8.1619,8.1619,8.0573,8.0748,960,0
20100916,8.0311,8.1269,7.865,7.865,5858,0
20100917,7.865,8.0834,7.865,8.0834,1236,0
20100920,7.9088,7.9088,7.8563,7.8563,5899,0
20100921,7.8476,8.1619,7.8389,8.1619,15467,0
20100922,8.1269,8.1269,8.1269,8.1269,120,0
20100924,7.9784,8.0748,7.9524,8.0311,5846,0
20100927,8.2753,8.2753,7.9349,7.9699,2062,0
20100928,8.0748,8.0748,7.9436,8.0045,8246,0
20100929,7.9176,7.9524,7.9,7.9,1751,0
20100930,7.8563,7.9436,7.8563,7.9436,6874,0
20101001,7.9436,8.0748,7.9436,8.0748,3150,0
20101004,8.0655,8.0655,8.0395,8.0395,343,0
20101005,8.0135,8.0135,7.9088,7.9436,6905,0
20101006,8.0222,8.0222,7.9436,7.9436,1145,0
20101013,7.9436,7.9436,7.9436,7.9436,1719,0
20101014,7.9436,8.0748,7.9,7.9436,4940,0
20101015,8.0395,8.0483,8.0311,8.0311,2746,0
20101019,8.0395,8.0395,8.0395,8.0395,120,0
20101020,8.0395,8.2844,8.0311,8.2844,2728,0
20101022,8.0748,8.0748,8.0748,8.0748,911,0
20101025,8.0748,8.0748,8.0655,8.0655,224,0
20101026,8.0483,8.5109,8.0311,8.5024,10424,0
20101027,8.5024,8.5024,8.4063,8.4499,459,0
20101028,8.5024,8.5024,8.3801,8.4675,21139,0
20101029,8.4712,8.5067,8.4269,8.4712,3519,0
20101101,8.4675,8.5109,8.4675,8.5109,6189,0
20101102,8.6856,8.6856,8.6856,8.6856,120,0
20101103,8.6333,8.7206,8.4936,8.7206,3397,0
20101104,8.6945,8.7381,8.5199,8.7206,6073,0
20101105,8.7906,8.7906,8.7906,8.7906,120,0
20101108,8.7906,8.7989,8.4762,8.7989,1603,0
20101109,8.7292,8.7292,8.7116,8.7116,956,0
20101110,8.5982,8.7206,8.5982,8.7206,2866,0
20101111,8.7206,8.7206,8.7206,8.7206,120,0
20101112,8.7206,8.7206,8.7206,8.7206,120,0
20101115,8.7292,8.7729,8.7116,8.7729,8178,0
20101116,8.7906,8.7906,8.7906,8.7906,120,0
20101117,8.7816,8.7906,8.7116,8.7381,3834,0
20101118,8.8079,8.8079,8.7469,8.7469,917,0
20101119,8.7989,8.7989,8.642,8.7554,2062,0
20101122,8.7729,8.7729,8.7292,8.7292,576,0
20101123,8.7292,8.7292,8.7292,8.7292,301,0
20101124,8.642,8.6507,8.642,8.6507,2316,0
20101129,8.7292,8.7292,8.642,8.7292,1374,0
20101130,8.7308,8.7308,8.7132,8.7308,827,0
20101201,8.6856,8.7381,8.6856,8.7381,5956,0
20101202,8.7381,8.7381,8.7381,8.7381,120,0
20101203,8.6856,8.6856,8.5548,8.6157,8474,0
20101206,8.6684,8.6684,8.6684,8.6684,120,0
20101207,8.6074,8.7292,8.5285,8.6333,1259,0
20101208,8.6769,8.6856,8.6769,8.6769,2520,0
20101209,8.5199,8.5199,8.5199,8.5199,120,0
20101210,8.5199,8.7292,8.5199,8.7292,31535,0
20101213,8.5548,8.7292,8.5548,8.7292,3089,0
20101214,8.7292,8.7292,8.6591,8.7206,799,0
20101215,8.7292,8.7292,8.7292,8.7292,120,0
20101216,8.6157,8.7292,8.6074,8.7292,510,0
20101217,8.7292,8.8167,8.7292,8.7729,8133,0
20101220,8.7206,8.7206,8.642,8.6856,7963,0
20101221,8.7116,8.8167,8.703,8.7469,4999,0
20101222,8.8516,8.8865,8.8516,8.8865,2810,0
20101223,8.8605,8.904,8.8605,8.904,16394,0
20101227,8.904,8.9738,8.904,8.9738,4583,0
20101228,8.9911,9.0519,8.9911,9.0519,9509,0
20101229,9.0294,9.2941,9.0294,9.2941,9050,0
20101230,9.3028,9.426,9.3028,9.3028,5592,0
20101231,9.451,9.451,9.451,9.451,120,0
20110103,9.453,9.4799,9.42,9.42,340,0
20110104,9.4709,9.4967,9.428,9.4709,8937,0
20110105,9.55,9.576,9.4709,9.576,2786,0
20110106,9.576,9.576,9.576,9.576,120,0
20110107,9.576,9.576,9.524,9.524,224,0
20110110,9.4799,9.593,9.4709,9.593,10137,0
20110111,9.559,9.768,9.559,9.689,7446,0
20110112,9.689,10.309,9.689,10.309,1490,0
20110113,10.101,10.249,9.2354,10.03,1150,0
20110114,10.178,10.178,9.908,10.03,340,0
20110118,10.038,10.214,9.847,9.952,8870,0
20110119,9.89,10.038,9.89,10.038,459,0
20110120,10.082,10.082,9.821,9.952,12879,0
20110121,9.952,9.952,9.952,9.952,120,0
20110124,9.952,9.952,9.952,9.952,120,0
20110125,9.908,9.952,9.768,9.899,8246,0
20110126,9.908,9.916,9.908,9.916,224,0
20110127,9.908,9.952,9.908,9.952,3457,0
20110128,9.943,9.952,9.864,9.952,5956,0
20110131,9.851,9.949,9.824,9.824,1833,0
20110201,9.803,9.856,9.785,9.821,2978,0
20110202,9.847,9.864,9.732,9.732,13324,0
20110203,9.742,9.864,9.602,9.602,25483,0
20110204,9.636,9.785,9.602,9.689,7675,0
20110207,9.62,9.62,9.611,9.62,459,0
20110209,9.664,9.664,9.645,9.655,1259,0
20110211,9.664,9.732,9.664,9.699,1006,0
20110214,9.699,9.864,9.699,9.776,1131,0
20110215,9.776,9.776,9.776,9.776,2292,0
20110216,9.776,9.776,9.776,9.776,5041,0
20110217,9.812,9.821,9.812,9.821,1603,0
20110222,9.821,9.821,9.732,9.732,2866,0
20110223,9.908,9.908,9.908,9.908,120,0
20110224,9.934,9.934,9.934,9.934,120,0
20110301,9.776,9.821,9.776,9.785,1032,0
20110302,9.821,9.934,9.821,9.934,576,0
20110303,9.924,9.952,9.924,9.952,799,0
20110304,9.803,9.872,9.776,9.872,2406,0
20110307,9.785,9.934,9.776,9.934,3553,0
20110308,9.864,9.952,9.856,9.952,2635,0
20110309,9.916,9.934,9.864,9.864,8725,0
20110310,9.821,9.864,9.821,9.864,4961,0
20110311,9.934,9.952,9.864,9.952,11423,0
20110314,9.864,9.916,9.864,9.916,1339,0
20110315,9.908,9.952,9.899,9.952,799,0
20110316,9.872,9.881,9.864,9.864,12878,0
20110317,9.855,9.872,9.847,9.863,3343,0
20110318,9.908,9.908,9.908,9.908,2292,0
20110321,9.908,9.952,9.908,9.952,10215,0
20110322,9.952,9.952,9.864,9.864,820,0
20110323,9.872,9.872,9.864,9.864,3051,0
20110324,9.864,9.952,9.864,9.952,587,0
20110325,9.943,9.943,9.943,9.943,151,0
20110328,9.988,10.082,9.988,10.073,2635,0
20110329,10.073,10.082,10.047,10.082,1833,0
20110331,10.171,10.171,10.171,10.171,1142,0
20110401,10.178,10.258,10.178,10.258,733,0
20110404,10.127,10.127,10.127,10.127,2292,0
20110405,10.162,10.162,10.048,10.048,269,0
20110406,10.038,10.038,10.038,10.038,120,0
20110408,10.048,10.048,10.048,10.048,1032,0
20110412,10.039,10.057,10.003,10.039,16435,0
20110413,10.038,10.038,10.038,10.038,576,0
20110414,10.038,10.056,10.038,10.038,3551,0
20110415,10.039,10.039,10.039,10.039,576,0
20110418,9.996,10.012,9.996,9.996,1431,0
20110419,10.048,10.048,10.039,10.048,1145,0
20110420,10.039,10.039,10.039,10.039,576,0
20110421,10.039,10.039,10.039,10.039,340,0
20110426,10.039,10.206,10.039,10.066,4009,0
20110427,10.048,10.048,9.812,9.89,4572,0
20110428,9.952,9.952,9.952,9.952,1179,0
20110429,9.903,9.903,9.895,9.895,563,0
20110502,9.899,9.908,9.89,9.89,3007,0
20110503,9.908,9.908,9.908,9.908,735,0
20110504,10.003,10.003,10.003,10.003,887,0
20110505,9.924,9.924,9.75,9.82,2461,0
20110506,9.881,9.89,9.881,9.881,1137,0
20110511,9.872,9.881,9.839,9.839,2379,0
20110512,9.767,9.767,9.767,9.767,338,0
20110513,9.75,9.75,9.731,9.731,580,0
20110516,9.731,9.802,9.706,9.706,2593,0
20110517,9.68,9.68,9.2756,9.4848,572,0
20110519,9.584,9.584,9.584,9.584,1789,0
20110520,9.653,9.653,9.653,9.653,457,0
20110523,9.619,9.619,9.619,9.619,22771,0
20110524,9.619,9.626,9.619,9.626,4534,0
20110525,9.609,9.609,9.574,9.574,4472,0
20110526,9.619,9.619,9.574,9.574,2885,0
20110527,9.591,9.619,9.566,9.574,6674,0
20110531,9.538,9.601,9.538,9.601,3031,0
20110601,9.574,9.6,9.557,9.6,5363,0
20110602,9.574,9.574,9.574,9.574,2503,0
20110603,9.574,9.574,9.557,9.574,2503,0
20110606,9.531,9.644,9.4848,9.531,134012,0
20110607,9.531,9.531,9.4848,9.4848,7888,0
20110608,9.46,9.46,9.2129,9.3119,1731,0
20110609,9.3628,9.531,9.3628,9.4848,2164,0
20110610,9.353,9.4162,9.353,9.4162,4522,0
20110613,9.3187,9.3984,9.3187,9.3984,457,0
20110614,9.6,9.6,9.3119,9.3119,47820,0
20110617,9.3028,9.3984,9.2842,9.3806,6726,0
20110620,9.3984,9.3984,9.3717,9.3984,4895,0
20110621,9.3119,9.3717,9.3119,9.3119,457,0
20110622,9.3119,9.3119,9.3119,9.3119,119,0
20110623,9.3119,9.3119,9.3119,9.3119,753,0
20110624,9.2842,9.2842,9.2218,9.2218,9085,0
20110627,9.2756,9.3628,9.2484,9.2484,2503,0
20110628,9.2669,9.2669,9.2669,9.2669,352,0
20110629,9.3119,9.3119,9.3119,9.3119,1821,0
20110630,9.3876,9.3876,9.3876,9.3876,787,0
20110701,9.3904,9.3904,9.3826,9.3826,841,0
20110706,9.3129,9.3129,9.3129,9.3129,1081,0
20110708,9.3197,9.3197,9.3197,9.3197,2458,0
20110712,9.3129,9.3129,9.3129,9.3129,2735,0
20110713,9.3119,9.3451,9.3119,9.3451,1707,0
20110714,9.2669,9.2756,9.24,9.24,8104,0
20110715,9.258,9.2852,9.2494,9.2494,8025,0
20110718,9.3984,9.4431,9.3119,9.3119,2161,0
20110719,9.3197,9.3197,9.3197,9.3197,119,0
20110726,9.3383,9.3383,9.3285,9.3285,690,0
20110727,9.3637,9.3637,9.2669,9.2669,7921,0
20110729,9.3954,9.3954,9.262,9.262,1893,0
20110801,9.3383,9.355,9.3383,9.355,3075,0
20110804,9.3285,9.4182,9.3285,9.4182,1130,0
20110808,9.3383,9.3383,9.1955,9.1955,4354,0
20110809,9.2314,9.2852,9.2314,9.2852,1809,0
20110810,9.2852,9.2852,9.2852,9.2852,5654,0
20110817,9.427,9.427,9.2852,9.2852,2716,0
20110819,9.2852,9.2941,9.2852,9.2852,516,0
20110822,9.2669,9.2669,9.2669,9.2669,11536,0
20110823,9.1955,9.2129,9.1955,9.1955,2148,0
20110825,9.1955,9.594,9.1955,9.569,1375,0
20110826,9.4789,9.4789,9.4182,9.4182,5989,0
20110901,9.3826,9.3826,9.3826,9.3826,153,0
20110902,9.2532,9.2532,9.2532,9.2532,336,0
20110907,9.2439,9.2439,9.2439,9.2439,1130,0
20110909,9.24,9.24,9.24,9.24,2487,0
20110912,9.4182,9.4958,9.3727,9.4182,6081,0
20110913,9.3994,9.427,9.3994,9.427,768,0
20110914,9.24,9.3994,9.1955,9.3994,8699,0
20110915,9.2494,9.3994,9.2494,9.3994,30987,0
20110916,9.4182,9.4182,9.2129,9.2129,5073,0
20110919,9.2852,9.2852,9.2852,9.2852,336,0
20110920,9.4092,9.4092,9.4092,9.4092,118,0
20110922,9.24,9.3129,9.24,9.24,1519,0
20110926,9.3028,9.3727,9.24,9.2852,12554,0
20110927,9.2852,9.3028,9.2852,9.2852,13211,0
20110928,9.2669,9.2669,9.2669,9.2669,907,0
20110929,9.4182,9.4182,9.3197,9.3197,5882,0
20110930,9.42,9.42,9.3038,9.3038,1593,0
20111003,9.258,9.3285,9.258,9.2756,4749,0
20111005,9.2892,9.2892,9.1994,9.2439,13337,0
20111006,9.2439,9.2439,9.2439,9.2439,118,0
20111007,9.24,9.24,9.2044,9.2044,4058,0
20111010,9.2314,9.2852,9.2314,9.2314,676,0
20111011,9.2044,9.24,9.1527,9.24,8485,0
20111013,9.0809,9.0809,8.878,9.0724,1357,0
20111014,9.0666,9.0839,9.0482,9.0666,1923,0
20111017,8.8605,8.8605,8.8605,8.8605,118,0
20111018,9.24,9.24,9.0198,9.1431,1885,0
20111025,8.8617,8.8617,8.8437,8.8437,790,0
20111031,8.8453,9.0782,8.8453,9.0782,2319,0
20111101,8.8257,8.8257,8.7991,8.8257,398,0
20111103,9.0396,9.0396,8.906,8.906,451,0
20111104,8.8704,9.1287,8.8617,8.9773,2840,0
20111107,8.8081,8.8617,8.8081,8.8172,1558,0
20111108,8.8172,8.8172,8.8172,8.8172,1682,0
20111109,8.4431,8.4608,8.4431,8.4608,563,0
20111110,8.5142,8.5142,8.5142,8.5142,855,0
20111111,8.7459,8.7459,8.5586,8.5586,1909,0
20111114,8.639,8.639,8.639,8.639,451,0
20111115,8.6478,8.6478,8.6478,8.6478,672,0
20111123,8.63,8.639,8.63,8.639,4268,0
20111125,8.6835,8.6835,8.6835,8.6835,1121,0
20111128,8.8172,8.8172,8.7905,8.7905,451,0
20111129,8.7991,8.7991,8.6744,8.6744,334,0
20111130,8.6813,8.8168,8.6813,8.8168,3822,0
20111201,8.6744,8.7012,8.6744,8.6744,5165,0
20111202,8.8081,8.8081,8.8081,8.8081,720,0
20111205,8.7991,8.8172,8.7991,8.7991,501,0
20111207,8.7725,8.7725,8.7725,8.7725,395,0
20111208,8.7369,8.7369,8.7369,8.7369,1123,0
20111209,8.7547,8.7637,8.7191,8.7191,2152,0
20111212,8.7012,8.7725,8.6835,8.6835,3819,0
20111214,8.6835,8.7102,8.6744,8.6835,785,0
20111216,8.6744,8.7991,8.63,8.7991,28586,0
20111219,8.639,8.639,8.639,8.639,33685,0
20111220,8.6569,8.8172,8.639,8.7725,3140,0
20111221,8.7725,8.7725,8.6835,8.6835,5888,0
20111223,8.6569,8.6569,8.63,8.639,6177,0
20111227,8.7637,8.7905,8.7637,8.7637,1596,0
20111228,8.7637,8.7725,8.7102,8.7725,6476,0
20111229,8.7637,8.7637,8.7637,8.7637,217,0
20111230,8.7547,8.7725,8.639,8.7725,4029,0
20120103,8.6569,8.8081,8.6569,8.6835,4258,0
20120109,8.7813,8.7813,8.7813,8.7813,812,0
20120110,8.7813,8.7813,8.7813,8.7813,117,0
20120111,8.7734,8.7734,8.7734,8.7734,785,0
20120112,8.8185,8.8185,8.7734,8.8185,3280,0
20120117,8.7467,8.8185,8.7285,8.7285,900,0
20120118,8.8172,8.8172,8.7725,8.7813,1545,0
20120119,8.7459,8.7459,8.7279,8.7279,451,0
20120120,8.7823,8.8185,8.7823,8.8185,1461,0
20120123,8.8172,8.8172,8.7725,8.8172,4039,0
20120124,8.8081,8.8172,8.8081,8.8172,3929,0
20120125,8.8884,8.8971,8.8437,8.8437,501,0
20120126,8.7459,8.7459,8.7369,8.7369,1012,0
20120127,8.7285,8.7285,8.7285,8.7285,4379,0
20120131,8.6993,8.7626,8.6993,8.7626,612,0
20120201,8.7375,8.7375,8.6837,8.6927,1973,0
20120202,8.8002,8.8002,8.8002,8.8002,1123,0
20120203,8.6837,8.6837,8.6837,8.6837,324,0
20120206,8.8185,8.8185,8.7285,8.8002,2247,0
20120207,8.7734,8.7734,8.7467,8.7467,1670,0
20120208,8.7645,8.7645,8.7645,8.7645,726,0
20120213,8.7467,8.7645,8.7467,8.7467,2451,0
20120215,8.7467,8.7467,8.7467,8.7467,216,0
20120216,8.7467,8.7915,8.7467,8.7915,216,0
20120217,8.9439,8.9798,8.8809,8.8809,6490,0
20120221,8.9708,9.0609,8.9439,9.0609,12725,0
20120222,8.9618,9.0609,8.8901,8.8901,4172,0
20120223,8.8364,9.016,8.8364,8.9708,3398,0
20120224,8.9618,9.0609,8.9527,8.9798,14978,0
20120227,8.9708,9.016,8.9708,9.016,1338,0
20120228,8.9708,8.9708,8.9708,8.9708,2675,0
20120229,8.7626,8.9793,8.7534,8.9703,963,0
20120301,8.9439,8.9439,8.8809,8.8809,2063,0
20120302,8.9259,8.9259,8.9259,8.9259,2231,0
20120306,8.9259,8.9259,8.9259,8.9259,116,0
20120312,8.9708,8.9708,8.9708,8.9708,1116,0
20120313,9.016,9.016,8.9708,9.016,3480,0
20120314,9.016,9.016,8.9259,8.9259,448,0
20120316,8.8632,8.8809,8.7553,8.8809,2397,0
20120319,8.8809,8.9259,8.8721,8.8991,2744,0
20120320,8.8991,8.8991,8.8364,8.8364,893,0
20120321,8.8991,8.9708,8.8901,8.9708,3234,0
20120322,8.9527,8.998,8.9527,8.998,893,0
20120323,9.0066,9.034,8.9708,9.016,6614,0
20120326,8.9708,8.9888,8.9618,8.9708,4500,0
20120327,8.8809,8.9439,8.8809,8.9439,2901,0
20120328,8.8991,8.9171,8.8991,8.8991,1095,0
20120329,8.9708,9.1509,8.9708,9.1326,2451,0
20120403,9.1518,9.1518,9.0152,9.0152,3142,0
20120404,8.9793,8.9793,8.9793,8.9793,166,0
20120405,8.9703,8.997,8.9703,8.997,428,0
20120412,9.016,9.016,8.998,8.998,1116,0
20120416,9.0066,9.0066,8.9708,8.9708,780,0
20120417,8.9703,8.9703,8.9703,8.9703,1282,0
20120418,8.9888,8.998,8.7645,8.9618,20846,0
20120420,9.0695,9.0695,9.0519,9.0695,1562,0
20120424,8.997,9.1057,8.7534,9.0962,3959,0
20120427,9.1869,9.1955,9.1422,9.1422,558,0
20120430,9.1947,9.1947,9.1947,9.1947,1226,0
20120501,9.1955,9.1955,9.1955,9.1955,216,0
20120502,9.2044,9.259,9.17,9.17,18372,0
20120503,8.9162,9.0876,8.9162,9.0876,775,0
20120508,8.9162,9.033,8.9162,8.9432,4706,0
20120515,8.9432,8.9432,8.9432,8.9432,1087,0
20120516,8.9612,9.1788,8.9612,9.1788,444,0
20120517,9.1788,9.1788,9.1788,9.1788,2214,0
20120518,9.1788,9.2409,9.033,9.1239,37894,0
20120521,9.17,9.2129,9.17,9.2129,2101,0
20120522,9.17,9.17,9.17,9.17,555,0
20120523,9.2129,9.259,9.2129,9.259,5584,0
20120524,9.2129,9.2129,9.2129,9.2129,415,0
20120529,9.1239,9.1239,9.0609,9.0782,2933,0
20120604,9.033,9.033,9.033,9.033,215,0
20120605,9.17,9.17,9.17,9.17,3430,0
20120607,9.2314,9.2314,9.2314,9.2314,184,0
20120612,9.0609,9.0782,9.033,9.0782,1071,0
20120614,9.1239,9.1239,9.1239,9.1239,11069,0
20120615,9.0782,9.0782,9.0244,9.033,43140,0
20120618,9.0244,9.0244,9.0244,9.0244,215,0
20120619,9.1057,9.1239,9.0782,9.0782,1721,0
20120620,8.997,9.0782,8.997,9.0782,2350,0
20120622,9.033,9.1239,9.033,9.1239,775,0
20120625,9.0609,9.0782,9.0609,9.0782,330,0
20120628,9.033,9.033,9.033,9.033,115,0
20120629,9.1605,9.1605,9.033,9.033,1882,0
20120703,9.2044,9.2044,9.1278,9.1278,458,0
20120705,9.2494,9.2872,9.1788,9.259,13477,0
20120706,9.2227,9.3481,9.2227,9.3481,275,0
20120709,9.3058,9.3058,9.1239,9.1422,1394,0
20120710,9.17,9.17,9.17,9.17,6089,0
20120711,9.17,9.17,9.1239,9.1239,819,0
20120712,9.2961,9.2961,9.2961,9.2961,445,0
20120713,9.2776,9.2776,9.2776,9.2776,115,0
20120717,9.3058,9.3058,9.3058,9.3058,555,0
20120718,9.2688,9.2688,9.1144,9.1144,1605,0
20120720,9.259,9.2716,9.259,9.2716,720,0
20120723,9.2129,9.2129,9.2129,9.2129,215,0
20120724,9.2503,9.2503,9.2044,9.2503,388,0
20120725,9.2805,9.2805,9.0529,9.0801,2101,0
20120726,9.0982,9.2063,9.0982,9.2063,1107,0
20120727,9.0519,9.0519,9.034,9.034,940,0
20120803,9.0982,9.3433,9.0982,9.3433,3936,0
20120807,9.262,9.262,9.1537,9.2439,1498,0
20120808,9.1067,9.1441,9.1067,9.1441,770,0
20120809,9.2236,9.2236,9.2236,9.2236,214,0
20120810,9.1985,9.1985,9.1162,9.1162,328,0
20120814,9.1162,9.1162,9.1162,9.1162,114,0
20120816,9.1077,9.1441,9.1077,9.1441,795,0
20120820,9.3433,9.352,9.3256,9.352,9119,0
20120821,9.3256,9.3256,9.3256,9.3256,114,0
20120822,9.1889,9.2833,9.1719,9.2344,551,0
20120823,9.1889,9.1889,9.1889,9.1889,210,0
20120828,9.2344,9.352,9.2344,9.3167,1943,0
20120829,9.2246,9.3433,9.2159,9.3433,1907,0
20120904,9.1441,9.35,9.1441,9.35,442,0
20120905,9.3256,9.3256,9.3256,9.3256,214,0
20120906,9.2159,9.3707,9.2159,9.3256,22861,0
20120910,9.3256,9.4349,9.3256,9.4349,8588,0
20120911,9.4172,9.4182,9.4082,9.4182,19619,0
20120912,9.507,9.507,9.4799,9.4799,7234,0
20120913,9.3984,9.3984,9.3256,9.3433,6881,0
20120914,9.356,9.4172,9.356,9.4172,328,0
20120917,9.352,9.352,9.3353,9.3353,656,0
20120919,9.3433,9.3433,9.3353,9.3353,935,0
20120921,9.3256,9.3353,9.2706,9.2902,7594,0
20120924,9.3256,9.3353,9.3256,9.3353,1429,0
20120925,9.3433,9.3433,9.3433,9.3433,114,0
20120926,9.507,9.507,9.3353,9.507,292,0
20120927,9.4172,9.871,9.3707,9.871,17912,0
20120928,9.754,9.871,9.544,9.871,3078,0
20121001,9.836,9.836,9.581,9.581,770,0
20121002,9.762,9.762,9.572,9.572,1208,0
20121003,9.663,9.663,9.544,9.544,1320,0
20121004,9.581,9.818,9.3806,9.818,14206,0
20121005,9.726,9.726,9.553,9.672,112458,0
20121008,9.644,9.689,9.634,9.644,50075,0
20121009,9.544,9.553,9.544,9.553,989,0
20121010,9.553,9.553,9.553,9.553,879,0
20121011,9.625,9.625,9.625,9.625,153,0
20121015,9.618,9.618,9.544,9.544,214,0
20121017,9.618,9.678,9.618,9.644,1170,0
20121018,9.689,9.689,9.689,9.689,3187,0
20121019,9.663,9.663,9.598,9.598,551,0
20121022,9.618,9.618,9.618,9.618,214,0
20121023,9.581,9.581,9.553,9.553,977,0
20121026,9.768,9.768,9.768,9.768,114,0
20121031,9.744,9.78,9.744,9.78,1093,0
20121101,9.744,9.744,9.3276,9.598,1204,0
20121102,9.839,9.839,9.839,9.839,652,0
20121105,9.839,9.839,9.582,9.765,1815,0
20121106,9.59,9.782,9.535,9.619,5101,0
20121107,9.6,9.635,9.573,9.573,3013,0
20121109,9.573,9.573,9.545,9.573,1815,0
20121113,9.573,9.573,9.573,9.573,190,0
20121114,9.607,9.607,9.607,9.607,113,0
20121115,9.573,9.573,9.3157,9.4349,4148,0
20121119,9.4368,9.4368,9.4349,9.4349,1425,0
20121126,9.664,9.664,9.4349,9.664,7316,0
20121127,9.535,9.664,9.535,9.664,3644,0
20121130,9.664,9.664,9.664,9.664,1090,0
20121203,9.655,9.664,9.614,9.614,14393,0
20121204,9.1605,9.6,9.1605,9.527,2946,0
20121205,9.4349,9.4349,9.427,9.427,1373,0
20121207,9.1869,9.4451,9.1797,9.261,765,0
20121210,9.453,9.453,9.453,9.453,213,0
20121213,9.4451,9.4451,9.4451,9.4451,326,0
20121214,9.4172,9.619,9.4172,9.528,3084,0
20121217,9.4349,9.4349,9.4122,9.4122,8733,0
20121218,9.3984,9.3984,9.3984,9.3984,1965,0
20121219,9.2696,9.4368,9.2696,9.4349,6613,0
20121220,9.427,9.4349,9.427,9.4349,752,0
20121224,9.2979,9.619,9.2979,9.3608,7096,0
20121226,9.2979,9.2979,9.2979,9.2979,1102,0
20121228,9.351,9.351,9.3433,9.3433,1095,0
20121231,9.4349,9.4809,9.427,9.4809,18419,0
20130102,9.619,9.619,9.618,9.619,9708,0
20130103,9.4809,9.4809,9.4809,9.4809,203,0
20130104,9.3984,9.3984,9.3984,9.3984,391,0
20130108,9.4349,10.067,9.4349,9.848,11822,0
20130109,10.039,10.067,9.848,9.848,3822,0
20130110,9.893,10.067,9.893,10.067,2860,0
20130111,10.105,10.105,9.902,9.929,547,0
20130114,9.986,9.986,9.986,9.986,326,0
20130115,9.958,9.958,9.937,9.937,897,0
20130116,9.893,9.893,9.746,9.746,652,0
20130118,10.14,10.14,9.848,9.848,3417,0
20130122,10.14,10.14,9.939,9.939,874,0
20130123,10.057,10.123,10.021,10.03,6300,0
20130124,9.948,10.076,9.902,9.902,6278,0
20130125,9.911,9.929,9.829,9.848,17977,0
20130129,9.839,9.839,9.839,9.839,113,0
20130130,9.756,9.756,9.527,9.619,28267,0
20130131,9.782,9.782,9.691,9.746,1174,0
20130204,9.829,9.829,9.829,9.829,547,0
20130205,9.874,9.884,9.801,9.884,1315,0
20130206,9.865,9.894,9.865,9.865,1409,0
20130207,9.865,9.95,9.821,9.95,1393,0
20130212,9.996,9.996,9.996,9.996,112,0
20130213,9.894,9.894,9.894,9.894,616,0
20130214,9.885,9.885,9.543,9.543,5990,0
20130215,9.4699,9.728,9.4699,9.728,36433,0
20130219,9.728,9.728,9.682,9.682,1302,0
20130220,9.728,9.728,9.719,9.719,1523,0
20130222,9.608,9.618,9.553,9.581,5807,0
20130225,9.581,9.581,9.534,9.534,3252,0
20130227,9.59,9.59,9.59,9.59,226,0
20130301,9.543,9.551,9.543,9.543,1081,0
20130304,9.534,10.041,9.4052,9.903,21997,0
20130305,9.839,9.839,9.839,9.839,212,0
20130306,9.912,9.996,9.912,9.996,759,0
20130307,10.023,10.023,9.543,9.572,3774,0
20130308,9.635,9.654,9.586,9.599,759,0
20130311,9.581,9.581,9.581,9.581,112,0
20130313,9.599,9.711,9.599,9.711,544,0
20130314,9.783,9.912,9.783,9.912,395,0
20130318,9.849,9.849,9.66,9.66,324,0
20130320,9.903,9.903,9.903,9.903,112,0
20130321,9.903,9.903,9.903,9.903,212,0
20130325,9.912,10.023,9.605,9.95,7386,0
20130326,9.94,9.94,9.94,9.94,2494,0
20130327,9.94,9.94,9.93,9.93,1083,0
20130328,10.023,10.098,10.023,10.098,6900,0
20130401,10.05,10.05,10.05,10.05,612,0
20130402,10.023,10.023,10.023,10.023,807,0
20130405,9.93,10.023,9.912,9.912,7374,0
20130409,9.921,10.126,9.912,10.126,1296,0
20130410,10.135,10.208,10.098,10.208,14749,0
20130411,10.208,10.208,10.208,10.208,132,0
20130412,9.968,10.135,9.912,10.135,18295,0
20130415,10.003,10.003,9.996,9.996,835,0
20130418,10.003,10.111,9.988,9.996,3937,0
20130419,9.912,9.912,9.912,9.912,112,0
20130422,10.142,10.142,10.142,10.142,112,0
20130424,9.821,10.078,9.821,9.821,212,0
20130426,9.875,9.875,9.875,9.875,112,0
20130429,9.912,9.912,9.912,9.912,112,0
20130430,9.921,10.135,9.875,9.95,486,0
20130501,9.903,9.903,9.875,9.875,4121,0
20130502,9.792,9.885,9.691,9.857,10947,0
20130503,9.857,9.858,9.857,9.857,1083,0
20130506,9.87,9.87,9.87,9.87,112,0
20130507,9.93,9.93,9.93,9.93,436,0
20130508,10.098,10.098,10.098,10.098,112,0
20130513,9.912,9.912,9.701,9.701,16300,0
20130514,9.719,10.189,9.719,10.142,27052,0
20130515,10.163,10.21,10.118,10.118,3328,0
20130517,9.951,9.951,9.951,9.951,541,0
20130520,9.996,10.21,9.996,10.21,2046,0
20130523,10.118,10.118,9.839,9.839,3687,0
20130524,9.86,9.878,9.849,9.878,2659,0
20130528,9.979,9.979,9.849,9.885,1186,0
20130529,9.904,10.043,9.866,9.876,5419,0
20130530,9.765,9.765,9.765,9.765,514,0
20130531,9.873,9.893,9.779,9.883,7362,0
20130603,10.118,10.137,9.922,9.922,1186,0
20130605,9.866,9.866,9.821,9.821,541,0
20130607,9.931,9.931,9.931,9.931,1337,0
20130610,9.931,10.154,9.821,9.922,2290,0
20130613,9.931,9.941,9.922,9.941,864,0
20130617,10.118,10.118,10.118,10.118,111,0
20130618,10.09,10.09,10.09,10.09,111,0
20130619,9.989,9.989,9.839,9.989,5030,0
20130620,9.913,9.913,9.746,9.773,7433,0
20130621,9.839,9.849,9.839,9.839,1292,0
20130624,9.839,10.109,9.839,10.109,3448,0
20130625,10.1,10.1,9.931,10.069,10741,0
20130626,9.979,9.979,9.979,9.979,111,0
20130627,10.024,10.024,9.97,9.979,6044,0
20130628,9.904,9.904,9.904,9.904,111,0
20130701,10.08,10.08,9.941,9.941,541,0
20130702,9.99,9.99,9.979,9.989,754,0
20130703,10.024,10.062,10.024,10.062,3032,0
20130705,9.989,10.21,9.979,9.989,56092,0
20130708,10.034,10.034,9.996,9.996,6249,0
20130710,9.895,9.895,9.895,9.895,111,0
20130711,9.979,9.989,9.922,9.979,7951,0
20130712,10.005,10.201,9.996,9.996,1076,0
20130715,10.09,10.1,9.979,9.989,5020,0
20130716,10.034,10.034,10.034,10.034,111,0
20130717,10.052,10.182,10.052,10.1,4100,0
20130718,10.08,10.118,10.07,10.118,2800,0
20130719,10.182,10.21,10.182,10.21,7111,0
20130722,10.21,10.47,10.118,10.35,26676,0
20130723,10.628,10.693,10.303,10.693,1618,0
20130724,10.806,11.056,10.806,11.056,2566,0
20130725,11.008,11.16,11.008,11.046,2065,0
20130726,11.017,11.166,11.017,11.166,8804,0
20130729,11.036,11.113,11.036,11.084,4850,0
20130730,11.046,11.046,10.451,10.527,1351,0
20130731,10.489,10.637,10.489,10.637,805,0
20130801,10.657,10.841,10.657,10.767,3220,0
20130802,10.35,10.489,10.35,10.378,3945,0
20130806,10.443,10.443,10.443,10.443,541,0
20130807,10.73,10.786,10.443,10.702,1266,0
20130808,10.489,10.897,10.489,10.489,970,0
20130809,10.508,10.508,10.443,10.443,369,0
20130812,10.47,10.489,10.443,10.443,5437,0
20130813,10.508,10.637,10.508,10.637,436,0
20130814,10.602,10.742,10.574,10.733,2109,0
20130815,10.593,10.728,10.537,10.546,932,0
20130819,10.742,10.742,10.66,10.66,430,0
20130820,10.724,10.747,10.62,10.742,1714,0
20130821,10.77,10.77,10.615,10.742,5244,0
20130823,10.669,10.704,10.669,10.704,962,0
20130826,11.022,11.022,10.575,10.835,12760,0
20130827,10.611,10.704,10.574,10.574,2388,0
20130828,10.669,10.714,10.437,10.546,2027,0
20130829,10.602,10.602,10.444,10.47,1124,0
20130830,10.397,10.461,10.369,10.369,1768,0
20130903,10.379,10.379,9.968,10.229,5160,0
20130904,10.239,10.276,10.05,10.05,1818,0
20130905,10.069,10.069,10.05,10.05,1134,0
20130906,10.079,10.284,10.079,10.257,640,0
20130909,10.033,10.144,10.033,10.144,320,0
20130910,10.153,10.153,10.136,10.136,210,0
20130911,10.163,10.181,10.127,10.127,640,0
20130912,10.069,10.069,10.069,10.069,110,0
20130913,10.127,10.127,10.127,10.127,210,0
20130916,10.181,10.239,10.069,10.069,5352,0
20130917,10.05,10.05,9.995,9.995,941,0
20130918,10.023,10.219,9.995,10.219,1355,0
20130919,10.219,10.219,10.127,10.127,210,0
20130920,10.219,10.257,10.219,10.257,1829,0
20130923,10.239,10.239,10.033,10.033,1714,0
20130924,10.229,10.229,10.06,10.06,210,0
20130926,10.2,10.2,10.163,10.163,210,0
20130927,10.181,10.229,10.069,10.099,858,0
20130930,10.229,10.229,10.136,10.136,210,0
20131001,10.2,10.249,10.06,10.249,2354,0
20131002,10.229,10.229,10.163,10.19,640,0
20131003,10.229,10.257,10.19,10.19,750,0
20131004,10.257,10.312,10.229,10.276,10918,0
20131007,10.267,10.267,10.033,10.06,2569,0
20131008,10.079,10.219,10.079,10.21,858,0
20131009,10.21,10.276,10.153,10.276,1714,0
20131010,10.284,10.284,10.19,10.276,5691,0
20131011,10.276,10.276,10.19,10.276,1998,0
20131014,10.229,10.321,10.181,10.303,14434,0
20131015,10.257,10.321,10.257,10.321,5140,0
20131016,10.321,10.321,10.276,10.276,2891,0
20131017,10.294,10.303,10.173,10.181,4173,0
20131018,10.312,10.312,10.276,10.276,1928,0
20131021,10.2,10.21,10.163,10.21,2141,0
20131022,10.06,10.229,9.995,10.079,12524,0
20131024,10.267,10.267,10.144,10.144,3533,0
20131025,10.05,10.257,10.05,10.173,3103,0
20131028,10.136,10.136,10.041,10.041,27085,0
20131029,10.089,10.153,10.023,10.153,11991,0
20131030,10.136,10.19,10.136,10.181,3103,0
20131031,10.108,10.249,10.108,10.249,29701,0
20131101,10.181,10.312,10.181,10.312,1606,0
20131104,10.229,10.312,10.089,10.257,29011,0
20131105,10.173,10.181,10.089,10.181,5889,0
20131106,10.229,10.229,10.229,10.229,2354,0
20131107,10.312,10.312,10.312,10.312,320,0
20131108,10.276,10.276,10.163,10.163,536,0
20131111,10.229,10.229,10.136,10.136,6589,0
20131112,10.229,10.229,10.229,10.229,22481,0
20131113,10.269,10.287,10.129,10.287,3541,0
20131114,10.119,10.165,10.119,10.165,1808,0
20131115,10.155,10.155,10.119,10.119,25627,0
20131118,10.202,10.297,10.202,10.287,11380,0
20131119,10.287,10.297,10.155,10.155,27927,0
20131120,10.165,10.202,10.165,10.202,3190,0
20131122,10.297,10.297,10.297,10.297,109,0
20131125,10.287,10.297,10.287,10.297,22971,0
20131127,10.334,10.334,10.334,10.334,3829,0
20131129,10.343,10.343,10.343,10.343,318,0
20131202,10.25,10.278,10.202,10.26,27755,0
20131203,10.269,10.269,10.25,10.25,209,0
20131204,10.202,10.297,10.202,10.241,15846,0
20131205,10.202,10.202,10.193,10.202,12228,0
20131206,10.184,10.297,10.184,10.287,11380,0
20131209,10.212,10.212,10.212,10.212,6488,0
20131210,10.25,10.343,10.25,10.343,128887,0
20131211,10.287,10.325,10.25,10.25,66253,0
20131212,10.26,10.343,10.26,10.343,3402,0
20131216,10.343,10.343,10.25,10.25,3720,0
20131217,10.241,10.343,10.202,10.343,2597,0
20131218,10.25,10.343,10.25,10.343,427,0
20131220,10.25,10.297,10.25,10.297,5793,0
20131223,10.26,10.343,10.26,10.334,1808,0
20131224,10.297,10.297,10.285,10.285,2084,0
20131226,10.26,10.297,10.26,10.26,5000,0
20131230,10.315,10.315,10.315,10.315,318,0
20131231,10.287,10.296,10.287,10.296,1594,0
20140102,10.297,10.297,10.269,10.274,2243,0
20140103,10.275,10.275,10.26,10.263,1117,0
20140106,10.26,10.334,10.26,10.26,35944,0
20140107,10.297,10.297,10.297,10.297,318,0
20140108,10.343,10.343,10.343,10.343,109,0
20140109,10.315,10.392,10.26,10.315,53809,0
20140110,10.343,10.392,10.343,10.392,2766,0
20140114,10.343,10.343,10.334,10.343,853,0
20140115,10.25,10.315,10.155,10.306,5636,0
20140116,10.297,10.325,10.25,10.325,3637,0
20140122,10.325,10.325,10.325,10.325,209,0
20140123,10.372,10.372,10.343,10.343,57425,0
20140124,10.287,10.392,10.25,10.343,99972,0
20140127,10.297,10.456,10.297,10.456,318,0
20140128,10.484,10.504,10.062,10.07,19969,0
20140129,10.062,10.202,10.062,10.165,6592,0
20140130,10.155,10.155,10.07,10.119,3190,0
20140131,10.071,10.071,10.004,10.004,34031,0
20140203,10.014,10.202,10.004,10.202,3420,0
20140204,10.08,10.08,10.08,10.08,427,0
20140205,10.145,10.145,10.145,10.145,209,0
20140206,10.119,10.119,10.119,10.119,209,0
20140207,10.109,10.109,10.109,10.109,1063,0
20140210,10.062,10.137,10.062,10.137,2183,0
20140211,10.062,10.062,10.062,10.062,531,0
20140212,10.112,10.112,10.083,10.083,1414,0
20140213,10.083,10.177,10.083,10.112,5809,0
20140214,10.103,10.103,10.073,10.083,7300,0
20140218,10.225,10.225,10.083,10.112,8034,0
20140219,10.112,10.254,10.083,10.254,5003,0
20140220,10.196,10.196,10.196,10.196,459,0
20140225,10.423,10.423,10.423,10.423,208,0
20140226,10.461,10.461,10.169,10.169,1670,0
20140227,10.122,10.243,10.054,10.243,11965,0
20140228,10.112,10.149,10.112,10.149,9511,0
20140303,10.14,10.177,10.14,10.177,530,0
20140304,10.235,10.235,10.235,10.235,183,0
20140306,10.33,10.33,10.319,10.319,1965,0
20140310,10.245,10.415,10.245,10.387,2819,0
20140311,10.396,10.396,10.396,10.396,970,0
20140312,10.319,10.396,10.319,10.396,1521,0
20140313,10.405,10.405,10.225,10.225,4359,0
20140314,10.273,10.367,10.273,10.367,5534,0
20140317,10.122,10.405,10.122,10.405,1337,0
20140318,10.319,10.356,10.281,10.356,1648,0
20140319,10.348,10.358,10.348,10.348,1583,0
20140320,10.329,10.329,10.319,10.319,1656,0
20140321,10.273,10.273,10.036,10.036,4648,0
20140324,10.093,10.196,10.093,10.095,871,0
20140326,10.225,10.254,10.225,10.254,848,0
20140331,10.338,10.652,10.329,10.556,22662,0
20140401,10.764,10.764,10.764,10.764,183,0
20140403,10.264,10.652,10.264,10.594,6766,0
20140404,10.547,10.698,10.547,10.698,216,0
20140407,10.717,10.717,10.717,10.717,1240,0
20140408,10.377,10.443,10.281,10.3,6233,0
20140409,10.338,10.338,10.3,10.3,557,0
20140410,10.3,10.3,10.3,10.3,119,0
20140411,10.319,10.367,10.319,10.367,1796,0
20140421,10.698,10.698,10.679,10.679,500,0
20140423,10.671,10.679,10.671,10.679,621,0
20140425,10.433,10.433,10.367,10.367,2536,0
20140428,10.338,10.387,10.281,10.387,2660,0
20140429,10.367,10.367,10.281,10.329,4909,0
20140430,10.291,10.319,10.291,10.318,1487,0
20140501,10.3,10.319,10.281,10.319,1865,0
20140505,10.3,10.3,10.177,10.281,848,0
20140507,10.187,10.273,10.168,10.206,10286,0
20140508,10.158,10.225,10.132,10.14,27620,0
20140509,10.045,10.045,9.951,10.045,16699,0
20140512,10.103,10.132,9.931,9.997,16278,0
20140513,9.97,10.036,9.97,10.036,860,0
20140514,10.142,10.142,9.962,9.962,628,0
20140515,10.151,10.151,10.115,10.151,655,0
20140516,10.151,10.151,10.151,10.151,1617,0
20140519,10.008,10.142,10.008,10.105,10534,0
20140520,10.048,10.125,10.048,10.096,1229,0
20140521,10.057,10.057,10.008,10.018,1049,0
20140527,10.008,10.105,10.008,10.105,32649,0
20140604,10.018,10.047,10.018,10.047,894,0
20140605,10.018,10.018,10.008,10.008,1799,0
20140606,10.105,10.105,10.057,10.057,4885,0
20140609,10.028,10.048,10.028,10.048,1540,0
20140610,10.038,10.038,10.038,10.038,107,0
20140611,10.048,10.048,10.028,10.028,7172,0
20140612,10.028,10.028,10.028,10.028,6700,0
20140616,10.028,10.028,10.028,10.028,319,0
20140617,10.096,10.105,10.038,10.038,12732,0
20140618,10.028,10.028,9.962,9.963,1286,0
20140619,10.018,10.018,9.962,9.962,5990,0
20140620,9.962,9.982,9.962,9.972,3167,0
20140623,10.008,10.008,9.982,9.982,489,0
20140624,9.972,9.972,9.972,9.972,430,0
20140625,9.972,9.972,9.962,9.962,7441,0
20140630,10.028,10.067,10.008,10.008,6705,0
20140701,10.067,10.151,10.067,10.151,14898,0
20140702,10.142,10.2,10.105,10.105,5876,0
20140707,10.2,10.239,10.105,10.239,4891,0
20140708,10.2,10.21,10.181,10.201,19209,0
20140709,10.2,10.295,10.037,10.258,11004,0
20140710,10.15,10.295,10.15,10.295,4125,0
20140711,10.247,10.295,10.237,10.295,4196,0
20140714,10.249,10.343,10.134,10.324,5316,0
20140715,10.324,10.324,10.057,10.057,33580,0
20140716,10.2,10.2,10.067,10.151,1856,0
20140717,10.057,10.105,10.008,10.012,11230,0
20140718,10.038,10.219,10.028,10.067,24074,0
20140721,10.105,10.251,10.105,10.115,1844,0
20140722,10.2,10.229,10.105,10.21,2315,0
20140723,10.171,10.343,10.048,10.324,10189,0
20140724,10.333,10.333,10.048,10.048,4525,0
20140725,10.239,10.324,10.057,10.285,4216,0
20140728,10.333,10.333,10.333,10.333,220,0
20140730,10.343,10.343,10.057,10.249,1888,0
20140801,10.343,10.343,10.058,10.277,1366,0
20140804,10.105,10.268,10.057,10.151,5223,0
20140805,10.057,10.161,10.057,10.105,10729,0
20140806,10.19,10.219,10.067,10.067,10385,0
20140807,10.134,10.295,10.057,10.151,12728,0
20140808,10.151,10.249,10.076,10.239,63654,0
20140811,10.295,10.295,10.277,10.278,1470,0
20140812,10.2,10.2,10.2,10.2,1258,0
20140813,10.192,10.273,10.192,10.273,4500,0
20140814,10.273,10.273,10.273,10.273,2028,0
20140815,10.129,10.368,10.129,10.291,1668,0
20140818,10.359,10.378,10.359,10.368,4108,0
20140821,10.273,10.33,10.273,10.33,428,0
20140822,10.32,10.435,10.32,10.368,2187,0
20140825,10.32,10.32,10.32,10.32,3125,0
20140826,10.394,10.415,10.273,10.368,5375,0
20140827,10.176,10.32,10.176,10.32,8354,0
20140828,10.273,10.464,10.273,10.417,4476,0
20140829,10.483,10.503,10.281,10.281,1493,0
20140902,10.369,10.416,10.273,10.273,7070,0
20140903,10.33,10.33,10.273,10.273,910,0
20140904,10.205,10.205,10.195,10.195,1032,0
20140905,10.195,10.368,10.195,10.359,6849,0
20140908,10.464,10.464,10.263,10.454,12387,0
20140909,10.464,10.464,10.263,10.31,4701,0
20140910,10.464,10.464,10.244,10.3,12033,0
20140911,10.339,10.347,10.244,10.32,1906,0
20140912,10.32,10.464,10.32,10.368,3818,0
20140915,10.454,10.454,10.445,10.445,372,0
20140916,10.368,10.462,10.368,10.462,3478,0
20140917,10.454,10.454,10.359,10.359,5072,0
20140918,10.273,10.273,10.273,10.273,10942,0
20140919,10.273,10.464,10.273,10.273,9995,0
20140923,10.32,10.417,10.281,10.3,1122,0
20140924,10.32,10.32,10.32,10.32,424,0
20140925,10.32,10.368,10.273,10.359,7008,0
20140926,10.281,10.281,10.215,10.215,840,0
20140929,10.205,10.31,10.199,10.31,2292,0
20141001,10.184,10.184,10.176,10.176,617,0
20141003,10.273,10.273,10.273,10.273,107,0
20141006,10.3,10.3,10.224,10.224,1770,0
20141007,10.253,10.253,10.224,10.224,1944,0
20141008,10.244,10.244,10.244,10.244,1316,0
20141009,10.273,10.273,10.273,10.273,204,0
20141010,10.234,10.32,10.224,10.32,1318,0
20141014,10.32,10.368,10.234,10.32,3631,0
20141015,10.359,10.359,10.359,10.359,171,0
20141016,10.205,10.205,10.176,10.176,428,0
20141017,10.359,10.359,10.176,10.176,5085,0
20141021,10.195,10.195,10.195,10.195,277,0
20141022,10.119,10.119,10.08,10.08,1042,0
20141023,10.125,10.125,10.125,10.125,681,0
20141024,10.324,10.324,10.08,10.08,1082,0
20141028,10.215,10.32,10.215,10.32,1510,0
20141031,10.234,10.297,10.176,10.297,2591,0
20141103,10.146,10.146,10.146,10.146,106,0
20141104,10.1,10.32,10.1,10.281,4676,0
20141105,10.368,10.368,10.368,10.368,106,0
20141106,10.349,10.349,10.349,10.349,106,0
20141107,10.359,10.368,10.359,10.368,1499,0
20141111,10.273,10.407,10.273,10.349,4497,0
20141112,10.489,10.489,10.392,10.489,2721,0
20141113,10.489,10.489,10.489,10.489,517,0
20141114,10.402,10.479,10.392,10.402,5482,0
20141117,10.392,10.392,10.392,10.392,517,0
20141118,10.402,10.489,10.392,10.392,5498,0
20141119,10.479,10.479,10.421,10.421,389,0
20141120,10.46,10.47,10.392,10.441,3059,0
20141121,10.489,10.876,10.47,10.702,12784,0
20141124,11.021,11.021,10.499,10.499,751,0
20141125,10.412,10.412,10.412,10.412,254,0
20141126,10.46,10.769,10.402,10.624,2902,0
20141128,10.586,10.586,10.586,10.586,105,0
20141201,10.412,10.412,10.402,10.402,827,0
20141202,10.566,10.566,10.413,10.413,1683,0
20141203,10.963,10.963,10.963,10.963,305,0
20141204,10.866,10.866,10.866,10.866,311,0
20141205,10.721,10.905,10.721,10.905,1374,0
20141208,10.741,10.759,10.682,10.682,3542,0
20141209,10.727,10.727,10.727,10.727,471,0
20141210,10.605,10.605,10.537,10.537,830,0
20141211,10.45,10.692,10.441,10.537,7438,0
20141212,10.518,10.644,10.412,10.547,2098,0
20141215,10.441,10.614,10.392,10.614,2179,0
20141216,10.392,10.586,10.392,10.509,3228,0
20141217,10.509,10.518,10.267,10.499,13046,0
20141218,10.383,10.586,10.354,10.586,2503,0
20141219,10.586,10.624,10.392,10.624,3107,0
20141222,10.624,10.624,10.624,10.624,554,0
20141224,10.402,10.46,10.402,10.412,1066,0
20141226,10.421,10.421,10.421,10.421,118,0
20141229,10.441,10.441,10.441,10.441,395,0
20141230,10.489,10.489,10.489,10.489,513,0
20141231,10.614,10.876,10.489,10.605,20213,0
20150102,10.731,10.731,10.402,10.45,3605,0
20150106,10.489,10.499,10.489,10.499,743,0
20150107,10.49,10.49,10.479,10.489,2258,0
20150108,10.586,10.586,10.489,10.489,2927,0
20150109,10.586,10.586,10.557,10.586,1987,0
20150114,10.682,10.682,10.664,10.673,1318,0
20150116,10.499,10.596,10.489,10.596,4526,0
20150120,10.731,10.731,10.614,10.614,3795,0
20150121,10.614,10.624,10.537,10.537,4893,0
20150122,10.537,10.537,10.257,10.489,26725,0
20150123,10.325,10.624,10.248,10.392,3827,0
20150126,10.576,10.576,10.325,10.364,2716,0
20150127,10.518,10.537,10.499,10.537,6552,0
20150128,10.537,10.537,10.492,10.537,3678,0
20150130,10.576,10.576,10.537,10.537,6140,0
20150202,10.489,10.682,10.489,10.682,62473,0
20150203,10.614,10.614,10.505,10.505,556,0
20150206,10.827,10.827,10.47,10.682,6484,0
20150209,10.47,10.711,10.47,10.528,2950,0
20150210,10.682,10.751,10.624,10.751,4921,0
20150211,10.769,10.769,10.706,10.706,1627,0
20150212,10.706,10.706,10.706,10.706,625,0
20150213,10.794,10.833,10.755,10.755,8066,0
20150217,10.726,10.755,10.609,10.755,2464,0
20150218,10.774,10.804,10.726,10.726,4509,0
20150219,10.755,10.804,10.677,10.794,8435,0
20150220,10.804,10.804,10.706,10.755,6506,0
20150223,10.764,10.804,10.726,10.764,7148,0
20150224,10.677,10.901,10.677,10.706,34054,0
20150225,10.726,10.794,10.726,10.726,10646,0
20150226,10.755,10.774,10.755,10.774,2773,0
20150302,10.872,10.872,10.706,10.706,2569,0
20150303,10.716,10.901,10.618,10.804,3186,0
20150304,10.638,10.638,10.482,10.541,5445,0
20150305,10.6,10.677,10.512,10.677,3082,0
20150306,10.677,10.677,10.677,10.677,412,0
20150309,10.638,10.706,10.638,10.706,2260,0
20150310,10.6,10.6,10.541,10.6,204,0
20150311,10.892,10.892,10.6,10.6,412,0
20150312,10.804,10.804,10.706,10.706,1028,0
20150313,10.833,10.872,10.716,10.716,1336,0
20150316,10.706,10.706,10.706,10.706,412,0
20150317,10.843,10.843,10.843,10.843,104,0
20150318,10.706,10.706,10.531,10.531,3494,0
20150319,10.463,10.638,10.463,10.638,720,0
20150320,10.57,10.784,10.492,10.502,11508,0
20150325,10.677,10.677,10.502,10.502,5137,0
20150326,10.561,10.561,10.482,10.512,5959,0
20150327,10.472,10.58,10.472,10.492,8220,0
20150330,10.609,10.609,10.521,10.521,5240,0
20150331,10.6,10.804,10.6,10.804,1747,0
20150402,10.561,10.561,10.561,10.561,204,0
20150406,10.541,10.755,10.512,10.706,4829,0
20150407,10.551,10.609,10.482,10.609,6727,0
20150408,10.512,10.551,10.502,10.502,2979,0
20150409,10.57,10.579,10.512,10.531,6853,0
20150410,10.561,10.561,10.521,10.521,4213,0
20150413,10.561,10.561,10.541,10.561,3698,0
20150414,10.561,10.59,10.531,10.561,5240,0
20150415,10.541,10.6,10.531,10.541,3596,0
20150416,10.59,10.59,10.463,10.505,1130,0
20150417,10.541,10.551,10.492,10.521,1850,0
20150420,10.561,10.565,10.472,10.502,5071,0
20150421,10.502,10.521,10.463,10.472,3680,0
20150422,10.472,10.472,10.317,10.366,25400,0
20150423,10.453,10.453,10.415,10.453,8733,0
20150424,10.462,10.609,10.462,10.58,4015,0
20150427,10.541,10.541,10.521,10.521,308,0
20150428,10.512,10.658,10.512,10.658,4358,0
20150429,10.512,10.628,10.453,10.628,6369,0
20150430,10.697,10.764,10.521,10.628,1028,0
20150501,10.57,10.648,10.521,10.6,5548,0
20150504,10.6,10.609,10.6,10.609,1952,0
20150505,10.609,10.609,10.541,10.541,308,0
20150506,10.648,10.648,10.541,10.551,2331,0
20150507,10.665,10.665,10.665,10.665,371,0
20150508,10.541,10.6,10.453,10.463,3494,0
20150511,10.561,10.561,10.472,10.512,1438,0
20150512,10.515,10.541,10.515,10.541,2096,0
20150514,10.614,10.614,10.595,10.595,306,0
20150515,10.761,10.761,10.761,10.761,103,0
20150518,10.722,10.752,10.595,10.595,4054,0
20150519,10.585,10.714,10.536,10.614,27145,0
20150520,10.575,10.575,10.467,10.516,24793,0
20150521,10.487,10.487,10.448,10.448,11224,0
20150522,10.487,10.526,10.487,10.526,5612,0
20150526,10.684,10.684,10.575,10.585,3317,0
20150527,10.732,10.83,10.654,10.654,26426,0
20150528,10.654,10.755,10.654,10.693,3264,0
20150529,10.683,10.683,10.614,10.683,2245,0
20150601,10.603,10.604,10.603,10.604,461,0
20150602,10.683,10.683,10.585,10.634,13060,0
20150603,10.614,10.614,10.614,10.614,306,0
20150604,10.634,10.722,10.536,10.575,21121,0
20150605,10.585,10.801,10.575,10.752,9897,0
20150608,10.712,10.84,10.556,10.664,33160,0
20150609,10.585,10.859,10.585,10.859,4386,0
20150610,10.742,10.967,10.604,10.673,4950,0
20150611,10.742,10.752,10.732,10.742,3420,0
20150612,10.712,10.722,10.634,10.664,3570,0
20150615,10.683,10.712,10.673,10.703,5204,0
20150616,10.712,10.958,10.664,10.938,8469,0
20150617,10.801,10.928,10.761,10.918,7755,0
20150618,10.869,10.869,10.781,10.869,7958,0
20150619,10.781,10.928,10.33,10.33,45404,0
20150622,10.683,10.683,10.565,10.565,11937,0
20150623,10.614,10.624,10.585,10.604,7025,0
20150624,10.634,10.722,10.624,10.634,19079,0
20150625,10.634,10.693,10.575,10.614,30814,0
20150626,10.654,10.654,10.595,10.614,7652,0
20150629,10.604,10.604,10.565,10.604,4897,0
20150630,10.585,10.595,10.487,10.565,17646,0
20150701,10.624,10.624,10.624,10.624,203,0
20150702,10.624,10.624,10.624,10.624,2857,0
20150706,10.624,10.634,10.556,10.595,2040,0
20150708,10.575,10.604,10.516,10.516,4490,0
20150709,10.536,10.614,10.536,10.614,4796,0
20150710,10.516,10.634,10.516,10.624,5000,0
20150713,10.604,10.664,10.604,10.634,3164,0
20150714,10.614,10.624,10.585,10.585,1530,0
20150715,10.624,10.654,10.614,10.654,11339,0
20150716,10.654,10.732,10.654,10.722,6632,0
20150717,10.752,10.761,10.752,10.752,4184,0
20150721,10.742,10.771,10.683,10.771,4591,0
20150722,10.752,10.752,10.752,10.752,1224,0
20150723,10.664,10.693,10.634,10.634,6531,0
20150724,10.683,10.693,10.683,10.683,1327,0
20150727,10.644,10.693,10.644,10.673,1734,0
20150728,10.703,10.879,10.683,10.781,16324,0
20150729,10.811,10.928,10.811,10.84,8264,0
20150730,10.771,10.82,10.742,10.742,5000,0
20150731,10.761,10.958,10.761,10.82,9489,0
20150803,10.879,11.13,10.879,11.065,14238,0
20150804,11.105,11.105,10.967,11.026,5000,0
20150805,11.095,11.133,11.095,11.105,816,0
20150806,11.153,11.153,10.897,10.918,1743,0
20150807,11.133,11.133,11.026,11.026,5714,0
20150811,10.987,10.987,10.987,10.987,520,0
20150812,11.103,11.251,11.103,11.162,4661,0
20150813,11.251,11.251,11.202,11.202,5472,0
20150814,11.202,11.251,11.202,11.202,4864,0
20150818,11.26,11.26,11.26,11.26,506,0
20150820,11.34,11.34,11.3,11.3,3141,0
20150821,11.3,11.438,11.3,11.32,21076,0
20150824,11.33,12.188,10.866,11.3,47141,0
20150825,11.103,11.744,10.54,11.063,15909,0
20150826,11.27,11.27,10.876,11.093,4762,0
20150827,11.843,12.297,11.35,11.35,5776,0
20150828,11.26,11.389,11.26,11.389,912,0
20150831,11.389,11.823,11.389,11.675,1014,0
20150901,11.468,11.468,11.389,11.389,406,0
20150902,11.586,11.952,11.35,11.35,1824,0
20150903,11.379,11.399,11.379,11.399,710,0
20150904,11.35,11.35,11.35,11.35,1014,0
20150908,11.478,11.804,11.112,11.33,6789,0
20150909,11.488,11.774,11.35,11.35,1418,0
20150910,11.35,11.379,11.192,11.192,644,0
20150911,11.112,11.705,11.103,11.705,20063,0
20150914,11.537,11.537,11.537,11.537,102,0
20150915,11.35,11.35,11.112,11.132,2432,0
20150916,11.103,11.202,11.103,11.162,10538,0
20150917,11.112,11.202,11.112,11.202,272,0
20150918,11.34,11.34,11.112,11.33,2938,0
20150921,11.32,11.547,11.32,11.547,406,0
20150922,11.389,11.389,11.35,11.35,1216,0
20150923,11.449,11.449,11.35,11.35,4788,0
20150924,11.35,11.35,11.251,11.35,1576,0
20150925,11.35,11.35,11.35,11.35,3040,0
20150928,11.35,11.774,11.35,11.35,5179,0
20150929,11.35,11.35,11.35,11.35,202,0
20150930,11.468,11.468,11.182,11.182,304,0
20151001,11.468,11.468,11.468,11.468,102,0
20151002,11.251,11.458,11.112,11.458,1722,0
20151005,11.27,11.27,11.27,11.27,433,0
20151006,11.27,11.389,11.27,11.389,304,0
20151007,11.35,11.35,11.35,11.35,2519,0
20151008,11.448,11.448,11.35,11.438,1418,0
20151012,11.399,11.438,11.399,11.438,1423,0
20151013,11.35,11.418,11.35,11.418,202,0
20151014,11.399,11.399,11.35,11.399,3040,0
20151015,11.448,11.448,11.399,11.448,2837,0
20151016,11.448,11.448,11.35,11.399,3546,0
20151019,11.399,11.401,11.369,11.399,1741,0
20151020,11.399,11.428,11.251,11.428,181981,0
20151021,11.35,11.36,11.35,11.35,2938,0
20151022,11.428,11.428,11.428,11.428,102,0
20151023,11.428,11.744,11.428,11.547,5877,0
20151026,11.508,11.764,11.508,11.576,1622,0
20151027,11.646,11.646,11.488,11.636,4965,0
20151028,11.448,11.498,11.35,11.35,6890,0
20151029,11.468,11.547,11.369,11.517,11855,0
20151030,11.557,11.566,11.399,11.399,4053,0
20151102,11.35,11.497,11.35,11.463,5084,0
20151103,11.35,11.547,11.35,11.498,11957,0
20151104,11.517,11.69,11.517,11.547,7929,0
20151105,11.557,11.705,11.557,11.705,202,0
20151106,11.675,11.675,11.675,11.675,102,0
20151109,11.557,11.596,11.547,11.558,3993,0
20151110,11.634,11.634,11.624,11.624,1107,0
20151111,11.673,11.773,11.673,11.773,5536,0
20151112,11.683,11.683,11.673,11.673,19326,0
20151117,11.604,11.624,11.554,11.584,15803,0
20151118,11.594,11.723,11.594,11.624,1711,0
20151119,11.763,11.763,11.664,11.673,8455,0
20151120,11.723,11.723,11.673,11.723,2818,0
20151123,11.673,11.673,11.673,11.673,2919,0
20151124,11.673,11.673,11.673,11.673,10066,0
20151125,11.664,11.673,11.664,11.673,3120,0
20151127,11.673,11.673,11.673,11.673,302,0
20151130,11.673,11.683,11.624,11.644,5335,0
20151201,11.664,11.773,11.664,11.773,12829,0
20151202,11.773,11.773,11.773,11.773,586,0
20151203,11.753,11.753,11.693,11.693,1855,0
20151204,11.713,11.723,11.673,11.723,3523,0
20151207,11.693,11.693,11.693,11.693,201,0
20151208,11.624,11.673,11.624,11.628,973,0
20151210,11.723,13.144,11.723,12.458,4026,0
20151211,12.319,12.319,11.922,12.061,10569,0
20151214,12.061,12.389,11.932,12.388,1998,0
20151215,12.27,12.28,12.27,12.28,1007,0
20151216,12.309,12.309,12.051,12.051,1510,0
20151217,12.031,12.041,11.922,11.922,6945,0
20151218,11.842,11.922,11.832,11.922,2315,0
20151221,12.13,12.13,12.13,12.13,201,0
20151222,12.13,12.13,12.121,12.13,1674,0
20151223,12.16,12.25,12.16,12.25,1007,0
20151224,12.25,12.366,12.25,12.366,1398,0
20151228,12.27,12.339,12.2,12.2,853,0
20151229,12.302,12.309,12.071,12.071,3571,0
20151230,12.078,12.078,12.078,12.078,282,0
20151231,12.26,12.329,12.26,12.28,939,0
20160104,12.22,12.22,11.922,11.922,3149,0
20160105,12.22,12.22,12.22,12.22,1007,0
20160106,11.922,11.922,11.723,11.723,7090,0
20160107,11.723,12.22,11.723,11.961,3336,0
20160108,11.971,11.971,11.912,11.912,805,0
20160112,11.763,11.802,11.733,11.802,956,0
20160113,11.862,11.862,11.664,11.69,4470,0
20160114,11.823,11.832,11.773,11.773,1510,0
20160115,11.664,11.694,11.664,11.673,3470,0
20160120,11.673,11.723,11.624,11.673,6291,0
20160121,11.769,11.823,11.677,11.677,1509,0
20160122,11.852,11.852,11.852,11.852,101,0
20160126,11.872,12.061,11.834,11.834,2749,0
20160127,11.855,11.922,11.855,11.922,1158,0
20160128,11.849,11.849,11.849,11.849,201,0
20160129,12.006,12.071,11.674,11.856,3322,0
20160201,11.872,11.872,11.624,11.803,7801,0
20160203,11.774,11.774,11.773,11.773,2848,0
20160204,11.872,11.872,11.693,11.693,2636,0
20160205,11.693,11.693,11.644,11.644,1389,0
20160208,11.823,11.823,11.823,11.823,201,0
20160210,11.8,11.8,11.664,11.664,1926,0
20160211,11.64,11.642,11.53,11.5301,2210,0
20160212,11.585,11.585,11.27,11.27,3001,0
20160216,11.31,11.3325,11.17,11.17,1926,0
20160217,11.25,11.5,11.25,11.5,703,0
20160218,11.58,11.58,11.15,11.15,3250,0
20160219,11.31,11.31,11.26,11.26,2141,0
20160222,11.26,11.39,11.17,11.17,1100,0
20160223,11.15,11.15,11.15,11.15,3579,0
20160225,11.1801,11.425,11.18,11.425,1100,0
20160226,11.3131,11.3131,11.3131,11.3131,1000,0
20160302,11.45,11.45,11.31,11.31,1800,0
20160303,11.59,11.86,11.59,11.86,2315,0
20160304,11.86,12.4,11.86,12.4,3529,0
20160307,12.405,12.405,12.405,12.405,249,0
20160310,12.42,12.42,12,12,1412,0
20160311,12.149,12.3,12.13,12.25,7800,0
20160314,12,12,12,12,374,0
20160317,12.15,12.219,12.15,12.15,567,0
20160323,12.1666,12.1666,12.1666,12.1666,259,0
20160324,12.4,12.4,12.15,12.15,4047,0
20160328,12.16,12.2375,12.16,12.2375,250,0
20160329,12.38,12.38,12.21,12.21,317,0
20160331,12.15,12.15,12.15,12.15,343,0
20160401,12.15,12.4,12.15,12.22,1086,0
20160405,12.1,12.1,12.1,12.1,521,0
20160407,12.1,12.1813,12.1,12.1813,200,0
20160408,12.1,12.1,12.1,12.1,200,0
20160411,12.2399,12.25,11.99,11.99,14601,0
20160412,12.0199,12.39,12.0199,12.31,4923,0
20160413,12.4,12.4,12.39,12.3995,600,0
20160414,12.307,12.307,12.307,12.307,500,0
20160415,12.2641,12.3373,12.18,12.18,742,0
