Date,Open,High,Low,Close,Volume,OpenInt
20051108,420,420,420,420,0,0
20051109,425.4,492,420,471,21752,0
20051110,468.6,495,456,474,2445,0
20051111,480,480,450,450,3922,0
20051114,438,468,438,468,1683,0
20051115,462,462,444,450,2803,0
20051116,444,450,441,450,1035,0
20051117,450,453,441,447.6,733,0
20051118,450,450,435,435,1281,0
20051121,435,448.8,420,438,931,0
20051122,441,444,432,439.2,340,0
20051123,445.2,462,438,459,8909,0
20051125,456,461.4,456,461.4,374,0
20051128,465,465,456,456,850,0
20051129,465,474,452.4,463.8,371,0
20051130,474,477,456,459,427,0
20051201,457.8,473.4,456,459,188,0
20051202,459,462,459,462,122,0
20051205,462,471,462,468,283,0
20051206,471,477,465,471,457,0
20051207,454.8,480,454.8,477,562,0
20051208,491.4,492,471,483,322,0
20051209,486,511.2,486,493.8,1531,0
20051212,515.4,515.4,486,487.8,523,0
20051213,487.2,492,487.2,492,375,0
20051214,487.2,504,487.2,493.8,691,0
20051215,486,498.6,486,492.6,229,0
20051216,495,515.4,495,507.6,290,0
20051219,516,558.6,513,548.4,1991,0
20051220,546,546,511.2,513.6,770,0
20051221,525,546,507,515.4,794,0
20051222,506.4,514.2,495.6,500.4,176,0
20051223,486,490.8,480.6,490.8,105,0
20051227,492,492,475.8,481.8,315,0
20051228,480,489,456,479.4,1470,0
20051229,480,480.6,480,480.6,18,0
20051230,483,495,483,490.8,147,0
20060103,489.6,511.2,489.6,502.8,1942,0
20060104,509.4,525,501,515.4,473,0
20060105,522,540,514.2,516.6,197,0
20060106,528,574.8,525.6,546,2720,0
20060109,549,597,549,577.2,802,0
20060110,589.2,651,562.8,619.2,778,0
20060111,630,675,615,642,1862,0
20060112,637.2,642,607.2,607.2,615,0
20060113,622.2,630,592.2,610.2,192,0
20060117,606,607.2,600.6,600.6,45,0
20060118,588,630,588,622.2,2175,0
20060119,634.2,660,615,621,1544,0
20060120,621,633,607.2,627,437,0
20060123,635.4,657,624,625.8,317,0
20060124,639,639,612,618,135,0
20060125,614.4,621,610.8,615,1012,0
20060126,629.4,636,622.8,630,1665,0
20060127,634.8,642,630,636.6,506,0
20060130,660,761.4,660,748.8,3916,0
20060131,780,780,735,774.6,3207,0
20060201,784.2,868.8,774.6,825,8855,0
20060202,831,832.2,771.6,777,1408,0
20060203,780,780,726,754.8,385,0
20060206,758.4,765.6,712.8,747,478,0
20060207,747,756,720,732.6,330,0
20060208,726,732,720,724.2,206,0
20060209,735,740.4,726,729,211,0
20060210,721.8,732,717,719.4,258,0
20060213,720,723,700.8,720.6,2138,0
20060214,729,778.2,723,778.2,1126,0
20060215,780,780,762,774,1025,0
20060216,780,780,770.4,774.6,394,0
20060217,780,780,765,766.8,242,0
20060221,772.8,805.8,772.8,792,385,0
20060222,801,813.6,696,752.4,2949,0
20060223,756,870,756,815.4,1194,0
20060224,801,834,801,819,2197,0
20060227,827.4,839.4,826.2,829.8,681,0
20060228,837,837,784.2,786,349,0
20060301,787.8,793.8,762,768,1320,0
20060302,769.2,769.2,742.2,765,222,0
20060303,762,765,762,765,142,0
20060306,789,789,740.4,740.4,422,0
20060307,741,744,677.4,682.8,1926,0
20060308,690,696,641.4,663,1309,0
20060309,654,679.8,654,663,1363,0
20060310,666.6,676.8,660,676.8,1443,0
20060313,678,699,669.6,683.4,875,0
20060314,686.4,686.4,670.2,681,346,0
20060315,684,684,666.6,666.6,186,0
20060316,667.2,667.2,658.2,658.8,256,0
20060317,657,660.6,648,650.4,144,0
20060320,705,711,670.2,682.2,473,0
20060321,675.6,711,643.2,663,377,0
20060322,673.8,675,660,666,183,0
20060323,652.8,663,630,630,644,0
20060324,632.4,660,632.4,658.8,1271,0
20060327,660,663.6,651,663.6,3443,0
20060328,667.2,742.2,667.2,724.2,1182,0
20060329,738,753,726,734.4,291,0
20060330,742.8,742.8,719.4,719.4,109,0
20060331,715.8,720,713.4,713.4,18,0
20060403,711.6,732,702,708,122,0
20060404,702,702,673.8,676.8,326,0
20060405,672.6,690,670.8,672.6,143,0
20060406,678.6,678.6,660,663,185,0
20060407,660.6,675,660.6,665.4,172,0
20060410,660.6,665.4,615,660,2861,0
20060411,663,666,634.2,635.4,853,0
20060412,634.2,639.6,591,597,1198,0
20060413,606,667.8,606,617.4,629,0
20060417,629.4,631.2,615,622.8,415,0
20060418,632.4,648,606,621,4166,0
20060419,618,627,607.2,617.4,312,0
20060420,617.4,630,612,615,328,0
20060421,641.4,641.4,591,606,691,0
20060424,606,619.8,594,603.6,496,0
20060425,611.4,618,597,600,343,0
20060426,598.8,604.8,576.6,582.6,422,0
20060427,593.4,593.4,540,540,1546,0
20060428,540,549,521.4,535.8,7836,0
20060501,538.2,552,481.8,499.8,1096,0
20060502,499.2,528,483.6,485.4,1510,0
20060503,490.8,527.4,483,492,1286,0
20060504,497.4,518.4,480.6,486,793,0
20060505,493.2,554.4,481.8,511.8,3187,0
20060508,514.2,534.6,486,489,916,0
20060509,486,495.6,462.6,487.8,1973,0
20060510,485.4,492,473.4,473.4,918,0
20060511,467.4,507,467.4,485.4,3880,0
20060512,483,510,480,502.8,1239,0
20060515,505.2,540.6,480,520.8,995,0
20060516,519,524.4,480,480,904,0
20060517,484.8,508.2,480,489,856,0
20060518,495,520.8,489.6,500.4,1035,0
20060519,502.8,540,489,522,672,0
20060522,511.2,540,510,524.4,1031,0
20060523,529.8,531,504,509.4,859,0
20060524,531,531,475.2,488.4,1332,0
20060525,488.4,488.4,480,480,1145,0
20060526,497.4,497.4,480,489,535,0
20060530,486.6,509.4,486.6,499.8,1753,0
20060531,501,510.6,484.2,495,1428,0
20060601,492.6,510,484.2,497.4,1330,0
20060602,500.4,508.2,489,495.6,713,0
20060605,494.4,520.2,491.4,496.2,791,0
20060606,510,510,492,508.2,593,0
20060607,495,510,488.4,502.2,516,0
20060608,505.8,525,495.6,521.4,502,0
20060609,519.6,525,483,501,1249,0
20060612,514.2,514.2,495,501.6,273,0
20060613,495,505.2,480,486.6,5973,0
20060614,491.4,497.4,481.8,497.4,733,0
20060615,499.2,509.4,499.2,504,233,0
20060616,510,510,495.6,496.8,195,0
20060619,499.2,534,492,518.4,663,0
20060620,510,523.8,505.2,523.8,1763,0
20060621,518.4,537,502.2,528,456,0
20060622,522.6,540,522.6,538.2,807,0
20060623,540,540,529.2,534.6,856,0
20060626,526.8,536.4,516,522.6,970,0
20060627,524.4,532.2,504.6,529.2,3985,0
20060628,528,540,522,538.8,2089,0
20060629,540,588,537,552,2134,0
20060630,555.6,558,510.6,527.4,38447,0
20060703,533.4,562.8,533.4,549.6,1014,0
20060705,546.6,558,498,511.2,2017,0
20060706,513,555.6,486.6,492.6,1520,0
20060707,493.2,546,483,489.6,1194,0
20060710,491.4,517.2,491.4,507.6,772,0
20060711,511.8,529.2,504,520.2,893,0
20060712,522,522,480,483,1105,0
20060713,483,515.4,483,486,766,0
20060714,484.2,502.2,441,454.2,767,0
20060717,458.4,508.8,427.8,463.2,829,0
20060718,465.6,465.6,423,436.2,710,0
20060719,433.8,480,433.2,466.8,771,0
20060720,465.6,470.4,452.4,463.8,793,0
20060721,460.8,460.8,435,438.6,499,0
20060724,441,458.4,435,454.8,396,0
20060725,453.6,461.4,420,430.2,1074,0
20060726,427.8,442.2,421.2,429,729,0
20060727,440.4,440.4,402.6,408,1019,0
20060728,412.2,419.4,393.6,408,1212,0
20060731,399,427.2,375.6,424.2,1232,0
20060801,421.8,425.4,402,405,526,0
20060802,397.8,420,375.6,418.8,1559,0
20060803,413.4,437.4,407.4,425.4,1151,0
20060804,427.8,430.2,406.2,420,746,0
20060807,418.2,434.4,402.6,414.6,683,0
20060808,417,420,403.2,408,658,0
20060809,411,420,375,383.4,578,0
20060810,379.2,404.4,360,396,880,0
20060811,393.6,420,383.4,383.4,860,0
20060814,382.8,410.4,361.8,363,547,0
20060815,367.2,382.2,361.8,370.8,711,0
20060816,373.2,379.8,366,376.8,370,0
20060817,374.4,375,366,373.2,575,0
20060818,375.6,378,370.8,377.4,545,0
20060821,374.4,375,366,369.6,206,0
20060822,367.8,372.6,361.2,366.6,206,0
20060823,369,385.8,366,381,773,0
20060824,380.4,384.6,366.6,382.2,2140,0
20060825,379.8,409.8,374.4,404.4,685,0
20060828,406.2,450,405,433.8,720,0
20060829,435,444,411,442.2,714,0
20060830,444,462.6,423.6,450.6,1298,0
20060831,453,470.4,445.2,453,1099,0
20060901,454.8,456,438,440.4,295,0
20060905,442.8,442.8,420,435,1192,0
20060906,430.8,437.4,422.4,432,801,0
20060907,429,432,399,400.8,410,0
20060908,400.2,408,384.6,387,152,0
20060911,385.2,385.2,365.4,366,261,0
20060912,364.2,368.4,357.6,360,1381,0
20060913,363,371.4,360,370.2,528,0
20060914,367.8,370.2,353.4,360.6,1363,0
20060915,362.4,375,348,375,3032,0
20060918,373.2,375.6,360,366,381,0
20060919,367.8,381,360,369,2244,0
20060920,371.4,378,366,369,1002,0
20060921,371.4,372,347.4,354.6,635,0
20060922,352.8,357,344.4,348,664,0
20060925,349.8,358.8,330,351,2247,0
20060926,352.8,378,352.8,373.8,357,0
20060927,371.4,373.2,359.4,373.2,368,0
20060928,375.6,384,364.2,366.6,705,0
20060929,363.6,384,359.4,373.8,927,0
20061002,371.4,378,359.4,368.4,727,0
20061003,366,378,342,378,4984,0
20061004,378.6,421.2,372,419.4,694,0
20061005,414,414,395.4,410.4,773,0
20061006,407.4,408,388.2,393,919,0
20061009,390.6,397.2,385.2,391.2,835,0
20061010,391.8,432,390,408,4380,0
20061011,408,450,408,421.8,3736,0
20061012,425.4,440.4,417.6,432,1464,0
20061013,432,435,426,431.4,469,0
20061016,432,433.8,415.8,418.8,1740,0
20061017,414.6,432.6,411,426,1159,0
20061018,429.6,451.8,423,450,1814,0
20061019,454.8,492,453,474,5877,0
20061020,478.2,480,457.8,462,1369,0
20061023,459.6,474.6,448.8,451.2,1142,0
20061024,459,463.2,450,457.2,2127,0
20061025,463.8,468,451.8,468,523,0
20061026,468,476.4,465.6,472.2,1208,0
20061027,469.2,471,450,460.8,1563,0
20061030,458.4,471,456,469.2,1968,0
20061031,470.4,471,450,460.8,1444,0
20061101,460.8,462,429,432.6,4159,0
20061102,429.6,441,423,432,981,0
20061103,432.6,438,414.6,423,1877,0
20061106,484.2,521.4,480.6,498,10811,0
20061107,511.8,522,494.4,501,6241,0
20061108,496.8,496.8,475.8,481.8,1859,0
20061109,484.2,493.2,474,478.2,1290,0
20061110,475.8,490.8,473.4,486,727,0
20061113,484.8,494.4,471.6,480,2095,0
20061114,480,495.6,477,495,6783,0
20061115,498,539.4,492,539.4,3591,0
20061116,539.4,561.6,524.4,554.4,3477,0
20061117,554.4,594.6,544.8,564,2717,0
20061120,564.6,588,562.2,585,962,0
20061121,586.8,592.2,544.8,561,1628,0
20061122,563.4,565.2,543.6,556.8,668,0
20061124,552,556.8,546.6,552,135,0
20061127,540.6,547.2,510.6,513,1369,0
20061128,512.4,512.4,492,500.4,846,0
20061129,506.4,536.4,501,535.8,645,0
20061130,534,559.8,525.6,543.6,1247,0
20061201,545.4,555,505.2,525,811,0
20061204,520.2,540,520.2,540,658,0
20061205,544.2,551.4,534,540,902,0
20061206,540.6,540.6,533.4,533.4,417,0
20061207,534,540,507,534,1877,0
20061208,534.6,535.8,513,525,578,0
20061211,527.4,529.2,511.8,526.2,493,0
20061212,526.2,527.4,512.4,522,937,0
20061213,527.4,527.4,490.2,494.4,558,0
20061214,496.2,509.4,494.4,494.4,973,0
20061215,498,508.2,487.2,497.4,1356,0
20061218,500.4,508.8,490.2,498.6,673,0
20061219,495.6,501.6,480,492.6,1601,0
20061220,492,503.4,489,495.6,923,0
20061221,499.2,504.6,492.6,493.8,409,0
20061222,495,501.6,483,496.8,184,0
20061226,493.2,534,492,531.6,1220,0
20061227,531.6,555,527.4,555,711,0
20061228,554.4,555,541.2,548.4,349,0
20061229,545.4,548.4,507.6,519.6,1024,0
20070103,531.6,539.4,489.6,493.8,1807,0
20070104,495,499.8,477.6,492.6,2545,0
20070105,489,513,484.2,484.2,1085,0
20070108,481.8,487.2,468,487.2,1127,0
20070109,486.6,511.2,483.6,508.8,628,0
20070110,502.8,518.4,493.8,508.2,808,0
20070111,510.6,564,504.6,558.6,1682,0
20070112,556.2,570,550.8,569.4,1033,0
20070116,570,573,538.2,540,1038,0
20070117,539.4,547.2,526.8,527.4,1521,0
20070118,526.8,531,492,495.6,1897,0
20070119,493.8,504,481.8,493.2,1877,0
20070122,501,513.6,484.8,495.6,2181,0
20070123,494.4,494.4,480,484.8,1850,0
20070124,486,501,480,494.4,2311,0
20070125,493.8,493.8,478.8,483.6,2446,0
20070126,483.6,489,478.2,487.8,4336,0
20070129,480.6,495,480,492.6,2179,0
20070130,495.6,503.4,486,499.8,1253,0
20070131,499.2,509.4,487.8,501.6,6052,0
20070201,507.6,532.8,507,519.6,1811,0
20070202,524.4,530.4,506.4,513,1264,0
20070205,513,530.4,505.8,526.2,1855,0
20070206,529.2,529.8,503.4,511.2,1736,0
20070207,513,531.6,505.2,523.8,1203,0
20070208,526.8,529.2,516.6,525,1833,0
20070209,524.4,553.8,513.6,521.4,2009,0
20070212,525.6,537,520.8,535.8,1169,0
20070213,540.6,548.4,533.4,540,1068,0
20070214,539.4,539.4,513.6,517.8,3332,0
20070215,526.8,526.8,489,498,4063,0
20070216,498.6,526.2,490.2,517.2,2374,0
20070220,514.8,540,504,522,7764,0
20070221,518.4,525.6,496.2,512.4,2430,0
20070222,512.4,530.4,508.8,526.2,2650,0
20070223,523.8,526.2,507,513,1497,0
20070226,517.8,528,502.8,509.4,1268,0
20070227,505.2,509.4,483,492,2343,0
20070228,495,506.4,474,489.6,3418,0
20070301,481.2,485.4,455.4,469.2,2342,0
20070302,465,475.2,456,457.8,2596,0
20070305,454.2,459,432,434.4,1804,0
20070306,444.6,484.8,440.4,475.8,2351,0
20070307,476.4,489,459,459,1973,0
20070308,468,473.4,444.6,453.6,1926,0
20070309,461.4,484.8,439.2,457.2,1101,0
20070312,455.4,479.4,447.6,464.4,2111,0
20070313,457.8,474,437.4,442.2,3357,0
20070314,442.2,442.2,423,429,2384,0
20070315,429,435,417.6,419.4,1798,0
20070316,418.8,426,409.8,419.4,3840,0
20070319,426.6,435,417,420,2529,0
20070320,420,435.6,414,435,2987,0
20070321,433.8,436.8,418.8,432,1234,0
20070322,434.4,440.4,424.2,438.6,1296,0
20070323,438.6,453.6,432,438,842,0
20070326,437.4,445.2,421.8,435.6,6927,0
20070327,420.6,431.4,417.6,421.2,3770,0
20070328,420,423,414.6,417.6,2428,0
20070329,423,423,401.4,408,1872,0
20070330,408.6,420,406.2,419.4,3143,0
20070402,420,423,412.2,417.6,996,0
20070403,421.2,421.2,412.8,420,1357,0
20070404,418.2,420,416.4,418.8,620,0
20070405,417.6,418.8,412.8,414,1148,0
20070409,417,417,405,405.6,1855,0
20070410,406.2,423,406.2,417,2178,0
20070411,418.8,419.4,404.4,405.6,2093,0
20070412,400.8,418.2,395.4,415.2,1378,0
20070413,417,421.8,412.8,418.8,4036,0
20070416,422.4,427.8,422.4,423,1859,0
20070417,423.6,424.2,417.6,422.4,955,0
20070418,419.4,431.4,399.6,402.6,4444,0
20070419,400.2,418.2,396.6,415.2,994,0
20070420,422.4,422.4,406.8,413.4,764,0
20070423,414,416.4,404.4,416.4,585,0
20070424,416.4,417,402,402,3051,0
20070425,405.6,414,393,397.8,830,0
20070426,396.6,399,385.2,390,2517,0
20070427,390,397.8,377.4,377.4,1456,0
20070430,379.2,399.6,360,366.6,1696,0
20070501,363.6,378.6,363.6,373.8,2288,0
20070502,375,375.6,365.4,369.6,1835,0
20070503,369,390,360.6,375.6,3620,0
20070504,393,393,375,378.6,885,0
20070507,378,396,375.6,387,2377,0
20070508,385.2,394.8,381.6,390.6,1777,0
20070509,390,402,390,397.8,2642,0
20070510,396.6,402.6,378,382.8,2256,0
20070511,429.6,438,408,419.4,4415,0
20070514,422.4,425.4,393.6,399,3900,0
20070515,400.8,405,375,375.6,4240,0
20070516,411.6,411.6,381,389.4,2933,0
20070517,386.4,390.6,376.2,381,2288,0
20070518,383.4,397.2,376.2,388.8,6876,0
20070521,390,402,388.8,399,3142,0
20070522,399,407.4,392.4,405,2602,0
20070523,407.4,410.4,402,402.6,2144,0
20070524,402,404.4,381,383.4,2026,0
20070525,384,395.4,384,388.2,636,0
20070529,397.2,403.2,388.2,402,1391,0
20070530,403.8,403.8,390,396,1863,0
20070531,397.8,405,393,405,4639,0
20070601,402,403.2,389.4,394.2,1664,0
20070604,393.6,393.6,368.4,373.8,2066,0
20070605,374.4,379.8,366,369,2195,0
20070606,369,373.2,367.2,368.4,1297,0
20070607,367.2,373.2,360,360.6,1689,0
20070608,360.6,372,360.6,366.6,1184,0
20070611,367.2,382.2,367.2,368.4,1674,0
20070612,377.4,381.6,348,349.8,2246,0
20070613,351.6,365.4,332.4,358.2,4228,0
20070614,357.6,376.2,356.4,371.4,4211,0
20070615,381,381,364.2,369.6,3686,0
20070618,369.6,374.4,364.2,367.2,1712,0
20070619,364.8,367.8,360.6,363,801,0
20070620,365.4,366.6,357,363,3601,0
20070621,360,373.2,359.4,370.8,3562,0
20070622,368.4,402,363.6,370.8,58636,0
20070625,371.4,373.8,363.6,366,3017,0
20070626,367.8,367.8,359.4,365.4,2611,0
20070627,363,369,361.2,366,1783,0
20070628,361.8,370.8,354.6,366,4714,0
20070629,367.2,373.2,360,370.2,3317,0
20070702,374.4,374.4,360,364.8,1742,0
20070703,364.2,368.4,363,366.6,568,0
20070705,368.4,372,363,367.2,1910,0
20070706,369,375,369,372,1255,0
20070709,372,390,372,387,1249,0
20070710,384.6,390,372,386.4,932,0
20070711,385.2,390,372,388.2,2034,0
20070712,391.2,391.2,375.6,377.4,770,0
20070713,381,387.6,375,381.6,665,0
20070716,382.2,387.6,376.8,382.2,692,0
20070717,385.2,390,371.4,374.4,963,0
20070718,373.2,375,360,375,663,0
20070719,375.6,376.2,366,369,469,0
20070720,367.2,384,365.4,379.8,351,0
20070723,384,390,367.2,385.2,845,0
20070724,393,402.6,374.4,375,2773,0
20070725,378,383.4,371.4,376.8,1371,0
20070726,367.8,376.8,358.8,364.8,1692,0
20070727,394.2,394.2,372,376.8,3441,0
20070730,381,387,373.8,379.2,1618,0
20070731,383.4,397.2,380.4,387,7841,0
20070801,390,390.6,373.2,383.4,1736,0
20070802,391.2,396,384,396,1548,0
20070803,393.6,402,385.2,397.2,2455,0
20070806,405,405,381.6,391.2,2851,0
20070807,389.4,395.4,383.4,388.2,1636,0
20070808,390,393,380.4,392.4,5055,0
20070809,383.4,435,383.4,420,5389,0
20070810,414.6,432,400.2,427.8,5399,0
20070813,429.6,429.6,413.4,418.8,2844,0
20070814,423,442.2,413.4,431.4,1854,0
20070815,431.4,432.6,414,414,675,0
20070816,414,421.8,391.8,396.6,1405,0
20070817,417,420,411.6,415.8,1106,0
20070820,418.2,418.2,402.6,418.2,699,0
20070821,415.2,415.2,400.8,411,486,0
20070822,417,417,405,408.6,657,0
20070823,411,414,405,412.8,426,0
20070824,412.8,412.8,397.2,399.6,563,0
20070827,396,407.4,393.6,406.2,361,0
20070828,403.2,408,391.8,393,240,0
20070829,398.4,403.2,391.8,403.2,205,0
20070830,397.8,405,391.2,392.4,443,0
20070831,401.4,401.4,393,401.4,578,0
20070904,397.8,405,397.8,405,248,0
20070905,405,406.8,396,396,367,0
20070906,396.6,410.4,396.6,406.8,577,0
20070907,397.2,407.4,396,396,411,0
20070910,397.8,405,384,387.6,340,0
20070911,391.2,391.2,375.6,379.8,331,0
20070912,382.8,399,378,396,251,0
20070913,399.6,399.6,374.4,375.6,693,0
20070914,369.6,382.2,361.2,366,415,0
20070917,367.2,368.4,359.4,361.8,690,0
20070918,363.6,372.6,346.2,371.4,736,0
20070919,374.4,378,373.2,373.2,275,0
20070920,375,385.8,373.2,376.2,461,0
20070921,376.2,385.2,373.8,384,197,0
20070924,385.8,386.4,357.6,363,579,0
20070925,363,367.8,363,363.6,1045,0
20070926,362.4,387.6,362.4,386.4,491,0
20070927,385.8,402,370.8,382.2,1757,0
20070928,380.4,380.4,370.8,375,865,0
20071001,376.8,383.4,366,377.4,673,0
20071002,379.2,382.8,373.2,377.4,467,0
20071003,375.6,382.2,373.2,378,1251,0
20071004,376.2,393,375,378,1049,0
20071005,379.8,412.2,379.8,399,781,0
20071008,400.8,414.6,400.8,408,902,0
20071009,409.2,414,406.8,407.4,616,0
20071010,405.6,411,400.2,401.4,510,0
20071011,399,399,372.6,373.2,1271,0
20071012,375,384,374.4,379.2,3511,0
20071015,384,384.6,366,372.6,4682,0
20071016,379.2,379.2,357.6,362.4,2933,0
20071017,365.4,370.8,354.6,358.8,2619,0
20071018,355.8,369.6,355.2,355.2,3604,0
20071019,357,363.6,342.6,348,1446,0
20071022,345.6,360,339,354.6,779,0
20071023,354,358.8,351.6,353.4,666,0
20071024,354.6,356.4,330,346.2,4195,0
20071025,344.4,357,315,315,2208,0
20071026,329.4,334.2,314.4,317.4,6096,0
20071029,322.8,342,317.4,339,1536,0
20071030,336.6,384,325.2,359.4,1267,0
20071031,359.4,375,343.2,372.6,1870,0
20071101,373.8,377.4,357.6,367.8,1419,0
20071102,369.6,379.8,366.6,371.4,1140,0
20071105,370.8,373.8,360,360,776,0
20071106,360,366,327,351.6,1481,0
20071107,351.6,364.2,342,342,611,0
20071108,343.8,346.8,327.6,332.4,562,0
20071109,328.8,335.4,325.2,333.6,512,0
20071112,335.4,335.4,324,330,672,0
20071113,331.2,336,315.6,317.4,1135,0
20071114,319.8,324,310.8,312.6,2429,0
20071115,310.8,318,300,305.4,1125,0
20071116,308.4,318,303.6,309,1861,0
20071119,306.6,308.4,299.4,299.4,1299,0
20071120,300.6,303,285,288,1409,0
20071121,285,285,273.6,280.8,1081,0
20071123,286.2,316.8,286.2,313.2,566,0
20071126,312,318,297,300,3331,0
20071127,300.6,327,298.8,307.8,1745,0
20071128,309,322.2,308.4,322.2,1430,0
20071129,320.4,324,310.8,321,665,0
20071130,323.4,336,319.8,319.8,1466,0
20071203,318.6,335.4,315.6,321,1349,0
20071204,321,331.2,321,326.4,1546,0
20071205,328.8,330.6,324,324,616,0
20071206,322.2,330,321,326.4,647,0
20071207,324.6,330,315.6,316.8,2715,0
20071210,318,330,318,328.8,1361,0
20071211,329.4,329.4,316.8,321,702,0
20071212,325.8,329.4,320.4,320.4,929,0
20071213,318,320.4,300,301.8,1548,0
20071214,299.4,303,296.4,296.4,1563,0
20071217,294.6,300,270,275.4,2428,0
20071218,270,282,264,270,3110,0
20071219,275.4,283.8,273.6,282.6,1887,0
20071220,283.8,283.8,272.4,276,2550,0
20071221,276,280.8,273.6,276,2267,0
20071224,276,282,265.2,280.2,4490,0
20071226,277.2,282.6,267,274.2,867,0
20071227,270,271.8,263.4,263.4,1655,0
20071228,267.6,270,264,264.6,1220,0
20071231,262.2,267.6,246.6,266.4,3842,0
20080102,267,276,262.2,266.4,990,0
20080103,300,300,261,265.2,4041,0
20080104,264,264,250.8,261,2328,0
20080107,259.8,270,257.4,261.6,867,0
20080108,259.2,286.8,259.2,275.4,1087,0
20080109,276,280.2,270,280.2,1717,0
20080110,281.4,284.4,264,284.4,2087,0
20080111,287.4,287.4,270,279.6,4547,0
20080114,279.6,281.4,272.4,273,2101,0
20080115,266.4,277.2,266.4,274.2,1210,0
20080116,276,282,262.2,276,14116,0
20080117,262.2,294,262.2,292.8,2160,0
20080118,291.6,291.6,263.4,265.8,1050,0
20080122,261.6,270,246,265.8,922,0
20080123,258.6,275.4,252,264,1323,0
20080124,261.6,278.4,258,263.4,1313,0
20080125,267.6,317.4,259.8,309,2995,0
20080128,306.6,308.4,285,291,2300,0
20080129,291.6,309,289.8,304.8,2242,0
20080130,301.2,312,288,288,713,0
20080131,291.6,330,291,319.8,1149,0
20080201,324,333,301.2,310.2,1899,0
20080204,315,321,300,307.8,1134,0
20080205,303.6,303.6,297.6,302.4,700,0
20080206,300,307.8,295.8,297,1018,0
20080207,297.6,300,285,297.6,4997,0
20080208,291.6,313.2,285,306,897,0
20080211,308.4,321,300.6,317.4,1427,0
20080212,316.8,316.8,307.2,316.8,429,0
20080213,314.4,315.6,297.6,309,532,0
20080214,308.4,318,298.8,298.8,1894,0
20080215,298.8,322.2,298.8,313.2,1692,0
20080219,319.2,319.2,312,312,724,0
20080220,312,313.8,299.4,300,2705,0
20080221,300,306,297,300,666,0
20080222,302.4,306,298.8,301.2,684,0
20080225,299.4,314.4,297,300,907,0
20080226,300.6,327,300.6,311.4,779,0
20080227,311.4,316.8,306.6,310.8,409,0
20080228,309,315,301.2,312,618,0
20080229,307.2,311.4,291.6,294.6,984,0
20080303,294,312,294,310.8,1437,0
20080304,304.8,309,300,300,690,0
20080305,300,303,300,301.8,262,0
20080306,292.8,301.8,286.8,288.6,1080,0
20080307,285,303.6,276,301.2,1719,0
20080310,294.6,294.6,243,261.6,1619,0
20080311,270,283.8,240,253.2,1638,0
20080312,265.2,283.8,240,247.8,2322,0
20080313,247.2,263.4,225,255.6,2048,0
20080314,255,300,243,277.2,2249,0
20080317,275.4,276,228,253.8,1777,0
20080318,256.8,268.8,237,258,1471,0
20080319,262.2,262.8,243,252.6,2191,0
20080320,255,255,241.8,246,540,0
20080324,225,254.4,225,244.8,1488,0
20080325,243,252,234.6,249,802,0
20080326,250.2,250.2,237,240,912,0
20080327,240,240,231,232.8,752,0
20080328,234.6,240,217.8,217.8,2152,0
20080331,218.4,221.4,202.2,206.4,2225,0
20080401,209.4,210,186.6,190.8,4260,0
20080402,192.6,207,190.8,207,2475,0
20080403,201.6,208.2,200.4,204,1177,0
20080404,205.8,207,199.8,201,420,0
20080407,199.8,204,193.2,196.8,6940,0
20080408,195.6,206.4,192,198.6,1144,0
20080409,196.2,200.4,191.4,195,1419,0
20080410,193.2,199.2,187.8,190.2,1164,0
20080411,190.8,205.2,190.8,204.6,1161,0
20080414,204.6,204.6,195,203.4,492,0
20080415,205.2,219,205.2,210,3126,0
20080416,210.6,222,208.8,220.8,4410,0
20080417,220.8,225,219,220.8,2502,0
20080418,220.8,228.6,220.8,224.4,1196,0
20080421,225.6,227.4,214.2,220.8,1212,0
20080422,220.2,222,207,212.4,763,0
20080423,210.6,229.8,210.6,217.2,899,0
20080424,217.8,217.8,211.2,214.8,243,0
20080425,218.4,218.4,213.6,215.4,242,0
20080428,213.6,229.8,213,229.2,359,0
20080429,229.8,229.8,217.8,221.4,289,0
20080430,219.6,220.8,211.2,214.2,464,0
20080501,212.4,230.4,211.8,218.4,367,0
20080502,219.6,228.6,213,217.2,459,0
20080505,220.2,225,219.6,220.8,628,0
20080506,229.2,234,220.8,232.2,917,0
20080507,234,241.2,219.6,240,1935,0
20080508,237,243,207.6,209.4,1358,0
20080509,210.6,220.8,204,219,597,0
20080512,217.2,224.4,215.4,224.4,307,0
20080513,225.6,226.8,210,217.2,498,0
20080514,207,223.2,207,222.6,291,0
20080515,224.4,225,214.8,225,272,0
20080516,227.4,234.6,217.8,234.6,389,0
20080519,236.4,239.4,223.2,235.8,440,0
20080520,234,240,228,240,586,0
20080521,238.2,238.8,217.8,231.6,769,0
20080522,226.2,233.4,225,232.2,329,0
20080523,229.8,229.8,219,226.2,285,0
20080527,225,225,212.4,220.8,845,0
20080528,219,219,210,215.4,769,0
20080529,217.2,219,210.6,217.8,605,0
20080530,219.6,228.6,219,219,933,0
20080602,224.4,225,213.6,217.2,1052,0
20080603,219,223.8,212.4,214.8,385,0
20080604,213,221.4,213,220.2,285,0
20080605,223.2,232.2,218.4,231,721,0
20080606,232.2,232.2,210,225.6,1277,0
20080609,226.2,227.4,216,218.4,600,0
20080610,215.4,222.6,208.8,210.6,304,0
20080611,210,216,210,214.2,372,0
20080612,218.4,222.6,210,210,329,0
20080613,219,224.4,210,223.8,428,0
20080616,225.6,239.4,222,237.6,1226,0
20080617,240,240,217.8,223.2,336,0
20080618,220.8,220.8,214.2,216.6,271,0
20080619,212.4,229.2,210.6,225,693,0
20080620,228,237.6,214.2,223.8,1152,0
20080623,219.6,225,210,210.6,638,0
20080624,210,214.2,208.8,214.2,699,0
20080625,213,219.6,211.8,217.8,223,0
20080626,211.8,225,208.8,217.2,1860,0
20080627,214.8,218.4,211.8,217.8,534,0
20080630,220.8,220.8,208.8,213,458,0
20080701,215.4,222.6,207.6,209.4,1054,0
20080702,207.6,216,204,207,1192,0
20080703,211.2,216,204.6,215.4,406,0
20080707,211.8,212.4,205.8,210,1151,0
20080708,206.4,213.6,201.6,208.8,1123,0
20080709,210,210,205.8,209.4,753,0
20080710,213,213.6,207,210,858,0
20080711,210,210,204,204.6,822,0
20080714,208.8,208.8,202.8,204,995,0
20080715,199.8,210,199.8,205.8,1146,0
20080716,206.4,216,202.2,205.8,1055,0
20080717,209.4,220.2,208.2,210,894,0
20080718,213,222,212.4,220.8,605,0
20080721,217.8,240,217.8,239.4,1072,0
20080722,240,240,238.2,238.8,705,0
20080723,238.8,240,207,233.4,1662,0
20080724,228.6,232.8,219.6,225.6,686,0
20080725,231,231,219,228,204,0
20080728,222.6,239.4,222.6,238.8,822,0
20080729,229.2,232.2,213,222.6,1627,0
20080730,222,232.2,222,225,680,0
20080731,225.6,227.4,222,225,658,0
20080801,231.6,234.6,224.4,234.6,1599,0
20080804,239.4,248.4,234.6,244.2,1363,0
20080805,249,262.2,245.4,258,1503,0
20080806,263.4,264,242.4,254.4,1227,0
20080807,255,261,225.6,226.8,3611,0
20080808,235.8,252.6,228,240,1466,0
20080811,241.2,244.8,228.6,244.8,1858,0
20080812,246.6,250.8,215.4,219,1754,0
20080813,221.4,234,219.6,234,634,0
20080814,235.2,237,227.4,231.6,266,0
20080815,231.6,237.6,226.8,234,1104,0
20080818,235.2,239.4,226.2,228,740,0
20080819,229.2,229.2,220.2,222.6,247,0
20080820,225.6,225.6,216,217.2,278,0
20080821,218.4,220.8,210,212.4,4924,0
20080822,212.4,213,205.2,211.8,986,0
20080825,208.8,210,202.8,204.6,476,0
20080826,204,207,197.4,201,482,0
20080827,198,202.2,182.4,184.2,1059,0
20080828,183,214.8,171.6,191.4,1608,0
20080829,186.6,193.8,178.2,189.6,688,0
20080902,185.4,195,175.8,184.2,443,0
20080903,179.4,187.2,179.4,182.4,854,0
20080904,215.4,223.2,201,204,4580,0
20080905,208.2,238.2,208.2,227.4,2602,0
20080908,238.8,249.6,229.2,244.8,2710,0
20080909,244.2,252,240,241.2,787,0
20080910,240.6,252,229.8,236.4,890,0
20080911,232.8,245.4,232.2,235.2,1016,0
20080912,237.6,241.2,234,239.4,856,0
20080915,231.6,240,225,225,1107,0
20080916,225,236.4,210.6,214.8,1695,0
20080917,218.4,224.4,204.6,208.8,2163,0
20080918,205.8,223.8,198.6,217.2,1538,0
20080919,216,246,214.8,230.4,3595,0
20080922,234,238.2,216,222,790,0
20080923,228,234,213,216,1062,0
20080924,213.6,213.6,204.6,207,9707,0
20080925,207,207,195.6,200.4,2409,0
20080926,196.8,209.4,192,194.4,3374,0
20080929,195,419.4,192,195,1819,0
20080930,192,195,189,193.8,865,0
20081001,189.6,195,183,185.4,2216,0
20081002,189,193.8,181.2,184.2,1938,0
20081003,181.2,195,177,180,7818,0
20081006,43.2,60.6,33.6,42,45658,0
20081007,50.4,51,37.8,38.4,31380,0
20081008,39,39.6,36,36.6,4649,0
20081009,36.6,43.2,35.4,35.4,10505,0
20081010,36,42.6,34.2,37.2,6433,0
20081013,36,47.4,33.6,44.4,6618,0
20081014,48,51,40.8,43.2,2176,0
20081015,51,51,37.2,39,18103,0
20081016,36,44.4,36,40.8,42570,0
20081017,36.6,48,36.6,42.6,1926,0
20081020,39,46.2,37.2,45,4888,0
20081021,39,46.2,39,42,2445,0
20081022,47.4,47.4,38.4,39.6,848,0
20081023,39,42,33.6,34.8,1265,0
20081024,34.8,36,33,33,679,0
20081027,41.4,41.4,33.6,33.6,1101,0
20081028,41.4,41.4,33,33,753,0
20081029,41.4,41.4,33,36,887,0
20081030,36,36.6,35.4,36,625,0
20081031,40.8,40.8,34.8,38.4,3329,0
20081103,39.6,40.2,33,33,3114,0
20081104,34.2,36,34.2,35.4,1082,0
20081105,36,39.6,34.8,36.6,3683,0
20081106,36.6,38.4,34.2,36.6,809,0
20081107,34.2,37.8,33,34.2,6347,0
20081110,34.8,39,34.2,36,1413,0
20081111,39,39,33.6,37.2,3077,0
20081112,37.2,40.8,34.8,38.4,826,0
20081113,40.2,40.2,36,36.6,649,0
20081114,33,38.4,33,36,477,0
20081117,33,36,33,33,955,0
20081118,36,36,33,36,487,0
20081119,37.2,37.2,33,33,784,0
20081120,36,36,29.4,30.6,847,0
20081121,34.8,36,27,27.6,7474,0
20081124,27.6,30,26.4,27,13581,0
20081125,26.4,37.2,26.4,30,1880,0
20081126,34.8,36.6,27,31.2,676,0
20081128,35.4,36,31.8,34.2,61,0
20081201,36,36,31.8,33,896,0
20081202,34.8,34.8,30,32.4,697,0
20081203,30,34.8,30,31.8,618,0
20081204,30,34.8,30,32.4,527,0
20081205,36,36,30.6,36,54295,0
20081208,38.4,39.6,36,39.6,585,0
20081209,39.6,39.6,34.2,39.6,326,0
20081210,36.6,36.6,33.6,35.4,570,0
20081211,34.2,37.8,34.2,37.8,427,0
20081212,37.8,37.8,30,35.4,10866,0
20081215,36,36.6,36,36.6,216,0
20081216,37.8,39,36,37.2,163,0
20081217,34.2,39.6,34.2,39.6,1535,0
20081218,39.6,40.8,36.6,37.8,627,0
20081219,39.6,39.6,36.6,36.6,932,0
20081222,36,40.8,36,36,520,0
20081223,36,36.6,34.8,34.8,689,0
20081224,35.4,36.6,34.2,35.4,934,0
20081226,33.6,36,33.6,36,1987,0
20081229,36.6,36.6,34.8,36,602,0
20081230,36.6,37.2,33,37.2,1542,0
20081231,34.2,39,34.2,37.2,968,0
20090102,37.2,39,36,36,1176,0
20090105,36,44.4,36,43.2,767,0
20090106,44.4,46.2,39.6,45,797,0
20090107,47.4,51,46.8,46.8,346,0
20090108,49.2,49.2,45,45.6,661,0
20090109,45,47.4,43.8,46.2,350,0
20090112,48,48,42,43.2,384,0
20090113,45,51,43.2,46.2,2279,0
20090114,48,57,48,52.8,1800,0
20090115,51,51.6,43.8,43.8,459,0
20090116,43.8,46.8,43.8,45.6,171,0
20090120,45,46.8,39,39,547,0
20090121,39,43.2,38.4,39,693,0
20090122,36.6,41.4,36.6,39,168,0
20090123,40.8,40.8,39.6,40.2,453,0
20090126,16.8,42,15,38.4,1026,0
20090127,36,37.8,35.4,37.8,1197,0
20090128,40.8,42.6,40.8,41.4,218,0
20090129,59.4,59.4,40.2,41.4,595,0
20090130,38.4,47.4,38.4,42.6,291,0
20090202,38.4,40.8,38.4,40.8,1006,0
20090203,38.4,40.2,37.8,37.8,276,0
20090204,35.4,39.6,35.4,39,464,0
20090205,41.4,41.4,36.6,37.2,79,0
20090206,39,43.8,39,42,69,0
20090209,43.2,43.2,39,40.8,432,0
20090210,39,40.8,39,39,441,0
20090211,39,39,36,36,384,0
20090212,35.4,51,35.4,41.4,1026,0
20090213,45,45,36,39,583,0
20090217,39,41.4,37.2,37.2,79,0
20090218,37.2,37.2,34.2,34.8,359,0
20090219,34.2,37.8,31.8,31.8,268,0
20090220,31.2,33.6,28.8,28.8,512,0
20090223,27.6,31.2,27.6,27.6,472,0
20090224,27.6,30.6,27.6,30.6,690,0
20090225,31.8,32.4,27,27,1580,0
20090226,27.6,31.8,27,27,286,0
20090227,24.6,33.6,24.6,28.2,1317,0
20090302,27.6,27.6,24.6,24.6,496,0
20090303,24.6,34.8,24.6,30.6,490,0
20090304,30,40.8,30,39.6,867,0
20090305,42,42,33.6,38.4,899,0
20090306,42,42,33.6,38.4,235,0
20090309,40.2,43.8,40.2,41.4,816,0
20090310,45,45,39,40.8,890,0
20090311,43.2,44.4,37.8,39.6,552,0
20090312,43.8,45.6,39,40.2,271,0
20090313,44.4,44.4,38.4,42.6,426,0
20090316,43.2,43.8,39.6,43.8,206,0
20090317,43.2,43.2,40.2,41.4,156,0
20090318,43.2,43.2,37.8,38.4,377,0
20090319,37.2,38.4,36,37.2,472,0
20090320,45,45,36,36,266,0
20090323,42.6,42.6,36,39.6,441,0
20090324,39.6,39.6,36,37.2,137,0
20090325,36,40.8,34.8,40.8,543,0
20090326,42,42.6,35.4,42.6,296,0
20090327,42,42,36.6,39,139,0
20090330,36,37.8,33,37.2,388,0
20090331,37.2,37.2,35.4,37.2,281,0
20090401,39,39,33.6,37.8,394,0
20090402,36,39.6,36,36,153,0
20090403,34.8,40.2,33,40.2,717,0
20090406,35.4,39,35.4,38.4,412,0
20090407,39,41.4,34.2,39,226,0
20090408,37.2,40.8,34.8,39.6,230,0
20090409,36,42,36,42,137,0
20090413,42,42,35.4,36,444,0
20090414,38.4,38.4,34.8,34.8,313,0
20090415,31.8,37.8,29.4,37.2,1948,0
20090416,36,40.8,35.4,36,262,0
20090417,36,40.8,36,39,797,0
20090420,40.8,40.8,36,37.8,632,0
20090421,40.2,40.2,37.8,39,330,0
20090422,39,39,33,37.2,2909,0
20090423,34.2,38.4,34.2,36.6,234,0
20090424,34.8,38.4,34.8,37.2,451,0
20090427,34.8,39,34.2,36.6,312,0
20090428,38.4,39,36,38.4,157,0
20090429,39.6,39.6,36,37.8,366,0
20090430,36,39,36,39,249,0
20090501,36.6,39,36,36.6,1231,0
20090504,39,39,34.8,36.6,1007,0
20090505,39,40.8,36.6,40.2,1215,0
20090506,46.8,50.4,40.8,42,6712,0
20090507,48.6,54,43.8,48,10679,0
20090508,48,52.2,43.2,46.8,2702,0
20090511,48.6,60,48.6,58.8,3403,0
20090512,63,63,52.8,52.8,2033,0
20090513,54,60,52.8,55.8,1377,0
20090514,55.8,58.8,48,48,1501,0
20090515,51.6,60,42,44.4,13292,0
20090518,45.6,50.4,44.4,47.4,2531,0
20090519,50.4,51,45,47.4,778,0
20090520,45.6,46.2,41.4,41.4,2504,0
20090521,40.8,45,40.8,41.4,1012,0
20090522,42,46.8,41.4,45.6,1293,0
20090526,43.2,45.6,41.4,41.4,1300,0
20090527,51,51,45,46.2,4774,0
20090528,46.2,48,43.2,45.6,2854,0
20090529,45.6,51,45,47.4,1418,0
20090601,51,51,48,48,1050,0
20090602,48.6,48.6,44.4,45,798,0
20090603,48,57.6,47.4,49.8,5406,0
20090604,51,51,46.8,46.8,826,0
20090605,47.4,50.4,47.4,49.2,1257,0
20090608,51,51,48,48.6,1261,0
20090609,49.8,49.8,47.4,48,691,0
20090610,51,51,45.6,46.8,1029,0
20090611,45.6,48.6,45,48.6,1436,0
20090612,71.4,80.4,54.6,55.8,225732,0
20090615,52.8,54,48,51.6,22291,0
20090616,54,54,49.2,51.6,13047,0
20090617,50.4,50.4,47.4,48.6,9442,0
20090618,46.8,48.6,46.2,48.6,4152,0
20090619,48.6,53.4,48,51,3266,0
20090622,51,51,48,48.6,3823,0
20090623,49.8,50.4,44.4,49.8,4627,0
20090624,51,54,49.2,51,3949,0
20090625,51.6,51.6,47.4,49.2,1539,0
20090626,49.8,49.8,45,45,4264,0
20090629,48,48,46.2,48,2415,0
20090630,45.6,49.2,45.6,48,1095,0
20090701,53.4,58.2,48,48,10575,0
20090702,51,51,45,46.2,2346,0
20090706,51,51.6,48,49.8,2539,0
20090707,51,51,46.2,46.2,1146,0
20090708,46.2,48.6,42.6,42.6,1634,0
20090709,43.2,47.4,43.2,47.4,2028,0
20090710,48,48.6,42,45.6,2711,0
20090713,47.4,47.4,43.8,43.8,626,0
20090714,46.2,46.2,43.8,43.8,195,0
20090715,43.8,48,43.2,45.6,3052,0
20090716,48,48,45,45,438,0
20090717,45.6,48,44.4,44.4,425,0
20090720,45.6,46.2,44.4,45,233,0
20090721,44.4,46.2,43.2,43.2,467,0
20090722,45,47.4,43.2,45,1313,0
20090723,43.8,46.2,43.2,44.4,2093,0
20090724,44.4,54,44.4,51.6,5596,0
20090727,51,52.2,49.8,52.2,1892,0
20090728,51.6,52.2,48,48,1558,0
20090729,48,49.8,48,48,837,0
20090730,48,52.2,48,51,1533,0
20090731,53.4,53.4,48.6,52.2,825,0
20090803,52.8,60,52.8,58.2,10049,0
20090804,59.4,59.4,55.2,59.4,5237,0
20090805,59.4,67.8,56.4,67.2,14571,0
20090806,67.2,68.4,61.2,66.6,10100,0
20090807,65.4,66.6,57,60,5803,0
20090810,65.4,66,57.6,66,5187,0
20090811,66,66,60,63,4809,0
20090812,64.8,64.8,60.6,63,2293,0
20090813,65.4,70.2,64.8,68.4,15918,0
20090814,70.8,75,65.4,75,14350,0
20090817,70.8,82.2,69,78,16279,0
20090818,78.6,85.2,72.6,78.6,12313,0
20090819,73.2,79.8,72,75.6,7080,0
20090820,73.2,77.4,66.6,67.2,8168,0
20090821,69,73.2,68.4,70.8,4484,0
20090824,73.2,74.4,69,70.2,4685,0
20090825,72.6,72.6,69,70.8,2558,0
20090826,71.4,71.4,69,69.6,1689,0
20090827,69.6,74.4,69.6,73.2,2984,0
20090828,75,78,73.2,78,6062,0
20090831,78,91.8,78,88.8,26229,0
20090901,91.8,115.2,90,99.6,35876,0
20090902,106.2,106.2,90,93,10394,0
20090903,95.4,95.4,82.2,86.4,9607,0
20090904,88.8,88.8,79.2,82.8,9438,0
20090908,85.8,100.8,85.2,93.6,21119,0
20090909,95.4,100.8,90,90,14961,0
20090910,91.8,97.2,90.6,92.4,5515,0
20090911,93.6,100.2,91.8,100.2,7797,0
20090914,103.2,117,102,106.2,27330,0
20090915,113.4,115.2,105,115.2,19680,0
20090916,130.2,156,124.8,126,48951,0
20090917,128.4,130.8,108,130.2,25039,0
20090918,133.2,138,120.6,133.2,17917,0
20090921,135,136.8,124.2,125.4,14700,0
20090922,126,126,98.4,103.8,77990,0
20090924,121.2,126,106.8,108.6,47254,0
20090925,103.8,105,92.4,96,23881,0
20090928,96,100.8,93.6,96.6,8147,0
20090929,96.6,98.4,91.8,91.8,7820,0
20090930,90.6,90.6,83.4,84,11826,0
20091001,84,84,73.8,75,21078,0
20091002,72,81.6,70.2,76.2,17290,0
20091005,84,97.8,84,89.4,38111,0
20091006,91.2,92.4,81,81.6,11497,0
20091007,81.6,81.6,74.4,78,10227,0
20091008,85.8,86.4,76.8,79.8,8039,0
20091009,81,83.4,78.6,80.4,5214,0
20091012,80.4,83.4,79.2,79.8,3638,0
20091013,79.8,80.4,78.6,79.8,1676,0
20091014,79.2,82.2,78.6,80.4,5282,0
20091015,81.6,86.4,81,85.2,8240,0
20091016,83.4,85.2,82.8,82.8,4667,0
20091019,81,84.6,80.4,82.8,5237,0
20091020,82.2,83.4,78.6,79.8,5334,0
20091021,86.4,90.6,81.6,83.4,20777,0
20091022,84.6,84.6,79.8,82.8,4333,0
20091023,81,82.2,79.2,79.8,3135,0
20091026,78.6,79.8,78,78,4138,0
20091027,79.2,79.2,71.4,72.6,6202,0
20091028,72.6,72.6,64.2,65.4,5896,0
20091029,68.4,79.2,67.8,76.8,5740,0
20091030,76.2,78,70.2,70.2,4200,0
20091102,70.8,75.6,70.2,73.8,2802,0
20091103,71.4,73.8,68.4,70.8,2720,0
20091104,73.2,78,70.8,73.2,3225,0
20091105,72,73.2,71.4,72.6,2695,0
20091106,74.4,81,71.4,80.4,3987,0
20091109,82.8,97.2,78,95.4,21357,0
20091110,96,111.6,96,105,24242,0
20091111,108,108,96,99,12369,0
20091112,99.6,101.4,89.4,90,15373,0
20091113,91.2,101.4,82.8,97.8,16252,0
20091116,59.4,63,51,52.8,76116,0
20091117,51,61.2,50.4,54.6,18192,0
20091118,55.8,57,53.4,55.2,8647,0
20091119,55.8,55.8,51.6,52.8,7599,0
20091120,54,69.6,51.6,64.2,50339,0
20091123,70.8,72,65.4,67.2,16524,0
20091124,70.8,75,69,70.8,20125,0
20091125,70.8,72,64.8,64.8,8813,0
20091127,69.6,69.6,64.2,66.6,3388,0
20091130,67.2,69,66.6,68.4,6987,0
20091201,70.2,70.2,66.6,67.8,3416,0
20091202,65.4,68.4,64.2,66,3321,0
20091203,65.4,66.6,63.6,64.8,5111,0
20091204,63.6,64.8,61.8,63,5587,0
20091207,63.6,66,60,65.4,5672,0
20091208,69,69,64.2,64.2,4728,0
20091209,63,64.2,63,63.6,1925,0
20091210,63,65.4,63,63,4947,0
20091211,63,63.6,61.2,61.2,3722,0
20091214,62.4,64.2,60.6,63.6,2920,0
20091215,66,69,64.2,67.8,6896,0
20091216,66.6,67.8,64.8,65.4,2457,0
20091217,64.8,66,63,63,1680,0
20091218,65.4,65.4,62.4,63,3939,0
20091221,63,66.6,61.8,64.2,5416,0
20091222,66,66.6,53.4,54.6,73545,0
20091223,56.4,56.4,50.4,51.6,28924,0
20091224,51,52.8,51,52.2,5045,0
20091228,51.6,52.2,49.8,49.8,15710,0
20091229,49.2,50.4,48.6,50.4,4737,0
20091230,49.8,51.6,49.8,51,6726,0
20091231,50.4,51,48.6,49.8,5767,0
20100104,50.4,51,49.2,50.4,6721,0
20100105,51.6,52.8,49.8,49.8,6598,0
20100106,50.4,51.6,48.6,49.2,8055,0
20100107,49.8,50.4,48,48,8329,0
20100108,48.6,49.2,46.2,46.8,15298,0
20100111,46.8,49.2,45.6,47.4,15803,0
20100112,48,52.2,46.8,48.6,45204,0
20100113,51.6,64.2,49.8,58.2,74327,0
20100114,57,67.2,54,57,29192,0
20100115,58.2,60,57,57,11958,0
20100119,59.4,59.4,54.6,55.2,9652,0
20100120,54,57.6,51,54.6,9064,0
20100121,54.6,55.8,52.2,52.8,7316,0
20100122,54.6,58.2,52.2,56.4,11809,0
20100125,58.8,59.4,56.4,57,7061,0
20100126,55.2,68.4,55.2,64.2,53814,0
20100127,67.2,78.6,66,73.2,92002,0
20100128,74.4,75.6,64.8,68.4,27508,0
20100129,67.8,69.6,63,64.2,13167,0
20100201,66.6,84,66,81,55116,0
20100202,84.6,85.2,76.8,76.8,37805,0
20100203,76.2,82.2,75,80.4,38378,0
20100204,78,88.2,77.4,79.8,94995,0
20100205,84.6,84.6,71.4,75.6,51262,0
20100208,75,77.4,72.6,74.4,20101,0
20100209,76.8,76.8,69,70.8,24671,0
20100210,71.4,72,69,69.6,11010,0
20100211,69.6,74.4,67.2,73.8,16310,0
20100212,72.6,78.6,72,77.4,30217,0
20100216,82.8,89.4,77.4,80.4,66392,0
20100217,78.6,82.2,74.4,75.6,38765,0
20100218,77.4,81,75.6,76.2,23677,0
20100219,76.8,79.2,76.2,78,30725,0
20100222,84.6,84.6,76.2,76.8,43089,0
20100223,78,78,72.6,74.4,22323,0
20100224,74.4,79.2,70.8,76.8,35506,0
20100225,75,78.6,72.6,73.2,23322,0
20100226,75,76.2,64.8,67.2,52690,0
20100301,73.8,75.6,55.2,66.6,76645,0
20100302,93,103.2,86.4,88.8,471223,0
20100303,88.8,90,79.2,79.8,96501,0
20100304,84.6,88.2,81.6,84.6,43662,0
20100305,85.2,88.2,80.4,81,48085,0
20100308,82.8,84,74.4,75,58364,0
20100309,73.2,80.4,72,75.6,37529,0
20100310,75,76.8,72.6,74.4,27897,0
20100311,75,75.6,72.6,74.4,19347,0
20100312,75.6,76.2,73.8,75.6,19905,0
20100315,73.8,75,72,73.8,16412,0
20100316,75,77.4,73.8,75,28086,0
20100317,76.8,76.8,73.2,73.2,17624,0
20100318,74.4,75,72,73.2,19317,0
20100319,73.8,74.4,69.6,74.4,34164,0
20100322,72,74.4,70.8,74.4,23089,0
20100323,73.8,76.2,72.6,75.6,24354,0
20100324,76.2,77.4,75.6,75.6,27953,0
20100325,88.2,91.8,81.6,81.6,163375,0
20100326,80.4,81.6,72.6,75,68615,0
20100329,76.8,78,73.2,74.4,23633,0
20100330,75,75,70.8,71.4,27723,0
20100331,72,72,70.2,71.4,16906,0
20100401,72,72.6,70.8,72,15118,0
20100405,70.8,73.2,70.2,73.2,14863,0
20100406,72,73.2,70.8,72,14871,0
20100407,73.2,73.2,72,72,13232,0
20100408,72,72.6,70.8,72.6,15522,0
20100409,71.4,72.6,70.8,71.4,11430,0
20100412,72,72,70.8,71.4,9061,0
20100413,71.4,82.8,70.8,79.8,63448,0
20100414,88.8,90.6,81.6,82.8,80395,0
20100415,85.2,86.4,78,81,25246,0
20100416,82.8,84.6,79.2,81,34350,0
20100419,83.4,86.4,79.2,85.2,40908,0
20100420,84,88.8,84,85.2,24706,0
20100421,86.4,87,82.8,82.8,14415,0
20100422,82.8,84,79.2,81,11509,0
20100423,80.4,81,78,81,14496,0
20100426,82.2,84.6,79.8,80.4,15493,0
20100427,80.4,82.8,78.6,78.6,17044,0
20100428,81,81,78.6,79.2,11420,0
20100429,79.2,80.4,76.8,79.8,15505,0
20100430,79.8,79.8,75.6,79.8,15914,0
20100503,86.4,101.4,82.2,101.4,232726,0
20100504,112.2,121.2,102.6,111,206752,0
20100505,111,111,99.6,107.4,56634,0
20100506,110.4,110.4,87,90,102933,0
20100507,96,96,85.2,89.4,45405,0
20100510,97.8,102,93,95.4,35833,0
20100511,91.2,97.2,90.6,90.6,29744,0
20100512,91.2,95.4,91.2,94.2,19946,0
20100513,94.8,99,93,97.8,22220,0
20100514,98.4,108,97.8,108,61713,0
20100517,111,111.6,100.2,104.4,42306,0
20100518,104.4,104.4,97.2,97.8,20979,0
20100519,94.8,96,90.6,93.6,27116,0
20100520,90.6,92.4,86.4,88.8,31651,0
20100521,84.6,91.2,83.4,88.2,17606,0
20100524,87.6,90.6,86.4,88.8,14778,0
20100525,83.4,87,81.6,86.4,19350,0
20100526,88.2,91.8,85.8,85.8,20637,0
20100527,88.8,91.2,87,91.2,13559,0
20100528,91.2,93,89.4,91.2,13756,0
20100601,88.8,91.2,87,90.6,7983,0
20100602,91.8,91.8,90,90.6,8941,0
20100603,90.6,94.8,90.6,94.2,11850,0
20100604,90.6,93.6,90,91.8,10789,0
20100607,93,96.6,85.2,85.2,21915,0
20100608,84,85.2,75.6,78.6,34494,0
20100609,79.8,81.6,77.4,78.6,8082,0
20100610,79.8,82.2,78.6,81.6,10862,0
20100611,81.6,82.8,79.8,79.8,7026,0
20100614,82.8,85.2,81.6,82.8,14125,0
20100615,85.2,85.8,82.2,85.8,6837,0
20100616,87.6,94.8,85.8,94.2,24528,0
20100617,94.8,99,92.4,97.8,14489,0
20100618,98.4,98.4,95.4,98.4,9556,0
20100621,99.6,99.6,87,90.6,14931,0
20100622,88.8,93,87.6,88.2,12345,0
20100623,87,89.4,84.6,88.2,12102,0
20100624,88.8,96,87,94.2,17806,0
20100625,94.8,100.2,89.4,99,126947,0
20100628,97.2,98.4,91.8,95.4,11864,0
20100629,90.6,93,87.6,87.6,16085,0
20100630,86.4,88.8,84.6,87,8277,0
20100701,87,90,79.2,83.4,14078,0
20100702,84.6,85.2,81,82.8,7091,0
20100706,83.4,85.8,82.2,82.2,13828,0
20100707,82.8,85.8,81.6,84,12830,0
20100708,99.6,99.6,83.4,94.8,29579,0
20100709,94.8,96,88.8,94.8,9220,0
20100712,94.2,94.2,88.8,90,6511,0
20100713,90,93.6,90,93.6,10623,0
20100714,93.6,94.2,90,90.6,7253,0
20100715,91.2,91.2,87.6,88.2,6194,0
20100716,88.2,88.2,85.2,85.2,6363,0
20100719,85.8,88.2,84,88.2,3967,0
20100720,86.4,90,85.2,89.4,7079,0
20100721,90.6,91.2,86.4,87.6,3749,0
20100722,89.4,89.4,87,88.2,3956,0
20100723,87,90,87,90,6248,0
20100726,90,93,88.8,92.4,9504,0
20100727,92.4,93.6,91.2,93,8407,0
20100728,92.4,94.2,90,90,6440,0
20100729,91.2,93,87,91.8,8541,0
20100730,90.6,93,88.8,93,5691,0
20100802,94.2,94.8,91.2,93.6,8579,0
20100803,94.8,96,93.6,94.8,9072,0
20100804,94.8,101.4,94.8,99,17917,0
20100805,98.4,100.8,96.6,96.6,9744,0
20100806,96,96,91.2,91.2,13238,0
20100809,91.8,92.4,88.2,92.4,13250,0
20100810,90,90,88.2,88.8,12147,0
20100811,87,87.6,82.2,82.2,21489,0
20100812,81.6,83.4,81,82.8,11091,0
20100813,84,85.2,83.4,83.4,9151,0
20100816,82.8,83.4,79.8,80.4,10778,0
20100817,81.6,84,80.4,83.4,11605,0
20100818,82.8,85.2,82.8,84.6,3953,0
20100819,84.6,85.2,81,81,5649,0
20100820,81,82.2,79.2,81.6,5895,0
20100823,81.6,82.2,79.8,79.8,4899,0
20100824,77.4,79.2,76.8,78,10562,0
20100825,76.8,79.8,76.8,78.6,5949,0
20100826,78,79.8,76.8,76.8,6867,0
20100827,77.4,79.8,76.2,79.8,7693,0
20100830,79.8,81,78,78,6381,0
20100831,78.6,79.8,77.4,77.4,4294,0
20100901,78.6,79.2,77.4,78.6,10352,0
20100902,79.2,79.2,77.4,78.6,12843,0
20100903,79.2,82.8,77.4,82.8,19728,0
20100907,81.6,82.8,78.6,78.6,8274,0
20100908,78.6,81,77.4,79.8,13864,0
20100909,81,86.4,79.8,80.4,1733,0
20100910,81,82.2,78,78.6,5786,0
20100913,79.2,82.2,78.6,80.4,5808,0
20100914,82.2,82.2,79.2,80.4,7468,0
20100915,81,81,77.4,78.6,7613,0
20100916,78.6,79.8,77.4,77.4,11897,0
20100917,79.2,79.2,76.8,78.6,7839,0
20100920,78,79.2,77.4,78.6,8508,0
20100921,78,78.6,77.4,77.4,4268,0
20100922,77.4,78.6,76.2,76.8,5588,0
20100923,73.8,76.8,70.2,72.6,14423,0
20100924,73.2,77.4,73.2,76.2,8141,0
20100927,76.2,76.8,72.6,74.4,9347,0
20100928,75,76.8,73.8,76.8,4013,0
20100929,76.2,76.8,75,76.2,9109,0
20100930,76.2,78.6,75.6,78,8382,0
20101001,78,78.6,76.8,78,4128,0
20101004,78,78.6,73.2,73.8,6440,0
20101005,75,76.8,75,75.6,6599,0
20101006,75,75.6,73.8,74.4,7226,0
20101007,75,75.6,73.2,73.8,4283,0
20101008,73.8,75.6,73.8,75,3875,0
20101011,75,75.6,72.6,74.4,6124,0
20101012,74.4,75,72.6,74.4,3496,0
20101013,75,76.2,73.8,75,9478,0
20101014,75.6,76.2,73.8,74.4,4023,0
20101015,75.6,75.6,72.6,74.4,8038,0
20101018,75,79.8,73.2,77.4,26224,0
20101019,76.8,79.2,73.8,75,20010,0
20101020,76.8,76.8,73.2,76.8,4184,0
20101021,77.4,78,74.4,75.6,16391,0
20101022,76.2,80.4,75.6,79.8,12643,0
20101025,85.2,92.4,82.2,85.2,51969,0
20101026,83.4,84,81,83.4,8632,0
20101027,82.8,84,81,81,5296,0
20101028,81.6,82.2,76.8,76.8,10092,0
20101029,76.8,81,76.8,78,5391,0
20101101,79.2,79.8,75.6,77.4,4834,0
20101102,78.6,78.6,76.2,78,6459,0
20101103,79.2,79.2,77.4,78.6,3497,0
20101104,78.6,81,78.6,81,5243,0
20101105,82.2,82.2,79.8,80.4,6220,0
20101108,80.4,82.2,79.8,82.2,2745,0
20101109,82.2,82.2,78.6,79.8,7829,0
20101110,75.6,76.2,69,69,31292,0
20101111,72.6,72.6,70.2,70.2,8917,0
20101112,70.2,72,70.2,70.8,4692,0
20101115,71.4,72,66,67.2,13300,0
20101116,66.6,67.2,60.6,63.6,16771,0
20101117,65.4,66.6,62.4,66.6,7836,0
20101118,66.6,68.4,66,67.8,5994,0
20101119,67.8,68.4,66,67.8,4217,0
20101122,66.6,67.2,65.4,66.6,2428,0
20101123,65.4,65.4,63,63.6,4315,0
20101124,64.2,66.6,63.6,66.6,4386,0
20101126,65.4,70.8,64.8,70.2,5838,0
20101129,69.6,72.6,69,72,13560,0
20101130,69.6,71.4,69,70.8,8304,0
20101201,72,72,67.2,69,6051,0
20101202,68.4,73.8,67.8,73.2,21812,0
20101203,74.4,77.4,73.2,76.2,29180,0
20101206,78,79.2,75.6,78.6,18806,0
20101207,81,81,78,79.8,12421,0
20101208,79.2,81,76.2,77.4,8097,0
20101209,78.6,78.6,73.2,75.6,6697,0
20101210,77.4,81,76.2,80.4,11322,0
20101213,79.2,81.6,79.2,81,10522,0
20101214,81,82.2,79.2,80.4,4931,0
20101215,79.8,80.4,76.8,79.2,4587,0
20101216,79.8,79.8,76.2,79.2,5571,0
20101217,80.4,87.6,79.8,85.8,31508,0
20101220,90,90.6,84.6,88.8,22865,0
20101221,89.4,91.2,85.2,88.2,26332,0
20101222,90.6,93,88.8,90,34329,0
20101223,90,90.6,88.2,90,11818,0
20101227,90,91.8,89.4,91.2,11078,0
20101228,91.8,96,91.8,93.6,18857,0
20101229,96,99.6,94.8,99.6,26585,0
20101230,102,103.2,94.2,97.8,38394,0
20101231,98.4,98.4,94.8,94.8,8685,0
20110103,100.8,108,99,105,51018,0
20110104,108.6,111.6,105.6,108,38047,0
20110105,111,124.2,108.6,120.6,84245,0
20110106,122.4,122.4,115.8,120.6,52660,0
20110107,122.4,131.4,120.6,129,54962,0
20110110,134.4,144.6,133.2,137.4,91670,0
20110111,145.2,145.2,105,115.8,177416,0
20110112,118.8,121.8,114.6,121.2,54290,0
20110113,123.6,131.4,120,126,48214,0
20110114,126,132.6,124.8,129,32763,0
20110118,132.6,135.6,127.2,129.6,43339,0
20110119,127.2,130.2,120,120.6,34619,0
20110120,119.4,121.8,109.2,115.8,41192,0
20110121,116.4,122.4,115.8,120.6,15920,0
20110124,121.2,123.6,115.8,123.6,20678,0
20110125,121.8,123,117.6,121.2,14371,0
20110126,121.8,124.8,118.2,121.8,15767,0
20110127,123,123,120,122.4,9322,0
20110128,122.4,126,117,118.2,22795,0
20110131,117,119.4,111,118.2,23392,0
20110201,118.2,120.6,116.4,120.6,13517,0
20110202,120.6,126,120.6,126,23259,0
20110203,123.6,127.2,120,122.4,21923,0
20110204,125.4,125.4,121.2,124.8,13211,0
20110207,126,135,126,132.6,32629,0
20110208,133.8,163.2,133.8,159,77832,0
20110209,147.6,154.2,135,145.8,66277,0
20110210,142.2,142.8,134.4,136.8,35212,0
20110211,138,144,135,141,27059,0
20110214,141.6,151.2,141.6,147.6,21345,0
20110215,150,153.6,141,142.2,30655,0
20110216,144,145.2,135.6,138.6,25309,0
20110217,138.6,138.6,129,130.2,34220,0
20110218,130.8,132,121.2,123.6,44615,0
20110222,123,128.4,118.8,123,34803,0
20110223,123,127.2,123,123.6,27954,0
20110224,123.6,125.4,121.8,123.6,16503,0
20110225,125.4,136.2,125.4,132.6,31003,0
20110228,133.2,134.4,129,130.2,25214,0
20110301,133.2,133.8,121.8,123.6,29479,0
20110302,124.8,126,122.4,123,14883,0
20110303,124.2,125.4,123,124.8,11595,0
20110304,124.8,124.8,121.2,123,11725,0
20110307,124.2,129,123,124.2,11322,0
20110308,124.8,127.8,123.6,127.8,11900,0
20110309,124.2,131.4,123,127.2,23435,0
20110310,126.6,128.4,123.6,125.4,16691,0
20110311,126,126.6,121.8,122.4,14896,0
20110314,122.4,124.2,115.2,119.4,25927,0
20110315,115.8,116.4,111,114,27822,0
20110316,116.4,123.6,115.8,118.2,18673,0
20110317,124.2,124.2,118.8,118.8,13977,0
20110318,120,124.2,120,124.2,19772,0
20110321,124.2,124.8,123,124.8,8465,0
20110322,125.4,125.4,121.8,123.6,10500,0
20110323,125.4,125.4,123,124.8,13331,0
20110324,127.2,130.8,124.8,126.6,26289,0
20110325,133.2,137.4,131.4,137.4,73831,0
20110328,137.4,139.8,133.2,138,55940,0
20110329,144,151.2,139.8,147,109867,0
20110330,150,153.6,135.6,139.8,48162,0
20110331,138,147,138,145.8,25126,0
20110401,147.6,149.4,145.2,146.4,13659,0
20110404,147.6,154.8,142.2,143.4,22817,0
20110405,144,145.2,135.6,138.6,33166,0
20110406,139.8,141,135.6,137.4,17781,0
20110407,138,138.6,135,136.8,17426,0
20110408,138,140.4,135,140.4,14813,0
20110411,141.6,143.4,136.8,136.8,18667,0
20110412,136.2,140.4,129,136.8,27527,0
20110413,138,141,137.4,138,15884,0
20110414,138.6,143.4,138.6,142.8,19316,0
20110415,146.4,150.6,145.2,148.8,27137,0
20110418,150,161.4,146.4,157.2,55365,0
20110419,161.4,168.6,161.4,166.2,57410,0
20110420,168.6,179.4,165,171.6,73392,0
20110421,177.6,177.6,171.6,173.4,50908,0
20110425,174,176.4,165,168.6,40120,0
20110426,169.2,184.8,168.6,183,50640,0
20110427,189,192,183,191.4,60268,0
20110428,192,192.6,181.8,182.4,31339,0
20110429,184.2,185.4,177,183.6,36467,0
20110502,186.6,188.4,177,177.6,37284,0
20110503,177,177,165,168,30954,0
20110504,162.6,162.6,150,154.8,61063,0
20110505,153.6,154.8,136.2,140.4,78177,0
20110506,141,151.8,138.6,140.4,40166,0
20110509,141,147,133.8,134.4,41972,0
20110510,137.4,160.2,136.2,154.8,62591,0
20110511,154.2,154.8,145.8,147.6,30541,0
20110512,147,153,138.6,147.6,24604,0
20110513,147,152.4,144,145.2,14398,0
20110516,145.8,151.2,144,144,19667,0
20110517,144,146.4,137.4,139.2,26718,0
20110518,139.2,145.2,139.2,141,16829,0
20110519,141.6,142.2,139.2,139.8,12256,0
20110520,138.6,142.2,138,138,35630,0
20110523,138,148.8,130.8,141.6,42924,0
20110524,144,146.4,141,144,16968,0
20110525,144,152.4,143.4,151.8,26723,0
20110526,151.8,162,151.2,158.4,31185,0
20110527,160.2,162,154.8,156,16697,0
20110531,159.6,161.4,151.2,158.4,27109,0
20110601,157.2,159,153,153.6,15397,0
20110602,154.8,165,154.2,161.4,33754,0
20110603,160.2,166.2,157.8,160.8,21016,0
20110606,162,162.6,153,153.6,24078,0
20110607,154.2,157.2,150,150.6,15842,0
20110608,150.6,153,139.8,143.4,31157,0
20110609,144.6,144.6,138,140.4,25247,0
20110610,139.8,148.8,137.4,141.6,20987,0
20110613,142.8,144.6,135.6,140.4,28309,0
20110614,141.6,144,139.2,139.8,11156,0
20110615,138,141.6,131.4,133.2,19737,0
20110616,134.4,139.8,130.2,135,22418,0
20110617,135.6,137.4,130.2,130.8,17696,0
20110620,130.2,130.8,122.4,124.2,29706,0
20110621,126,131.4,125.4,129.6,12323,0
20110622,129.6,133.8,127.2,128.4,8936,0
20110623,126.6,133.2,124.2,130.8,14773,0
20110624,134.4,145.2,132,145.2,59310,0
20110627,151.2,153,142.2,147,34158,0
20110628,150,151.2,144,148.8,19622,0
20110629,150,152.4,146.4,147.6,12884,0
20110630,147.6,147.6,133.8,142.8,41866,0
20110701,143.4,143.4,138,139.8,27703,0
20110705,151.2,160.8,147.6,157.8,79643,0
20110706,150,157.8,147,156,38113,0
20110707,161.4,174,160.8,173.4,97293,0
20110708,168,172.8,159,165.6,36973,0
20110711,163.8,163.8,153,158.4,28181,0
20110712,153.6,169.8,151.2,163.8,39085,0
20110713,167.4,171,165,168.6,33096,0
20110714,172.2,172.2,157.2,159.6,37106,0
20110715,159.6,162.6,156,156.6,32188,0
20110718,156,159,150.6,151.2,16596,0
20110719,152.4,158.4,149.4,157.2,19273,0
20110720,157.8,158.4,152.4,154.2,13330,0
20110721,154.2,157.2,153,154.2,8244,0
20110722,153.6,154.2,153,153.6,6239,0
20110725,151.2,151.2,147,147,18625,0
20110726,144.6,147,142.2,142.2,12879,0
20110727,140.4,142.2,136.2,136.8,32506,0
20110728,136.2,139.2,133.8,138,12501,0
20110729,136.8,139.2,132.6,138,16245,0
20110801,142.2,145.2,136.2,136.8,19078,0
20110802,137.4,139.8,129,129.6,18624,0
20110803,130.8,131.4,109.8,129,56229,0
20110804,125.4,125.4,114,116.4,33675,0
20110805,117.6,120,95.4,96.6,68447,0
20110808,82.2,91.2,75,83.4,38200,0
20110809,87.6,97.2,84,97.2,34521,0
20110810,93.6,96,87,88.2,25222,0
20110811,88.2,96,85.8,96,27553,0
20110812,99,107.4,97.2,98.4,27883,0
20110815,99,107.4,99,106.8,20919,0
20110816,103.2,106.8,99.6,102,25064,0
20110817,103.2,108,101.4,105,17865,0
20110818,99,100.2,90.6,93,28233,0
20110819,96,96,91.2,91.2,12283,0
20110822,94.2,94.8,85.8,86.4,17954,0
20110823,89.4,90,81.6,88.8,22333,0
20110824,90,93.6,84.6,91.2,26073,0
20110825,93.6,93.6,87,87.6,8325,0
20110826,87,93,85.8,91.2,12402,0
20110829,92.4,97.2,92.4,97.2,12649,0
20110830,96,100.2,93,99.6,24624,0
20110831,100.2,102,96,96,9279,0
20110901,96,96,90.6,91.2,7260,0
20110902,88.8,90,85.8,86.4,7875,0
20110906,81.6,86.4,81,86.4,16694,0
20110907,89.4,92.4,87,89.4,12919,0
20110908,88.8,91.8,82.2,82.8,15191,0
20110909,81.6,84.6,78,79.2,25952,0
20110912,77.4,82.8,75.6,81.6,16119,0
20110913,82.2,86.4,79.8,81.6,17547,0
20110914,82.2,82.2,77.4,78,27670,0
20110915,78,81,73.2,74.4,36551,0
20110916,75,77.4,70.2,76.8,47834,0
20110919,75.6,78,74.4,75.6,14712,0
20110920,74.4,76.2,71.4,71.4,17420,0
20110921,72,74.4,69.6,69.6,11865,0
20110922,67.2,70.8,63,68.4,21343,0
20110923,66.6,69.6,66,69,14334,0
20110926,69.6,69.6,64.2,66,19038,0
20110927,67.8,67.8,60.6,62.4,30056,0
20110928,62.4,62.4,58.8,58.8,27466,0
20110929,59.4,61.2,55.2,60.6,20323,0
20110930,60,61.8,58.2,58.8,12092,0
20111003,58.8,58.8,49.8,50.4,21392,0
20111004,49.2,58.8,49.2,58.2,15721,0
20111005,60,61.2,58.2,59.4,16520,0
20111006,59.4,61.8,59.4,61.2,10234,0
20111007,61.8,63.6,60.6,61.2,13235,0
20111010,65.4,65.4,60.6,61.8,14710,0
20111011,61.2,61.8,60,61.2,11480,0
20111012,61.8,63,58.8,61.2,17641,0
20111013,61.8,62.4,60.6,61.2,7592,0
20111014,61.8,61.8,60,61.2,6895,0
20111017,61.2,61.2,57,58.2,8599,0
20111018,57,60.6,57,60,6803,0
20111019,60.6,61.2,60,60,5622,0
20111020,61.2,64.2,57.6,59.4,28488,0
20111021,60.6,61.8,59.4,60.6,8812,0
20111024,61.2,62.4,60.6,61.2,12991,0
20111025,61.2,61.8,60,60.6,14188,0
20111026,61.2,61.8,60,61.2,7089,0
20111027,61.8,63,60.6,61.8,33378,0
20111028,61.2,80.4,61.2,76.2,55493,0
20111031,76.8,92.4,72.6,88.2,62094,0
20111101,87,87,70.8,74.4,46618,0
20111102,78.6,82.8,75,77.4,22587,0
20111103,79.2,82.2,72.6,76.8,14590,0
20111104,73.2,78,72,72.6,14331,0
20111107,73.2,73.2,67.2,69.6,13763,0
20111108,69.6,72.6,69,71.4,11018,0
20111109,70.8,71.4,64.2,64.2,17150,0
20111110,66,67.2,60.6,64.2,13333,0
20111111,64.8,67.8,63,67.2,9086,0
20111114,68.4,68.4,60,61.2,16277,0
20111115,60.6,63,60.6,61.2,6224,0
20111116,60,64.2,60,60.6,9135,0
20111117,60,62.4,59.4,59.4,8893,0
20111118,61.2,61.8,57.6,61.2,29454,0
20111121,60.6,60.6,57,59.4,8974,0
20111122,58.8,61.2,57.6,58.2,4981,0
20111123,59.4,59.4,54,54,12943,0
20111125,54,60.6,54,58.2,4753,0
20111128,60,61.8,58.2,59.4,10714,0
20111129,59.4,60,55.2,55.8,7071,0
20111130,57,58.41,54,55.806,17918,0
20111201,55.2,57.6,54.6,55.8,6166,0
20111202,57,58.8,55.8,57,6497,0
20111205,58.2,71.4,58.2,69.6,38177,0
20111206,68.4,75,68.4,72,31031,0
20111207,72,72,67.8,70.2,12841,0
20111208,69.6,70.8,64.8,64.8,11108,0
20111209,65.4,69.6,64.8,69,9618,0
20111212,67.8,69.6,65.4,69,11570,0
20111213,70.2,71.4,64.8,64.8,9688,0
20111214,64.2,72,61.2,70.8,19834,0
20111215,72,72,66.6,69,8874,0
20111216,69.6,75,67.8,69.6,17349,0
20111219,70.2,76.2,69.6,70.8,22721,0
20111220,74.4,74.4,70.2,72.6,9325,0
20111221,73.8,79.2,72.6,77.4,38679,0
20111222,78.6,81.6,76.8,79.2,27894,0
20111223,80.4,81.6,79.2,79.8,13830,0
20111227,78.6,79.8,70.2,72,21193,0
20111228,71.4,76.8,71.4,72,15302,0
20111229,72.6,74.4,71.4,72,11695,0
20111230,72,73.2,68.4,72.6,14870,0
20120103,73.8,74.4,71.4,73.2,9361,0
20120104,73.2,73.2,70.2,71.4,7027,0
20120105,71.4,72,69.6,71.4,9357,0
20120106,71.4,72,69.6,69.6,6267,0
20120109,71.4,78,70.8,76.2,23354,0
20120110,77.4,78,73.2,75,12203,0
20120111,73.2,75.6,72,75,13256,0
20120112,75,75,71.4,73.8,14596,0
20120113,72,73.2,70.2,70.2,15155,0
20120117,71.4,72,66.6,67.2,20005,0
20120118,66,67.2,62.4,66,18047,0
20120119,67.2,67.8,64.8,66,10721,0
20120120,64.2,69,64.2,68.4,15705,0
20120123,68.4,69.6,67.2,69,7280,0
20120124,68.4,69.6,67.8,69,4408,0
20120125,69.6,70.2,67.2,67.8,10808,0
20120126,68.4,69,66,66.6,10522,0
20120127,67.2,67.2,64.8,66,8358,0
20120130,65.4,67.2,63,63,14176,0
20120131,64.2,64.8,61.8,64.2,8828,0
20120201,64.8,64.8,61.2,64.2,25253,0
20120202,64.2,64.8,61.8,63,12600,0
20120203,63.6,67.2,63.6,66,44001,0
20120206,66,75,66,71.4,48067,0
20120207,70.2,72.6,69,70.2,12534,0
20120208,70.8,72,66.6,70.2,16266,0
20120209,70.8,71.4,68.4,69,10450,0
20120210,68.4,69.6,66.6,67.2,12597,0
20120213,67.8,69,63.6,64.2,19080,0
20120214,64.8,65.4,62.4,63,17621,0
20120215,63,63,61.2,61.8,23321,0
20120216,63.6,64.2,61.2,62.4,16094,0
20120217,63,63,61.2,61.8,11844,0
20120221,62.4,63,61.2,61.8,8372,0
20120222,61.8,62.4,58.2,60.6,18072,0
20120223,60.6,62.4,60,62.4,6475,0
20120224,63,63.6,61.2,61.2,11799,0
20120227,60.6,61.2,60,60.6,11104,0
20120228,61.2,62.4,60.6,61.8,4204,0
20120229,61.8,62.4,60,60,10244,0
20120301,60,60.6,58.2,58.8,10630,0
20120302,59.4,60,58.8,58.8,8597,0
20120305,61.2,67.2,60.6,63,28784,0
20120306,63.6,64.2,59.4,60.6,10708,0
20120307,61.2,62.4,60,60.6,5439,0
20120308,60.6,66,60.6,64.8,18135,0
20120309,66,69.6,65.4,67.2,23614,0
20120312,67.8,67.8,61.2,61.8,23411,0
20120313,63,63,60.6,63,18098,0
20120314,62.4,63,60,60.6,14449,0
20120315,61.2,62.4,61.2,61.8,14969,0
20120316,61.8,62.4,60,60.6,19247,0
20120319,60.6,62.4,58.8,62.4,26866,0
20120320,67.2,68.4,61.8,63.6,95843,0
20120321,64.2,65.4,61.8,63,38218,0
20120322,63,66.6,61.8,63,29673,0
20120323,63.6,64.2,61.2,62.4,30888,0
20120326,63.6,64.2,61.8,63.6,88911,0
20120327,65.4,66.6,63.6,64.8,80569,0
20120328,66,75.6,65.4,75,148824,0
20120329,76.2,80.4,70.2,72.6,127804,0
20120330,73.8,74.994,69,72,51103,0
20120402,72,72,68.4,71.4,30777,0
20120403,70.8,72,69,70.8,18287,0
20120404,69.6,70.2,64.8,66.6,41162,0
20120405,69,70.2,67.2,67.8,17665,0
20120409,67.8,68.4,61.8,63.6,38746,0
20120410,63.6,63.6,61.2,61.2,30551,0
20120411,63,64.8,61.8,63.6,11472,0
20120412,63,65.4,62.4,63,11081,0
20120413,63,64.2,61.8,61.8,10206,0
20120416,63,63.6,62.4,63.6,6455,0
20120417,63.6,65.4,61.8,65.4,15945,0
20120418,65.4,68.4,63.6,63.6,24038,0
20120419,63.6,66,62.4,62.4,14576,0
20120420,64.2,64.8,62.4,63,11986,0
20120423,63,64.2,62.4,62.4,10320,0
20120424,63,63.6,61.8,63.6,7223,0
20120425,63.6,64.2,61.8,63,9535,0
20120426,63.6,65.4,63,64.8,9585,0
20120427,65.4,65.4,63,63.6,7015,0
20120430,63.6,64.8,63,63,6519,0
20120501,63,64.8,63,63,7032,0
20120502,63.6,64.8,63,64.2,11060,0
20120503,63.6,64.2,61.8,61.8,22860,0
20120504,62.4,62.4,60,60.6,19572,0
20120507,60,61.8,55.2,57,36242,0
20120508,57,58.2,54.6,55.2,14165,0
20120509,55.2,56.4,54,54,15971,0
20120510,54.6,55.2,54,54.6,8647,0
20120511,54.6,55.2,51.738,53.214,18800,0
20120514,53.4,54,49.2,50.358,20342,0
20120515,50.4,52.2,49.2,51.6,13234,0
20120516,52.8,54.6,51.12,51.414,13871,0
20120517,51,52.8,49.2,49.2,10452,0
20120518,49.8,49.8,42.6,46.194,31666,0
20120521,46.344,48.6,43.8,47.4,17051,0
20120522,47.4,50.988,46.8,48.6,14482,0
20120523,48,48,45.6,45.6,8823,0
20120524,48,50.76,46.266,48,26098,0
20120525,49.2,56.55,48.006,54.672,27954,0
20120529,56.4,59.4,54,54.09,25335,0
20120530,55.8,59.382,54.606,57.6,26284,0
20120531,59.4,59.976,57,57,16000,0
20120601,57.6,58.782,52.8,55.116,16432,0
20120604,56.4,67.8,56.4,66,77935,0
20120605,65.4,67.8,61.8,62.4,46040,0
20120606,63,66,62.4,63.9,21354,0
20120607,64.8,71.4,64.2,70.2,67845,0
20120608,70.2,78,70.2,75.6,97074,0
20120611,77.4,82.2,75.6,75.6,82564,0
20120612,76.2,78,67.8,72.6,49614,0
20120613,73.2,74.4,70.2,72.6,19417,0
20120614,75,77.4,72.6,74.4,29642,0
20120615,75,81.6,72.6,78,40915,0
20120618,81,87.6,79.2,86.4,80861,0
20120619,90.6,97.2,81,82.8,124205,0
20120620,85.2,90,84,87,47921,0
20120621,92.4,92.4,82.2,83.4,66022,0
20120622,85.8,87,81,81.6,214395,0
20120625,86.4,86.4,74.4,75.6,70084,0
20120626,80.4,80.4,68.4,69.6,59761,0
20120627,69,76.8,64.2,73.8,56047,0
20120628,73.8,75,69.6,71.4,21791,0
20120629,73.2,75,70.8,72,18426,0
20120702,73.8,73.8,69,72,30016,0
20120703,73.2,73.2,70.2,71.4,18254,0
20120705,70.2,71.4,68.4,71.4,60982,0
20120706,71.4,75,69.6,71.4,90544,0
20120709,72,73.2,67.8,72.6,84499,0
20120710,75,76.2,69.6,71.4,52944,0
20120711,72.6,72.6,69.6,70.8,31207,0
20120712,71.4,71.4,69,70.5,27372,0
20120713,70.2,70.8,67.8,69,20249,0
20120716,69,69,63.6,64.8,48660,0
20120717,63,64.194,60,63,37035,0
20120718,61.2,64.8,61.2,64.2,36943,0
20120719,65.4,66,62.4,63,15632,0
20120720,63,63.6,61.2,61.8,13895,0
20120723,60.6,61.8,58.938,61.2,18748,0
20120724,61.8,61.8,57,57,19940,0
20120725,58.2,62.4,57.6,62.4,22891,0
20120726,63,66,60.6,63,45694,0
20120727,66,66,61.2,62.4,59380,0
20120730,63,64.2,61.2,62.4,26367,0
20120731,67.8,67.8,61.2,63.6,87613,0
20120801,66,67.2,62.4,67.2,117254,0
20120802,67.8,70.8,64.8,67.8,77616,0
20120803,67.2,68.4,64.2,67.2,64414,0
20120806,66,68.4,64.2,67.2,51745,0
20120807,69.6,76.8,69,75,98260,0
20120808,78,85.8,77.4,81,127726,0
20120809,84,85.8,75,79.2,90138,0
20120810,79.8,81,75.6,79.8,40766,0
20120813,79.2,81.6,77.4,79.2,49526,0
20120814,80.4,80.4,77.4,79.2,54321,0
20120815,81.6,82.8,79.2,81,50343,0
20120816,82.2,83.4,81,81.6,55107,0
20120817,82.8,84,81,82.2,33867,0
20120820,82.2,82.8,75,75.6,60828,0
20120821,75.6,76.206,70.8,73.2,65792,0
20120822,72.6,74.4,70.2,73.2,31167,0
20120823,74.4,75.6,73.2,73.8,26119,0
20120824,74.4,76.2,73.2,75.6,20580,0
20120827,88.8,89.4,81,82.8,115557,0
20120828,82.8,84,78.6,80.4,30879,0
20120829,80.4,82.8,78,82.8,32622,0
20120830,84,88.2,82.8,85.8,82975,0
20120831,88.8,92.4,87.6,88.8,95123,0
20120904,91.2,91.2,76.8,81,103247,0
20120905,81,84,78.6,84,37198,0
20120906,85.2,87,84,85.8,36841,0
20120907,86.4,86.4,81.6,83.4,29521,0
20120910,54,64.2,45,47.4,319730,0
20120911,45.6,48.6,43.2,47.4,133866,0
20120912,46.8,54,45,52.8,83020,0
20120913,53.4,54.6,50.4,53.4,63403,0
20120914,54,54,51.474,52.2,38447,0
20120917,52.2,53.4,51,53.4,37700,0
20120918,53.1,54,52.224,53.4,19480,0
20120919,54,54,51.6,52.2,28831,0
20120920,52.8,52.8,50.28,51,25958,0
20120921,51.3,51.3,47.4,49.2,43293,0
20120924,49.2,49.308,46.8,47.25,41566,0
20120925,47.4,47.994,46.056,46.2,36200,0
20120926,46.8,47.088,44.1,44.28,34489,0
20120927,45,50.268,44.754,46.2,92240,0
20120928,46.2,47.4,44.4,44.4,30070,0
20121001,45,48,44.58,45,16351,0
20121002,45.378,47.34,45.012,45.36,13235,0
20121003,44.1,44.46,40.95,42,80171,0
20121004,42,44.328,41.628,43.2,23702,0
20121005,43.2,43.2,41.4,41.58,23918,0
20121008,42,42,40.8,41.4,16773,0
20121009,41.4,42,34.506,38.4,32314,0
20121010,36.36,36.9,30.654,35.7,121950,0
20121011,35.712,36.066,33.78,35.472,31266,0
20121012,35.4,36.6,35.4,36,12976,0
20121015,36,36,33.78,35.4,15217,0
20121016,36,36,34.338,34.98,13492,0
20121017,35.31,39,35.1,38.4,36337,0
20121018,37.74,40.752,37.5,37.8,29791,0
20121019,37.8,39.6,36.6,39,13038,0
20121022,40.02,40.02,36.012,37.2,16019,0
20121023,36,36.006,34.8,35.4,18716,0
20121024,35.4,37.014,34.8,34.8,8818,0
20121025,36.6,38.7,36.012,37.212,10990,0
20121026,37.2,37.8,35.4,35.736,7409,0
20121031,35.4,35.4,33,33.6,17235,0
20121101,33.6,34.71,33.6,33.6,6097,0
20121102,33.6,35.334,31.884,32.106,14309,0
20121105,33.9,34.194,31.89,33.6,8861,0
20121106,33.9,35.4,31.878,33.522,11011,0
20121107,34.2,34.2,31.8,31.8,12160,0
20121108,31.98,32.4,29.55,30,29187,0
20121109,30,31.08,28.5,28.8,22164,0
20121112,28.5,29.994,25.806,25.866,27333,0
20121113,25.8,29.292,25.8,27.066,19755,0
20121114,27,28.8,26.4,27.6,16769,0
20121115,26.4,28.776,26.4,27.6,7250,0
20121116,28.2,33.6,27.6,31.8,35702,0
20121119,33,35.928,31.2,33.9,26779,0
20121120,33.6,33.894,30.75,32.4,10418,0
20121121,33.6,35.4,33.012,34.8,16149,0
20121123,36,36,33.918,34.8,4983,0
20121126,34.32,35.826,33.6,35.58,11311,0
20121127,37.8,44.4,37.2,42.6,79606,0
20121128,42.6,42.66,38.46,38.724,27516,0
20121129,40.8,41.4,38.4,40.8,21056,0
20121130,40.8,41.7,39.066,39.3,14274,0
20121203,39,41.1,37.794,38.1,15603,0
20121204,39,39.6,37.2,37.8,8975,0
20121205,37.8,39.222,37.5,38.706,12548,0
20121206,39,40.8,39,40.8,10415,0
20121207,41.7,41.7,38.4,40.8,10049,0
20121210,40.8,42,39,40.26,20307,0
20121211,41.4,41.946,40.2,41.43,12706,0
20121212,42,44.01,37.2,38.43,44485,0
20121213,38.4,38.4,33.918,37.2,32831,0
20121214,36.6,37.2,34.8,36,12586,0
20121217,34.83,39,34.83,35.424,9830,0
20121218,36.06,36.606,35.448,36,10037,0
20121219,37.17,40.8,36.072,38.466,22131,0
20121220,39,40.8,38.4,39,9878,0
20121221,38.328,42.6,36.66,41.394,42249,0
20121224,40.266,41.376,39.648,40.8,4083,0
20121226,39,40.194,38.4,39.006,9676,0
20121227,39,39.6,37.95,38.712,8785,0
20121228,37.908,39,37.8,38.7,9532,0
20121231,37.8,40.758,37.8,39,18321,0
20130102,39.6,40.506,37.8,39.66,11570,0
20130103,42,46.2,40.872,45.6,73063,0
20130104,47.4,49.56,46.308,49.056,51240,0
20130107,49.5,49.5,46.224,48.36,26307,0
20130108,48.36,48.36,46.26,46.26,13845,0
20130109,46.8,47.1,45.12,45.282,14820,0
20130110,45.9,46.77,44.7,46.32,6468,0
20130111,47.4,47.406,45.786,46.806,6379,0
20130114,46.8,48,46.2,47.166,7374,0
20130115,48,48,43.8,44.406,24045,0
20130116,42,42,39.6,39.96,30857,0
20130117,40.2,41.4,38.4,40.8,19513,0
20130118,39,40.2,36,38.4,33966,0
20130122,37.2,40.8,36.6,40.2,20937,0
20130123,40.8,40.8,40.2,40.2,8323,0
20130124,40.2,40.794,39,40.74,11216,0
20130125,41.4,41.4,39.6,40.74,8409,0
20130128,39.168,41.34,39,39.588,7810,0
20130129,39.12,40.746,38.4,39.318,12293,0
20130130,39.6,43.8,39.3,43.8,21331,0
20130131,44.4,46.8,43.2,46.2,23542,0
20130201,46.8,47.28,44.4,45,20357,0
20130204,45.24,45.594,40.8,42.75,17188,0
20130205,43.2,45.294,42,44.4,11917,0
20130206,45.3,45.3,43.8,44.4,7140,0
20130207,44.4,44.7,43.2,44.7,5520,0
20130208,44.7,44.7,43.2,43.8,8317,0
20130211,44.34,44.34,42.06,43.2,8145,0
20130212,42.06,42.186,40.8,40.86,18066,0
20130213,41.4,41.4,39,39.39,14957,0
20130214,39,40.8,39,40.8,8902,0
20130215,41.4,41.4,39.6,39.96,5277,0
20130219,39.15,40.752,39.006,39.6,7918,0
20130220,40.8,41.97,39.6,39.6,9483,0
20130221,39.15,41.7,39.09,41.1,12410,0
20130222,41.4,41.694,40.194,41.04,6933,0
20130225,41.4,41.85,39.6,39.6,5619,0
20130226,40.134,40.134,38.4,39,10501,0
20130227,39,39.594,39,39.426,2472,0
20130228,39.426,40.08,39.042,39.12,3410,0
20130301,39,41.1,39,39.6,4793,0
20130304,40.2,41.4,39.186,39.6,6098,0
20130305,39.42,40.14,36.81,38.4,20514,0
20130306,37.8,40.704,37.362,39,18836,0
20130307,39.6,43.14,39.6,41.7,28515,0
20130308,43.8,45,43.2,44.4,19068,0
20130311,44.334,44.364,42,42.846,9845,0
20130312,42,43.152,40.284,42,11259,0
20130313,41.4,41.4,39.6,41.4,7312,0
20130314,40.8,41.4,39.9,40.8,5010,0
20130315,41.4,41.4,39.9,41.394,4015,0
20130318,39.126,41.4,39.126,40.5,4843,0
20130319,42,42.6,40.8,42,7365,0
20130320,40.8,42,40.356,42,4663,0
20130321,42,42,39.9,40.8,4519,0
20130322,40.8,41.4,39.786,40.8,3703,0
20130325,40.8,41.298,39.786,39.9,4146,0
20130326,40.2,41.334,39.6,39.9,5185,0
20130327,40.8,40.8,38.7,38.706,7790,0
20130328,38.7,40.02,38.7,40.02,4381,0
20130401,40.2,40.2,39,39.594,3171,0
20130402,40.2,41.4,39.726,39.774,7668,0
20130403,40.2,41.268,39,39.648,4631,0
20130404,40.2,40.662,38.52,39.48,6295,0
20130405,38.64,39,38.4,38.46,3960,0
20130408,38.4,39,36.216,36.9,13463,0
20130409,36.12,38.4,36.03,37.932,6215,0
20130410,36.75,39.3,36.75,39.3,3971,0
20130411,37.35,39.288,36.72,37.35,8730,0
20130412,38.4,38.4,36.156,36.96,6028,0
20130415,36.96,37.2,33.246,34.02,14407,0
20130416,35.88,35.928,34.02,34.8,6261,0
20130417,34.2,35.25,32.412,33.03,11008,0
20130418,33,34.14,32.208,33,7591,0
20130419,31.2,31.8,28.8,31.2,37522,0
20130422,29.4,31.8,28.8,31.8,16809,0
20130423,31.8,33.6,30.78,32.94,13337,0
20130424,33.6,36.6,33.6,35.4,15653,0
20130425,36.528,36.528,34.8,35.67,5201,0
20130426,35.64,36,33.6,33.606,11223,0
20130429,33.6,35.64,33.6,35.4,6665,0
20130430,33.9,35.4,33.9,35.106,4464,0
20130501,36,37.2,34.92,36,6702,0
20130502,36,38.4,35.4,37.2,20813,0
20130503,37.8,38.4,36,38.4,22582,0
20130506,38.88,39.534,37.8,37.938,6278,0
20130507,39,40.134,38.394,38.46,13024,0
20130508,37.8,40.2,37.8,39,16038,0
20130509,40.2,42,37.8,39,21992,0
20130510,40.8,42,40.2,40.8,19825,0
20130513,40.8,40.8,39.6,39.6,10685,0
20130514,39.6,41.88,37.92,38.34,13291,0
20130515,37.89,38.514,36.72,38.4,4876,0
20130516,39,39,37.2,37.2,4903,0
20130517,37.8,37.8,36,36,11840,0
20130520,35.994,36.372,34.8,34.92,9849,0
20130521,36,37.2,35.1,35.994,4302,0
20130522,36.6,37.2,35.01,35.82,6832,0
20130523,36,36.762,34.89,35.496,3404,0
20130524,35.4,36.6,34.8,35.406,3789,0
20130528,36,37.134,35.328,35.328,7928,0
20130529,35.1,36.168,35.1,36,7359,0
20130530,36.6,38.4,35.7,38.058,16815,0
20130531,38.7,39,37.5,37.65,14175,0
20130603,37.5,37.74,35.55,36,14126,0
20130604,37.8,37.8,35.412,36.6,7895,0
20130605,35.406,37.188,34.2,35.154,16316,0
20130606,35.4,35.994,34.2,34.944,8608,0
20130607,34.8,36,34.2,34.5,10311,0
20130610,34.8,35.874,33.66,35.874,7225,0
20130611,36,36,34.2,34.2,6006,0
20130612,34.8,35.388,33.918,34.2,4470,0
20130613,34.2,35.364,33.798,34.788,3413,0
20130614,34.416,35.4,33.93,34.698,5115,0
20130617,34.8,34.8,33.72,33.72,3465,0
20130618,33.75,34.116,33.3,33.3,6477,0
20130619,33,34.2,33,33.6,3459,0
20130620,34.2,35.706,33.396,34.494,9315,0
20130621,34.2,35.586,33,33,4012,0
20130624,33,33.534,31.2,31.8,6648,0
20130625,31.8,33,30.6,30.6,4374,0
20130626,30.012,31.2,30,30.624,5229,0
20130627,31.2,33.6,31.194,33.54,6717,0
20130628,33.6,35.4,33.6,33.846,6601,0
20130701,34.8,35.04,33.606,33.606,4023,0
20130702,33.6,35.868,33.6,34.8,10259,0
20130703,34.8,35.394,33,33.3,2039,0
20130705,33,34.176,31.842,33.942,4624,0
20130708,33.6,34.044,33,33.6,1702,0
20130709,33,33.57,31.806,31.98,7425,0
20130710,31.8,33.6,31.2,33,8968,0
20130711,33.51,33.6,30.606,31.26,14439,0
20130712,30.9,32.928,28.86,30,25076,0
20130715,29.7,32.862,29.1,29.4,45712,0
20130716,30,31.68,28.098,28.74,42882,0
20130717,30,30.3,28.842,30.3,13107,0
20130718,30,30.6,29.4,30.6,9402,0
20130719,30.6,31.8,30,31.5,12693,0
20130722,31.2,31.206,30.3,30.6,9349,0
20130723,30.6,31.674,30,30,8442,0
20130724,30,31.2,29.58,29.706,9788,0
20130725,30,31.14,29.496,29.508,11223,0
20130726,30,30.456,29.46,29.7,12342,0
20130729,30,30.6,29.532,29.82,10904,0
20130730,30,30.3,29.4,29.406,14151,0
20130731,30,30,28.95,28.95,9913,0
20130801,28.8,38.4,28.8,37.8,127075,0
20130802,42,44.4,39.6,40.8,170646,0
20130805,43.092,43.2,40.368,41.4,62890,0
20130806,42,49.2,40.2,47.4,133205,0
20130807,48.6,49.2,43.446,45.03,60787,0
20130808,45.6,45.6,40.8,43.2,57703,0
20130809,43.2,43.788,41.94,42.666,23853,0
20130812,42.798,44.106,39.528,41.394,38247,0
20130813,41.4,41.4,35.4,35.994,73250,0
20130814,36.6,38.4,33.69,35.7,48084,0
20130815,36.012,37.068,34.5,36.642,12415,0
20130816,36.6,38.97,35.7,38.4,22096,0
20130819,38.406,41.928,36.9,37.8,30735,0
20130820,37.8,39.288,36.696,37.02,12973,0
20130821,37.02,37.656,36.6,36.6,12803,0
20130822,36.6,37.734,36.6,37.5,6262,0
20130823,37.158,38.4,37.158,38.01,9860,0
20130826,37.8,40.2,37.2,38.16,19895,0
20130827,39,39.6,37.8,37.8,12993,0
20130828,39,39.444,38.016,38.406,9589,0
20130829,38.4,41.4,38.4,40.38,29079,0
20130830,40.2,43.8,40.2,42.6,44441,0
20130903,45.5,50.3,45.3,50.1,114783,0
20130904,54,55.8,45.6,46.8,139271,0
20130905,46.2,52.7,44.4,50.1,72390,0
20130906,50.4,52.2,46.8,50.4,42390,0
20130909,51.36,52.2,46.5,48.6,67619,0
20130910,48.6,49.2,45.69,48,25764,0
20130911,45.9,47.928,45.6,45.906,25400,0
20130912,46.2,46.8,42.6,44.25,40070,0
20130913,44.4,45,42.6,43.8,15369,0
20130916,43.2,46.584,42.672,44.4,29227,0
20130917,44.4,45.6,43.866,44.1,15933,0
20130918,44.4,46.02,43.818,44.4,11684,0
20130919,44.928,45.864,43.8,45.18,12934,0
20130920,45,49.2,43.8,46.8,125885,0
20130923,49.2,49.2,45,46.488,62375,0
20130924,45.6,48,45,45.6,33127,0
20130925,46.8,46.8,45.6,46.2,23163,0
20130926,46.2,48.6,44.4,45.6,46865,0
20130927,49.2,63,46.8,58.2,382247,0
20130930,62.4,72,61.8,72,277280,0
20131001,69,73.8,66,70.8,170885,0
20131002,71.4,82.8,67.2,72,290589,0
20131003,61,68,60.6,63.6,150580,0
20131004,62.2,62.5,53.1,56.4,304380,0
20131007,55.3,60,54.5,58,101200,0
20131008,56.5,57.2,50.6,51.5,118202,0
20131009,51.2,51.5,47.9,49.1,88040,0
20131010,49.5,51.4,46.8,47.9,86770,0
20131011,47.7,52.5,47,51,109850,0
20131014,50,50.8,47.5,48.4,59250,0
20131015,48.3,50,46.6,47.1,79110,0
20131016,47.5,48.8,46.7,47.3,43770,0
20131017,47.7,48.6,46.9,47.8,55230,0
20131018,48.5,50,43.4,44.5,123180,0
20131021,44.5,45,37.6,38.6,169982,0
20131022,38.3,40,37.1,37.7,65070,0
20131023,37.7,40.2,36.5,39.1,104389,0
20131024,38.7,49.8,38.5,49.2,371370,0
20131025,49.2,53.4,47.5,47.8,300236,0
20131028,47.8,48.8,43.6,43.8,114219,0
20131029,46.9,52,45.1,46,203920,0
20131030,46.3,47.1,42.8,44.2,97620,0
20131031,45.1,45.5,42.901,43.8,66087,0
20131101,46.5,50,44.5,45.3,199225,0
20131104,45,45.4,40.4,41.8,178260,0
20131105,41.5,44.8,41.3,42.9,57740,0
20131106,44.2,44.5,41.6,43.5,89870,0
20131107,43.7,44.4,41.9,41.9,65170,0
20131108,42.5,48.3,41.5,46.9,132070,0
20131111,13.5,14.5,11.5,13,1727890,0
20131112,12.3,13.2,10.9,11.2,652860,0
20131113,11.1,12.4,11,12.1,275780,0
20131114,12,12,11.5,11.6,127490,0
20131115,11.7,11.9,11.2,11.5,124480,0
20131118,11.5,11.5,11,11,129404,0
20131119,11.1,11.2,10.2,10.5,180400,0
20131120,10.2,10.5,9.6,9.8,166460,0
20131121,9.9,10,9.4,9.6,107060,0
20131122,9.5,9.72,9,9.2,104578,0
20131125,8.9,9.3,8.8,8.9,128410,0
20131126,9,11.9,8.9,11.5,670453,0
20131127,13,14.3,12.1,12.4,1198290,0
20131129,12.5,12.5,11.6,12.1,163227,0
20131202,12,12.1,11.2,11.8,100760,0
20131203,11.7,11.8,11,11.4,91251,0
20131204,11.1,12.4,11,12.1,190440,0
20131205,12.2,12.2,11.4,11.4,73000,0
20131206,11.6,11.7,11,11.3,63854,0
20131209,11.3,11.8,11.3,11.3,44267,0
20131210,11.3,11.6,11.1,11.4,57400,0
20131211,11.4,11.7,10.6,10.7,76270,0
20131212,11.1,11.1,10.5,10.9,41260,0
20131213,10.7,10.999,10.5,10.8,28694,0
20131216,10.6,11.7,10.6,11.3,67112,0
20131217,11.6,11.6,10.8,11,44230,0
20131218,11,11.1,10.8,10.9,34110,0
20131219,10.7,11.1,10.7,11,38200,0
20131220,11.2,11.3,10.8,11,53628,0
20131223,11.1,12.008,11.1,11.4,124977,0
20131224,11.5,11.7,11.2,11.5,40288,0
20131226,11.5,11.8,11.2,11.2,48735,0
20131227,11.3,11.6,11,11.4,81900,0
20131230,11.5,11.5,11.2,11.2,49600,0
20131231,11,11.3,11,11.1,55420,0
20140102,11.1,11.3,11,11.2,24625,0
20140103,11.3,12.8,11.1,12.2,304464,0
20140106,13.4,13.4,12.1,12.7,272240,0
20140107,12.7,13.3,12.7,13.2,112977,0
20140108,13.5,20,13.2,17.8,1197345,0
20140109,18.1,18.7,15.2,15.8,456210,0
20140110,16.2,16.6,15,16.4,191130,0
20140113,17.8,17.8,15.5,15.8,158778,0
20140114,15.9,16.3,15.4,15.9,68020,0
20140115,15.9,17,15.9,16.6,111830,0
20140116,16.8,16.9,16,16.2,71460,0
20140117,16.2,17.8,16.1,17,189147,0
20140121,18.3,19.6,17.1,19.2,358405,0
20140122,20,22.5,17.4,18.3,759570,0
20140123,18.5,18.8,17.5,18.2,120440,0
20140124,18,18.2,16.2,16.4,196600,0
20140127,16.8,16.8,14.3,15,164440,0
20140128,15.5,15.8,14.6,15.5,69350,0
20140129,15.4,15.5,14.5,14.9,56930,0
20140130,14.8,15,14.5,14.8,57630,0
20140131,14.6,15,14.5,14.7,45166,0
20140203,14.7,15.8,13.5,13.9,101399,0
20140204,13.8,14.3,13.5,13.8,64695,0
20140205,13.7,13.8,13,13.5,62590,0
20140206,13.5,14.5,13.5,14.3,51781,0
20140207,14.4,15.5,14,15.3,106413,0
20140210,15,15.2,14.4,14.7,73005,0
20140211,14.7,15,14.5,14.5,53807,0
20140212,14.6,14.7,13.9,14.1,31257,0
20140213,14.1,14.6,14.1,14.3,31619,0
20140214,14.4,15,14.4,14.8,33496,0
20140218,14.8,16.5,14.6,16,126880,0
20140219,16.3,16.3,15.1,15.3,55966,0
20140220,15.5,16.8,15.4,15.7,53162,0
20140221,15.9,16.3,15.1,15.2,56772,0
20140224,15.3,15.9,15.2,15.6,51873,0
20140225,15.6,15.6,15,15.2,39113,0
20140226,15.2,15.4,15,15.2,30397,0
20140227,15,15.6,14.8,15.4,53576,0
20140228,15.4,15.5,15,15.1,31845,0
20140303,14.5,14.8,14,14.5,62904,0
20140304,14.8,15.3,14.622,15.1,36521,0
20140305,15.1,15.4,14.8,14.9,37003,0
20140306,14.9,15.2,14.5,14.6,44614,0
20140307,14.5,14.7,14.2,14.3,41235,0
20140310,13.7,14.4,13.5,13.6,73430,0
20140311,13.6,14.3,13.5,14.1,53784,0
20140312,14.1,14.3,13.4,13.5,61588,0
20140313,13.7,13.7,13.1,13.2,42568,0
20140314,13.1,13.2,12.201,12.5,88763,0
20140317,12.7,13.2,12.5,12.8,42013,0
20140318,12.8,13.499,12.8,13.4,57370,0
20140319,13.5,13.9,13.2,13.4,38185,0
20140320,13.2,13.8,13.1,13.4,23272,0
20140321,13.3,13.7,13,13.2,18297,0
20140324,13.2,13.2,12.5,12.7,33503,0
20140325,12.8,13.6,12.5,13,36346,0
20140326,13,13,12.5,12.7,22870,0
20140327,12.8,12.8,12,12.1,26539,0
20140328,12.6,12.6,12.2,12.4,20760,0
20140331,12.4,12.4,12,12.2,18874,0
20140401,12.3,12.5,12.2,12.3,16098,0
20140402,12.3,13.4,12.2,13.4,42660,0
20140403,13.4,13.4,12.6,12.7,19067,0
20140404,12.8,12.9,12.1,12.2,18081,0
20140407,12.4,12.5,12,12.1,18815,0
20140408,12,12.4,11.9,12,17078,0
20140409,12,12.6,11.9,12.1,20179,0
20140410,12.2,12.3,11.9,12.1,15639,0
20140411,11.8,11.9,11.201,11.6,33848,0
20140414,11.7,12,10.701,10.9,35382,0
20140415,10.9,11.2,10,10.3,44745,0
20140416,12.3,17.4,11.6,13.5,1361409,0
20140417,12.7,13.8,11.8,12.1,253128,0
20140421,12.1,12.1,11.201,11.5,101114,0
20140422,11.5,12.199,11.4,12.1,66621,0
20140423,12.1,12.1,11.6,11.7,20104,0
20140424,11.9,11.9,11.3,11.5,31557,0
20140425,11.4,11.9,10.7,10.8,69598,0
20140428,10.8,11.3,10.2,10.4,32349,0
20140429,10.4,11.5,10.3,10.9,55668,0
20140430,10.6,11.199,10.5,10.6,17574,0
20140501,10.7,10.8,10.5,10.7,9468,0
20140502,10.6,10.8,10.4,10.7,15534,0
20140505,10.6,10.9,10.4,10.4,15835,0
20140506,10.6,10.6,10.3,10.3,13028,0
20140507,10.3,10.4,9.5,9.9,38185,0
20140508,9.5,10,9.5,9.6,9681,0
20140509,8.901,9.45,8.6,9,40639,0
20140512,9.4,9.89,9.2,9.844,22082,0
20140513,10,10.1,9.5,9.8,16120,0
20140514,9.8,9.8,9.2,9.222,17557,0
20140515,9.895,10.1,9.3,9.797,23381,0
20140516,9.8,10.2,9.74,10.2,19206,0
20140519,10.2,10.5,10.001,10.4,18974,0
20140520,10.3,10.3,9.5,10.1,7476,0
20140521,10,10.001,9,9.3,32007,0
20140522,9.9,10.2,9.5,10.1,35816,0
20140523,10.1,10.1,9.8,10,12107,0
20140527,10,10.2,9,9.699,32059,0
20140528,9.9,9.9,9.501,9.8,13913,0
20140529,9.637,12.5,9.637,11.3,226911,0
20140530,11,11.2,10.6,10.9,35789,0
20140602,10.9,11.1,10.2,10.5,41598,0
20140603,10.4,10.4,9.55,9.87,42309,0
20140604,9.9,9.9,9.6,9.7,14902,0
20140605,9.7,11.4,9.67,10.4,61984,0
20140606,10.4,10.7,10.1,10.3,20482,0
20140609,10.4,10.7,10.3,10.5,12527,0
20140610,10.5,10.7,10.3,10.5,16500,0
20140611,10.4,11.2,10.4,10.8,97266,0
20140612,15.8,16.9,13.2,15.1,1350260,0
20140613,14.2,14.5,12.6,13,249682,0
20140616,12.5,13.3,12.3,12.7,99926,0
20140617,12.7,13.1,12.4,12.5,39687,0
20140618,14,14.6,13.2,13.499,159871,0
20140619,13.4,13.5,12.6,12.8,50195,0
20140620,12.6,12.89,12.4,12.7,31364,0
20140623,12.6,12.7,12.4,12.55,20347,0
20140624,12.4,12.899,12,12.2,70143,0
20140625,12.4,12.7,12.2,12.5,27909,0
20140626,12.4,12.7,12.257,12.3,13629,0
20140627,12.2,12.399,11.6,11.9,35071,0
20140630,11.8,12.4,11.7,12.2,16893,0
20140701,12,12.201,11.9,12,7194,0
20140702,12.2,12.3,11.7,12.2,17210,0
20140703,12,12.7,11.9,12.1,18722,0
20140707,12.1,12.24,12,12.05,10995,0
20140708,12.1,12.1,11.5,11.801,36497,0
20140709,11.8,12.2,11.7,11.8,26636,0
20140710,11.6,11.8,11.5,11.6,9383,0
20140711,11.7,11.8,11.3,11.4,12161,0
20140714,11.6,11.699,11.4,11.5,10463,0
20140715,11.5,12.9,11.25,11.8,115599,0
20140717,11.75,11.75,9.64,9.66,83394,0
20140718,9.65,9.93,9.586,9.74,24345,0
20140721,9.71,9.71,8.8,8.872,33720,0
20140722,8.88,9.66,8.88,9.59,27174,0
20140723,9.51,9.58,9.12,9.25,21021,0
20140724,9.51,9.51,9.2891,9.341,12504,0
20140725,9.49,9.49,8.88,8.91,23036,0
20140728,8.86,8.86,7.77,7.94,64417,0
20140729,7.85,8.5,7.65,8.36,30338,0
20140730,8.33,8.37,7.85,8.09,16453,0
20140731,7.88,8.13,7.88,8.13,8254,0
20140801,8.13,8.2399,7.9,8.0171,28456,0
20140804,8.11,8.1673,7.96,8.1,24072,0
20140805,8.06,8.23,7.91,7.91,9531,0
20140806,7.9,8,7.8001,7.81,9197,0
20140807,7.81,8.1,7.81,8.1,15254,0
20140808,7.96,8.49,7.8489,7.95,10720,0
20140811,8,8.11,8,8,6486,0
20140812,8.06,8.12,7.8801,8.01,8684,0
20140813,8,8.0743,7.8,8.049,14784,0
20140814,7.8794,8.104,7.8794,8.104,10114,0
20140815,8.01,8.5,8.01,8.4843,15816,0
20140818,8.56,8.6599,8.445,8.53,11783,0
20140819,8.3639,8.99,8.3639,8.84,6622,0
20140820,8.81,9.938,8.652,9.6,35386,0
20140821,9.73,9.89,9.6,9.79,20580,0
20140822,9.7,9.75,9.451,9.68,5824,0
20140825,9.5,10.152,9.5,9.98,22119,0
20140826,9.99,10.2,9.99,10.1,19792,0
20140827,10.11,10.28,9.75,9.9,21224,0
20140828,9.8,10,9.3,9.3899,14394,0
20140829,9.3055,9.4394,9.1201,9.3692,9079,0
20140902,9.1,9.5,9.1,9.43,22206,0
20140903,9.27,9.9,9.25,9.83,30836,0
20140904,9.88,9.93,9.112,9.68,13531,0
20140905,9.76,9.84,9.51,9.62,12844,0
20140908,9.69,9.75,9.01,9.27,19746,0
20140909,9.01,9.26,9.01,9.12,24038,0
20140910,9.04,9.35,8.25,8.31,40427,0
20140911,9.06,9.06,8.35,8.72,20692,0
20140912,8.72,8.93,8.61,8.78,18359,0
20140915,8.73,9.15,8.35,8.93,39542,0
20140916,8.79,8.89,8.04,8.32,28707,0
20140917,9.0199,9.0199,8.05,8.16,18363,0
20140918,8.1901,8.2999,7.91,7.98,28938,0
20140919,8.02,8.19,7.48,7.48,94899,0
20140922,7.47,7.73,7.15,7.15,51254,0
20140923,7.35,8.2,7.2,7.29,30266,0
20140924,7.28,7.41,6.84,6.97,35803,0
20140925,6.99,6.99,6.75,6.96,14006,0
20140926,6.99,7.484,6.9627,7.28,8094,0
20140929,7.2,7.24,7,7.24,8609,0
20140930,7.18,7.19,7,7.19,22827,0
20141001,7.14,7.14,6.78,6.9,6303,0
20141002,6.85,6.85,6.33,6.48,20849,0
20141003,6.31,6.82,6.31,6.8,12912,0
20141006,6.82,7.04,6.67,6.69,13906,0
20141007,6.66,6.66,6.23,6.31,22372,0
20141008,6.23,6.32,5.8575,6.13,29161,0
20141009,6.11,6.1101,5.7205,5.78,41190,0
20141010,5.8,5.9445,5.45,5.6,30080,0
20141013,5.6,5.8,5.21,5.53,9576,0
20141014,5.59,5.81,5.25,5.27,26848,0
20141015,5.23,5.37,5.22,5.3,15375,0
20141016,5.0201,5.3899,5.01,5.32,38833,0
20141017,5.41,5.48,5.35,5.39,20926,0
20141020,5.43,5.6,5.4,5.49,17145,0
20141021,5.42,5.4203,5.25,5.25,10179,0
20141022,5.4499,5.4499,5.03,5.03,15191,0
20141023,5.04,5.17,5.01,5.08,23473,0
20141024,5.1,5.1,4.91,5,15153,0
20141027,4.94,4.95,4.76,4.8808,12902,0
20141028,4.8,5.05,4.8,4.97,15806,0
20141029,4.95,5.09,4.92,4.92,5497,0
20141030,4.9,5,4.52,4.84,22562,0
20141031,4.79,4.97,4.69,4.94,19114,0
20141103,4.98,4.99,4.77,4.9,9022,0
20141104,4.85,4.92,4.81,4.89,5595,0
20141105,4.99,4.99,4.8,4.81,7996,0
20141106,4.8,4.96,4.7501,4.8,8462,0
20141107,4.75,4.85,4.5,4.51,32021,0
20141110,4.52,4.6,4.43,4.57,24432,0
20141111,4.51,4.6,4.31,4.3445,33247,0
20141112,4.31,4.41,4.31,4.4,10565,0
20141113,4.36,4.4,4.13,4.22,11094,0
20141114,4.16,4.17,3.842,3.95,34051,0
20141117,3.88,3.99,3.88,3.9299,8790,0
20141118,3.98,4.25,3.776,4.24,28633,0
20141119,4.2,4.353,4.151,4.28,30797,0
20141120,4.31,4.96,4.31,4.83,66832,0
20141121,5,5.649,4.8,5.48,67280,0
20141124,5.5,5.6283,4.9,4.99,35813,0
20141125,5.36,5.36,5.05,5.25,33999,0
20141126,5.08,5.32,5.08,5.32,26523,0
20141128,5.09,5.16,4.99,5,7232,0
20141201,5.001,5.34,4.934,5.1,33879,0
20141202,5.16,5.26,4.9901,5.19,89922,0
20141203,5.3,5.31,5.1301,5.19,27119,0
20141204,5.03,5.29,5.03,5.29,33977,0
20141205,5.35,5.35,5.1,5.14,12907,0
20141208,5.14,5.2,5.076,5.17,45939,0
20141209,5.1,5.26,5.1,5.21,43397,0
20141210,5.18,5.21,5.09,5.09,5016,0
20141211,5.04,5.17,5.01,5.06,9548,0
20141212,5,5.01,4.7035,4.8,19461,0
20141215,4.8,4.831,4.77,4.83,10165,0
20141216,4.84,4.85,4.7,4.79,21356,0
20141217,4.78,4.83,4.7,4.75,28035,0
20141218,4.83,5.06,4.69,4.9,35884,0
20141219,4.9,5.645,4.9,5.4,36342,0
20141222,5.52,6.15,5.5,5.72,65744,0
20141223,5.78,6.05,5.655,5.99,23630,0
20141224,5.99,6.662,5.9,6.3499,20026,0
20141226,6.3,6.44,6.03,6.14,18567,0
20141229,6.06,6.3401,6.04,6.09,13872,0
20141230,6.04,6.1476,5.78,5.91,17073,0
20141231,5.85,5.89,5.521,5.67,33774,0
20150102,5.62,5.68,5.56,5.63,4854,0
20150105,5.6999,5.85,5.6257,5.85,16059,0
20150106,5.94,6.02,5.8,5.96,17876,0
20150107,6.12,6.12,5.7,5.84,8562,0
20150108,5.78,8.5,5.78,8,451031,0
20150109,8.38,8.88,7.79,8.13,220586,0
20150112,8.83,8.97,8.041,8.49,125064,0
20150113,8.92,8.92,7.5,7.81,84593,0
20150114,7.73,8.2,7.16,7.86,69746,0
20150115,7.7941,7.7941,7.1,7.21,27297,0
20150116,7.01,7.03,6.45,6.84,74365,0
20150120,6.92,7.84,6.8401,7.46,76644,0
20150121,7.63,7.85,6.5001,6.69,86090,0
20150122,6.5299,6.62,6.06,6.235,93304,0
20150123,6.23,6.3,6.1,6.3,29356,0
20150126,6.3,6.72,6.25,6.45,80709,0
20150127,6.01,6.11,5.53,5.72,125747,0
20150128,5.6,5.66,5.23,5.42,74378,0
20150129,5.27,5.47,5.085,5.38,90414,0
20150130,5.35,5.35,4.72,4.95,1641320,0
20150202,5.04,5.36,4.91,5,153785,0
20150203,5.17,5.17,4.88,5,193609,0
20150204,5,5,4.8,4.83,101583,0
20150205,4.78,5.05,4.76,4.92,318747,0
20150206,4.87,5.28,4.81,4.85,1108179,0
20150209,4.96,5.9,4.89,5.59,1362887,0
20150210,5.75,6.22,5.45,5.91,468620,0
20150211,5.97,6.2,5.65,5.89,221153,0
20150212,6.14,7.12,5.83,7,906977,0
20150213,7,7.95,6.58,7.67,910197,0
20150217,8.01,8.25,7.5225,7.67,502388,0
20150218,7.5,8.01,7.5,7.87,153175,0
20150219,8.4,9.25,8.1,8.42,617770,0
20150220,8.88,8.9499,8.34,8.64,413611,0
20150223,8.5,9.17,8.5,9.06,444255,0
20150224,9.18,9.5,8.71,9,328789,0
20150225,8.97,10.5,8.6,10.36,661744,0
20150226,10.25,10.5,9.54,10.1,701456,0
20150227,10.15,10.738,10.01,10.53,257530,0
20150302,10.32,11.69,10.31,11.25,533500,0
20150303,11.25,11.38,10.59,11.03,306000,0
20150304,11.15,11.72,10.83,11.4,310400,0
20150305,11.3,11.67,11.15,11.47,268600,0
20150306,11.26,11.75,10.94,11.35,299300,0
20150309,11.34,11.65,10.81,11.15,292600,0
20150310,11,11.26,10.86,11.06,232100,0
20150311,10.96,11.19,9.4,10.07,726500,0
20150312,9.86,10.49,9.83,10.39,362100,0
20150313,10.3,10.31,9.7,9.96,188400,0
20150316,10.02,10.44,9.65,9.75,179900,0
20150317,9.74,9.75,9.26,9.51,160900,0
20150318,9.34,9.68,9.09,9.37,131700,0
20150319,9.29,9.77,9.18,9.49,166000,0
20150320,9.46,9.52,9.06,9.3,298900,0
20150323,9.27,9.27,8.61,8.76,205900,0
20150324,8.61,9.93,8.61,9.25,465600,0
20150325,9.69,9.94,8.92,9.03,374000,0
20150326,9.01,9.4,8.71,9.17,186600,0
20150327,9.1,9.29,8.91,9.03,179700,0
20150330,9.14,9.14,8.14,8.7,367400,0
20150331,8.61,9.08,8.37,8.95,237835,0
20150401,9,9,8.3,8.59,168800,0
20150402,8.43,8.54,8.2,8.4,153000,0
20150406,8.29,8.47,8.21,8.3,93900,0
20150407,8.24,8.6403,8.2201,8.3,130909,0
20150408,8.3,8.64,8.26,8.58,139000,0
20150409,8.63,8.66,8.25,8.45,106658,0
20150410,8.39,8.52,8.27,8.41,110600,0
20150413,8.44,9.52,8.44,9.18,508600,0
20150414,9.22,9.39,9.01,9.23,286000,0
20150415,9.23,9.6,9.23,9.43,232408,0
20150416,9.35,9.55,9.2005,9.45,158184,0
20150417,9.3,9.4,8.65,8.88,246100,0
20150420,9.06,9.2,8.77,9.06,261094,0
20150421,9.05,9.16,8.88,8.99,165996,0
20150422,8.99,9.05,8.61,8.74,181206,0
20150423,8.73,8.84,8.51,8.77,105200,0
20150424,9.3,9.3,8.53,8.67,160668,0
20150427,8.69,8.69,7.59,7.71,255700,0
20150428,7.75,7.85,7.05,7.52,308900,0
20150429,7.42,7.67,7.12,7.17,103200,0
20150430,7.11,7.12,6.27,6.34,209700,0
20150501,6.37,6.72,6.14,6.43,174000,0
20150504,6.46,6.87,6.46,6.71,144800,0
20150505,6.72,6.83,6.18,6.31,161600,0
20150506,6.31,6.45,5.89,5.98,180429,0
20150507,6.02,6.24,6.01,6.16,151099,0
20150508,6.16,6.42,6.06,6.4,117300,0
20150511,6.53,7.06,6.51,6.95,208400,0
20150512,6.95,7.06,5.85,6.23,353909,0
20150513,6.2,6.2,5.91,5.96,148900,0
20150514,6.1,6.38,5.6,5.75,180100,0
20150515,5.8,5.92,5.55,5.61,139856,0
20150518,5.33,5.99,5.325,5.94,239298,0
20150519,6,6.13,5.74,5.78,127300,0
20150520,5.82,5.89,5.55,5.71,118300,0
20150521,5.71,5.89,5.51,5.58,75500,0
20150522,5.6,5.75,5.47,5.51,52800,0
20150526,5.45,5.58,5.35,5.41,145059,0
20150527,5.71,6.26,5.65,5.99,209000,0
20150528,5.99,6,5.68,5.74,113920,0
20150529,5.72,5.79,5.35,5.39,187300,0
20150601,5.6,5.6,5.26,5.39,177075,0
20150602,5.37,6.06,5.34,5.83,216181,0
20150603,6,7.21,5.81,6.82,477900,0
20150604,6.95,7.98,6.44,6.58,694800,0
20150605,6.6,6.88,6.11,6.39,311300,0
20150608,6.28,6.34,6.01,6.12,149200,0
20150609,6.06,6.33,5.93,6.01,123037,0
20150610,6.3399,6.3399,5.775,5.92,168225,0
20150611,5.92,6.1363,5.84,5.96,65506,0
20150612,5.96,6.05,5.69,5.8,84500,0
20150615,5.75,5.96,5.6,5.7,109500,0
20150616,5.68,5.95,5.6,5.69,148700,0
20150617,5.75,5.98,5.65,5.9,142900,0
20150618,5.95,6.17,5.85,6.01,110000,0
20150619,6.07,6.09,5.89,5.89,96600,0
20150622,6.01,6.22,5.85,6.14,128300,0
20150623,6.15,6.37,6.03,6.3,118885,0
20150624,6.26,6.37,6.1,6.19,87600,0
20150625,6.2,6.24,6.01,6.05,193700,0
20150626,6.11,6.22,5.92,6.05,273600,0
20150629,5.9,5.9,5.65,5.78,196400,0
20150630,5.84,5.96,5.63,5.71,80307,0
20150701,5.72,5.81,5.66,5.7,102600,0
20150702,5.72,5.81,5.65,5.73,62400,0
20150706,5.65,5.99,5.64,5.83,78800,0
20150707,5.82,6.28,5.69,6.15,164000,0
20150708,5.96,6.09,5.56,5.79,161700,0
20150709,5.85,5.88,5.56,5.65,78700,0
20150710,5.72,6.04,5.59,6,87000,0
20150713,6.13,6.45,6.02,6.39,132500,0
20150714,6.8,7.64,6.78,7.38,899019,0
20150715,7.25,8.1,7.25,7.39,762197,0
20150716,7.49,8.28,7.43,8.08,473500,0
20150717,7.98,8.75,7.59,7.76,405100,0
20150720,7.76,7.99,7.38,7.65,283200,0
20150721,7.57,7.66,6.88,6.99,433200,0
20150722,6.8,7.64,6.66,7.61,257300,0
20150723,7.82,7.97,7.18,7.62,273000,0
20150724,7.58,7.62,7.01,7.12,129800,0
20150727,6.98,6.98,6.21,6.38,231600,0
20150728,6.42,7.14,6.21,6.98,217000,0
20150729,7.12,7.23,6.53,6.57,140900,0
20150730,6.56,6.6,6.23,6.27,127200,0
20150731,6.29,6.64,6.08,6.49,153900,0
20150803,6.45,6.6,6.22,6.5,66085,0
20150804,6.47,6.53,6.3,6.41,46700,0
20150805,6.45,6.71,6.34,6.45,56900,0
20150806,6.49,6.67,6.11,6.22,109220,0
20150807,6.01,6.06,5.37,5.39,322300,0
20150810,4.56,5.4,4.02,5.16,304600,0
20150811,5.2,5.3194,4.82,4.96,178638,0
20150812,4.9,5.51,4.9,5.37,215700,0
20150813,5.4,5.64,5,5.06,132900,0
20150814,5,5.34,4.86,5.14,128400,0
20150817,5.07,5.35,4.99,5.14,84700,0
20150818,5.14,5.17,4.97,5,88700,0
20150819,4.93,5.23,4.88,4.96,130500,0
20150820,4.85,4.99,4.77,4.77,165400,0
20150821,4.69,4.85,4.59,4.76,111500,0
20150824,4.4,5.23,4.14,4.76,130658,0
20150825,4.98,5.1,4.76,4.76,89400,0
20150826,4.95,4.95,4.59,4.75,105900,0
20150827,4.83,5.08,4.8,4.95,96700,0
20150828,4.89,5.41,4.89,5.3,110200,0
20150831,5.31,5.43,4.99,5.05,94000,0
20150901,4.9,5.11,4.87,5.04,56400,0
20150902,5.08,5.13,4.91,5.07,43000,0
20150903,5.15,5.23,5.09,5.09,37900,0
20150904,5,5.2,4.99,5.14,34200,0
20150908,5.27,5.57,5.25,5.55,60700,0
20150909,5.62,5.83,5.6,5.79,211300,0
20150910,5.79,6.32,5.74,6.23,227200,0
20150911,6.22,6.22,5.6,5.88,92900,0
20150914,5.85,6,5.75,5.91,60200,0
20150915,5.91,5.97,5.77,5.91,41500,0
20150916,5.91,6,5.86,5.97,64700,0
20150917,5.94,5.9926,5.82,5.95,55305,0
20150918,5.82,6.37,5.82,6.01,199600,0
20150921,6.19,6.45,6.19,6.33,220300,0
20150922,6.24,6.76,6.07,6.14,107800,0
20150923,6.18,6.41,5.77,5.86,86500,0
20150924,5.8,6.254,5.6,5.93,137555,0
20150925,6.03,6.33,5.51,5.63,88700,0
20150928,5.56,5.722,5,5.15,152589,0
20150929,4.98,5.3,4.56,4.57,304400,0
20150930,4.66,4.99,4.31,4.42,175700,0
20151001,4.45,4.72,4.29,4.5,147600,0
20151002,4.39,4.69,4.3,4.57,51500,0
20151005,4.6,4.95,4.58,4.79,76703,0
20151006,4.82,4.82,4.52,4.55,60400,0
20151007,4.58,4.83,4.52,4.77,36800,0
20151008,4.8,4.89,4.6,4.69,41400,0
20151009,4.71,5,4.71,4.89,84500,0
20151012,4.95,4.95,4.68,4.71,42689,0
20151013,4.7,5.05,4.55,4.62,59200,0
20151014,4.65,4.88,4.54,4.58,40700,0
20151015,4.56,5.03,4.56,4.99,54100,0
20151016,5.03,5.36,5.02,5.1,60900,0
20151019,5.1,5.37,5.01,5.07,35040,0
20151020,5.06,5.15,5.06,5.11,44728,0
20151021,5.17,5.25,4.85,4.95,50400,0
20151022,4.96,5.25,4.91,5.1,43100,0
20151023,5.13,5.29,5.08,5.1,47300,0
20151026,5.01,5.22,4.98,5.1,28100,0
20151027,5.04,5.49,4.95,5.4,221700,0
20151028,5.45,5.86,5.37,5.73,73000,0
20151029,5.68,5.95,5.54,5.74,94700,0
20151030,5.73,5.73,5.28,5.35,58600,0
20151102,5.35,5.7,5.35,5.55,50593,0
20151103,5.56,5.62,5.25,5.25,68200,0
20151104,5.29,5.49,5.1,5.17,57206,0
20151105,5.2,5.48,4.95,5.04,59100,0
20151106,4.99,5.13,4.82,5.03,45100,0
20151109,5.02,5.24,4.94,5.21,38091,0
20151110,5.17,5.17,4.9,4.97,84700,0
20151111,5.09,5.22,4.95,5.12,77400,0
20151112,5.1,5.17,4.79,4.89,50600,0
20151113,4.89,5.28,4.79,5.18,65400,0
20151116,5,5.3,4.84,4.96,38200,0
20151117,4.99,5.08,4.85,4.93,27400,0
20151118,4.97,5.1,4.84,5.05,20400,0
20151119,5.07,5.17,4.9,5,18700,0
20151120,5.03,5.03,4.87,5.01,548100,0
20151123,5.04,5.09,4.92,4.97,82500,0
20151124,4.95,5.02,4.85,4.9,33600,0
20151125,4.93,4.94,4.7,4.79,58600,0
20151127,4.78,5.07,4.66,5,56800,0
20151130,5,5,4.76,4.87,54300,0
20151201,4.9,4.9,4.5,4.53,128089,0
20151202,4.53,4.58,4.25,4.28,124003,0
20151203,4.3,4.36,4.05,4.1,197616,0
20151204,4.21,4.25,4.04,4.09,124000,0
20151207,4.09,4.09,3.84,3.9,118800,0
20151208,3.9,4.17,3.75,3.79,51297,0
20151209,4.07,4.07,3.79,3.85,56200,0
20151210,3.89,3.89,3.5,3.53,201200,0
20151211,3.5,3.5,3.08,3.13,254800,0
20151214,3.15,3.18,2.81,2.865,191649,0
20151215,2.87,2.92,2.62,2.8,383400,0
20151216,2.8,3.82,2.78,3.69,1634900,0
20151217,3.5,3.95,2.7,2.78,646600,0
20151218,2.89,3.89,2.83,3.69,594600,0
20151221,3.7,3.85,3.51,3.72,223200,0
20151222,3.5,3.8,3.38,3.42,229579,0
20151223,3.43,3.67,3.34,3.61,139200,0
20151224,3.6,3.6458,3.47,3.53,52950,0
20151228,3.48,3.73,3.36,3.37,101982,0
20151229,3.38,3.48,3.3,3.315,82385,0
20151230,3.29,3.29,3.0724,3.1,86680,0
20151231,3.1,3.2075,3.04,3.09,83216,0
20160104,3.04,3.315,3.01,3.13,81235,0
20160105,3.19,3.29,3.09,3.28,55595,0
20160106,3.32,3.32,2.93,2.99,145652,0
20160107,2.88,2.94,2.7252,2.86,159995,0
20160108,2.87,2.884,2.72,2.72,86960,0
20160111,2.73,2.74,2.58,2.68,156848,0
20160112,2.78,2.99,2.7602,2.79,91697,0
20160113,2.81,2.86,2.3,2.3,122656,0
20160114,2.34,2.46,2.2001,2.42,189871,0
20160115,2.35,2.48,2.28,2.44,92683,0
20160119,2.47,2.5,2.34,2.48,86000,0
20160120,2.43,2.51,2.23,2.41,55215,0
20160121,2.35,2.66,2.323,2.655,33057,0
20160122,2.7,2.8499,2.65,2.795,33489,0
20160125,2.78,3.41,2.78,3.28,201225,0
20160126,3.32,3.35,2.95,3,120714,0
20160127,3.02,3.03,2.8,2.97,37831,0
20160128,3.24,3.67,3.02,3.34,169676,0
20160129,3.32,3.48,3.15,3.23,68395,0
20160201,3.26,3.26,2.9,2.98,108077,0
20160202,2.916,3,2.88,2.99,22093,0
20160203,2.98,3,2.82,2.97,20221,0
20160204,2.96,3.25,2.87,3.16,20223,0
20160205,3.15,3.42,3.05,3.18,76220,0
20160208,3.17,3.17,2.695,2.7,80671,0
20160209,2.76,2.77,2.51,2.59,61178,0
20160210,2.61,2.81,2.554,2.59,25256,0
20160211,2.55,2.5791,2.43,2.55,24833,0
20160212,2.5,2.5001,2.1,2.32,109630,0
20160216,2.35,2.78,2.35,2.7,48234,0
20160217,2.8,3.22,2.7,3.06,62920,0
20160218,3.1,3.11,2.83,2.89,62764,0
20160219,2.95,3.06,2.76,2.79,58144,0
20160222,2.85,2.905,2.76,2.84,25805,0
20160223,2.85,2.98,2.75,2.77,40921,0
20160224,2.75,2.96,2.51,2.93,62151,0
20160225,2.96,2.96,2.61,2.72,35092,0
20160226,2.72,2.8199,2.68,2.8,20507,0
20160229,2.78,2.85,2.65,2.65,36947,0
20160301,2.7,2.7,2.58,2.63,41275,0
20160302,2.62,2.84,2.52,2.775,38953,0
20160303,2.84,2.91,2.69,2.7,32783,0
20160304,2.71,2.851,2.71,2.74,94812,0
20160307,2.74,3.27,2.73,3.27,207925,0
20160308,3.23,3.3,2.98,2.98,152346,0
20160309,3.05,3.16,2.82,2.88,93837,0
20160310,2.92,3.08,2.9,2.9,21477,0
20160311,3.05,3.06,2.9262,3.01,20629,0
20160314,3.03,3.24,2.9357,3.14,93346,0
20160315,3.14,3.175,2.62,2.8,246785,0
20160316,2.69,2.97,2.69,2.9,186524,0
20160317,2.9,2.93,2.62,2.71,323611,0
20160318,2.72,2.85,2.72,2.83,88669,0
20160321,2.8,2.94,2.71,2.79,90997,0
20160322,2.83,2.89,2.77,2.8,108327,0
20160323,2.8,2.86,2.63,2.65,61991,0
20160324,2.65,2.65,2.47,2.48,72839,0
20160328,2.52,2.63,2.38,2.44,36065,0
20160329,2.44,2.69,2.37,2.63,39703,0
20160330,2.65,2.76,2.53,2.54,61761,0
20160331,2.55,2.79,2.53,2.69,92316,0
20160401,2.68,2.9,2.6675,2.85,71566,0
20160404,2.87,3.14,2.8,2.97,130762,0
20160405,2.96,3.08,2.85,2.9,25025,0
20160406,2.9,3.04,2.8848,2.98,43415,0
20160407,3.0388,3.0388,2.91,3,14232,0
20160408,3.02,3.02,2.8,2.86,18410,0
20160411,2.9,3.07,2.9,2.91,26877,0
20160412,2.92,3.02,2.85,2.94,12640,0
20160413,2.96,3.02,2.9337,2.97,15063,0
20160414,3,3.005,2.94,2.98,22444,0
20160415,2.97,3,2.92,2.93,17266,0
