Date,Open,High,Low,Close,Volume,OpenInt
20050225,6.2759,6.2759,6.2759,6.2759,222,0
20050303,6.5669,6.5669,6.1985,6.3272,10764,0
20050308,6.2587,6.2587,6.1816,6.1816,3844,0
20050309,6.0618,6.0618,6.0618,6.0618,906,0
20050310,6.1218,6.13,6.0362,6.0362,12832,0
20050311,5.9761,5.9761,5.9334,5.9674,2485,0
20050317,5.7535,5.8391,5.7535,5.8391,791,0
20050318,6.096,6.096,6.096,6.096,2260,0
20050322,5.745,5.9589,5.745,5.9589,3393,0
20050323,5.9503,6.2499,5.9417,6.2499,4070,0
20050329,6.1899,6.1899,6.1899,6.1899,674,0
20050330,6.1388,6.1388,6.1045,6.1045,845,0
20050331,6.1045,6.1899,6.1045,6.1899,3618,0
20050401,6.2499,6.2759,5.9334,6.2759,1979,0
20050404,5.9761,6.0618,5.9761,6.0618,3164,0
20050408,5.6934,6.1899,5.6934,6.1899,674,0
20050414,6.1899,6.1899,6.1816,6.1816,453,0
20050422,6.1899,6.1899,6.1899,6.1899,1129,0
20050428,5.9248,6.3869,5.9248,6.3869,453,0
20050429,6.4129,6.4983,6.4129,6.4983,3618,0
20050502,6.3699,6.5413,6.3187,6.5413,2712,0
20050503,6.1985,6.2759,6.1899,6.2759,674,0
20050504,6.1899,6.2159,6.0703,6.2159,4296,0
20050505,5.9761,5.9761,5.745,5.7705,4747,0
20050506,5.9932,5.9932,5.9248,5.9248,453,0
20050512,5.8135,5.8218,5.8135,5.8218,453,0
20050513,6.2759,6.2759,6.1899,6.1899,5428,0
20050517,6.1899,6.1899,6.1899,6.1899,906,0
20050518,6.1899,6.3099,6.1899,6.3099,453,0
20050519,6.3014,6.3014,6.3014,6.3014,2936,0
20050520,6.3014,6.3014,6.3014,6.3014,674,0
20050523,5.9674,6.0703,5.9162,6.0618,1914,0
20050525,6.0618,6.0618,6.0618,6.0618,222,0
20050531,5.745,5.745,5.745,5.745,906,0
20050603,6.0618,6.0618,5.8478,5.9846,2033,0
20050615,5.9674,5.9674,5.9674,5.9674,4296,0
20050628,6.0102,6.0362,6.0102,6.0362,1458,0
20050629,6.0102,6.0102,6.0102,6.0102,625,0
20050630,5.9674,5.9846,5.9674,5.9674,4140,0
20050701,6.0102,6.0102,6.0102,6.0102,453,0
20050705,5.9674,5.9674,5.9674,5.9674,2485,0
20050706,5.7963,5.7963,5.7963,5.7963,5653,0
20050714,5.9674,5.9674,5.8817,5.8817,5881,0
20050715,5.8817,5.8817,5.8817,5.8817,1584,0
20050718,5.9248,6.079,5.9248,6.079,453,0
20050721,5.7621,5.8478,5.745,5.7963,5701,0
20050727,5.9248,5.9248,5.8391,5.8391,6106,0
20050728,5.8391,5.8391,5.8391,5.8391,1810,0
20050729,5.9248,5.9674,5.9075,5.9248,9028,0
20050801,6.0102,6.0102,5.9248,5.9248,906,0
20050802,5.9674,5.9674,5.9248,5.9248,3489,0
20050804,5.8817,5.9248,5.8817,5.9248,6783,0
20050809,5.9248,5.9248,5.9248,5.9248,4521,0
20050810,5.745,5.8817,5.745,5.8817,8593,0
20050815,5.9674,5.9674,5.9674,5.9674,353,0
20050818,5.9674,5.9674,5.9674,5.9674,4521,0
20050819,5.9674,5.9674,5.9674,5.9674,4320,0
20050823,5.9674,5.9674,5.9674,5.9674,8818,0
20050824,6.0102,6.0102,5.9674,5.9674,4976,0
20050825,5.9674,5.9674,5.9674,5.9674,453,0
20050826,5.9162,5.9162,5.8817,5.8817,1766,0
20050829,5.8904,5.8904,5.8904,5.8904,1360,0
20050830,5.9674,5.9674,5.9674,5.9674,906,0
20050901,5.9248,5.9248,5.9248,5.9248,2260,0
20050902,5.9248,5.9248,5.9248,5.9248,3164,0
20050906,5.9075,5.9248,5.9075,5.9075,4410,0
20050913,5.9075,5.9075,5.9075,5.9075,2561,0
20050914,5.9248,5.9846,5.8391,5.8391,4280,0
20050915,5.9674,5.9674,5.9248,5.9248,1129,0
20050919,5.9248,5.9248,5.9248,5.9248,4521,0
20050923,5.9248,5.9674,5.9248,5.9248,5653,0
20050926,5.9674,5.9674,5.9674,5.9674,1866,0
20050928,5.9248,5.9248,5.9248,5.9248,11023,0
20050930,5.8563,5.8563,5.8563,5.8563,1129,0
20051005,5.9674,5.9674,5.9674,5.9674,2443,0
20051007,5.8563,5.8563,5.5997,5.6424,7464,0
20051011,5.745,5.745,5.6764,5.6764,1329,0
20051012,5.745,5.745,5.745,5.745,2485,0
20051013,5.745,5.745,5.745,5.745,1129,0
20051017,5.8563,5.8563,5.8563,5.8563,517,0
20051018,5.8563,5.8563,5.8563,5.8563,2033,0
20051019,5.7963,5.7963,5.745,5.745,2260,0
20051021,5.745,5.745,5.745,5.745,3392,0
20051026,5.8478,5.8478,5.5907,5.5907,2557,0
20051027,5.7877,5.7877,5.7877,5.7877,222,0
20051028,5.8563,5.8563,5.8563,5.8563,412,0
20051101,5.745,5.745,5.745,5.745,1636,0
20051103,5.745,5.745,5.745,5.745,453,0
20051104,5.745,5.8563,5.745,5.8563,3618,0
20051121,5.745,5.745,5.745,5.745,2260,0
20051129,5.8135,5.8135,5.8135,5.8135,412,0
20051130,5.8563,5.8563,5.8563,5.8563,541,0
20051201,5.6334,5.6334,5.6334,5.6334,412,0
20051207,5.8478,5.8478,5.8478,5.8478,222,0
20051212,5.6506,5.6506,5.6506,5.6506,651,0
20051213,5.8563,5.8563,5.8563,5.8563,222,0
20051220,5.7105,5.7105,5.7105,5.7105,1129,0
20051223,5.8563,5.8563,5.8563,5.8563,2260,0
20051228,5.8563,5.8563,5.8563,5.8563,674,0
20051229,5.8563,5.9674,5.8563,5.8563,12162,0
20060103,5.8817,5.8817,5.745,5.745,629,0
20060104,5.8563,5.8563,5.8563,5.8563,222,0
20060105,5.9075,5.9075,5.9075,5.9075,674,0
20060111,5.9075,5.9674,5.9075,5.9674,12777,0
20060117,5.9162,5.9162,5.9162,5.9162,222,0
20060118,5.9674,5.9674,5.9674,5.9674,1244,0
20060119,5.6849,5.6849,5.6849,5.6849,453,0
20060131,5.9674,5.9674,5.9417,5.9503,3468,0
20060201,5.9589,5.9589,5.9589,5.9589,1584,0
20060206,5.9674,7.8509,5.9674,7.774,152466,0
20060207,7.5173,7.5173,6.9007,7.2945,136653,0
20060208,7.2945,7.3032,6.9951,7.1832,49699,0
20060209,7.2518,7.2945,7.1918,7.2518,23685,0
20060210,7.2775,7.4057,7.2775,7.4057,3873,0
20060214,7.2945,7.2945,7.2945,7.2945,2215,0
20060216,7.2945,7.2945,7.2689,7.2775,59241,0
20060221,7.2945,7.2945,7.2945,7.2945,222,0
20060222,7.2945,7.3032,7.2689,7.2945,77539,0
20060223,7.2945,7.2945,7.2945,7.2945,7464,0
20060224,7.2945,7.2945,7.2945,7.2945,4521,0
20060228,7.5513,7.5513,7.5513,7.5513,906,0
20060301,7.5173,7.5173,7.5173,7.5173,917,0
20060302,7.3886,7.3886,7.3886,7.3886,222,0
20060303,7.3117,7.3117,7.3117,7.3117,222,0
20060307,7.2945,7.2945,7.2945,7.2945,15206,0
20060308,7.2945,7.5084,7.2945,7.2945,10401,0
20060313,7.2945,7.2945,7.2005,7.2945,11080,0
20060315,7.4314,8.3989,7.4231,8.3989,460530,0
20060316,8.3989,8.8442,8.3904,8.8442,93053,0
20060317,8.7587,8.8442,8.6218,8.733,29148,0
20060320,8.9299,8.9299,8.6301,8.6301,3618,0
20060321,8.5617,8.7587,8.5617,8.733,39796,0
20060322,8.733,8.8269,8.6644,8.8269,19220,0
20060323,8.7158,8.7158,8.69,8.69,1469,0
20060324,8.7587,8.7587,8.7417,8.7587,23106,0
20060327,8.7587,8.7672,8.7587,8.7672,1129,0
20060328,8.733,8.8186,8.733,8.733,86854,0
20060329,8.733,8.8442,8.733,8.8442,3276,0
20060330,8.8442,9.0665,8.7587,8.9471,63902,0
20060331,8.9555,8.9555,8.9555,8.9555,2622,0
20060403,8.8186,8.8442,8.8186,8.8442,4068,0
20060405,8.9555,8.9555,8.9555,8.9555,674,0
20060406,8.9299,8.9555,8.9299,8.9555,4521,0
20060407,8.9555,8.9555,8.9555,8.9555,1356,0
20060410,8.8872,8.9555,8.8872,8.9555,2599,0
20060411,8.8872,8.9555,8.8442,8.9555,8343,0
20060412,8.8442,8.8442,8.8442,8.8442,2987,0
20060413,8.8442,8.8442,8.8442,8.8442,13569,0
20060417,8.8442,8.8442,8.8442,8.8442,20351,0
20060418,8.9299,8.9299,8.9299,8.9299,222,0
20060420,8.8442,8.8442,8.8442,8.8442,2146,0
20060421,8.8442,8.8442,8.8442,8.8442,3618,0
20060424,8.8442,8.9555,8.8442,8.9555,11101,0
20060425,8.8442,8.8442,8.8442,8.8442,222,0
20060501,8.8442,8.8442,8.8442,8.8442,10401,0
20060508,8.6728,8.6728,8.6728,8.6728,1054,0
20060510,8.8442,8.8442,8.8442,8.8442,4924,0
20060511,8.8442,8.8442,8.8442,8.8442,222,0
20060515,8.8442,8.8442,8.8442,8.8442,674,0
20060519,8.7843,8.7843,8.7843,8.7843,906,0
20060523,8.7757,8.7757,8.7757,8.7757,222,0
20060524,8.8442,8.8442,8.8442,8.8442,453,0
20060525,8.8357,8.8357,8.8357,8.8357,674,0
20060531,8.7757,8.7757,8.7757,8.7757,421,0
20060601,8.8186,8.8442,8.7158,8.8442,5428,0
20060602,8.8442,8.8442,8.6728,8.6728,6329,0
20060607,8.8442,8.8442,8.4932,8.8442,1921,0
20060609,8.8186,8.8186,8.8186,8.8186,272,0
20060612,8.7587,8.7587,8.7587,8.7587,5027,0
20060613,8.4932,9.1363,8.3989,9.0665,6117,0
20060616,9.11,9.11,9.11,9.11,222,0
20060619,9.11,9.11,9.11,9.11,338,0
20060620,8.8442,8.8442,8.8442,8.8442,674,0
20060621,8.8442,8.8442,8.8442,8.8442,386,0
20060622,8.8442,8.8442,8.6218,8.7929,21490,0
20060623,8.7587,8.8016,8.7243,8.7243,20698,0
20060626,8.69,8.69,8.69,8.69,222,0
20060627,8.6218,8.8442,8.6218,8.7587,12982,0
20060629,8.7587,8.7587,8.5873,8.69,5200,0
20060705,8.69,8.69,8.3989,8.3989,674,0
20060707,8.7071,8.7071,8.5361,8.5361,2033,0
20060710,8.4932,8.4932,8.4932,8.4932,430,0
20060711,8.9642,9.0238,8.733,8.8956,863632,0
20060712,8.8186,9.0665,8.7757,8.7843,167722,0
20060713,8.8186,9.0665,8.8186,8.9899,706929,0
20060714,8.9899,9.0323,8.9725,9.0323,381323,0
20060717,9.0746,9.2037,8.9811,9.1613,54566,0
20060718,9.1363,9.2472,8.8615,9.0746,96896,0
20060719,9.1271,9.3832,9.1177,9.3238,59585,0
20060720,9.1613,9.2472,9.1613,9.2472,5066,0
20060721,9.2636,9.4178,9.2472,9.255,169008,0
20060724,9.3749,9.76,9.3749,9.633,125937,0
20060725,9.504,9.76,9.504,9.65,16277,0
20060726,9.734,9.734,9.4247,9.633,17906,0
20060727,9.633,9.633,9.4787,9.58,7528,0
20060728,9.3749,9.641,9.3749,9.641,18351,0
20060731,9.641,9.641,9.4178,9.589,10920,0
20060801,9.4509,9.4509,9.4178,9.4178,2142,0
20060802,9.4178,9.504,9.4178,9.4178,11201,0
20060803,9.504,9.504,9.3749,9.4336,2803,0
20060804,9.3749,9.3749,9.3749,9.3749,120,0
20060807,9.4608,9.4608,9.3064,9.3154,11284,0
20060808,9.2889,9.4,9.2889,9.4,9114,0
20060809,9.2978,9.4336,9.2889,9.4336,9918,0
20060811,9.2889,9.529,9.2889,9.521,15647,0
20060814,9.4608,9.4608,9.4608,9.4608,20790,0
20060815,9.666,9.666,9.546,9.589,22220,0
20060816,9.633,9.657,9.504,9.589,92867,0
20060817,9.589,9.606,9.4876,9.4876,23282,0
20060818,9.4608,9.58,9.4608,9.58,21609,0
20060821,9.58,9.7,9.58,9.7,5117,0
20060822,9.666,9.666,9.4608,9.589,15502,0
20060823,9.633,9.675,9.555,9.666,7415,0
20060824,9.65,9.7,9.633,9.684,19031,0
20060825,9.717,9.717,9.633,9.691,6514,0
20060828,9.803,9.803,9.675,9.803,9906,0
20060829,9.803,9.803,9.786,9.786,2705,0
20060830,9.795,10.669,9.717,9.915,8436,0
20060831,10.052,10.266,9.863,10.266,72473,0
20060901,10.206,10.307,10.111,10.274,8180,0
20060905,10.352,10.479,10.352,10.402,467,0
20060906,10.479,10.479,9.932,10.008,10689,0
20060907,10.025,10.402,10.008,10.008,4829,0
20060908,10.361,10.361,10.061,10.232,30247,0
20060911,10.061,10.189,10.061,10.146,7983,0
20060912,10.146,10.146,10.061,10.111,2255,0
20060913,10.146,10.146,10.061,10.061,10161,0
20060914,10.061,10.111,10.061,10.102,9139,0
20060915,10.102,10.488,10.102,10.249,5571,0
20060918,10.249,10.488,10.12,10.12,3464,0
20060919,10.307,10.307,10.307,10.307,316,0
20060920,10.232,10.232,10.102,10.102,2881,0
20060921,10.137,10.189,10.137,10.189,1401,0
20060922,10.102,10.102,10.102,10.102,768,0
20060925,10.102,10.102,10.052,10.052,2574,0
20060926,10.179,10.189,10.179,10.189,2511,0
20060927,10.146,10.146,10.016,10.016,2919,0
20060928,9.932,10.016,9.932,10.016,8865,0
20060929,9.932,10.016,9.932,10.016,953,0
20061002,10.016,10.016,10.016,10.016,2260,0
20061003,10.488,10.488,9.999,10.034,5252,0
20061005,10.137,10.137,10.034,10.034,2039,0
20061006,10.061,10.146,10.061,10.12,7415,0
20061009,10.266,10.266,10.266,10.266,120,0
20061010,10.266,10.266,10.266,10.266,3735,0
20061012,10.232,10.232,10.232,10.232,120,0
20061013,9.932,9.932,9.889,9.889,1230,0
20061016,9.889,9.932,9.521,9.675,14949,0
20061017,9.691,9.778,9.691,9.778,1870,0
20061018,9.778,9.778,9.691,9.691,1596,0
20061019,9.975,9.975,9.846,9.932,3040,0
20061020,9.76,10.216,9.76,10.216,1053,0
20061023,10.171,10.171,9.846,9.846,1317,0
20061024,9.889,9.889,9.889,9.889,555,0
20061025,9.846,9.932,9.7,9.932,1732,0
20061026,9.932,9.932,9.932,9.932,1165,0
20061027,9.889,10.052,9.889,9.932,2919,0
20061030,9.889,9.889,9.889,9.889,232,0
20061031,9.932,9.999,9.932,9.999,1401,0
20061101,9.889,9.898,9.889,9.898,1638,0
20061102,9.871,9.871,9.846,9.846,3387,0
20061103,9.846,9.846,9.76,9.76,2068,0
20061106,9.76,9.786,9.76,9.76,2241,0
20061107,9.76,9.811,9.76,9.76,1355,0
20061108,10.24,10.24,10.102,10.102,698,0
20061109,10.189,10.189,9.999,10.12,955,0
20061110,9.932,9.932,9.752,9.76,9578,0
20061113,10.189,10.189,10.189,10.189,120,0
20061114,9.846,9.855,9.846,9.846,7010,0
20061116,9.932,10.257,9.838,9.846,28089,0
20061117,9.846,9.855,9.846,9.846,2698,0
20061120,9.863,9.932,9.803,9.846,1937,0
20061121,9.932,10.266,9.846,9.846,8920,0
20061122,9.846,9.846,9.846,9.846,120,0
20061127,10.232,10.232,9.88,9.88,2105,0
20061128,10.016,10.016,10.016,10.016,367,0
20061129,9.898,9.907,9.546,9.846,30071,0
20061130,9.846,9.907,9.838,9.907,31067,0
20061201,9.846,9.846,9.691,9.82,4027,0
20061204,9.684,9.684,9.675,9.675,3736,0
20061205,9.7,9.983,9.7,9.949,2874,0
20061206,9.846,9.846,9.795,9.795,1064,0
20061207,9.7,9.846,9.7,9.846,3515,0
20061208,9.846,9.855,9.846,9.846,620,0
20061211,9.975,9.975,9.846,9.846,4929,0
20061212,9.846,9.846,9.846,9.846,2815,0
20061213,9.846,9.846,9.803,9.803,14084,0
20061214,9.803,9.803,9.743,9.76,18571,0
20061218,9.725,9.725,9.675,9.675,7825,0
20061219,9.633,9.846,9.633,9.846,23048,0
20061220,9.838,9.846,9.786,9.786,935,0
20061221,9.725,9.811,9.725,9.811,11224,0
20061226,9.803,9.957,9.769,9.846,4789,0
20061228,9.846,9.846,9.846,9.846,2932,0
20061229,9.846,9.846,9.846,9.846,232,0
20070103,9.717,9.838,9.675,9.734,10921,0
20070104,9.846,9.915,9.76,9.855,23015,0
20070105,9.734,9.846,9.734,9.76,10125,0
20070108,9.829,9.846,9.82,9.82,1368,0
20070109,9.846,9.889,9.717,9.846,37239,0
20070110,9.889,9.889,9.846,9.846,9307,0
20070111,9.846,9.88,9.846,9.88,7124,0
20070112,9.803,9.915,9.803,9.889,12783,0
20070116,9.803,9.811,9.803,9.811,1284,0
20070117,9.889,9.889,9.803,9.803,10337,0
20070118,9.803,9.88,9.803,9.846,6342,0
20070119,9.846,9.889,9.846,9.846,5185,0
20070122,9.932,9.932,9.932,9.932,348,0
20070123,9.641,9.992,9.641,9.889,12648,0
20070124,9.932,9.932,9.932,9.932,42382,0
20070125,9.889,9.889,9.889,9.889,702,0
20070126,9.889,9.889,9.889,9.889,848,0
20070129,9.889,9.932,9.889,9.898,6890,0
20070130,9.889,9.932,9.889,9.932,5836,0
20070131,9.889,9.932,9.889,9.932,3387,0
20070201,9.932,9.966,9.898,9.966,1986,0
20070202,9.932,9.966,9.932,9.966,1344,0
20070205,9.999,9.999,9.999,9.999,175,0
20070206,9.932,9.932,9.907,9.907,693,0
20070207,9.907,9.907,9.898,9.898,1098,0
20070209,9.863,9.924,9.863,9.924,467,0
20070212,9.871,9.871,9.871,9.871,186,0
20070213,9.863,9.932,9.863,9.932,14397,0
20070214,9.932,9.941,9.889,9.889,6076,0
20070215,9.924,9.957,9.889,9.907,17810,0
20070216,9.932,9.975,9.932,9.975,2453,0
20070220,9.932,9.932,9.932,9.932,270,0
20070221,9.975,9.975,9.975,9.975,467,0
20070222,9.983,10.025,9.983,10.025,12964,0
20070223,10.016,10.274,10.016,10.146,10544,0
20070226,10.198,10.198,10.198,10.198,660,0
20070227,10.034,10.128,10.016,10.034,2570,0
20070228,9.975,10.095,9.975,10.095,3379,0
20070305,9.898,9.915,9.786,9.786,3342,0
20070306,9.778,9.932,9.778,9.778,16902,0
20070307,9.795,9.795,9.734,9.734,619,0
20070308,9.725,9.932,9.725,9.932,5935,0
20070309,9.924,10.189,9.889,9.889,2919,0
20070312,9.786,9.786,9.717,9.76,8759,0
20070313,9.889,9.889,9.717,9.76,4714,0
20070315,9.795,9.803,9.76,9.803,21746,0
20070316,9.803,9.803,9.76,9.76,4203,0
20070319,9.795,9.795,9.725,9.725,915,0
20070320,9.691,9.691,9.4956,9.691,2785,0
20070321,9.555,9.555,9.1613,9.4178,22774,0
20070322,9.504,9.504,9.2037,9.4247,57102,0
20070323,9.4089,9.521,9.2636,9.4697,32295,0
20070326,9.3238,9.3415,9.2889,9.3327,32975,0
20070327,9.504,9.504,9.504,9.504,232,0
20070328,9.521,9.521,9.4608,9.4608,763,0
20070329,9.3749,9.633,9.3749,9.606,5788,0
20070402,9.529,9.691,9.529,9.691,1284,0
20070403,9.734,9.778,9.734,9.778,1519,0
20070404,9.769,9.778,9.691,9.691,698,0
20070409,9.598,9.598,9.598,9.598,120,0
20070410,9.589,9.589,9.4608,9.4608,1249,0
20070411,9.4787,9.512,9.4787,9.512,249,0
20070412,9.4876,9.538,9.4697,9.529,467,0
20070413,9.4608,9.555,9.4608,9.555,1751,0
20070416,9.504,9.504,9.4178,9.4178,2570,0
20070417,9.512,9.512,9.4697,9.4697,586,0
20070418,9.4608,9.4608,9.4429,9.4429,1124,0
20070419,9.3749,9.4509,9.3749,9.4509,620,0
20070420,9.504,9.504,9.4247,9.4247,232,0
20070423,9.4787,9.504,9.4787,9.4876,2253,0
20070424,9.4956,9.529,9.4429,9.521,7883,0
20070425,9.546,9.546,9.4608,9.4608,2904,0
20070426,9.504,9.504,9.4178,9.4247,2453,0
20070427,9.4429,9.4697,9.4247,9.4247,698,0
20070430,9.4787,9.4876,9.4787,9.4876,348,0
20070501,9.4247,9.4247,9.4178,9.4178,2248,0
20070502,9.2472,9.2723,9.2472,9.2472,16418,0
20070503,9.2212,9.2472,9.2037,9.2472,23534,0
20070504,9.2472,9.2889,9.2472,9.2889,358,0
20070507,9.2124,9.2636,9.2037,9.2212,1430,0
20070508,9.2802,9.2802,9.1787,9.2297,7517,0
20070509,9.3238,9.3238,9.1613,9.2124,3706,0
20070510,9.3238,9.3327,9.2124,9.2124,3269,0
20070511,9.2124,9.255,9.2124,9.255,2805,0
20070514,9.2802,9.3327,9.2472,9.2889,11861,0
20070515,9.255,9.255,9.1613,9.2037,29431,0
20070516,9.1613,9.2037,9.1613,9.1613,9066,0
20070517,9.1613,9.2889,9.1526,9.1526,47855,0
20070518,9.1177,9.1177,9.11,9.1177,23007,0
20070521,9.0746,9.11,8.9471,8.9471,9695,0
20070522,9.1177,9.1871,8.9899,9.1526,63753,0
20070523,9.1613,9.1613,9.1613,9.1613,348,0
20070524,9.2037,9.546,9.2037,9.3749,46716,0
20070525,9.3749,9.4247,9.3749,9.4178,11480,0
20070529,9.4429,9.4429,9.4089,9.4089,3411,0
20070530,9.3327,9.4247,9.3327,9.4178,23122,0
20070531,9.4,9.4509,9.3832,9.4089,3376,0
20070601,9.4509,9.4509,9.4178,9.4178,5956,0
20070604,9.4336,9.4429,9.4178,9.4178,5144,0
20070605,9.4178,9.4247,9.1787,9.4247,5224,0
20070606,9.3832,9.3832,9.3832,9.3832,120,0
20070607,9.3749,9.3749,8.9212,9.2889,6133,0
20070608,9.2889,9.4178,9.2889,9.4178,338,0
20070612,9.3415,9.4608,9.2889,9.2889,9798,0
20070613,9.4089,9.4697,9.4,9.4697,815,0
20070615,9.3749,9.3921,9.1177,9.3327,13759,0
20070618,9.3154,9.4178,9.3154,9.3749,1227,0
20070619,9.4509,9.4956,9.3572,9.366,2919,0
20070620,9.3064,9.3064,9.2889,9.2889,3855,0
20070621,9.2889,9.2889,9.2889,9.2889,348,0
20070622,9.2889,9.2889,9.2889,9.2889,586,0
20070625,9.2889,9.3327,9.2472,9.255,1633,0
20070626,9.2472,9.2472,9.2472,9.2472,120,0
20070627,9.2978,9.3154,9.2472,9.2472,4940,0
20070628,9.2387,9.3572,9.2037,9.2037,3248,0
20070629,9.2723,9.3749,9.1697,9.3749,8626,0
20070702,9.2978,9.2978,9.2889,9.2889,1393,0
20070703,9.2297,9.2889,9.2037,9.2889,1165,0
20070705,9.1697,9.2037,9.1697,9.2037,232,0
20070706,9.3572,9.366,9.2636,9.2636,2103,0
20070709,9.2124,9.2636,9.2124,9.2636,467,0
20070710,9.2212,9.2387,9.2037,9.2387,10507,0
20070711,9.3327,9.4089,9.2889,9.3749,44796,0
20070712,9.255,9.4089,9.255,9.4089,217394,0
20070713,9.3572,9.4509,9.3327,9.3327,24334,0
20070716,9.4089,9.4178,9.1961,9.1961,9635,0
20070717,9.0746,9.0746,9.0746,9.0746,232,0
20070718,9.2723,9.2723,9.0746,9.1613,202921,0
20070719,9.2723,9.2723,9.11,9.11,14223,0
20070720,9.1613,9.1961,8.9899,8.9899,32745,0
20070723,8.9899,9.0746,8.9899,8.9899,44318,0
20070724,8.9983,9.0746,8.9899,9.0746,15611,0
20070725,8.9983,8.9983,8.8615,8.8872,4965,0
20070726,8.8615,8.9042,8.5617,8.7158,10778,0
20070727,8.7843,9.0504,8.7843,9.0504,13737,0
20070730,9.0842,9.0842,8.9471,9.0417,27637,0
20070731,9.0151,9.0578,8.8186,8.8186,5836,0
20070801,8.9899,9.3749,8.9899,9.0746,83627,0
20070802,9.1613,9.1613,9.0842,9.0842,5326,0
20070803,9.0842,9.1014,9.0578,9.0665,3542,0
20070806,9.0746,9.1697,8.9212,9.0417,30632,0
20070807,8.9899,9.0151,8.9127,8.9899,10652,0
20070808,8.9983,9.4509,8.7929,9.3154,68334,0
20070809,9.3749,9.3749,9.2889,9.2889,1633,0
20070810,9.2297,9.2297,9.2124,9.2297,1401,0
20070813,9.2297,9.2889,9.2037,9.2889,8542,0
20070814,9.2723,9.3327,9.2472,9.3327,6073,0
20070815,9.2472,9.2723,9.2124,9.2212,11609,0
20070816,9.2636,9.3238,9.2297,9.3238,8292,0
20070817,9.2889,9.3064,9.2723,9.2802,4676,0
20070820,9.2978,9.3749,9.2802,9.3749,39445,0
20070821,9.3238,9.3238,9.255,9.2889,1284,0
20070822,9.2472,9.2889,9.2472,9.2889,5359,0
20070823,9.3415,9.3503,9.3415,9.3415,467,0
20070824,9.3327,9.3327,9.3064,9.3154,815,0
20070827,9.4,9.4,9.2889,9.2889,7970,0
20070828,9.2802,9.2889,9.2802,9.2889,1165,0
20070829,9.2037,9.2723,9.2037,9.2723,586,0
20070830,9.255,9.2889,9.2297,9.2889,4089,0
20070831,9.3327,9.3327,9.2889,9.3327,7328,0
20070904,9.2978,9.4178,9.2889,9.4,25079,0
20070905,9.4089,9.4178,9.3749,9.3749,2805,0
20070906,9.3327,9.82,9.3327,9.82,10849,0
20070907,9.725,9.769,9.633,9.752,7528,0
20070910,9.743,9.82,9.743,9.752,1519,0
20070911,9.743,9.786,9.743,9.786,1284,0
20070912,9.675,9.88,9.675,9.88,16411,0
20070913,9.932,9.932,9.846,9.846,7252,0
20070914,9.838,9.846,9.838,9.846,3269,0
20070917,9.949,9.949,9.907,9.915,80243,0
20070918,9.915,9.915,9.915,9.915,698,0
20070924,9.915,9.915,9.915,9.915,232,0
20070925,9.795,9.795,9.709,9.709,698,0
20070926,9.846,9.846,9.743,9.743,3855,0
20070927,9.734,9.734,9.633,9.633,1519,0
20070928,9.571,9.571,9.4247,9.4247,1284,0
20071001,9.4178,9.4247,9.4178,9.4247,1578,0
20071002,9.4247,9.4247,9.4178,9.4178,1284,0
20071003,9.3415,9.3415,9.3415,9.3415,120,0
20071004,9.3503,9.3503,9.3327,9.3415,11902,0
20071005,9.4,9.4178,9.4,9.4178,40230,0
20071008,9.4089,9.4089,9.4089,9.4089,120,0
20071009,9.4,9.4089,9.3327,9.3327,1234,0
20071011,9.3327,9.4178,9.3327,9.3327,5811,0
20071012,9.3327,9.4178,9.3327,9.3415,1697,0
20071015,9.3327,9.3327,9.3327,9.3327,1751,0
20071017,9.3327,9.3327,9.3327,9.3327,3502,0
20071018,9.3327,9.3327,9.3327,9.3327,3354,0
20071019,9.3415,9.3415,9.2037,9.2037,2961,0
20071022,9.2387,9.2387,9.1439,9.1613,3228,0
20071024,9.0746,9.2124,9.0746,9.0746,488,0
20071025,9.1014,9.2212,8.8615,9.2212,7848,0
20071026,9.3238,9.3238,9.2387,9.2387,232,0
20071029,9.3327,9.3415,9.2037,9.2037,2709,0
20071030,9.1697,9.1697,9.1697,9.1697,453,0
20071031,9.1363,9.2387,9.1363,9.2387,1165,0
20071101,9.0842,9.0842,9.007,9.007,467,0
20071102,9.0151,9.0323,8.9555,8.9555,2159,0
20071105,8.9212,8.9212,8.8186,8.8186,586,0
20071106,9.1271,9.1271,8.9899,9.0323,815,0
20071107,8.9983,9.0746,8.9899,9.0746,3712,0
20071108,8.9899,8.9899,8.9899,8.9899,4970,0
20071109,8.7587,8.9811,8.7587,8.9811,2219,0
20071112,8.9983,9.007,8.9899,8.9899,2338,0
20071113,8.9127,8.9127,8.8615,8.9127,1284,0
20071114,8.8269,8.8269,8.8186,8.8186,1551,0
20071115,8.8615,8.8615,8.8615,8.8615,3220,0
20071116,8.8099,8.8186,8.8099,8.8186,380,0
20071119,8.8787,8.8787,8.8787,8.8787,1401,0
20071120,8.8186,8.9385,8.8186,8.8442,2942,0
20071121,8.8615,9.3064,8.8615,8.9042,1518,0
20071126,9.1613,9.1613,9.1613,9.1613,232,0
20071127,9.1014,9.1363,8.9471,8.9471,1187,0
20071128,8.8615,8.8615,8.8615,8.8615,2687,0
20071129,8.8442,8.8442,8.8442,8.8442,120,0
20071130,8.8442,8.8956,8.7757,8.8956,5725,0
20071203,8.7843,8.7843,8.7757,8.7757,945,0
20071204,8.69,8.69,8.476,8.5617,11096,0
20071205,8.7757,8.7757,8.7757,8.7757,369,0
20071206,8.8099,8.8099,8.5704,8.5704,1261,0
20071207,8.5961,8.5961,8.5873,8.5873,232,0
20071210,8.5961,8.5961,8.5617,8.5617,1519,0
20071211,8.5617,9.11,8.5617,9.0323,8477,0
20071212,9.0746,9.0746,8.9983,8.9983,34455,0
20071213,8.8615,9.0504,8.7757,9.0504,4443,0
20071214,8.9983,8.9983,8.9983,8.9983,120,0
20071217,8.8956,9.0323,8.8956,9.0323,5956,0
20071218,8.9042,8.9042,8.6301,8.6644,5487,0
20071219,8.6218,8.6218,8.6045,8.6045,698,0
20071220,8.6045,9.1526,8.6045,9.1177,30804,0
20071221,8.7843,8.9042,8.7757,8.9042,907,0
20071224,9.0919,9.1014,9.0919,9.1014,564,0
20071226,8.9042,8.9042,8.9042,8.9042,537,0
20071227,8.9042,8.9042,8.9042,8.9042,467,0
20071228,8.6473,8.7071,8.6045,8.7071,1165,0
20071231,8.69,8.69,8.69,8.69,120,0
20080102,8.6045,8.6045,8.4419,8.5617,6188,0
20080103,8.5961,8.5961,8.476,8.476,4556,0
20080104,8.5018,8.5189,8.5018,8.5189,1909,0
20080107,8.5189,8.5189,8.5189,8.5189,467,0
20080108,8.5361,9.0417,8.5189,8.9899,46311,0
20080109,8.8099,8.8099,8.5617,8.579,6784,0
20080110,8.6131,8.69,8.5704,8.6045,21373,0
20080111,8.9385,8.9385,8.6131,8.6817,4673,0
20080114,8.8099,8.8099,8.6131,8.6473,5772,0
20080115,8.5704,8.5704,8.5704,8.5704,120,0
20080116,8.6131,8.6987,8.5617,8.579,4439,0
20080117,8.5617,8.6473,8.5617,8.6473,616,0
20080118,8.5617,8.5617,8.0908,8.3904,18376,0
20080122,8.2106,8.6473,8.0481,8.6473,4303,0
20080123,8.476,8.5617,8.476,8.5617,2819,0
20080124,8.6473,8.7757,8.5704,8.7757,810,0
20080125,8.579,8.6473,8.579,8.6473,232,0
20080129,8.6473,8.6473,8.6473,8.6473,815,0
20080130,8.6473,8.8099,8.6473,8.8016,12499,0
20080131,8.8956,8.8956,8.7417,8.8615,4724,0
20080204,8.656,8.8956,8.656,8.8872,467,0
20080205,8.7757,8.7757,8.733,8.7757,441683,0
20080207,8.7757,8.7757,8.6473,8.6473,815,0
20080208,8.6045,8.8699,8.6045,8.8528,5025,0
20080211,8.8615,8.8615,8.7672,8.8442,711,0
20080212,8.8615,8.9042,8.7757,8.8186,2196,0
20080213,8.7417,8.8872,8.7417,8.8872,348,0
20080214,8.8956,8.8956,8.8956,8.8956,120,0
20080215,8.7929,8.7929,8.7757,8.7757,1550,0
20080219,8.7757,8.7757,8.476,8.476,2153,0
20080220,8.476,8.476,8.476,8.476,3502,0
20080221,8.476,8.4846,8.476,8.4846,3035,0
20080222,8.476,8.5018,8.4335,8.4419,918,0
20080225,8.5189,8.69,8.4335,8.6473,1519,0
20080226,8.5018,8.5018,8.3989,8.4932,1375,0
20080229,8.6389,8.6473,8.6389,8.6473,2338,0
20080304,8.5189,8.5189,8.5189,8.5189,232,0
20080306,8.5104,8.5104,8.5104,8.5104,120,0
20080307,8.416,8.4677,8.416,8.4677,414,0
20080310,8.4932,8.5189,8.2277,8.5189,1519,0
20080312,8.5617,8.6473,8.2194,8.3477,7713,0
20080313,8.3135,8.3135,8.3135,8.3135,232,0
20080314,8.2623,8.2623,8.2363,8.2363,232,0
20080317,8.2194,8.2277,8.1764,8.1764,2494,0
20080318,8.2277,8.2961,8.1764,8.2961,1506,0
20080319,8.185,8.2194,8.1764,8.2194,3234,0
20080320,8.185,8.476,8.185,8.476,814,0
20080324,8.3047,8.3047,8.2277,8.2623,3621,0
20080325,8.3563,8.3563,8.2277,8.2277,15817,0
20080326,8.3047,8.3047,8.2363,8.2363,1284,0
20080327,8.3135,8.3135,8.3135,8.3135,232,0
20080328,8.3047,8.3047,8.2363,8.2363,1401,0
20080401,8.2623,8.3734,8.2623,8.3734,232,0
20080402,8.2623,8.2623,8.1339,8.1339,14252,0
20080403,8.2535,8.3734,8.2535,8.2623,348,0
20080404,8.3734,8.476,8.3734,8.4677,4439,0
20080407,8.3047,8.5617,8.1423,8.4419,26112,0
20080408,8.5361,8.6473,8.2277,8.2277,2919,0
20080410,8.2277,8.3989,8.2277,8.3989,260,0
20080411,8.4677,8.4677,8.2277,8.2277,810,0
20080414,8.2706,8.2706,8.2623,8.2623,698,0
20080415,8.2277,8.2535,8.1764,8.185,4904,0
20080416,8.3734,8.3734,8.3047,8.3477,3387,0
20080417,8.2877,8.2877,8.2363,8.2363,348,0
20080418,8.2448,8.2448,8.2106,8.2106,380,0
20080421,8.3392,8.3904,8.2706,8.3047,3970,0
20080422,8.3135,8.3563,8.2793,8.2793,348,0
20080423,8.2623,8.2623,8.2623,8.2623,5020,0
20080424,8.2706,8.2706,8.2706,8.2706,815,0
20080425,8.2706,8.2706,8.2706,8.2706,232,0
20080428,8.2793,8.2793,8.2706,8.2706,3080,0
20080430,8.3392,8.459,8.2877,8.2877,1165,0
20080501,8.2706,8.2706,8.1506,8.2535,2558,0
20080502,8.2535,8.2535,8.1506,8.1506,3499,0
20080505,8.1593,8.1593,8.1253,8.1253,16773,0
20080506,8.2277,8.2623,8.2277,8.2623,1986,0
20080508,8.2535,8.2623,8.2448,8.2448,564,0
20080512,8.1936,8.2535,8.1936,8.2535,232,0
20080513,8.2448,8.2623,8.2448,8.2623,1986,0
20080514,8.1678,8.1678,8.1678,8.1678,120,0
20080516,8.1253,8.1253,7.6969,7.7055,2127,0
20080519,7.6543,7.6543,7.6543,7.6543,120,0
20080520,7.774,7.8768,7.774,7.8768,120,0
20080522,7.9625,7.9625,7.9625,7.9625,120,0
20080523,7.7055,7.7055,7.7055,7.7055,10862,0
20080528,7.7055,7.7398,7.7055,7.7398,597,0
20080530,8.1506,8.6045,8.1506,8.6045,5608,0
20080603,8.5617,8.5617,8.5617,8.5617,232,0
20080605,8.476,8.476,8.476,8.476,120,0
20080606,8.3649,8.3649,8.3563,8.3563,612,0
20080610,8.5273,8.5273,7.7055,8.0309,2627,0
20080612,8.0309,8.1079,8.0309,8.1079,274,0
20080613,7.894,8.0566,7.894,8.0566,524,0
20080618,7.8596,7.8768,7.7569,7.7569,935,0
20080619,7.7055,7.9965,7.6028,7.9797,2738,0
20080624,7.7055,7.7055,7.2264,7.2264,2687,0
20080625,7.2175,7.2175,7.2175,7.2175,120,0
20080626,7.4574,7.4658,7.2175,7.2435,6174,0
20080627,7.8254,7.8254,7.2175,7.8083,12570,0
20080630,7.2348,7.4913,7.2348,7.4913,1541,0
20080701,7.6628,7.8083,7.6628,7.8083,11554,0
20080702,7.6285,7.7997,7.4913,7.5344,7722,0
20080707,7.2861,7.2861,7.0718,7.0718,2714,0
20080708,7.1061,7.7055,6.9862,7.2775,16854,0
20080710,7.209,7.5429,7.209,7.5429,232,0
20080714,7.1918,7.1918,7.0208,7.0208,586,0
20080715,7.0208,7.0634,7.0208,7.0634,1519,0
20080716,7.6714,7.6969,7.2775,7.6714,2086,0
20080717,7.3803,7.3803,7.0805,7.1577,1751,0
20080718,7.6714,7.6714,7.6714,7.6714,120,0
20080721,7.6799,7.7055,7.6714,7.6969,6305,0
20080722,7.7055,7.9025,7.7055,7.9025,232,0
20080724,7.6714,7.8768,7.6714,7.8768,348,0
20080725,7.6714,7.8768,7.6714,7.8768,467,0
20080728,7.7141,7.8768,7.7055,7.8768,4078,0
20080729,7.7484,7.8768,7.7484,7.8768,232,0
20080801,7.8682,7.8768,7.8682,7.8768,2338,0
20080804,7.7484,7.8768,7.7484,7.8768,29318,0
20080805,7.7055,7.8083,7.7055,7.8083,808,0
20080808,7.7484,7.7484,7.6885,7.7055,5891,0
20080813,7.2775,7.6969,7.2775,7.6885,14135,0
20080814,7.7055,7.7055,7.7055,7.7055,7589,0
20080815,7.6199,7.6199,7.577,7.577,853,0
20080818,7.5344,7.6969,7.5344,7.6969,13664,0
20080820,7.3203,7.3203,7.1918,7.1918,1165,0
20080821,7.6199,7.6199,7.6199,7.6199,247,0
20080822,7.2602,7.4829,7.2348,7.4829,687,0
20080825,7.4913,7.4913,7.4829,7.4829,7819,0
20080826,7.3288,7.6969,7.3288,7.6969,348,0
20080827,7.4057,7.4913,7.2775,7.4913,1165,0
20080828,7.4913,7.6199,7.4574,7.6199,4323,0
20080902,7.6714,7.6714,7.2775,7.5513,1760,0
20080903,7.4486,7.6113,7.4486,7.6113,9744,0
20080904,7.3631,7.4486,7.3203,7.3203,42456,0
20080905,7.5258,7.5258,7.5258,7.5258,247,0
20080908,7.6714,7.6969,7.0976,7.6714,3111,0
20080910,7.3631,7.6543,7.1061,7.6543,2235,0
20080911,7.6373,7.6969,7.6373,7.6969,239,0
20080912,7.6373,7.6628,7.3459,7.6628,935,0
20080915,7.4057,7.6628,7.0634,7.6199,1991,0
20080916,7.6628,7.6628,7.6628,7.6628,120,0
20080917,7.2348,7.6458,7.2005,7.6458,1642,0
20080918,7.6113,7.6113,7.6113,7.6113,120,0
20080919,7.6628,7.6628,7.6543,7.6543,232,0
20080922,7.2775,7.6113,7.2775,7.6113,815,0
20080923,7.6113,7.6199,7.3631,7.6199,1156,0
20080924,7.5344,7.5344,7.5344,7.5344,1391,0
20080925,7.3631,7.5344,7.3631,7.5344,1430,0
20080926,7.2775,7.3631,7.2775,7.2775,17092,0
20080929,7.4829,7.4829,7.2775,7.2775,2299,0
20081002,7.1918,7.1918,7.0718,7.0718,124394,0
20081003,7.7055,7.7055,7.7055,7.7055,122,0
20081006,7.2775,7.2775,7.0634,7.0634,1663,0
20081007,7.5258,7.5258,7.5258,7.5258,232,0
20081008,7.2775,7.2775,7.2775,7.2775,232,0
20081009,7.6714,7.7055,7.0634,7.0634,5037,0
20081010,7.2689,7.2775,7.0634,7.2775,12495,0
20081014,7.2775,7.2775,7.2775,7.2775,698,0
20081015,7.4574,7.4574,6.8495,6.8495,23125,0
20081016,6.6353,6.6353,6.6353,6.6353,120,0
20081017,6.935,6.935,6.935,6.935,239,0
20081021,7.0634,7.0634,6.6353,6.9779,698,0
20081024,6.4298,6.4298,6.4214,6.4214,2057,0
20081027,6.841,6.841,6.6781,6.6781,1052,0
20081028,6.4214,6.6353,6.4214,6.6353,6060,0
20081030,6.4214,6.4214,6.4214,6.4214,2338,0
20081031,6.6269,6.6269,6.6269,6.6269,232,0
20081104,6.4214,6.4214,6.0873,6.4214,13393,0
20081105,6.6269,6.6269,5.8817,5.8817,2572,0
20081106,5.9932,6.2072,5.5737,5.8218,30531,0
20081107,5.9503,6.079,5.9503,6.079,3276,0
20081110,5.9932,5.9932,5.9846,5.9932,5985,0
20081112,5.7022,5.7791,5.3512,5.6934,906218,0
20081113,5.6934,5.6934,5.4879,5.6079,17987,0
20081114,5.6934,5.6934,5.565,5.565,38572,0
20081117,5.6678,5.6934,5.6334,5.6849,1519,0
20081118,5.6849,5.6849,5.6595,5.6849,1956,0
20081119,5.6506,5.6849,5.6252,5.6849,1697,0
20081120,5.6506,5.6506,5.5566,5.5566,16827,0
20081121,5.5222,5.6849,5.1371,5.6595,21841,0
20081124,5.6849,5.6934,5.4368,5.6079,8264,0
20081125,5.5907,5.5907,5.565,5.565,4203,0
20081126,5.6506,5.6506,5.4795,5.4795,972,0
20081128,5.4795,5.7365,5.4795,5.7365,2182,0
20081201,5.9075,5.9075,5.6595,5.6595,1828,0
20081202,5.8904,5.899,5.6934,5.6934,1633,0
20081203,5.8817,5.8817,5.7365,5.7791,63563,0
20081204,5.9932,6.113,5.7791,5.9503,25530,0
20081205,5.8218,5.8218,5.7365,5.7365,25051,0
20081208,6.113,6.113,6.113,6.113,120,0
20081209,5.7365,5.7365,5.7365,5.7365,41474,0
20081210,5.7193,5.7365,5.6934,5.7365,7104,0
20081211,5.7365,5.7365,5.6079,5.7278,5724,0
20081212,5.6934,5.7791,5.6169,5.6169,17646,0
20081215,5.7791,5.7791,5.5737,5.6334,15866,0
20081216,5.5997,5.9846,5.5137,5.9846,9179,0
20081217,6.156,6.3357,5.8734,6.3187,1812,0
20081218,5.8305,5.8305,5.7791,5.7791,4363,0
20081219,5.7791,5.7791,5.7791,5.7791,2976,0
20081222,5.8135,5.8647,5.7791,5.7791,3322,0
20081223,5.7193,5.7621,5.6169,5.6334,7482,0
20081229,5.565,5.9932,5.565,5.7705,7755,0
20081230,5.8647,5.8734,5.8647,5.8734,232,0
20081231,5.8734,5.8734,5.8734,5.8734,120,0
20090102,5.9075,5.9417,5.9075,5.9417,555,0
20090105,5.9503,5.9503,5.8647,5.9248,8516,0
20090106,6.0362,6.1985,6.0362,6.079,586,0
20090107,5.8817,6.3612,5.565,6.3612,11740,0
20090108,6.4214,6.4214,5.9932,6.4129,1631,0
20090109,6.0873,6.1045,6.0873,6.1045,913,0
20090112,5.9932,5.9932,5.9932,5.9932,1165,0
20090114,6.1388,6.3357,6.1388,6.3272,2308,0
20090115,6.0446,6.4214,6.0446,6.4214,2876,0
20090116,6.4214,6.4214,6.4214,6.4214,3666,0
20090121,6.4214,6.4214,6.4214,6.4214,1901,0
20090122,6.4214,6.4214,5.8135,6.4214,37255,0
20090123,6.5413,6.5413,6.5413,6.5413,232,0
20090126,6.5067,6.6353,6.4641,6.6353,5664,0
20090127,6.5498,6.5498,6.4727,6.4727,120,0
20090128,6.4641,6.4641,6.4214,6.4214,4282,0
20090129,6.4556,6.4556,6.4214,6.4214,1367,0
20090130,6.2929,6.4641,6.2929,6.2929,25323,0
20090202,6.4641,6.4641,6.4641,6.4641,120,0
20090203,6.4214,6.4641,6.4214,6.4641,31769,0
20090204,6.4641,6.4641,6.2673,6.3014,5180,0
20090205,6.2759,6.4129,6.2499,6.3869,4195,0
20090206,6.2072,6.4214,6.1218,6.4214,3735,0
20090210,6.2159,6.2159,6.2072,6.2072,1569,0
20090211,6.2072,6.2072,6.2072,6.2072,3129,0
20090212,6.2072,6.2072,6.1985,6.1985,253,0
20090213,6.2072,6.4641,6.2072,6.4641,15067,0
20090217,6.4214,6.4214,6.2072,6.2072,2749,0
20090219,6.2072,6.2072,6.1645,6.1645,1975,0
20090220,6.1218,6.4214,6.1218,6.4214,24638,0
20090223,6.4043,6.4043,5.4622,5.8734,129243,0
20090224,5.7963,6.4043,5.7963,6.4043,23011,0
20090225,5.5737,6.2072,5.5737,6.2072,5345,0
20090226,6.0873,6.4556,6.0873,6.4556,3359,0
20090227,6.4214,6.4214,6.4214,6.4214,82927,0
20090302,6.2499,6.2499,6.2499,6.2499,2242,0
20090304,6.3014,6.3014,6.2929,6.2929,9998,0
20090305,6.2413,6.2413,6.0618,6.0618,1165,0
20090306,6.053,6.3786,6.0446,6.173,11748,0
20090309,6.3612,6.3612,6.3442,6.3442,643,0
20090310,6.3612,6.3699,6.3612,6.3699,6756,0
20090311,6.3357,6.3357,6.3357,6.3357,157,0
20090313,6.2499,6.2499,6.2499,6.2499,17520,0
20090318,6.3699,6.3786,6.3099,6.3786,8894,0
20090319,6.4214,6.5498,6.4214,6.4641,136371,0
20090320,6.5413,6.5413,6.5413,6.5413,124,0
20090323,6.0191,6.0191,6.0191,6.0191,815,0
20090326,6.2072,6.2072,6.2072,6.2072,232,0
20090327,6.2673,6.6269,6.2072,6.6269,14664,0
20090401,6.3956,6.8495,6.3956,6.6269,655752,0
20090402,6.6438,6.9779,6.6438,6.8581,39243,0
20090403,6.8666,6.935,6.8495,6.935,18932,0
20090406,6.8495,6.935,6.8065,6.8495,23219,0
20090407,6.9779,7.055,6.7724,6.9779,6117,0
20090408,6.9779,6.9779,6.9779,6.9779,348,0
20090413,6.841,7.4486,6.841,7.4486,2603,0
20090414,7.2175,7.2175,6.9691,7.0208,1633,0
20090415,7.1491,7.1491,7.0634,7.1491,8759,0
20090416,7.209,7.3117,7.209,7.3117,13315,0
20090417,7.2348,7.6458,6.8581,7.3203,113981,0
20090420,7.5344,7.5344,6.8495,6.935,11569,0
20090422,6.8495,7.3203,6.8495,7.3203,20793,0
20090423,7.2602,7.5344,7.2602,7.5258,14382,0
20090424,7.6458,7.6458,7.4745,7.4745,1401,0
20090428,7.2775,7.2775,7.2689,7.2775,1378,0
20090429,7.2861,7.2861,7.2775,7.2775,524,0
20090430,7.2689,7.3631,7.2689,7.3203,4682,0
20090501,7.3203,7.4913,7.2005,7.2005,1986,0
20090505,7.4913,7.4913,7.3631,7.3631,3230,0
20090506,7.4829,7.5344,7.0718,7.3545,8057,0
20090507,7.4829,7.5344,7.209,7.2435,4336,0
20090508,7.5258,7.5258,7.3032,7.3631,1021,0
20090511,7.3545,7.3631,7.3545,7.3631,493,0
20090512,6.8581,7.2945,6.8495,7.0718,2919,0
20090513,7.2175,7.2775,6.9779,6.9862,5956,0
20090514,7.1746,7.1746,6.8495,6.8495,9731,0
20090515,6.8581,7.2435,6.8581,7.089,935,0
20090518,6.8751,7.0463,6.8751,7.0463,744,0
20090519,6.8581,7.209,6.8495,7.209,24238,0
20090520,7.2005,7.209,7.0378,7.1491,18339,0
20090521,7.1234,7.2775,6.952,7.2602,21389,0
20090522,7.4314,7.4314,7.2264,7.2775,1474,0
20090526,7.4314,7.4403,7.1491,7.1491,5543,0
20090527,7.1491,7.1491,7.1491,7.1491,223,0
20090529,7.1832,7.3631,7.1832,7.3631,348,0
20090601,6.9092,7.055,6.8495,6.8495,4119,0
20090603,6.8495,6.8495,6.8495,6.8495,350,0
20090605,6.9951,6.9951,6.9951,6.9951,242,0
20090608,6.8495,6.8495,6.8495,6.8495,19378,0
20090609,6.6867,6.8666,6.6353,6.8495,10193,0
20090610,6.8495,6.8581,6.8495,6.8581,467,0
20090612,6.9264,6.935,6.8495,6.8495,27564,0
20090616,6.8495,6.8495,6.8495,6.8495,815,0
20090618,6.918,6.918,6.918,6.918,135,0
20090619,6.8495,6.9007,6.6353,6.6353,3494,0
20090622,6.8495,6.8495,6.8495,6.8495,9695,0
20090623,6.8495,6.9691,6.6438,6.8581,34788,0
20090624,6.8495,6.8495,6.6353,6.6353,113780,0
20090625,6.6524,6.6867,6.6353,6.6867,1401,0
20090626,6.6438,6.6438,5.5479,5.5479,36993,0
20090629,5.7877,6.4214,5.565,6.3357,23303,0
20090630,5.9932,6.7638,5.9932,6.079,13013,0
20090701,6.0873,6.7124,6.0873,6.6867,5020,0
20090702,6.7294,6.841,6.2673,6.2673,7257,0
20090706,6.2159,6.2587,6.2072,6.2587,1404,0
20090708,6.2159,6.841,6.2159,6.841,698,0
20090715,6.7211,6.8495,6.7211,6.8495,9398,0
20090716,6.6353,6.6438,6.6353,6.6438,698,0
20090717,6.5067,6.8495,6.5067,6.7381,32784,0
20090720,6.6438,6.841,6.6438,6.841,467,0
20090721,6.5584,6.5584,6.2587,6.2587,851,0
20090722,6.3272,6.3272,6.2929,6.2929,232,0
20090723,6.7893,6.7893,6.7893,6.7893,120,0
20090724,6.7893,6.7893,6.7893,6.7893,0,0
20090727,6.7893,6.7893,6.7893,6.7893,0,0
20090728,6.7893,6.7893,6.7893,6.7893,0,0
20090729,6.7893,6.7893,6.7893,6.7893,0,0
20090730,6.7893,6.7893,6.7893,6.7893,0,0
20090731,6.7638,6.7638,6.7294,6.7638,3970,0
20090803,6.7638,6.7638,6.7638,6.7638,0,0
20090804,6.7638,6.7638,6.7638,6.7638,0,0
20090805,6.6011,6.7551,6.5067,6.7551,1299,0
20090806,6.5156,6.5156,6.5067,6.5067,3621,0
20090807,6.5669,6.5669,6.5669,6.5669,232,0
20090810,6.5669,6.5669,6.5669,6.5669,0,0
20090811,6.4385,6.4385,6.4385,6.4385,586,0
20090812,6.4385,6.4385,6.4385,6.4385,0,0
20090813,6.4385,6.4385,6.4385,6.4385,0,0
20090814,6.4385,6.4385,6.4385,6.4385,0,0
20090818,6.5067,6.7211,6.5067,6.7211,3035,0
20090819,6.4298,6.7038,6.4043,6.4214,8060,0
20090820,6.3014,6.6353,6.2929,6.6353,6213,0
20090821,6.3099,6.6695,6.3099,6.6353,107144,0
20090824,6.7124,6.798,6.6096,6.798,1265,0
20090825,6.798,6.798,6.798,6.798,0,0
20090826,6.6353,6.6438,6.6011,6.6096,11333,0
20090827,6.5838,6.6353,6.5669,6.6353,645,0
20090828,6.6867,6.6867,6.6011,6.6353,3035,0
20090831,6.6781,6.6781,6.6695,6.6695,1165,0
20090901,6.6353,6.6353,6.5669,6.5669,1986,0
20090908,6.8323,6.8323,6.6524,6.6524,232,0
20090909,6.8323,6.841,6.8323,6.841,326,0
20090911,6.6438,6.6438,6.5669,6.5669,645,0
20090914,6.8495,6.8495,6.8495,6.8495,2338,0
20090916,6.6609,6.6609,6.6524,6.6524,348,0
20090923,6.5669,6.5669,6.4043,6.4043,1129,0
20090924,6.2499,6.2499,6.2499,6.2499,120,0
20090925,6.2499,6.2499,6.0873,6.0873,815,0
20090928,6.156,6.1645,6.0873,6.0873,516,0
20090930,6.0703,6.0703,5.9932,5.9932,1674,0
20091001,5.9932,6.053,5.9932,5.9932,6542,0
20091002,6.1474,6.4214,6.1474,6.4214,4556,0
20091006,6.4214,6.4214,6.4214,6.4214,1165,0
20091007,6.4214,6.5498,6.4214,6.5498,68329,0
20091013,6.4298,6.4298,5.1371,6.079,23303,0
20091014,6.4214,6.4812,6.096,6.1645,10448,0
20091015,6.5413,6.5498,6.5067,6.5067,7124,0
20091016,6.5498,6.8495,6.2413,6.2413,23510,0
20091020,6.079,6.079,6.0703,6.0703,232,0
20091021,6.6353,6.6353,6.6353,6.6353,120,0
20091022,6.4214,6.4214,5.9932,5.9932,1425,0
20091026,6.6096,6.6096,6.5242,6.5242,935,0
20091030,6.4043,6.4214,6.4043,6.4214,2338,0
20091102,6.4214,6.4214,6.079,6.3786,5195,0
20091103,5.9932,6.4129,5.9932,6.3014,3817,0
20091105,6.0362,6.0362,5.9932,6.0017,1551,0
20091106,6.3099,6.3099,6.2587,6.2587,1603,0
20091109,6.3099,6.3357,6.053,6.2759,2093,0
20091111,6.0102,6.0446,6.0102,6.0446,1662,0
20091113,6.3956,6.4043,6.3099,6.3099,467,0
20091117,6.0275,6.0362,5.9674,5.9674,1519,0
20091118,5.9162,5.9162,5.9162,5.9162,348,0
20091119,5.9248,5.9248,5.8563,5.9075,3621,0
20091120,6.156,6.156,6.156,6.156,618,0
20091123,5.9761,5.9932,5.7877,5.9932,6065,0
20091125,5.9932,6.0017,5.9932,5.9932,9826,0
20091130,6.1645,6.1645,5.9932,5.9932,651,0
20091201,5.9932,6.4129,5.9674,6.0362,14609,0
20091202,6.0362,6.2244,6.0275,6.1218,13876,0
20091203,6.1816,6.4214,6.1816,6.3786,39661,0
20091204,6.2587,6.2587,6.1645,6.1645,2919,0
20091210,6.3357,6.3357,6.1645,6.1645,4314,0
20091211,6.3442,6.3442,6.1816,6.1816,1477,0
20091214,6.0102,6.3527,6.0102,6.13,1812,0
20091215,6.2929,6.2929,6.2929,6.2929,25580,0
20091217,6.2499,6.2929,6.1816,6.1816,1165,0
20091218,5.8904,5.8904,5.8904,5.8904,255,0
20091221,5.6678,5.6678,5.565,5.565,763,0
20091222,5.9932,6.0191,5.9932,6.0191,348,0
20091223,6.3527,6.3527,5.9932,6.0017,3728,0
20091228,5.9932,5.9932,5.9932,5.9932,232,0
20091230,6.0017,6.079,5.9932,6.079,1980,0
20091231,6.2929,6.2929,6.2929,6.2929,1109,0
20100104,5.9932,6.0703,5.9932,5.9932,2014,0
20100107,5.9932,6.0102,5.9932,5.9932,12111,0
20100111,5.9932,5.9932,5.9932,5.9932,120,0
20100112,5.9932,5.9932,5.9932,5.9932,1165,0
20100114,5.9932,6.2499,5.9932,6.1474,1847,0
20100119,6.0017,6.0446,5.9932,6.0446,4813,0
20100120,5.9932,5.9932,5.9932,5.9932,5261,0
20100122,6.0017,6.1388,5.9932,5.9932,18803,0
20100125,5.9932,6.053,5.9932,6.053,1458,0
20100126,5.9932,6.1985,5.9932,5.9932,414,0
20100127,5.9932,5.9932,5.9932,5.9932,1165,0
20100128,5.5737,6.4214,5.5737,6.0275,34746,0
20100129,6.1645,6.173,6.0873,6.0873,1052,0
20100201,5.9932,6.0017,5.7791,5.7791,5281,0
20100203,5.9075,5.9075,5.9075,5.9075,1198,0
20100204,5.9075,5.9075,5.6934,5.8049,1284,0
20100205,5.7791,5.9932,5.7791,5.8391,913,0
20100208,5.7791,5.8218,5.7791,5.8218,348,0
20100209,5.7791,5.8049,5.3596,5.565,5724,0
20100216,5.7535,5.7535,5.5824,5.5824,354,0
20100217,6.1899,6.1985,6.079,6.079,699,0
20100218,5.7193,5.9932,5.6934,5.6934,747,0
20100219,6.1985,6.1985,5.7105,5.7105,739,0
20100222,5.9674,5.9674,5.7022,5.8218,1183,0
20100223,5.8218,5.8218,5.8218,5.8218,1764,0
20100224,5.9075,5.9075,5.9075,5.9075,260,0
20100302,5.7365,5.9075,5.7365,5.9075,1284,0
20100304,5.7022,5.7022,5.6934,5.6934,698,0
20100308,5.6934,5.7278,5.565,5.7278,2368,0
20100310,5.7535,5.7877,5.7535,5.7791,9211,0
20100312,5.6764,5.7791,5.5824,5.7791,2453,0
20100317,5.565,5.6506,5.1371,5.2311,7955,0
20100318,5.2311,5.317,5.2311,5.317,2570,0
20100319,5.5566,5.745,5.3512,5.3512,5269,0
20100322,5.4795,5.5052,5.4795,5.5052,467,0
20100323,5.7621,5.7621,5.7621,5.7621,120,0
20100324,5.9334,5.9334,5.9334,5.9334,120,0
20100325,5.9674,5.9674,5.8391,5.9162,2103,0
20100326,5.8904,5.9846,5.6334,5.9589,4679,0
20100329,5.9334,5.9846,5.5907,5.5907,5956,0
20100330,5.7877,5.9846,5.7791,5.9846,15652,0
20100331,5.7877,5.9761,5.7791,5.9674,5026,0
20100401,5.9334,5.9417,5.8305,5.8305,2434,0
20100405,5.9674,5.9761,5.8049,5.8734,3960,0
20100412,5.9761,5.9761,5.9417,5.9589,935,0
20100413,5.8049,5.9589,5.7963,5.9589,586,0
20100414,5.8218,5.8218,5.7963,5.7963,586,0
20100415,5.8904,5.9761,5.8478,5.9761,10513,0
20100416,5.9674,5.9846,5.9674,5.9846,232,0
20100419,5.9846,5.9846,5.9846,5.9846,120,0
20100420,5.8049,5.8049,5.7877,5.7877,467,0
20100421,5.7791,5.7791,5.6424,5.7791,586,0
20100426,5.5307,5.5307,5.4795,5.5052,3502,0
20100427,5.4795,5.4795,5.4795,5.4795,398,0
20100429,5.4966,5.5137,5.4966,5.4966,586,0
20100430,5.4879,5.5052,5.4795,5.4795,698,0
20100503,5.4879,5.4879,5.4795,5.4795,232,0
20100504,5.2997,5.3512,5.2569,5.2569,2234,0
20100505,5.2741,5.2741,5.2569,5.2569,348,0
20100506,5.5479,5.6678,5.5052,5.6678,935,0
20100507,5.565,5.565,5.565,5.565,5257,0
20100511,5.2741,5.3851,5.2311,5.3851,1633,0
20100512,5.1801,5.1801,4.9229,5.1713,2456,0
20100513,5.2227,5.2825,5.2227,5.2653,4846,0
20100517,5.1801,5.1801,5.1371,5.1456,5618,0
20100518,5.1973,5.2056,4.9229,5.1285,1633,0
20100519,4.9403,4.9828,4.9229,4.9229,2805,0
20100520,4.9315,5.0429,4.9229,5.0429,1519,0
20100524,5.06,5.1371,5.06,5.06,890,0
20100525,4.8801,4.8801,4.8716,4.8716,348,0
20100526,4.8716,5.1027,4.8716,4.9914,1224,0
20100527,5.1285,5.1371,5.0856,5.0856,2266,0
20100528,5.1199,5.1285,5.1199,5.1285,232,0
20100608,5.2483,5.2569,5.2483,5.2569,300,0
20100609,5.2653,5.2825,5.2653,5.2653,3807,0
20100610,5.2911,5.2911,5.2911,5.2911,431,0
20100614,5.2911,5.2911,5.1371,5.1371,4282,0
20100618,5.3939,5.3939,5.3939,5.3939,255,0
20100621,5.077,5.077,5.077,5.077,801,0
20100623,5.1629,5.1629,4.8716,4.8716,2331,0
20100625,4.9229,4.9229,4.4951,4.4951,1870,0
20100628,4.4951,4.4951,4.4951,4.4951,331,0
20100629,4.4951,4.4951,4.4951,4.4951,1587,0
20100630,4.8967,5.8636,4.8967,5.5703,29001,0
20100701,4.726,5.1371,4.5377,5.1027,32586,0
20100702,5.0514,5.0514,5.0086,5.0342,1135,0
20100706,4.7774,4.9229,4.6662,4.7519,1540,0
20100707,4.7519,5.0514,4.7519,4.9403,3358,0
20100708,5.0258,5.0856,4.8203,5.0856,2282,0
20100709,5.0856,5.094,5.0683,5.077,2338,0
20100712,5.077,5.077,5.0342,5.0342,1937,0
20100714,4.9229,5.1371,4.9229,5.06,38490,0
20100715,4.9828,5.1371,4.9828,5.0856,2759,0
20100716,5.1371,5.1371,4.8458,5.1371,4473,0
20100719,5.0856,5.0856,5.0856,5.0856,120,0
20100720,5.0086,5.0086,5.0086,5.0086,120,0
20100723,5.0086,5.1371,5.0086,5.1371,5340,0
20100730,4.8886,4.8886,4.8203,4.8203,586,0
20100802,4.8203,5.0001,4.8203,4.8203,586,0
20100803,4.7177,4.8801,4.7177,4.7948,5621,0
20100804,4.7177,4.7948,4.5462,4.5888,17068,0
20100805,4.6233,4.7003,4.6233,4.6319,586,0
20100806,4.709,4.709,4.709,4.709,120,0
20100809,4.8203,4.8203,4.7774,4.7774,1401,0
20100810,4.7948,4.7948,4.7948,4.7948,120,0
20100811,4.4435,4.6748,4.4435,4.6748,1343,0
20100812,4.7003,4.7604,4.7003,4.709,1757,0
20100817,4.7948,4.8203,4.7948,4.8203,1042,0
20100818,4.8203,4.8203,4.7948,4.8203,467,0
20100820,4.709,4.709,4.5208,4.5208,348,0
20100823,4.8118,4.8203,4.4521,4.4521,7454,0
20100824,4.5377,4.5377,4.4951,4.4951,586,0
20100825,4.863,4.8801,4.863,4.8716,3735,0
20100827,4.5975,4.8546,4.4951,4.7774,17192,0
20100830,4.5634,4.6233,4.5634,4.6233,586,0
20100831,4.6203,4.6203,4.6203,4.6203,120,0
20100901,4.8716,4.8716,4.6832,4.709,1650,0
20100903,4.8374,4.8458,4.8374,4.8458,300,0
20100908,4.5292,4.709,4.512,4.572,1820,0
20100909,4.7177,4.7177,4.7177,4.7177,121,0
20100913,4.7519,4.7519,4.7519,4.7519,348,0
20100914,4.6662,4.6748,4.5805,4.5888,467,0
20100915,4.6233,4.6405,4.5805,4.6405,1633,0
20100916,4.5888,4.6319,4.5888,4.6319,232,0
20100917,4.6062,4.8288,4.6062,4.8288,540,0
20100920,4.7346,4.7948,4.7346,4.7948,232,0
20100922,4.863,4.8716,4.8458,4.8458,815,0
20100923,4.8288,4.863,4.8203,4.8203,1214,0
20100924,4.6832,4.7948,4.6662,4.7859,2032,0
20100929,4.6576,4.6576,4.6489,4.6489,1067,0
20100930,4.709,5.1371,4.709,5.1285,33409,0
20101001,5.094,5.1285,4.8374,4.8801,4089,0
20101004,4.7859,4.8203,4.7774,4.8203,1525,0
20101005,5.1112,5.1371,5.1112,5.1199,698,0
20101006,4.8716,4.9146,4.8716,4.9146,232,0
20101007,4.8032,4.8118,4.7948,4.7948,1942,0
20101008,4.7948,4.7948,4.7948,4.7948,892,0
20101012,4.6748,5.0514,4.6748,4.8801,2130,0
20101013,5.1112,5.1112,5.1112,5.1112,232,0
20101014,5.094,5.1199,5.06,5.06,698,0
20101018,5.1112,5.1112,5.0683,5.0683,1986,0
20101019,5.0683,5.0683,4.9229,4.9229,2380,0
20101020,4.9229,4.9229,4.8801,4.8801,2805,0
20101021,4.8801,4.9229,4.7948,4.8801,4323,0
20101022,4.8118,4.9914,4.7948,4.9914,5609,0
20101025,5.0683,5.1199,5.0683,5.1199,1284,0
20101026,5.0514,5.1371,4.8801,5.1371,7594,0
20101027,5.1371,5.4622,5.1371,5.4622,11400,0
20101028,5.4622,5.565,5.3596,5.565,4731,0
20101102,5.5137,5.5137,5.3596,5.3596,1165,0
20101103,5.3512,5.3512,5.3512,5.3512,914,0
20101104,5.4795,5.4795,5.4795,5.4795,2364,0
20101105,5.4622,5.4795,5.4622,5.4795,31536,0
20101108,5.4539,5.4539,5.4539,5.4539,120,0
20101110,5.4622,5.4795,5.4622,5.4795,815,0
20101112,5.3596,5.3596,5.3512,5.3596,1581,0
20101115,5.3596,5.3596,5.3596,5.3596,120,0
20101116,5.3939,5.4622,5.1801,5.4539,998,0
20101119,5.4368,5.4368,5.2056,5.3767,21953,0
20101122,5.1456,5.4195,5.06,5.1973,4533,0
20101123,5.2399,5.2399,5.077,5.077,1284,0
20101124,5.2399,5.2399,5.2311,5.2399,1702,0
20101130,5.2938,5.311,5.2938,5.311,1856,0
20101201,5.1629,5.2569,4.8458,4.8801,15688,0
20101202,4.9059,5.2997,4.8374,5.0258,5126,0
20101203,4.8886,4.9658,4.8458,4.8886,9459,0
20101206,4.8976,4.9403,4.8886,4.9403,850,0
20101207,4.9146,4.9146,4.8801,4.8801,13577,0
20101208,4.8801,5.1456,4.8801,5.0683,3946,0
20101209,4.9229,5.1371,4.8976,5.1371,11540,0
20101210,5.1371,5.1371,5.1371,5.1371,1284,0
20101213,5.2569,5.2569,5.1456,5.1456,2797,0
20101214,5.1371,5.1456,5.1371,5.1371,3336,0
20101216,5.2141,5.2227,5.2141,5.2227,2829,0
20101217,5.2227,5.2227,5.2227,5.2227,14657,0
20101220,5.2227,5.334,5.1801,5.2141,22790,0
20101221,5.2227,5.3512,5.2227,5.3512,2924,0
20101223,5.5222,5.5222,5.3512,5.4368,5247,0
20101227,5.4711,5.565,5.4711,5.565,30248,0
20101228,5.6169,5.6169,5.6169,5.6169,232,0
20101230,5.6476,5.6476,5.6476,5.6476,120,0
20101231,5.5282,6.4787,5.475,5.8009,21369,0
20110103,5.6252,5.6252,5.5566,5.6079,1717,0
20110104,5.6506,5.9674,5.6506,5.9589,484,0
20110105,5.7365,5.7365,5.565,5.565,4299,0
20110107,5.6079,5.6424,5.565,5.565,4456,0
20110110,5.5907,5.7535,5.5737,5.5737,1519,0
20110111,5.9075,5.9075,5.9075,5.9075,120,0
20110112,5.9162,5.9162,5.8734,5.8734,467,0
20110118,5.9761,5.9932,5.9761,5.9932,4662,0
20110119,5.9846,6.4214,5.9846,6.2499,1449,0
20110121,5.5907,5.9503,5.5737,5.9417,2646,0
20110124,5.8135,5.8647,5.7877,5.7877,3746,0
20110125,5.7791,5.8817,5.7791,5.8817,1401,0
20110126,5.9932,6.2499,5.9932,6.2072,815,0
20110127,6.2159,6.4214,6.2159,6.4214,3041,0
20110204,6.4214,6.4214,6.4214,6.4214,147,0
20110222,6.4043,6.4214,6.13,6.13,2491,0
20110223,6.2159,6.3786,6.2072,6.2499,1284,0
20110224,6.2499,6.2499,6.2072,6.2072,613,0
20110225,6.2159,6.2159,6.079,6.079,3229,0
20110228,6.2091,6.3214,6.0624,6.0799,3994,0
20110301,6.2072,6.2072,6.2072,6.2072,467,0
20110303,6.2159,6.2159,6.079,6.079,1879,0
20110304,6.2072,6.2072,6.079,6.079,3321,0
20110308,6.2072,6.2072,6.2072,6.2072,586,0
20110310,6.1899,6.1985,6.1899,6.1985,232,0
20110314,6.2072,6.2072,6.2072,6.2072,586,0
20110316,6.1985,6.2072,5.7621,5.7621,1165,0
20110318,5.5479,5.5479,5.5137,5.5222,2805,0
20110321,5.7963,5.7963,5.7963,5.7963,992,0
20110323,6.079,6.079,6.079,6.079,348,0
20110324,6.113,6.1218,6.113,6.1218,1165,0
20110328,6.0191,6.0446,6.0191,6.0446,586,0
20110404,5.9932,6.0017,5.9417,5.9417,4189,0
20110405,5.9846,5.9933,5.9846,5.9933,586,0
20110407,6.1919,6.1919,6.1919,6.1919,8877,0
20110412,6.1746,6.1746,6.1746,6.1746,120,0
20110414,6.1899,6.3956,6.1218,6.3956,3955,0
20110415,6.2673,6.3956,6.2673,6.3956,2278,0
20110419,5.9932,5.9932,5.9932,5.9932,1052,0
20110420,6.053,6.053,5.8734,5.8734,815,0
20110426,6.1057,6.1057,6.0969,6.0969,1250,0
20110427,6.13,6.13,6.13,6.13,232,0
20110428,6.13,6.13,6.0102,6.113,2219,0
20110429,6.0561,6.0914,6.0475,6.0914,1751,0
20110502,6.0873,6.0873,6.0873,6.0873,1165,0
20110503,6.0452,6.2091,6.0452,6.2091,1401,0
20110504,6.2091,6.2091,6.1661,6.1661,1068,0
20110506,6.0536,6.0536,5.9846,5.9846,3060,0
20110511,6.0452,6.0452,6.0452,6.0452,1529,0
20110513,6.0278,6.0452,5.9156,5.9587,8033,0
20110518,5.9587,5.9587,5.9156,5.9156,1737,0
20110523,6.0452,6.0452,6.0366,6.0452,1659,0
20110526,5.9156,6.0019,5.9156,5.9156,1855,0
20110527,6.0019,6.0452,6.0019,6.0452,1736,0
20110531,5.9856,5.9856,5.9769,5.9769,1156,0
20110601,6.0452,6.0536,6.0019,6.0019,6718,0
20110603,6.0278,6.0278,6.0278,6.0278,926,0
20110607,6.0452,6.0452,6.0194,6.0194,2547,0
20110609,6.0019,6.0452,5.9156,5.9501,7181,0
20110614,5.9242,6.0452,5.9242,6.0452,2602,0
20110623,6.0366,6.0366,5.9587,5.9587,345,0
20110624,6.0019,6.0019,5.9587,5.9587,1368,0
20110627,5.9587,6.0366,5.9587,5.9587,693,0
20110628,6.0452,6.0452,6.0452,6.0452,1503,0
20110707,6.0056,6.0056,6.0056,6.0056,119,0
20110711,6.0019,6.0452,6.0019,6.0452,1390,0
20110712,6.0056,6.1711,6.0056,6.1711,4738,0
20110713,6.0624,6.0624,6.0452,6.0452,1052,0
20110714,6.0452,6.0452,6.0019,6.0452,3865,0
20110715,6.0452,6.0536,6.0452,6.0536,809,0
20110718,6.0536,6.0624,6.0536,6.0624,787,0
20110720,6.0624,6.0624,6.0624,6.0624,693,0
20110721,6.0105,6.0366,6.0105,6.0366,1390,0
20110722,6.0142,6.0142,6.0142,6.0142,119,0
20110726,6.0142,6.0142,6.0056,6.0142,1156,0
20110727,6.0366,6.0366,5.9501,5.9587,29700,0
20110728,6.0493,6.0839,6.0142,6.0493,9423,0
20110729,6.0475,6.0475,6.0475,6.0475,5212,0
20110801,6.0536,6.0536,6.0536,6.0536,119,0
20110802,6.0493,6.0493,6.0493,6.0493,119,0
20110803,6.0493,6.0665,6.0493,6.0493,3706,0
20110804,6.0493,6.0577,5.8224,5.8224,10520,0
20110805,5.779,5.779,5.7354,5.744,6704,0
20110808,5.744,5.744,5.6135,5.6135,1156,0
20110812,5.1426,5.1426,5.1079,5.1339,2006,0
20110815,5.1251,5.7963,5.1251,5.7963,7399,0
20110816,6.1188,6.1188,5.4475,6.1012,51916,0
20110818,6.0928,6.0928,6.0928,6.0928,406,0
20110819,6.0839,6.0928,6.0577,6.0577,1956,0
20110822,6.0753,6.0928,6.0753,6.0928,1069,0
20110823,5.9096,5.927,5.6135,5.6135,4108,0
20110824,5.6394,5.9793,5.465,5.4827,919,0
20110825,5.465,5.465,5.4391,5.4391,342,0
20110826,5.683,5.683,5.6479,5.6653,2064,0
20110829,5.4041,5.6653,5.4041,5.4041,268,0
20110830,5.6569,5.6569,5.4475,5.5087,4381,0
20110831,5.4664,5.475,5.3607,5.4664,8247,0
20110901,5.4041,5.4041,5.3171,5.3171,2221,0
20110902,5.5986,5.5986,5.581,5.581,1143,0
20110907,5.4041,5.4564,5.3955,5.4041,4400,0
20110908,5.5783,5.5783,5.4391,5.4475,2294,0
20110912,5.343,5.343,5.3171,5.3171,514,0
20110914,5.3171,5.378,5.3171,5.3519,1032,0
20110916,5.4303,5.4303,5.4303,5.4303,133,0
20110920,5.3171,5.378,5.3171,5.3171,2986,0
20110921,5.3171,5.3171,5.3171,5.3171,297,0
20110923,5.3345,5.3345,5.3345,5.3345,118,0
20110926,5.3257,5.4475,5.3257,5.4475,2352,0
20110927,5.4475,5.4475,5.4475,5.4475,988,0
20110928,5.6045,5.6218,5.6045,5.6218,459,0
20110929,5.7005,5.7005,5.6744,5.7005,1145,0
20110930,5.6554,5.6554,5.3175,5.4509,2552,0
20111003,5.5783,5.5783,5.5608,5.5608,459,0
20111006,5.3521,5.5015,5.3521,5.4839,2409,0
20111007,5.4475,5.6135,5.4475,5.6135,870,0
20111013,5.5348,5.5348,5.4564,5.4827,2294,0
20111018,5.465,5.465,5.465,5.465,118,0
20111020,5.5002,5.5348,5.4914,5.5348,1604,0
20111026,5.3345,5.3345,5.3345,5.3345,487,0
20111027,5.3171,5.3171,5.3171,5.3171,225,0
20111102,5.6163,5.6163,5.6163,5.6163,118,0
20111104,5.6334,5.6688,5.6071,5.6688,2258,0
20111107,5.3169,5.3607,5.3169,5.3345,1650,0
20111115,5.3696,5.3696,5.3696,5.3696,117,0
20111116,5.5104,5.5104,5.5104,5.5104,117,0
20111118,5.7217,5.7217,5.695,5.695,1173,0
20111122,5.5015,5.5015,5.0527,5.0527,2245,0
20111123,5.4137,5.5104,5.2288,5.3345,2045,0
20111128,5.3696,5.4137,5.2816,5.3696,7218,0
20111129,5.2816,5.299,5.2552,5.2552,15168,0
20111130,5.3701,5.3701,5.2715,5.2803,5441,0
20111201,5.387,5.4137,5.2816,5.2816,2618,0
20111202,5.2816,5.2816,5.2816,5.2816,2840,0
20111206,5.1485,5.2907,5.1042,5.2819,2917,0
20111207,5.1143,5.1143,5.1143,5.1143,117,0
20111209,5.2816,5.2816,5.2816,5.2816,6135,0
20111212,5.2816,5.2816,5.2816,5.2816,1058,0
20111214,5.2816,5.2816,5.2816,5.2816,6818,0
20111215,5.2816,5.2816,5.2816,5.2816,571,0
20111216,5.3784,5.387,5.2816,5.2816,3439,0
20111220,5.2375,5.2375,5.2375,5.2375,2840,0
20111221,5.1935,5.1935,5.1935,5.1935,473,0
20111222,5.2729,5.2816,5.2729,5.2816,5909,0
20111223,5.2816,5.3696,5.2816,5.3696,3324,0
20111227,5.5104,5.5104,5.3696,5.4664,1306,0
20111228,5.3081,5.3256,5.2904,5.3256,3636,0
20111229,5.5015,5.5015,5.2816,5.2816,118459,0
20111230,5.3081,5.3696,5.3068,5.3696,339,0
20120103,5.537,5.537,5.2816,5.3696,5624,0
20120104,5.2816,5.3607,5.2816,5.2816,79694,0
20120105,5.2816,5.3081,5.2816,5.3081,3523,0
20120106,5.475,5.475,5.2816,5.2904,16669,0
20120109,5.2816,5.3696,5.2816,5.3696,6437,0
20120110,5.2816,5.2904,5.2816,5.2816,1498,0
20120111,5.2819,5.2819,5.2819,5.2819,8089,0
20120112,5.2819,5.2819,5.2819,5.2819,117,0
20120117,5.2819,5.2819,5.2819,5.2819,1342,0
20120120,5.3442,5.3442,5.2731,5.2819,8735,0
20120125,5.2816,5.2816,5.2816,5.2816,1135,0
20120126,5.2816,5.2816,5.2375,5.2816,16358,0
20120127,5.2819,5.3264,5.2819,5.2819,1251,0
20120130,5.2816,5.2816,5.2375,5.2375,5793,0
20120131,5.3175,5.3264,5.2819,5.2819,7091,0
20120201,5.2374,5.2819,5.2374,5.2819,6402,0
20120202,5.1572,5.2819,5.1485,5.2819,5502,0
20120203,5.264,5.2819,5.264,5.2819,4783,0
20120207,5.2819,5.2819,5.2819,5.2819,2279,0
20120208,5.2819,5.2819,5.2463,5.2463,35839,0
20120209,5.2996,5.3355,5.2996,5.3264,1652,0
20120210,5.2196,5.2196,5.2016,5.2016,2588,0
20120215,5.3264,5.3264,5.3264,5.3264,116,0
20120216,5.3355,5.3355,5.3264,5.3355,3967,0
20120217,5.3355,5.3798,5.2463,5.3798,30710,0
20120221,5.3884,5.3884,5.3355,5.3355,26930,0
20120222,5.3084,5.3708,5.3084,5.3708,3963,0
20120224,5.3355,5.3355,5.3355,5.3355,29331,0
20120227,5.3355,5.3708,5.3264,5.3264,3999,0
20120228,5.3442,5.3442,5.3264,5.3264,2536,0
20120229,5.3344,5.3523,5.3344,5.3344,2269,0
20120301,5.3355,5.3884,5.3355,5.3884,9620,0
20120302,5.3355,5.3974,5.3264,5.3355,3128,0
20120305,5.3974,5.3974,5.3974,5.3974,221,0
20120306,5.3884,5.4153,5.3884,5.4153,672,0
20120308,5.4687,5.4687,5.4687,5.4687,116,0
20120309,5.3974,5.3974,5.3884,5.3884,13094,0
20120312,5.513,5.513,5.4954,5.4954,451,0
20120313,5.5041,5.513,5.4954,5.513,4324,0
20120314,5.513,5.6194,5.513,5.5576,7974,0
20120315,5.5665,5.593,5.513,5.513,4048,0
20120319,5.3531,5.6288,5.3531,5.513,3487,0
20120320,5.5751,5.5751,5.4509,5.4687,6876,0
20120321,5.4153,5.5844,5.4153,5.5308,787,0
20120322,5.5844,5.593,5.5844,5.593,565,0
20120323,5.593,5.6374,5.593,5.6288,1011,0
20120326,5.5844,5.593,5.5844,5.593,565,0
20120327,5.4774,5.4774,5.4774,5.4774,1096,0
20120328,5.5308,5.5308,5.5041,5.5308,1124,0
20120329,5.5665,5.7265,5.5665,5.7265,2024,0
20120330,5.5576,5.6911,5.5308,5.5576,1575,0
20120402,5.5576,5.5576,5.5485,5.5576,902,0
20120403,5.5576,5.5576,5.5219,5.5219,221,0
20120404,5.5139,5.5587,5.5139,5.5409,1798,0
20120411,5.3355,5.3442,5.2996,5.3355,7906,0
20120412,5.3798,5.3798,5.3355,5.3355,672,0
20120413,5.362,5.362,5.3355,5.362,787,0
20120416,5.3442,5.3708,5.2996,5.3355,42418,0
20120417,5.3344,5.3344,5.2984,5.2984,1892,0
20120419,5.3355,5.3355,5.3355,5.3355,7870,0
20120424,5.3708,5.3708,5.3708,5.3708,221,0
20120425,5.3355,5.362,5.3355,5.362,889,0
20120426,5.3531,5.5576,5.3355,5.3355,10347,0
20120430,5.4065,5.4774,5.3175,5.3355,36885,0
20120501,5.4778,5.4778,5.2356,5.2445,18161,0
20120502,5.2996,5.2996,5.2016,5.2016,9299,0
20120503,5.2715,5.2715,5.2534,5.2534,1289,0
20120504,5.2715,5.2715,5.2715,5.2715,116,0
20120507,5.4242,5.5485,5.4242,5.5219,3270,0
20120510,5.469,5.469,5.469,5.469,116,0
20120511,5.433,5.46,5.2087,5.2087,1510,0
20120515,5.433,5.433,5.433,5.433,451,0
20120516,5.487,5.487,5.3344,5.469,2985,0
20120517,5.4778,5.4778,5.1636,5.1905,5904,0
20120518,5.4778,5.4778,5.388,5.388,1781,0
20120521,5.3701,5.388,5.3701,5.388,1781,0
20120522,5.3701,5.433,5.3701,5.4062,3118,0
20120523,5.1724,5.1724,5.1636,5.1636,557,0
20120524,5.1817,5.2715,5.1636,5.1817,2562,0
20120525,5.1905,5.388,5.1636,5.388,9219,0
20120529,5.3701,5.388,5.3701,5.388,1055,0
20120530,5.3701,5.3701,5.1636,5.1636,3673,0
20120531,5.1636,5.3879,5.1636,5.3879,4411,0
20120601,5.1995,5.3344,5.1097,5.1545,7893,0
20120605,5.2803,5.3701,5.1636,5.2984,9004,0
20120606,5.3075,5.3972,5.3075,5.388,9075,0
20120607,5.4421,5.4421,5.388,5.388,783,0
20120608,5.388,5.4778,5.388,5.4778,2227,0
20120611,5.4778,5.4778,5.388,5.388,2843,0
20120612,5.3792,5.388,5.3792,5.388,11581,0
20120613,5.388,5.388,5.388,5.388,1193,0
20120615,5.433,5.469,5.2087,5.469,2909,0
20120618,5.388,5.3972,5.3432,5.388,17243,0
20120619,5.388,5.388,5.3792,5.388,6539,0
20120620,5.388,5.388,5.3792,5.3792,1085,0
20120622,5.2534,5.3792,5.1189,5.1905,3432,0
20120625,5.2175,5.4778,5.2175,5.4778,3194,0
20120626,5.4778,5.4778,5.388,5.388,4272,0
20120628,5.4778,5.487,5.4778,5.487,1227,0
20120629,5.487,5.487,5.4778,5.487,3453,0
20120705,5.496,5.496,5.388,5.433,14904,0
20120706,5.433,5.433,5.433,5.433,3897,0
20120709,5.388,5.388,5.3523,5.3523,82886,0
20120710,5.4241,5.4241,5.3612,5.388,44702,0
20120711,5.3792,5.4151,5.3792,5.388,17773,0
20120713,5.388,5.388,5.388,5.388,1591,0
20120716,5.5139,5.5765,5.5139,5.5765,557,0
20120718,5.3972,5.4062,5.3792,5.388,4458,0
20120719,5.388,5.3972,5.3075,5.388,61473,0
20120724,5.5679,5.5679,5.5679,5.5679,115,0
20120725,5.469,5.5229,5.469,5.5139,780,0
20120726,5.496,5.5049,5.496,5.5049,551,0
20120730,5.5139,5.5139,5.5139,5.5139,1113,0
20120731,5.5587,5.5587,5.5587,5.5587,333,0
20120801,5.4241,5.4241,5.4241,5.4241,1670,0
20120802,5.4241,5.4511,5.4241,5.4511,1012,0
20120806,5.5229,5.5587,5.5229,5.5587,1670,0
20120807,5.5587,5.5679,5.5229,5.5229,2094,0
20120808,5.5229,5.5679,5.4421,5.4421,2666,0
20120809,5.4957,5.4957,5.4957,5.4957,165,0
20120810,5.4421,5.4421,5.433,5.433,1106,0
20120813,5.4778,5.4778,5.4777,5.4777,2039,0
20120814,5.4778,5.496,5.4778,5.4778,1837,0
20120820,5.5143,5.5505,5.5143,5.5505,3417,0
20120821,5.623,5.623,5.623,5.623,120,0
20120823,5.623,5.6231,5.623,5.623,2628,0
20120824,5.623,5.8862,5.623,5.7228,2757,0
20120827,5.8862,5.9948,5.7137,5.8497,11303,0
20120830,5.7137,5.7154,5.6866,5.7154,17214,0
20120831,5.7592,5.8045,5.7592,5.8044,5383,0
20120904,5.8044,5.8952,5.8044,5.8952,1415,0
20120905,5.8678,5.8678,5.8498,5.8536,545,0
20120906,5.8316,5.8497,5.8316,5.8497,773,0
20120907,5.8044,5.8952,5.8044,5.8952,4908,0
20120910,5.9043,5.9043,5.896,5.896,660,0
20120911,5.8952,5.9224,5.8952,5.8952,773,0
20120913,5.8953,5.8953,5.8953,5.8953,773,0
20120917,5.9858,6.0222,5.9403,6.0222,1763,0
20120918,5.9586,5.9586,5.9586,5.9586,114,0
20120919,5.9768,5.9768,5.8044,5.9676,552,0
20120921,5.8771,6.3941,5.8771,6.3941,48899,0
20120924,6.4212,6.4212,6.3033,6.3033,1598,0
20120925,6.267,6.3033,6.258,6.3033,9005,0
20120926,6.258,6.8021,6.258,6.4212,30915,0
20121001,6.5119,6.666,6.5119,6.666,1680,0
20121003,6.648,6.648,6.5754,6.5754,1655,0
20121004,6.5754,6.5754,6.43,6.4393,5254,0
20121005,6.4393,6.5934,6.4393,6.5754,33926,0
20121008,5.8406,6.0673,5.8049,6.0673,7507,0
20121009,6.0584,6.0855,5.9133,5.9133,2452,0
20121010,5.9403,5.9768,5.9403,5.9403,52484,0
20121011,5.8045,5.9934,5.7137,5.7954,2383,0
20121012,5.7682,6.0496,5.6866,5.8044,9547,0
20121017,5.7592,5.8044,5.7592,5.7592,7815,0
20121018,5.9315,5.9315,5.8136,5.8136,2360,0
20121019,5.8044,5.8044,5.8044,5.8044,1102,0
20121022,5.8044,5.8044,5.8044,5.8044,4283,0
20121023,5.9586,5.9768,5.8497,5.8497,23727,0
20121026,5.9403,5.9403,5.8678,5.8678,1808,0
20121031,5.9181,5.9181,5.8952,5.8952,1538,0
20121101,5.7502,5.8406,5.7137,5.8044,5735,0
20121102,5.8044,5.8406,5.8044,5.8044,27564,0
20121105,5.7502,5.8952,5.7502,5.8952,1449,0
20121106,5.8862,5.8862,5.7954,5.7954,1864,0
20121107,5.8045,5.8045,5.7679,5.7679,1093,0
20121109,5.6946,5.9328,5.6855,5.7313,6459,0
20121112,5.7588,5.9054,5.7588,5.8045,11483,0
20121113,5.7954,5.8045,5.7954,5.8044,4860,0
20121115,5.6764,5.713,5.6764,5.6855,1562,0
20121116,5.8138,5.8138,5.6855,5.8045,23374,0
20121120,5.6765,5.6765,5.6764,5.6764,1375,0
20121121,5.704,5.704,5.4932,5.4932,2685,0
20121127,5.5754,6.0884,5.5754,5.9511,17679,0
20121128,5.8595,5.9511,5.8595,5.9511,3545,0
20121129,5.9877,5.9877,5.9877,5.9877,1328,0
20121130,5.7771,6.0883,5.7771,6.015,2788,0
20121203,6.0425,6.0516,5.9511,6.0336,4348,0
20121204,6.0516,6.0516,6.0336,6.0336,595,0
20121205,6.0241,6.0241,6.0241,6.0241,113,0
20121206,5.9693,5.9693,5.9693,5.9693,1093,0
20121207,5.9785,6.015,5.9785,5.9877,3366,0
20121211,5.7314,5.7314,5.7314,5.7314,677,0
20121212,5.8502,5.887,5.8502,5.8502,4151,0
20121217,5.8596,5.8596,5.6946,5.6946,4657,0
20121218,5.8411,5.8411,5.585,5.6487,13692,0
20121224,5.704,5.704,5.6855,5.6855,293,0
20121226,5.6946,5.6946,5.6946,5.6946,113,0
20121228,5.9144,5.9144,5.9144,5.9144,113,0
20121231,5.704,5.704,5.704,5.704,167,0
20130102,5.6764,5.7679,5.6764,5.7679,11791,0
20130103,5.9418,5.9418,5.8138,5.9328,1540,0
20130104,5.9144,6.0336,5.9144,6.015,3350,0
20130108,5.9418,5.9418,5.9418,5.9418,663,0
20130109,5.9511,5.9511,5.9511,5.9511,1093,0
20130110,5.9693,5.9693,5.9603,5.9603,775,0
20130114,5.9511,5.9511,5.9511,5.9511,2348,0
20130115,5.9877,5.9877,5.8777,5.8777,3102,0
20130123,5.9511,5.9511,5.7222,5.7771,55268,0
20130124,5.7497,5.7497,5.7222,5.7222,215,0
20130128,6.1799,6.2166,6.1525,6.2166,818,0
20130129,5.7497,5.7497,5.7497,5.7497,323,0
20130130,6.5371,6.5371,5.832,6.5371,466,0
20130201,6.5004,6.5919,6.5004,6.5919,10828,0
20130204,6.5919,6.6559,6.5919,6.6559,4636,0
20130206,6.6468,6.8289,5.9914,6.656,10274,0
20130207,6.6651,6.6651,6.6651,6.6651,112,0
20130208,6.6837,6.776,6.6837,6.6929,2276,0
20130211,6.7852,6.8544,6.7852,6.8514,1842,0
20130212,6.4898,6.8592,6.4898,6.8592,213,0
20130213,6.6929,6.7391,6.6929,6.7391,649,0
20130215,6.7391,6.7391,6.7391,6.7391,634,0
20130219,6.5174,6.5174,5.9637,5.9637,436,0
20130220,6.0559,6.3329,6.0559,6.3329,324,0
20130225,6.462,6.6468,6.462,6.6468,3404,0
20130226,6.6929,6.8222,6.6929,6.7852,4044,0
20130227,6.7391,7.1268,6.6929,6.8683,9965,0
20130228,6.8407,6.9792,6.8407,6.9792,5439,0
20130301,6.9236,7.0436,6.9236,6.9236,7581,0
20130304,7.0159,7.0159,6.9236,7.0159,9361,0
20130305,7.0621,7.0621,7.016,7.016,2138,0
20130306,7.0436,7.0436,6.9697,6.9698,3733,0
20130307,7.0436,7.0898,6.9237,7.0531,3006,0
20130308,7.1083,7.1675,7.1083,7.1545,15526,0
20130311,7.1545,7.1822,7.1545,7.1822,436,0
20130312,7.3854,7.3854,7.2376,7.339,3735,0
20130313,7.2653,7.2929,7.0436,7.136,219788,0
20130314,7.2376,7.2746,6.8222,6.8314,7090,0
20130315,6.9236,6.9236,6.9236,6.9236,493,0
20130319,6.6468,6.6468,6.6468,6.6468,203,0
20130320,6.8315,6.8315,6.8315,6.8315,212,0
20130321,6.8407,7.2929,6.8407,7.2561,5664,0
20130322,7.2653,7.2653,7.2376,7.2376,7316,0
20130326,6.6651,7.1083,6.6651,7.1083,4214,0
20130327,7.2467,7.3854,7.136,7.2768,6710,0
20130328,7.3114,7.3114,7.3114,7.3114,648,0
20130401,7.0621,7.3854,7.0621,7.3854,7481,0
20130402,7.3854,7.4084,6.7484,7.4084,17640,0
20130403,8.927,8.927,7.4408,7.5698,12342,0
20130404,7.6346,7.6935,7.5236,7.5698,33762,0
20130405,7.6069,7.6161,7.3854,7.4408,8419,0
20130408,7.3946,7.4312,7.3946,7.4312,213,0
20130409,7.4977,7.616,7.4977,7.5607,754,0
20130410,7.5513,7.5513,7.5513,7.5513,112,0
20130411,7.3854,7.5698,7.3854,7.5698,5361,0
20130412,7.4774,7.533,7.4684,7.5236,4508,0
20130415,7.5146,7.5236,7.4774,7.4871,2167,0
20130416,7.5513,7.5513,7.4871,7.5236,4266,0
20130417,7.5236,7.5236,7.5236,7.5236,1425,0
20130418,7.5236,7.5236,7.4871,7.4871,631,0
20130419,7.5236,7.5236,7.4132,7.4132,2643,0
20130422,7.3855,7.5422,7.3855,7.5236,3047,0
20130423,7.5146,7.5236,7.4593,7.5146,1941,0
20130424,7.5146,7.5236,7.3988,7.5236,1029,0
20130425,7.533,7.533,7.5146,7.5146,1847,0
20130426,7.533,7.533,7.3854,7.5053,1839,0
20130429,7.5236,7.5329,7.4037,7.4037,867,0
20130430,7.5236,7.533,7.3854,7.533,20324,0
20130501,7.5236,7.533,7.5236,7.5236,4983,0
20130502,7.4637,7.5325,7.4637,7.5325,760,0
20130503,7.533,7.5607,7.4222,7.5236,36369,0
20130506,7.5422,7.5422,7.533,7.5422,867,0
20130507,7.5607,7.5607,7.5607,7.5607,436,0
20130508,7.5422,7.5422,7.5422,7.5422,322,0
20130509,7.5607,7.5607,7.5607,7.5607,112,0
20130510,7.5607,7.5607,7.3854,7.3854,3707,0
20130513,7.3854,7.5607,7.3392,7.5607,6661,0
20130514,7.5607,7.5607,7.3854,7.3854,4368,0
20130515,7.5903,7.5903,7.4413,7.4413,2303,0
20130516,7.4763,7.4763,7.4763,7.4763,1378,0
20130517,7.5992,7.5992,7.5992,7.5992,111,0
20130520,7.4969,7.4979,7.4879,7.4879,805,0
20130521,7.4414,7.4414,7.4414,7.4414,174,0
20130522,7.5341,7.5341,7.4413,7.4414,1077,0
20130523,7.4413,7.6271,7.4413,7.4879,1293,0
20130528,7.6085,7.6085,7.4413,7.4413,316,0
20130529,7.4413,7.4413,7.4413,7.4413,111,0
20130531,7.4628,7.4628,7.4444,7.4444,14367,0
20130603,7.3016,7.4737,7.3016,7.3109,6087,0
20130604,7.4413,7.4413,7.3203,7.4413,3805,0
20130605,7.4413,7.4413,7.3854,7.3947,3146,0
20130606,7.3659,7.4316,7.3659,7.4316,534,0
20130607,7.4413,7.5341,7.4038,7.4038,3671,0
20130610,7.4969,7.6271,7.3202,7.3575,3011,0
20130611,7.4598,7.4598,7.3016,7.3016,534,0
20130612,7.4782,7.6179,7.4503,7.4503,2244,0
20130613,7.5992,7.6271,7.4691,7.4691,56766,0
20130614,7.5713,7.6271,7.5713,7.6271,1505,0
20130617,7.4413,7.4414,7.4413,7.4413,644,0
20130618,7.4413,7.4642,7.4413,7.4503,1402,0
20130619,7.4598,7.4598,7.3016,7.3109,3126,0
20130620,7.3947,7.6241,7.3016,7.6241,1791,0
20130621,7.4413,7.6737,7.4413,7.6737,5180,0
20130624,7.4413,7.655,7.4413,7.5061,966,0
20130625,7.5247,7.5247,7.4413,7.4503,986,0
20130626,7.4413,7.4691,7.4413,7.4413,534,0
20130627,7.4413,7.6643,7.4413,7.4413,2539,0
20130628,7.4413,7.6643,7.4413,7.4606,2764,0
20130701,7.4413,7.4503,7.3016,7.4413,12510,0
20130702,7.4413,7.4782,7.4225,7.4413,25284,0
20130703,7.4969,7.6737,7.2364,7.6737,3829,0
20130705,7.4691,7.4691,7.4503,7.4503,211,0
20130708,7.4598,7.5341,7.3947,7.3947,12111,0
20130709,7.5061,7.5061,7.4413,7.4413,547,0
20130710,7.4413,7.4413,7.4413,7.4413,8710,0
20130711,7.5341,7.5435,7.5341,7.5435,755,0
20130712,7.6643,7.8132,7.6643,7.7573,3087,0
20130715,7.7573,7.8597,7.7573,7.8224,644,0
20130716,7.7202,7.7202,7.6179,7.7202,3729,0
20130717,7.7202,7.7202,7.4879,7.7202,754,0
20130718,7.5341,7.9154,7.5341,7.8941,3977,0
20130719,7.6737,7.8876,7.6737,7.8876,534,0
20130722,7.9062,7.9062,7.6922,7.6922,2797,0
20130723,7.8968,7.9713,7.6828,7.9713,2904,0
20130724,7.7667,7.9807,7.7667,7.9807,7316,0
20130725,7.9062,7.9992,7.6737,7.9713,1708,0
20130726,8.0363,8.1387,7.6737,8.1387,5443,0
20130729,7.7202,8.1016,7.7202,7.9992,10852,0
20130730,7.8968,7.9526,7.8039,7.9526,1398,0
20130731,7.6737,7.962,7.6737,7.8597,1742,0
20130801,7.8319,8.2596,7.8132,8.2596,25922,0
20130802,7.9713,8.2596,7.9713,8.1852,15406,0
20130805,8.3525,8.3525,8.3525,8.3525,111,0
20130806,8.213,8.4876,8.213,8.427,5208,0
20130807,8.4178,8.4642,8.4178,8.4642,7094,0
20130808,8.4829,8.6038,7.9062,8.5851,8284,0
20130809,8.5946,8.6225,8.5946,8.5946,10320,0
20130812,8.5387,8.5946,8.2504,8.5108,1908,0
20130813,8.3712,8.3991,8.3712,8.3712,1505,0
20130814,8.4273,8.4273,8.4273,8.4273,320,0
20130815,8.2779,8.3211,7.978,7.978,3000,0
20130816,8.1651,8.3149,8.1651,8.3149,1389,0
20130820,8.3338,8.3338,8.2963,8.2963,480,0
20130822,8.1747,8.1839,8.1747,8.1839,320,0
20130823,8.1839,8.1839,7.9591,7.9591,1389,0
20130826,7.9591,7.9591,7.9591,7.9591,110,0
20130827,8.0902,8.0902,7.9591,7.9591,1627,0
20130828,7.978,8.0997,7.978,8.0061,750,0
20130829,7.9591,7.9591,7.95,7.95,248277,0
20130830,7.9967,7.9967,7.9592,7.9592,1024,0
20130903,7.697,8.0342,7.697,7.697,596,0
20130905,7.8001,7.8001,7.8001,7.8001,110,0
20130906,7.95,7.95,7.7158,7.7274,1424,0
20130909,7.8469,7.8469,7.8469,7.8469,526,0
20130910,7.697,8.0529,7.697,7.9967,3240,0
20130912,7.9591,8.3807,7.9591,8.3807,210,0
20130913,7.9686,8.2682,7.9591,7.9873,3197,0
20130916,8.0716,8.0716,8.0716,8.0716,110,0
20130917,8.0342,8.0342,8.0061,8.0061,476,0
20130918,8.2496,8.2496,8.0061,8.0342,1138,0
20130920,8.0997,8.2682,7.9873,8.2682,1516,0
20130923,8.2777,8.2777,8.0997,8.109,2080,0
20130924,8.0997,8.2777,7.9873,8.2777,1496,0
20130925,8.0997,8.2588,8.0997,8.0997,640,0
20130926,8.1933,8.2869,7.7814,8.2777,4059,0
20130927,8.212,8.2869,8.0529,8.1185,2431,0
20130930,8.1651,8.1933,8.0435,8.0809,960,0
20131001,8.2813,8.2869,8.2813,8.2869,750,0
20131002,8.2869,8.3807,8.2869,8.3339,9684,0
20131003,8.3807,8.3807,8.0529,8.0809,1496,0
20131004,8.2213,8.3807,8.2213,8.3339,6088,0
20131007,8.3339,8.3339,8.1466,8.3339,1069,0
20131008,8.3339,8.3339,8.3339,8.3339,1280,0
20131009,8.1185,8.2496,8.1185,8.2401,3523,0
20131010,8.1466,8.3339,8.1466,8.2869,1709,0
20131011,8.2869,8.2963,8.2869,8.2869,950,0
20131014,8.2588,8.3244,8.1839,8.3244,1496,0
20131015,8.2308,8.2308,8.0061,8.1933,640,0
20131016,8.3339,8.3339,8.3339,8.3339,1389,0
20131017,8.3339,8.3339,8.2588,8.2588,1069,0
20131018,8.2588,8.3339,8.212,8.2213,1709,0
20131021,8.2496,8.2869,8.2496,8.2869,853,0
20131022,8.1933,8.2028,8.0342,8.0342,4699,0
20131023,8.109,8.3339,8.109,8.3339,531,0
20131024,8.3807,8.3807,8.0342,8.0342,320,0
20131025,8.1185,8.1185,8.1185,8.1185,320,0
20131028,8.3244,8.3807,8.1839,8.1933,16447,0
20131030,8.1933,8.2869,8.1933,8.2213,531,0
20131031,8.2682,8.3807,8.2682,8.3807,402,0
20131101,8.2028,8.3807,8.2028,8.3807,1389,0
20131105,8.3339,8.3339,8.3339,8.3339,261,0
20131106,8.521,8.521,8.521,8.521,531,0
20131107,8.521,8.521,8.3339,8.3339,430,0
20131108,8.4649,8.521,8.4649,8.521,320,0
20131111,8.521,8.521,8.4273,8.4273,7156,0
20131112,8.521,8.521,8.4273,8.4273,297,0
20131114,8.5783,8.5783,8.4087,8.5311,4031,0
20131118,8.4745,8.7195,8.4745,8.6066,30444,0
20131119,8.6066,8.6066,8.5971,8.6066,5515,0
20131120,8.6254,8.6726,8.4462,8.4839,16444,0
20131121,8.4839,8.6254,8.4839,8.5406,3713,0
20131125,8.5029,8.6254,8.4745,8.6254,2333,0
20131126,8.6254,8.8798,8.6066,8.8421,11349,0
20131127,8.8044,8.8044,8.8044,8.8044,318,0
20131129,8.9553,8.9553,8.9553,8.9553,500,0
20131202,8.7195,8.8516,8.5783,8.7479,5304,0
20131203,8.6158,8.9553,8.4462,8.6913,6787,0
20131204,8.9553,8.9553,8.9252,8.9553,1846,0
20131205,8.9553,8.9553,8.9553,8.9553,318,0
20131206,8.9553,8.9553,8.8516,8.9553,4349,0
20131209,9.0587,9.1911,8.6821,8.7103,3500,0
20131210,8.8139,8.8139,8.6066,8.6066,1805,0
20131212,8.9553,8.9553,8.9364,8.9364,318,0
20131216,8.5783,8.5971,8.4273,8.4652,5515,0
20131217,8.5123,8.5725,8.5123,8.5217,2102,0
20131218,8.5783,8.6913,8.4745,8.4745,2970,0
20131219,8.4839,8.6348,8.4839,8.6158,636,0
20131220,8.4954,8.9553,8.4537,8.9553,4347,0
20131223,9.1911,9.3793,9.1911,9.3793,2123,0
20131227,9.2287,9.2287,9.2287,9.2287,528,0
20131230,9.2387,9.4257,9.2387,9.2387,427,0
20131231,9.2482,9.2482,9.2387,9.2387,5743,0
20140108,8.9177,8.9177,8.9082,8.9082,848,0
20140113,8.6348,8.7103,8.6348,8.7103,636,0
20140114,8.9082,8.9082,8.9082,8.9082,209,0
20140117,8.6348,8.6348,8.6348,8.6348,318,0
20140121,8.6348,8.6348,8.4556,8.5311,2970,0
20140122,8.4839,8.4839,8.4273,8.4839,17290,0
20140123,8.5123,8.5123,8.4273,8.4556,2123,0
20140127,8.4839,8.644,8.4839,8.644,3182,0
20140128,8.5971,8.6254,8.4839,8.4839,25181,0
20140129,8.4273,8.5311,8.4273,8.5311,1484,0
20140130,8.55,8.6158,8.55,8.6158,3500,0
20140131,8.5217,8.7195,8.5217,8.7195,5412,0
20140203,8.5971,8.7195,8.5217,8.6539,5682,0
20140204,8.4274,8.4274,8.4274,8.4274,209,0
20140205,8.4556,8.5123,8.4273,8.4556,1299,0
20140206,8.5971,8.5971,8.5971,8.5971,142,0
20140207,8.6422,8.6422,8.6422,8.6422,159,0
20140211,8.6492,8.6492,8.6492,8.6492,187,0
20140212,8.5303,8.5398,8.5303,8.5398,4669,0
20140214,8.5576,8.6283,8.5494,8.6283,2688,0
20140218,8.6347,8.7107,8.6347,8.7107,2157,0
20140219,8.6915,8.6915,8.4259,8.5208,33460,0
20140220,8.5872,8.5921,8.5872,8.5921,220,0
20140221,8.6728,8.6728,8.6728,8.6728,202,0
20140225,8.6728,8.6728,8.6728,8.6728,108,0
20140227,8.6822,8.6822,8.6822,8.6822,108,0
20140228,8.6915,8.6915,8.6915,8.6915,208,0
20140305,8.5398,8.6539,8.4259,8.4449,12949,0
20140306,8.5303,8.5303,8.5303,8.5303,208,0
20140307,8.5872,8.7012,8.5683,8.7012,4954,0
20140310,8.6539,8.7771,8.6539,8.6569,5776,0
20140311,8.6631,8.7674,8.6631,8.7485,345,0
20140317,8.6063,8.7297,8.5967,8.7297,568,0
20140318,8.7297,8.7297,8.6063,8.7297,965,0
20140319,8.6063,8.7297,8.5967,8.7297,3432,0
20140320,8.7297,9.2512,8.7297,9.1563,31786,0
20140321,8.7297,8.9667,8.6631,8.9667,7931,0
20140324,8.9194,9.0105,8.7315,8.7817,895,0
20140325,8.8719,9.0713,8.8719,9.0617,8765,0
20140326,9.0332,9.0332,9.0332,9.0332,424,0
20140327,9.0141,9.0141,9.0141,9.0141,117,0
20140328,9.0141,9.1563,9.0141,9.0332,4243,0
20140331,9.1091,9.1091,8.8245,9.0141,2288,0
20140401,9.0141,9.1091,8.8719,8.9667,3809,0
20140402,8.9194,8.9383,8.8264,8.8625,3058,0
20140403,8.9573,8.9573,8.8719,8.8719,2053,0
20140404,8.8625,8.9004,8.8625,8.9004,3032,0
20140407,9.1563,9.1563,8.8455,8.948,5586,0
20140408,8.9004,9.0948,8.9004,8.9004,2423,0
20140409,8.9194,8.9857,8.9194,8.9194,4006,0
20140414,8.9098,8.9194,8.8245,8.834,4544,0
20140415,8.9194,8.9194,8.8246,8.8246,1194,0
20140416,8.8814,8.9004,8.8245,8.8719,6113,0
20140417,8.8719,8.9113,8.8719,8.8719,2015,0
20140421,9.0805,9.1091,8.891,8.9194,809,0
20140422,8.9098,8.9194,8.8245,8.834,3586,0
20140423,8.8719,9.0995,8.8719,8.9857,2685,0
20140424,9.0048,9.0805,9.0048,9.0048,524,0
20140428,8.8292,8.8292,8.8292,8.8292,424,0
20140430,8.8719,9.0995,8.8529,8.8529,875,0
20140502,9.0995,9.0995,9.0995,9.0995,110,0
20140505,9.1091,9.3278,8.9098,9.0332,8522,0
20140507,9.0332,9.2232,9.0332,9.1952,9245,0
20140508,9.0141,9.2606,8.9667,8.9667,10711,0
20140509,8.9667,8.9667,8.8819,8.8819,3683,0
20140512,8.9953,8.9953,8.9573,8.9573,316,0
20140513,8.9573,8.9764,8.8245,8.9764,1497,0
20140514,9.3104,9.3104,9.0336,9.0336,1086,0
20140515,8.9478,8.9764,8.8541,8.8541,2046,0
20140516,8.9667,8.9667,8.9667,8.9667,354,0
20140519,9.3493,9.3493,9.0718,9.0718,5417,0
20140520,9.3008,9.3199,9.3008,9.3199,636,0
20140521,9.0623,9.0718,9.0623,9.0718,735,0
20140523,9.0718,9.1961,9.0623,9.0718,3663,0
20140527,8.9285,9.11,8.8717,8.9572,3506,0
20140528,9.3104,9.3395,8.9667,9.1382,839,0
20140529,8.9764,9.3104,8.9764,9.3104,3142,0
20140530,9.2347,9.3582,8.9764,9.3582,1571,0
20140602,9.0241,9.3582,9.0241,9.2057,2843,0
20140603,9.1004,9.2626,9.0718,9.0814,3772,0
20140604,9.1767,9.3582,9.1205,9.1671,7091,0
20140605,9.1573,9.1573,9.1573,9.1573,112,0
20140606,9.0718,9.1671,8.9764,9.1573,4540,0
20140609,9.0909,9.1671,8.9764,9.0241,3677,0
20140610,8.9764,9.3199,8.9764,9.0527,6491,0
20140611,9.0527,9.0527,8.8808,8.9285,38062,0
20140612,8.8904,8.9764,8.8235,8.938,29437,0
20140613,8.8235,9.0144,8.8235,8.9667,19845,0
20140616,8.8808,8.9764,8.8808,8.8904,12070,0
20140617,9.2908,9.2908,8.8904,8.9094,7348,0
20140618,8.8808,8.9572,8.8808,8.9572,3053,0
20140619,8.919,9.1767,8.8235,8.8425,11338,0
20140620,9.2152,11.783,8.9478,9.873,66320,0
20140623,9.692,10.659,9.4247,9.931,40565,0
20140624,10.026,10.218,9.838,10.056,8576,0
20140625,9.75,9.931,9.2812,9.636,3299,0
20140626,9.502,9.931,9.502,9.765,1840,0
20140627,9.3493,9.606,9.2812,9.2812,3330,0
20140630,9.3298,9.4528,9.2812,9.4439,1517,0
20140701,9.3104,9.549,9.0909,9.0909,5584,0
20140702,9.4439,9.511,8.9667,8.9667,6177,0
20140707,9.406,9.4628,8.6039,8.6039,16005,0
20140708,8.9764,9.11,8.7853,8.8808,51942,0
20140709,9.1573,9.1573,8.8235,8.8425,4465,0
20140710,9.005,9.005,8.7661,8.7948,3335,0
20140711,8.8808,8.8808,8.7661,8.771,987,0
20140714,8.9858,8.9858,8.7948,8.9094,2131,0
20140715,8.8712,8.921,8.7758,8.7758,6894,0
20140716,8.9764,8.9764,8.8044,8.9285,4292,0
20140717,8.8999,8.8999,8.7661,8.7661,507,0
20140718,8.9858,8.9858,8.7662,8.8331,1762,0
20140721,9.396,9.396,8.7758,8.8044,735,0
20140722,8.8235,8.8331,8.7948,8.8331,2731,0
20140723,8.8331,8.8331,8.7661,8.7661,7002,0
20140724,8.8331,8.8331,8.6422,8.7281,6423,0
20140725,8.8044,8.8044,8.6039,8.6039,1115,0
20140728,8.7281,8.7375,8.5848,8.6708,3515,0
20140729,8.5944,8.6468,8.5753,8.6468,2254,0
20140730,8.7281,8.7375,8.6422,8.7375,521,0
20140731,8.6422,8.7375,8.6422,8.7375,2180,0
20140801,8.6422,8.8235,8.6422,8.8235,3272,0
20140804,8.604,8.8235,8.604,8.8235,2346,0
20140805,8.8044,8.8044,8.8044,8.8044,708,0
20140806,8.6422,8.9285,8.6422,8.8712,3391,0
20140807,8.8331,8.8331,8.8331,8.8331,4285,0
20140808,8.8712,8.8712,8.8331,8.8331,209,0
20140811,8.8331,8.8618,8.6039,8.7232,3661,0
20140812,8.8522,8.8522,8.8522,8.8522,314,0
20140813,8.8712,8.8712,8.8139,8.8712,6282,0
20140814,8.8618,8.8618,8.8618,8.8618,521,0
20140815,8.8618,8.8618,8.7853,8.7853,736,0
20140818,8.7853,8.7853,8.7853,8.7853,267,0
20140819,8.7375,8.7853,8.6325,8.6325,3975,0
20140820,8.767,8.844,8.7045,8.844,2652,0
20140821,8.892,8.892,8.7864,8.7959,5147,0
20140822,8.8247,8.9401,8.8247,8.9401,3662,0
20140825,8.8632,8.9209,8.6776,8.8632,886,0
20140826,8.6134,8.9401,8.6134,8.9113,375,0
20140827,8.9306,8.9401,8.9306,8.9401,1299,0
20140902,9.3199,9.3532,8.9402,9.2287,2334,0
20140903,9.2762,9.3729,9.2287,9.2287,3158,0
20140904,9.1324,9.2287,8.8633,8.8633,4566,0
20140908,8.9113,9.2287,8.844,9.0265,3704,0
20140909,8.9018,8.9977,8.844,8.844,1816,0
20140910,8.844,9.0026,8.844,8.9787,1412,0
20140911,9.1325,9.4886,8.844,8.9306,3846,0
20140912,8.844,9.4108,8.844,9.4108,517,0
20140915,8.6133,8.9977,8.6037,8.6613,2189,0
20140918,8.719,8.719,8.719,8.719,315,0
20140919,8.7477,9.3729,8.7477,9.3729,1374,0
20140922,8.892,9.4208,8.892,9.3822,15931,0
20140923,8.9882,9.4489,8.9882,9.4489,12734,0
20140924,9.1228,9.3346,9.1228,9.2762,5912,0
20140925,9.0555,9.0555,8.7,8.7288,8338,0
20140926,8.7864,8.7864,8.7479,8.7479,2711,0
20140929,8.8247,8.8247,8.767,8.7959,2665,0
20140930,8.7576,8.7959,8.719,8.7959,4214,0
20141001,8.7959,8.8056,8.7,8.7094,2232,0
20141002,8.7094,8.7094,8.6518,8.7,4041,0
20141003,8.7479,8.7479,8.7479,8.7479,132,0
20141006,8.6711,8.7582,8.6711,8.7479,1386,0
20141007,8.8056,8.8056,8.6518,8.6518,8779,0
20141008,8.7576,8.9306,8.7576,8.844,1068,0
20141009,8.9401,8.9401,8.6711,8.6711,866,0
20141010,8.87,8.87,8.8536,8.8536,669,0
20141013,8.8536,8.8536,8.8536,8.8536,1949,0
20141014,8.844,8.844,8.844,8.844,148,0
20141015,8.7864,8.844,8.7864,8.7864,810,0
20141016,8.6613,8.6613,8.6613,8.6613,298,0
20141017,8.7382,8.7576,8.7382,8.7576,554,0
20141020,8.767,8.767,8.7576,8.767,564,0
20141021,8.7576,8.7959,8.7576,8.7959,9640,0
20141022,8.7479,8.7959,8.7479,8.7479,4040,0
20141023,8.7479,8.7479,8.7382,8.7479,10158,0
20141024,8.6613,8.6901,8.6613,8.6901,617,0
20141031,8.8728,8.8728,8.7768,8.7768,750,0
20141103,8.7479,8.7479,8.7479,8.7479,614,0
20141104,8.7478,8.7478,8.7288,8.7288,884,0
20141105,8.6518,8.6613,8.6423,8.6517,4581,0
20141110,8.6806,8.6806,8.6806,8.6806,106,0
20141112,8.7479,8.7479,8.7479,8.7479,346,0
20141114,8.7479,8.7479,8.7382,8.7479,1149,0
20141118,8.7094,8.7382,8.6901,8.7382,7573,0
20141119,8.5641,8.7577,8.5544,8.5544,2329,0
20141120,8.6222,8.7577,8.6125,8.6608,45887,0
20141121,8.7672,8.7771,8.7577,8.7771,4208,0
20141124,8.6318,8.7577,8.6125,8.7577,4687,0
20141126,8.7771,8.7962,8.7771,8.7962,1263,0
20141201,8.748,8.8061,8.7092,8.8061,3550,0
20141202,8.806,8.806,8.806,8.806,406,0
20141203,8.7962,8.8061,8.7962,8.8061,930,0
20141204,8.7961,8.7961,8.7577,8.7961,770,0
20141208,8.5641,8.8061,8.3803,8.6607,6246,0
20141209,8.2835,8.7092,8.2835,8.7092,2095,0
20141210,8.6802,8.7092,8.2835,8.6125,12748,0
20141211,8.8061,8.8061,8.6028,8.6415,3591,0
20141212,8.6125,8.6125,8.6125,8.6125,805,0
20141215,8.6512,8.7962,8.2835,8.6706,6646,0
20141216,8.6898,8.7092,8.6802,8.6898,1512,0
20141217,8.7287,8.8061,8.7287,8.8061,2201,0
20141218,8.8061,8.8061,8.8061,8.8061,109,0
20141222,8.8061,8.8061,8.7962,8.8061,1478,0
20141223,8.7382,8.7382,8.7189,8.7382,1718,0
20141224,8.7382,8.741,8.7382,8.7409,1440,0
20141226,8.6125,8.6125,8.6082,8.6124,2166,0
20141229,8.8061,8.8061,8.6898,8.7092,4459,0
20141230,8.506,8.506,8.3803,8.3803,249,0
20141231,8.4189,8.6222,8.4189,8.477,3830,0
20150102,8.8061,8.8061,8.8061,8.8061,105,0
20150105,8.1093,8.6997,8.1093,8.627,7412,0
20150106,8.8061,8.8061,8.6608,8.6608,501,0
20150107,8.7092,8.7092,8.3706,8.5254,5984,0
20150108,8.7091,8.7091,8.7091,8.7091,766,0
20150109,8.3512,8.4674,8.3512,8.4674,5312,0
20150112,8.4867,8.4867,8.3706,8.3803,1442,0
20150115,8.535,8.535,8.3706,8.3899,925,0
20150120,8.4189,8.4674,8.4189,8.4674,2997,0
20150122,8.3706,8.4964,8.3706,8.4964,620,0
20150126,8.4093,8.4093,8.4093,8.4093,310,0
20150128,8.3416,8.4674,8.3416,8.448,3596,0
20150129,8.3426,8.5563,8.2264,8.3899,4152,0
20150130,8.4189,8.5449,8.2738,8.5449,2796,0
20150202,8.3512,8.7092,8.2737,8.4674,20025,0
20150203,8.4964,8.5448,8.4964,8.535,1127,0
20150204,8.506,8.506,8.506,8.506,140,0
20150205,8.5254,8.535,8.5157,8.535,1976,0
20150206,8.5254,8.5254,8.2738,8.4964,1507,0
20150209,8.4674,8.4674,8.4674,8.4674,500,0
20150210,8.5254,8.6987,8.5254,8.6987,1756,0
20150211,8.5242,8.5242,8.3781,8.3781,1803,0
20150217,8.719,8.719,8.719,8.719,244,0
20150220,8.4463,8.5729,8.4463,8.4755,977,0
20150223,8.7677,8.7677,8.4366,8.456,11822,0
20150224,8.5242,8.6704,8.5242,8.6703,2771,0
20150225,8.6801,8.7581,8.6801,8.7581,3406,0
20150226,8.4659,8.4659,8.4658,8.4658,308,0
20150227,8.7385,8.7677,8.7365,8.7676,4936,0
20150303,8.7677,8.7677,8.7385,8.7385,1540,0
20150304,8.7482,8.7482,8.4755,8.5145,1027,0
20150306,8.534,8.7385,8.5242,8.7385,2361,0
20150309,8.719,8.7677,8.719,8.7677,2155,0
20150310,8.6119,8.719,8.6119,8.719,1642,0
20150311,8.7677,8.7677,8.7289,8.7289,412,0
20150312,8.7677,8.7677,8.7482,8.7482,204,0
20150313,8.7482,8.7677,8.7482,8.7677,412,0
20150319,8.7482,8.7677,8.7482,8.7677,204,0
20150320,8.719,8.719,8.5047,8.5047,1335,0
20150327,8.5242,8.5534,8.5242,8.534,2669,0
20150330,8.5729,8.5827,8.5242,8.5242,1540,0
20150406,8.6217,8.7677,8.5242,8.5437,1642,0
20150407,8.7676,8.7676,8.5632,8.5632,735,0
20150413,8.5437,8.6704,8.4463,8.6704,5441,0
20150414,8.456,8.6997,8.4268,8.4268,6158,0
20150415,8.4268,8.4268,8.2807,8.3293,4147,0
20150416,8.3781,8.3781,8.2807,8.3781,5674,0
20150417,8.2807,8.3489,8.2807,8.3489,204,0
20150420,8.7093,8.7093,8.2904,8.31,1117,0
20150422,8.3196,8.3196,8.3196,8.3196,104,0
20150423,8.3975,8.3975,8.3975,8.3975,719,0
20150424,8.3781,8.6217,8.3781,8.5729,7803,0
20150427,8.7581,8.7581,8.3975,8.3975,2258,0
20150428,8.3976,8.5437,8.3976,8.5437,770,0
20150429,8.5534,8.5534,8.5242,8.5534,2258,0
20150430,8.5242,8.5242,8.5242,8.5242,204,0
20150505,8.5242,8.5242,8.5242,8.5242,616,0
20150506,8.589,8.589,8.589,8.589,149,0
20150507,8.5242,8.5242,8.4366,8.4366,11243,0
20150508,8.4755,8.4755,8.4268,8.4268,2566,0
20150511,8.7581,8.7581,8.5924,8.6897,1232,0
20150513,8.6119,8.6217,8.6119,8.6217,2566,0
20150514,8.7093,8.7873,8.7093,8.7677,9238,0
20150515,8.7677,8.8165,8.7677,8.8165,3756,0
20150518,8.8165,8.8308,8.7677,8.7677,4104,0
20150520,8.8659,8.8659,8.7874,8.7874,203,0
20150521,8.8953,8.8953,8.7383,8.8953,4690,0
20150526,8.905,8.905,8.905,8.905,293,0
20150527,8.7286,8.905,8.7286,8.7481,1224,0
20150529,9.0522,9.0522,8.9344,8.9344,2243,0
20150601,8.8755,8.8755,8.8755,8.8755,573,0
20150602,8.8659,9.0423,8.8659,8.9247,3627,0
20150603,8.8168,8.8168,8.8168,8.8168,1020,0
20150608,9.0522,9.0522,9.0522,9.0522,306,0
20150610,9.0719,9.0719,9.0719,9.0719,2141,0
20150611,8.8756,8.8756,8.8756,8.8756,105,0
20150616,9.1208,9.1208,9.0719,9.0719,409,0
20150617,8.9149,8.9149,8.9149,8.9149,103,0
20150619,9.1208,9.1208,9.1208,9.1208,103,0
20150622,8.9247,8.9247,8.8953,8.8953,815,0
20150623,8.9247,8.9934,8.9247,8.9448,1607,0
20150625,9.0228,9.1208,9.0228,9.1208,3976,0
20150626,8.9443,8.964,8.9443,8.964,3670,0
20150702,8.9443,8.9443,8.9443,8.9443,306,0
20150706,8.9443,8.9443,8.9443,8.9443,409,0
20150707,8.9835,9.1208,8.9835,9.1208,918,0
20150708,8.9443,9.0719,8.9443,8.9443,815,0
20150713,8.9443,9.0325,8.8756,8.8756,1835,0
20150715,8.9737,9.062,8.8756,8.9247,17659,0
20150717,8.9247,9.1208,8.8756,8.8756,6832,0
20150720,8.8756,8.9737,8.8756,8.9737,2855,0
20150721,8.7286,8.9737,8.7286,8.964,11624,0
20150722,8.9541,8.9541,8.9541,8.9541,103,0
20150727,8.8462,8.8462,8.8462,8.8462,103,0
20150728,8.7677,8.8168,8.758,8.7874,918,0
20150729,8.758,8.8168,8.758,8.8168,714,0
20150730,8.8462,8.8953,8.8266,8.8953,612,0
20150731,8.9443,8.9737,8.9443,8.964,5302,0
20150803,8.9737,8.9737,8.9248,8.9248,555,0
20150804,8.9737,8.9737,8.9737,8.9737,203,0
20150805,9.0228,9.0228,9.0228,9.0228,2040,0
20150806,9.0228,9.0228,8.9737,8.9737,574,0
20150807,9.0228,9.0228,8.9344,8.964,5200,0
20150810,8.9344,8.9835,8.9344,8.9835,409,0
20150811,9.0129,9.0129,8.9344,8.9344,267,0
20150813,9.0129,9.0129,8.9344,8.9443,714,0
20150814,9.0129,9.0129,9.0129,9.0129,103,0
20150817,9.0228,9.0228,8.9737,8.9737,1224,0
20150818,9.0129,9.2974,9.0129,9.2974,1020,0
20150819,9.0802,9.0802,8.9421,8.9421,710,0
20150821,8.9618,8.9618,8.9618,8.9618,406,0
20150824,9.1986,9.3171,9.0408,9.2875,633,0
20150825,8.9618,9.2282,8.9618,9.2282,1013,0
20150826,8.9519,8.9519,8.9519,8.9519,202,0
20150828,9.0802,9.0802,8.9223,8.9322,1722,0
20150831,9.0802,9.0802,9.0802,9.0802,2026,0
20150901,9.0802,9.2282,9.0704,9.0802,2634,0
20150902,9.1296,9.2282,8.9815,8.9815,1114,0
20150903,9.0704,9.0802,9.0704,9.0802,2128,0
20150904,9.0802,9.0802,9.0802,9.0802,406,0
20150908,9.0704,9.0704,9.0704,9.0704,102,0
20150909,9.0802,9.0802,9.0802,9.0802,102,0
20150915,9.2282,9.2282,9.2184,9.2282,3851,0
20150917,9.1296,9.2282,9.1296,9.2282,2852,0
20150918,9.2282,9.2382,9.2282,9.2382,2837,0
20150921,9.574,9.574,9.574,9.574,304,0
20150922,9.179,9.179,9.179,9.179,506,0
20150923,9.1395,9.2574,9.1395,9.2574,1180,0
20150924,9.1592,9.4946,9.1394,9.2875,1352,0
20150928,9.2776,9.2891,9.2776,9.2891,1189,0
20151002,9.3764,9.3764,9.3764,9.3764,1621,0
20151005,9.2776,9.524,9.2776,9.524,1220,0
20151006,9.574,9.574,9.574,9.574,102,0
20151007,9.504,9.504,9.2578,9.2578,3441,0
20151008,9.3664,9.3664,9.3467,9.3467,2634,0
20151009,9.1493,9.3072,9.1493,9.2776,1013,0
20151014,9.3072,9.3072,9.2382,9.2382,202,0
20151015,9.514,9.524,9.2678,9.4548,3647,0
20151019,9.3171,9.3368,9.3171,9.3368,773,0
20151021,9.3368,9.3368,9.3368,9.3368,102,0
20151022,9.2282,9.534,9.2184,9.4548,9220,0
20151023,9.662,9.662,9.662,9.662,102,0
20151028,9.3764,9.633,9.3664,9.633,6079,0
20151029,9.613,9.613,9.613,9.613,102,0
20151102,9.643,9.672,9.643,9.672,864,0
20151103,9.603,9.603,9.603,9.603,304,0
20151104,9.662,9.761,9.662,9.761,2322,0
20151105,9.633,9.633,9.633,9.633,102,0
20151106,9.761,9.761,9.584,9.584,304,0
20151109,9.761,9.761,9.623,9.623,427,0
20151110,9.761,9.761,9.1296,9.1888,1418,0
20151113,9.722,9.722,9.722,9.722,304,0
20151116,9.672,9.732,9.613,9.672,1317,0
20151117,9.623,9.623,9.2184,9.2184,304,0
20151118,9.4866,9.824,9.4568,9.646,2819,0
20151119,9.755,9.755,8.9502,9.4568,604,0
20151120,9.4866,9.4866,9.4866,9.4866,101,0
20151123,9.4369,9.765,9.4369,9.765,604,0
20151124,9.765,9.824,9.685,9.735,1786,0
20151127,9.695,9.695,9.695,9.695,101,0
20151130,9.665,9.665,9.665,9.665,302,0
20151202,9.2681,9.616,9.1787,9.1787,11692,0
20151203,9.0992,9.2481,8.9205,9.0069,38912,0
20151207,9.2979,9.2979,9.2979,9.2979,302,0
20151208,9.1687,9.2383,9.1687,9.2283,482,0
20151209,9.2383,9.3376,9.2184,9.3376,2315,0
20151210,9.3376,9.3376,9.2879,9.2879,201,0
20151211,9.1886,9.3277,9.1886,9.1886,302,0
20151216,9.1886,9.2681,9.1886,9.2681,503,0
20151218,9.1886,9.3376,9.1886,9.3376,1208,0
20151223,9.1886,9.1886,9.1886,9.1886,201,0
20151228,9.2879,9.3078,9.2581,9.2581,925,0
20151229,9.1985,9.2085,9.1886,9.2085,1354,0
20151231,9.2383,9.3376,9.1886,9.2283,2961,0
20160104,9.1886,9.1886,9.1886,9.1886,302,0
20160105,9.2283,9.2482,9.1886,9.1886,509,0
20160107,9.1886,9.3177,9.1886,9.3177,1309,0
20160108,9.3375,9.3376,9.3177,9.3376,9465,0
20160111,9.3376,9.3376,9.3376,9.3376,1007,0
20160113,9.2085,9.2283,9.1886,9.1985,4681,0
20160115,9.1787,9.2581,9.0793,9.0793,384,0
20160119,9.2482,9.2482,9.2482,9.2482,101,0
20160120,8.9502,9.1191,8.9502,8.9701,805,0
20160121,9.2452,9.2452,9.1207,9.1207,252,0
20160126,9.0893,9.1091,8.8807,8.9403,5857,0
20160127,8.9204,8.9204,8.8807,8.8807,6306,0
20160128,8.8409,9.1787,8.8409,9.1588,1953,0
20160129,9.0297,9.2283,9.0297,9.1588,1376,0
20160201,9.1191,9.2482,9.1191,9.2383,2156,0
20160202,9.2184,9.2581,8.9005,9.2581,1611,0
20160203,8.8409,8.98,8.8409,8.98,205,0
20160210,9.3399,9.49,9.3399,9.49,903,0
20160216,9.44,9.44,9.43,9.43,221,0
20160218,9.4399,9.4399,9.4399,9.4399,500,0
20160219,9.32,9.44,9.19,9.19,4485,0
20160223,9.2,9.2001,9.2,9.2,499,0
20160224,9.4381,9.4399,9.23,9.23,1402,0
20160226,9.28,9.4,9.28,9.3999,5300,0
20160229,9.28,9.28,9.28,9.28,209,0
20160301,9.32,9.32,9.32,9.32,160,0
20160302,9.0901,9.4,9.05,9.4,3355,0
20160303,9.14,9.14,9.14,9.14,253,0
20160304,9.18,9.18,9.18,9.18,163,0
20160307,9.3999,9.3999,9.1,9.1,900,0
20160308,9.4,9.4,9.4,9.4,100,0
20160315,9.2,9.2,9.2,9.2,341,0
20160318,9.25,9.25,9.25,9.25,242,0
20160322,9.38,9.38,9.38,9.38,112,0
20160323,9.4,9.4,9.4,9.4,201,0
20160329,9.4,9.4,9.21,9.21,1476,0
20160330,9.4,9.4,9.4,9.4,500,0
20160331,9.35,9.35,9.35,9.35,100,0
20160401,9.35,9.35,9.22,9.22,345,0
20160406,9.3,9.35,9.3,9.35,590,0
20160407,9.3499,9.4,9.3485,9.4,6449,0
20160408,9.37,9.38,9.37,9.38,200,0
20160411,9.4,9.4,9.2,9.21,6900,0
20160412,9.2,9.4,9.2,9.38,5953,0
20160413,9.4,9.4,9.3195,9.3499,6472,0
20160414,9.43,9.7,9.3723,9.49,7649,0
20160415,9.45,9.54,9.3935,9.45,12134,0
