Date,Open,High,Low,Close,Volume,OpenInt
20081007,9.856,9.856,9.2698,9.2896,62955,0
20081008,9.2896,9.2896,9.1097,9.1097,24423,0
20081009,9.1097,9.1097,8.9203,9.1097,9687,0
20081010,8.9108,8.9583,8.7784,8.8257,7929,0
20081013,8.9677,9.0148,8.8257,9.0148,5813,0
20081014,9.2046,9.3835,9.2046,9.3746,27707,0
20081015,9.3746,9.3746,8.9203,9.2799,4758,0
20081016,8.7122,8.9203,8.0405,8.8635,55710,0
20081017,8.4568,8.7029,8.4568,8.6839,1323,0
20081020,8.5797,8.6839,8.4473,8.6839,26429,0
20081021,8.6839,8.6839,8.4473,8.6839,13743,0
20081022,8.542,8.6839,8.542,8.6839,11471,0
20081023,8.4473,8.4473,8.2678,8.2678,5983,0
20081027,8.2108,8.2298,8.1826,8.1826,3477,0
20081028,8.2108,8.4473,8.2108,8.4473,425,0
20081030,8.4473,8.4568,8.4284,8.4473,42391,0
20081031,8.7784,8.9203,8.7784,8.9203,637,0
20081104,8.873,8.873,8.873,8.873,1058,0
20081105,8.873,8.873,8.873,8.873,100,0
20081106,8.8257,8.8257,8.6366,8.6366,3846,0
20081107,8.4473,8.8257,8.4473,8.6556,1691,0
20081110,8.6366,8.646,8.6366,8.646,951,0
20081111,8.6366,8.6839,8.6366,8.6839,12160,0
20081112,8.542,8.542,8.542,8.542,1058,0
20081113,8.542,8.7217,8.4473,8.7217,4441,0
20081114,8.4759,8.7217,8.4473,8.7217,526,0
20081117,8.4759,8.4851,8.4759,8.4851,313,0
20081118,8.5893,8.5893,8.5608,8.5893,5285,0
20081119,8.5893,8.5893,8.4473,8.4473,10676,0
20081120,8.4473,8.4568,8.4095,8.4095,50822,0
20081121,8.3529,8.3529,8.2581,8.2581,4345,0
20081124,8.4473,8.4473,8.4473,8.4473,2326,0
20081125,8.4568,8.4568,8.4568,8.4568,100,0
20081202,8.4473,8.4473,8.4473,8.4473,9515,0
20081203,8.542,8.542,8.542,8.542,2750,0
20081204,8.5324,8.5324,8.5324,8.5324,100,0
20081205,8.4473,8.5324,8.4473,8.5324,2853,0
20081208,8.6271,8.6366,8.6271,8.6271,425,0
20081210,8.4947,8.5516,8.4568,8.5516,5137,0
20081211,8.5516,8.5516,8.4473,8.4473,1586,0
20081212,8.4473,8.5608,8.4473,8.5608,12898,0
20081215,8.4473,8.6178,8.4473,8.5893,15540,0
20081216,8.5797,8.6839,8.5797,8.6839,5074,0
20081217,8.7122,8.7122,8.6839,8.6839,1586,0
20081218,8.6839,8.6839,8.5608,8.5608,1058,0
20081219,8.6839,8.7313,8.6839,8.6839,26311,0
20081222,8.6839,8.7313,8.6839,8.7313,21564,0
20081223,8.6839,8.6933,8.6839,8.6933,46545,0
20081224,8.6839,8.7122,8.6839,8.7122,313,0
20081226,8.6839,8.6839,8.6839,8.6839,1058,0
20081229,8.7313,8.7313,8.6839,8.6839,26882,0
20081230,8.7313,9.2425,8.7313,9.2046,30717,0
20081231,9.2046,9.2046,9.157,9.2046,6644,0
20090102,9.2425,9.3835,9.2425,9.2523,10676,0
20090105,9.3647,9.4305,9.3647,9.3835,54867,0
20090106,9.4305,9.4305,9.3835,9.3835,11728,0
20090107,9.3835,9.4216,9.3835,9.4216,19690,0
20090108,9.4305,9.4305,9.4305,9.4305,4971,0
20090109,9.2896,9.4216,9.2896,9.4216,425,0
20090112,9.2896,9.3835,9.2896,9.3835,425,0
20090113,9.3173,9.3173,9.3173,9.3173,100,0
20090114,9.2896,9.2896,9.2896,9.2896,100,0
20090115,9.2896,9.3081,9.2896,9.3081,1101,0
20090116,9.2896,9.3835,9.2896,9.3835,14180,0
20090120,9.4216,9.4216,9.157,9.2799,3075,0
20090121,9.0148,9.2799,9.0148,9.1946,26113,0
20090122,8.9772,9.1946,8.9772,9.0148,2326,0
20090123,8.9677,9.0622,8.9677,9.0622,11457,0
20090126,9.0148,9.4216,8.873,9.4216,8826,0
20090127,9.4216,9.4216,9.2799,9.2799,1163,0
20090128,9.3368,9.3368,9.3368,9.3368,4228,0
20090129,9.3368,9.3368,9.157,9.2896,1586,0
20090130,9.2896,9.2896,9.2896,9.2896,1058,0
20090202,9.157,9.1662,9.157,9.157,21989,0
20090203,9.157,9.157,9.157,9.157,523,0
20090204,9.157,9.157,9.0622,9.0622,2472,0
20090205,9.1097,9.1097,9.1097,9.1097,2010,0
20090209,8.8257,8.8257,8.8257,8.8257,1058,0
20090210,8.8257,8.8257,8.8257,8.8257,1163,0
20090211,8.8257,8.8352,8.8257,8.8352,1227,0
20090212,8.6933,8.873,8.6933,8.873,213,0
20090213,8.873,8.873,8.873,8.873,1163,0
20090217,8.6839,8.6839,8.6839,8.6839,100,0
20090218,8.7313,8.7313,8.7313,8.7313,425,0
20090219,8.7029,8.7029,7.7473,8.4473,9302,0
20090220,8.4473,8.4473,8.438,8.4473,6796,0
20090224,8.5324,8.542,8.5324,8.542,313,0
20090225,8.542,8.542,8.4568,8.4568,3943,0
20090227,8.542,8.542,8.542,8.542,738,0
20090302,8.542,8.542,8.542,8.542,526,0
20090304,8.5232,8.542,8.5232,8.542,14124,0
20090305,8.4473,8.4568,8.4473,8.4568,526,0
20090306,8.4759,8.4759,8.4473,8.4473,1479,0
20090310,8.438,8.438,8.438,8.438,100,0
20090311,8.438,8.438,8.438,8.438,10571,0
20090312,8.4759,8.5893,8.4759,8.5893,1077,0
20090313,8.5608,8.6366,8.5608,8.6366,3699,0
20090316,8.6839,8.6839,8.6839,8.6839,313,0
20090317,8.7784,8.873,8.7784,8.8257,1079,0
20090318,8.873,8.9203,8.873,8.9203,2326,0
20090319,9.157,9.157,9.157,9.157,100,0
20090320,9.2046,9.3368,9.0148,9.0148,4124,0
20090324,9.0622,9.0622,9.0622,9.0622,100,0
20090325,9.0622,9.0622,9.0622,9.0622,4758,0
20090327,9.0622,9.0622,9.0622,9.0622,848,0
20090331,9.0148,9.0148,9.0148,9.0148,1479,0
20090401,9.0055,9.0148,9.0055,9.0148,1292,0
20090402,9.0148,9.0148,9.0148,9.0148,12372,0
20090408,9.0622,9.2896,9.0622,9.2896,5496,0
20090409,9.2799,9.3271,9.2799,9.3271,4546,0
20090413,9.3271,9.3271,9.3271,9.3271,526,0
20090416,9.2799,9.2799,9.2799,9.2799,3173,0
20090417,9.26,9.3835,9.26,9.3835,13743,0
20090420,9.2799,9.2799,9.2799,9.2799,100,0
20090421,9.2799,9.2799,9.2799,9.2799,1267,0
20090422,9.2799,9.3368,9.2799,9.3368,5316,0
20090423,9.157,9.157,9.157,9.157,526,0
20090424,9.3368,9.3746,9.1946,9.2799,2378,0
20090427,9.2425,9.3368,9.2425,9.2994,10232,0
20090428,9.2994,9.2994,9.2425,9.2425,32137,0
20090429,9.3368,9.3746,9.2325,9.2425,8151,0
20090430,9.26,9.26,9.1946,9.1946,7612,0
20090501,9.3368,9.3368,9.3368,9.3368,263,0
20090506,9.1946,9.1946,9.1946,9.1946,738,0
20090507,9.3271,9.3271,9.0148,9.0148,637,0
20090508,9.3081,9.3081,9.3081,9.3081,213,0
20090511,9.1946,9.2425,9.1097,9.2425,6703,0
20090512,9.157,9.3368,9.157,9.2896,11087,0
20090513,9.1662,9.1662,9.157,9.157,1691,0
20090514,9.2896,9.2896,9.2896,9.2896,1015,0
20090515,9.2425,9.2896,9.157,9.157,21903,0
20090518,9.2698,9.2799,9.2046,9.2799,2326,0
20090519,9.2799,9.2799,9.2425,9.2425,5074,0
20090520,9.1946,9.2799,9.1946,9.2799,20318,0
20090521,9.2142,9.2142,9.2142,9.2142,4651,0
20090522,9.1946,9.1946,9.1946,9.1946,843,0
20090526,9.1946,9.2896,9.1757,9.2896,4705,0
20090527,9.2896,9.3368,9.2325,9.2425,18501,0
20090528,9.2896,9.3746,9.2896,9.3368,35178,0
20090529,9.2896,9.3835,9.2896,9.3835,11010,0
20090601,9.3835,10.188,9.3271,9.3368,98557,0
20090602,9.4018,9.4018,9.3924,9.3924,8727,0
20090603,9.3368,9.3368,9.3173,9.3173,8247,0
20090604,9.3368,9.3368,9.3368,9.3368,4602,0
20090605,9.3924,9.3924,9.3368,9.3368,3258,0
20090608,9.2425,9.3924,9.1662,9.3746,425,0
20090609,9.3368,9.3835,9.3368,9.3746,2983,0
20090610,9.3368,9.3835,9.3368,9.3835,3318,0
20090611,9.3835,9.3835,9.3835,9.3835,815,0
20090615,9.2523,9.4117,9.2523,9.4117,738,0
20090616,9.2523,9.2994,9.2523,9.2523,8034,0
20090617,9.2425,9.3456,9.2425,9.2425,1227,0
20090619,9.2425,9.3456,9.2425,9.3456,1638,0
20090622,9.2523,9.2523,9.2425,9.2425,2446,0
20090624,9.2425,9.2523,9.2425,9.2425,3699,0
20090625,9.2425,9.2994,9.2425,9.2425,1798,0
20090626,9.2425,9.2896,9.2425,9.2799,1902,0
20090629,9.2425,9.2523,9.2425,9.2523,1479,0
20090630,9.2425,9.2425,9.2425,9.2425,425,0
20090701,9.2425,9.26,9.2425,9.26,1586,0
20090702,9.2425,9.2425,9.2425,9.2425,213,0
20090706,9.2425,9.2523,9.2425,9.2523,313,0
20090707,9.2523,9.2994,9.2425,9.2994,42708,0
20090708,9.2994,9.2994,9.2994,9.2994,213,0
20090709,9.26,9.26,9.26,9.26,1058,0
20090710,9.26,9.26,9.26,9.26,3421,0
20090713,9.2896,9.2896,9.2896,9.2896,2113,0
20090714,9.2994,9.2994,9.2523,9.2523,3594,0
20090715,9.2425,9.2994,9.2425,9.2994,19924,0
20090717,9.3456,9.3456,9.3456,9.3456,213,0
20090720,9.3456,9.3835,9.2994,9.3835,5942,0
20090721,9.4018,9.4018,9.3924,9.3924,5496,0
20090723,9.4018,9.601,9.4018,9.601,20014,0
20090724,9.601,9.601,9.601,9.601,0,0
20090727,9.4018,9.592,9.4018,9.592,1163,0
20090728,9.574,9.574,9.556,9.556,787,0
20090729,9.574,9.574,9.564,9.564,790,0
20090730,9.527,9.574,9.527,9.564,10889,0
20090731,9.556,9.556,9.556,9.556,1058,0
20090803,9.4783,9.556,9.4783,9.4982,7292,0
20090804,9.546,9.556,9.546,9.556,9409,0
20090805,9.536,9.536,9.527,9.527,658,0
20090806,9.527,9.556,9.4783,9.4783,5602,0
20090807,9.527,9.556,9.527,9.556,6341,0
20090810,9.4783,9.583,9.4783,9.583,6552,0
20090811,9.583,9.583,9.583,9.583,0,0
20090812,9.4982,9.583,9.4982,9.583,5126,0
20090813,9.583,9.583,9.583,9.583,313,0
20090814,9.583,9.583,9.583,9.583,0,0
20090818,9.583,9.583,9.527,9.527,1058,0
20090819,9.564,9.564,9.564,9.564,1358,0
20090820,9.564,9.583,9.564,9.583,9672,0
20090821,9.583,9.592,9.574,9.592,14889,0
20090824,9.668,9.668,9.668,9.668,4758,0
20090825,9.715,10.329,9.715,10.141,5285,0
20090826,10.282,10.321,10.206,10.321,2113,0
20090828,10.188,10.188,10.047,10.141,8870,0
20090831,10.188,10.188,10.178,10.178,13743,0
20090901,10.141,10.141,10.141,10.141,1798,0
20090903,10.141,10.141,9.903,9.903,3235,0
20090904,9.668,10.17,9.527,10.17,3488,0
20090910,10.141,10.141,10.141,10.141,100,0
20090911,10.094,10.15,10.094,10.141,2113,0
20090914,10.141,10.141,9.705,9.705,2796,0
20090915,10.094,10.131,10.074,10.074,688,0
20090916,10.121,10.121,10.121,10.121,281,0
20090917,10.084,10.094,10.084,10.094,3065,0
20090918,10.121,10.121,10.121,10.121,202,0
20090921,9.685,10.121,9.685,10.121,1074,0
20090923,10.121,10.121,10.111,10.111,425,0
20090928,10.047,10.047,10.047,10.047,790,0
20090929,10.047,10.047,10.047,10.047,213,0
20090930,10.047,10.047,10.047,10.047,425,0
20091001,9.951,10.131,9.856,10.131,2162,0
20091002,9.856,9.856,9.677,9.677,2432,0
20091009,9.856,10.094,9.856,10.094,3010,0
20091014,9.772,10.094,9.772,10.047,2220,0
20091015,9.856,9.856,9.856,9.856,100,0
20091020,9.685,9.848,9.685,9.848,213,0
20091021,9.856,9.951,9.856,9.951,425,0
20091022,9.941,9.941,9.941,9.941,213,0
20091027,9.856,9.856,9.763,9.856,1645,0
20091028,9.685,9.685,9.685,9.685,647,0
20091029,9.685,10.121,9.685,9.951,3594,0
20091030,10.019,10.027,9.856,9.856,5484,0
20091102,9.856,9.856,9.677,9.677,2597,0
20091103,9.695,9.695,9.4982,9.4982,3699,0
20091106,9.508,9.856,9.4783,9.856,2369,0
20091109,9.763,9.763,9.763,9.763,637,0
20091117,9.574,9.574,9.508,9.508,4175,0
20091118,9.4693,9.4783,9.4216,9.4783,9545,0
20091119,9.4783,9.508,9.4783,9.4783,1479,0
20091120,9.4783,9.4783,9.4783,9.4783,1058,0
20091123,9.619,9.856,9.619,9.856,5299,0
20091124,9.4882,9.508,9.4783,9.4783,2432,0
20091125,9.838,9.856,9.838,9.838,1561,0
20091130,9.763,9.856,9.695,9.715,8034,0
20091203,9.4882,9.763,9.4783,9.763,10371,0
20091204,9.81,9.81,9.574,9.574,2326,0
20091207,9.763,9.763,9.763,9.763,1230,0
20091208,9.629,9.629,9.619,9.619,1622,0
20091209,9.763,9.763,9.619,9.619,148754,0
20091210,9.619,9.619,9.619,9.619,13086,0
20091211,9.668,9.763,9.619,9.619,8289,0
20091214,9.4603,9.4603,9.4603,9.4603,213,0
20091216,9.81,9.81,9.801,9.801,425,0
20091217,9.763,9.763,9.629,9.753,738,0
20091218,9.715,9.715,9.715,9.715,154,0
20091221,9.629,9.668,9.619,9.668,1375,0
20091222,9.619,9.619,9.619,9.619,1180,0
20091223,9.715,9.715,9.715,9.715,3116,0
20091229,9.801,9.81,9.801,9.81,1163,0
20100105,9.695,9.695,9.619,9.619,1586,0
20100106,9.782,9.876,9.782,9.876,6231,0
20100107,9.876,9.876,9.648,9.648,5216,0
20100108,9.866,9.866,9.668,9.866,1069,0
20100113,9.629,9.876,9.619,9.876,7965,0
20100114,9.744,9.744,9.744,9.744,1058,0
20100115,9.838,9.876,9.744,9.744,8075,0
20100119,9.744,9.744,9.744,9.744,526,0
20100120,9.695,9.695,9.4783,9.564,3679,0
20100122,9.583,9.583,9.583,9.583,404,0
20100125,9.583,9.744,9.574,9.583,4041,0
20100126,9.601,9.876,9.601,9.876,9570,0
20100127,9.838,9.838,9.838,9.838,100,0
20100128,9.829,9.866,9.81,9.838,6817,0
20100129,9.838,9.838,9.838,9.838,2641,0
20100201,9.848,9.876,9.838,9.856,13341,0
20100202,9.876,9.885,9.848,9.866,7861,0
20100203,9.838,9.866,9.838,9.866,1902,0
20100204,9.838,9.838,9.838,9.838,1058,0
20100205,9.829,9.829,9.829,9.829,637,0
20100208,9.829,9.829,9.829,9.829,1058,0
20100209,9.829,9.829,9.829,9.829,282,0
20100210,9.792,9.792,9.792,9.792,1058,0
20100211,9.792,9.829,9.792,9.829,4228,0
20100212,9.801,9.801,9.801,9.801,100,0
20100216,9.838,9.838,9.801,9.801,11547,0
20100217,9.838,9.932,9.838,9.885,13812,0
20100218,9.885,9.885,9.885,9.885,1566,0
20100219,9.848,9.848,9.838,9.838,5244,0
20100222,9.885,9.932,9.829,9.829,4663,0
20100223,9.932,10.178,9.932,9.932,8374,0
20100224,10.302,10.302,10.302,10.302,100,0
20100226,9.932,10.321,9.932,10.254,3339,0
20100301,10.312,10.614,10.312,10.5,4228,0
20100302,10.823,10.823,10.594,10.594,3498,0
20100303,10.594,10.661,10.594,10.594,5614,0
20100304,10.547,10.547,10.547,10.547,5285,0
20100305,10.594,10.642,10.594,10.594,2695,0
20100308,10.623,10.623,10.387,10.594,3594,0
20100309,10.594,10.594,10.594,10.594,153,0
20100310,10.406,10.632,10.397,10.594,56495,0
20100312,10.406,10.831,10.406,10.594,82140,0
20100315,10.377,10.604,10.377,10.594,15992,0
20100316,10.594,10.594,10.5,10.5,425,0
20100317,10.594,10.746,10.594,10.689,22668,0
20100318,10.594,10.642,10.594,10.642,4441,0
20100319,10.642,10.642,10.642,10.642,2423,0
20100322,10.689,10.774,10.689,10.774,2901,0
20100323,10.774,10.774,10.764,10.774,1130,0
20100324,10.831,10.831,10.784,10.831,3208,0
20100325,10.831,10.878,10.594,10.878,7137,0
20100326,10.898,11.504,10.898,10.907,2113,0
20100329,11.542,11.542,11.095,11.163,5285,0
20100330,11.351,12.014,11.351,11.778,8500,0
20100331,11.871,11.871,11.768,11.814,1586,0
20100405,11.806,11.814,11.806,11.814,675,0
20100408,11.814,11.871,11.814,11.871,7844,0
20100409,11.92,12.014,11.92,11.92,4271,0
20100412,11.853,11.966,11.853,11.966,1058,0
20100413,11.966,12.156,11.966,12.156,19927,0
20100414,12.061,12.137,12.061,12.137,2432,0
20100416,12.156,12.156,12.156,12.156,900,0
20100419,11.92,11.92,11.92,11.92,7189,0
20100420,12.156,12.156,12.156,12.156,820,0
20100421,12.239,12.325,12.239,12.325,3093,0
20100426,12.297,12.345,12.297,12.307,18669,0
20100427,12.345,12.345,12.297,12.345,13721,0
20100428,12.373,12.392,12.335,12.345,6299,0
20100429,12.345,12.487,12.345,12.487,19240,0
20100430,12.516,12.882,12.516,12.733,20932,0
20100503,12.902,13.007,12.355,12.355,128480,0
20100504,12.44,12.467,12.431,12.448,3360,0
20100505,12.402,12.752,12.278,12.591,2641,0
20100506,12.364,12.703,12.023,12.023,13424,0
20100507,11.787,12.108,11.484,12.108,2320,0
20100510,11.938,12.297,11.938,12.203,2010,0
20100511,12.411,12.411,12.325,12.325,634,0
20100512,12.421,12.534,12.421,12.534,3814,0
20100513,12.516,12.534,12.44,12.44,7189,0
20100514,11.844,12.534,11.814,12.534,1664,0
20100517,12.325,12.534,12.325,12.534,2300,0
20100518,12.534,12.534,12.534,12.534,2375,0
20100519,12.156,12.297,12.156,12.297,7504,0
20100520,12.297,12.297,12.014,12.014,9140,0
20100521,12.014,12.297,11.824,12.249,7070,0
20100524,12.004,12.004,12.004,12.004,100,0
20100525,11.966,12.061,11.966,12.061,3465,0
20100526,12.506,12.534,12.506,12.534,7930,0
20100528,12.723,12.723,12.723,12.723,100,0
20100601,12.581,12.581,12.581,12.581,3173,0
20100602,12.297,12.675,11.92,12.675,8670,0
20100603,12.675,12.675,12.675,12.675,212,0
20100604,12.675,12.675,11.985,12.061,10354,0
20100609,12.108,12.108,12.108,12.108,1058,0
20100610,12.516,12.771,12.516,12.771,1188,0
20100615,12.457,12.457,12.44,12.44,4228,0
20100616,12.506,12.534,12.297,12.534,2010,0
20100617,12.572,12.581,12.572,12.581,1163,0
20100618,12.297,12.297,12.297,12.297,437,0
20100621,12.297,12.297,12.287,12.297,1331,0
20100622,12.08,12.516,12.08,12.516,1163,0
20100624,12.552,12.581,12.526,12.581,7095,0
20100625,12.591,12.591,12.297,12.316,3468,0
20100630,12.307,12.307,12.061,12.307,2220,0
20100701,12.249,12.307,12.249,12.307,1735,0
20100706,12.089,12.477,12.061,12.411,6694,0
20100707,12.297,12.44,12.297,12.44,688,0
20100708,12.534,12.534,12.534,12.534,313,0
20100712,12.534,12.534,12.534,12.534,4387,0
20100714,12.534,12.534,12.534,12.534,1638,0
20100715,12.723,12.723,12.297,12.581,2406,0
20100716,12.297,12.297,12.297,12.297,163,0
20100721,12.297,12.297,12.297,12.297,2285,0
20100727,12.628,12.628,12.628,12.628,100,0
20100729,12.628,13.007,12.628,13.007,17291,0
20100730,13.224,13.347,13.111,13.168,6240,0
20100802,12.989,13.451,12.297,12.703,5074,0
20100803,13.007,13.244,12.6,12.941,5901,0
20100804,12.771,13.196,12.061,13.007,7823,0
20100806,13.007,13.196,13.007,13.196,738,0
20100809,12.297,12.771,12.297,12.771,3912,0
20100810,12.014,12.959,12.014,12.733,1479,0
20100816,12.685,12.856,12.6,12.762,9279,0
20100817,12.866,12.866,12.771,12.771,671,0
20100818,12.325,12.875,12.325,12.762,1209,0
20100820,12.752,12.752,12.675,12.675,313,0
20100823,12.771,12.771,12.648,12.762,6656,0
20100827,12.638,12.638,12.638,12.638,526,0
20100831,12.638,12.638,12.638,12.638,2326,0
20100901,12.648,12.648,12.648,12.648,848,0
20100908,12.552,12.628,12.552,12.628,313,0
20100909,12.552,12.552,12.552,12.552,213,0
20100910,12.552,12.581,12.552,12.581,1163,0
20100913,12.581,12.581,12.581,12.581,848,0
20100915,12.534,12.534,12.534,12.534,525,0
20100916,12.648,12.648,12.648,12.648,1586,0
20100927,12.628,12.628,12.487,12.487,5073,0
20100929,12.628,12.628,12.628,12.628,1586,0
20100930,12.6,12.771,12.345,12.373,5125,0
20101001,12.628,12.685,12.628,12.665,4435,0
20101004,12.675,12.675,12.675,12.675,2113,0
20101005,12.694,12.771,12.694,12.723,4758,0
20101006,12.733,12.771,12.685,12.771,1691,0
20101007,12.771,12.771,12.392,12.562,6659,0
20101011,12.771,12.771,12.581,12.581,1902,0
20101012,12.591,12.591,12.581,12.581,1163,0
20101014,12.591,12.771,12.591,12.723,1080,0
20101018,12.648,12.675,12.648,12.675,1847,0
20101019,12.703,12.703,12.703,12.703,1111,0
20101020,12.762,12.771,12.762,12.771,15037,0
20101021,12.694,12.694,12.675,12.675,1163,0
20101022,12.675,12.675,12.675,12.675,526,0
20101025,12.694,12.771,12.675,12.771,1375,0
20101026,13.168,13.168,13.168,13.168,100,0
20101027,13.158,13.158,13.158,13.158,100,0
20101028,13.138,13.254,13.138,13.254,21768,0
20101101,13.479,13.479,13.479,13.479,2908,0
20101104,13.479,13.499,13.479,13.479,2512,0
20101105,13.479,13.716,13.479,13.716,10359,0
20101108,13.716,13.734,13.633,13.633,2808,0
20101109,13.489,14.076,13.489,13.859,3939,0
20101111,13.536,13.536,13.526,13.526,213,0
20101112,13.859,13.859,13.859,13.859,213,0
20101117,13.716,13.811,13.633,13.811,2728,0
20101118,13.915,14.19,13.915,13.915,3753,0
20101122,13.716,13.716,13.716,13.716,1163,0
20101124,13.716,13.716,13.574,13.716,4015,0
20101126,13.716,13.716,13.623,13.623,3173,0
20101129,13.623,13.697,13.623,13.623,33406,0
20101130,13.697,13.697,13.67,13.697,2631,0
20101201,13.716,13.716,13.584,13.661,3805,0
20101202,13.716,13.716,13.67,13.67,2632,0
20101203,13.623,13.716,13.623,13.716,2220,0
20101206,13.925,13.925,13.801,13.811,313,0
20101208,13.753,13.753,13.594,13.623,40171,0
20101209,13.623,13.762,13.357,13.762,8583,0
20101210,13.734,13.762,13.545,13.564,5914,0
20101213,13.734,13.943,13.734,13.859,3708,0
20101214,13.623,13.623,13.623,13.623,1691,0
20101215,13.83,13.83,13.811,13.811,2054,0
20101216,13.811,13.811,13.725,13.725,2010,0
20101217,13.811,13.811,13.633,13.633,3380,0
20101220,13.811,13.811,13.526,13.545,4782,0
20101221,13.67,13.889,13.67,13.811,4577,0
20101222,13.85,14.047,13.85,13.859,6911,0
20101223,13.499,13.697,13.479,13.697,2505,0
20101227,13.896,13.906,13.811,13.811,9684,0
20101228,13.935,13.999,13.82,13.989,3743,0
20101229,13.869,13.952,13.869,13.952,3753,0
20101230,13.999,13.999,13.999,13.999,1058,0
20110103,13.859,14.151,13.859,14.151,1535,0
20110104,14.143,14.18,14.143,14.18,6295,0
20110105,14.19,14.245,14.19,14.19,11523,0
20110107,14.17,14.19,14.17,14.18,951,0
20110110,14.19,14.19,14.19,14.19,100,0
20110113,14.275,14.284,14.275,14.284,637,0
20110114,14.284,14.284,14.284,14.284,451,0
20110119,14.19,14.605,14.19,14.473,1595,0
20110120,14.501,14.57,14.501,14.57,5947,0
20110121,14.605,14.653,14.605,14.653,213,0
20110124,14.615,15.087,14.615,15.003,3382,0
20110125,15.324,16.366,15.324,16.309,5550,0
20110126,16.177,16.177,16.167,16.177,1444,0
20110127,16.271,16.271,16.193,16.193,1401,0
20110128,16.203,16.203,16.193,16.193,939,0
20110131,16.309,16.319,16.309,16.319,2010,0
20110201,16.752,16.752,16.752,16.752,100,0
20110202,16.743,16.743,16.574,16.574,1609,0
20110203,16.583,16.697,16.574,16.697,1323,0
20110204,16.65,17.291,16.65,17.291,1058,0
20110207,17.396,17.491,16.603,16.988,5818,0
20110210,16.8,16.8,16.366,16.366,476,0
20110211,16.366,16.544,15.238,15.639,1143,0
20110214,16.544,16.544,15.922,15.922,1902,0
20110215,16.101,16.101,15.609,15.702,5076,0
20110216,15.702,16.054,15.657,15.826,3162,0
20110217,15.777,15.777,15.676,15.702,3040,0
20110218,15.711,15.711,15.466,15.466,1636,0
20110222,15.57,15.797,15.56,15.797,3805,0
20110224,15.74,15.749,15.74,15.749,526,0
20110301,15.73,15.73,15.73,15.73,213,0
20110302,15.702,15.702,15.702,15.702,526,0
20110304,15.684,15.702,15.684,15.702,313,0
20110307,15.702,15.702,15.693,15.702,5084,0
20110308,15.657,15.657,15.609,15.609,637,0
20110309,15.609,15.609,15.324,15.324,7328,0
20110311,15.166,15.166,14.832,15.136,1163,0
20110314,14.235,14.813,14.227,14.813,3805,0
20110315,14.947,14.964,14.435,14.435,2113,0
20110317,15.059,15.059,14.956,14.956,527,0
20110318,14.634,15.127,14.634,15.03,5056,0
20110322,15.127,15.136,14.994,14.994,466,0
20110323,15.136,15.136,14.927,14.927,213,0
20110324,14.927,14.927,14.19,14.19,4067,0
20110328,13.962,14.453,13.962,14.425,2431,0
20110329,14.521,14.661,14.425,14.425,1259,0
20110401,14.624,14.634,14.615,14.615,526,0
20110404,14.653,14.661,14.653,14.661,1586,0
20110405,14.671,14.671,14.661,14.661,213,0
20110407,14.332,14.416,14.332,14.416,263,0
20110411,14.207,14.207,14.207,14.207,161,0
20110414,14.284,14.284,14.284,14.284,213,0
20110419,14.284,14.284,14.284,14.284,526,0
20110420,14.586,14.653,14.577,14.615,1561,0
20110421,15.021,15.021,14.653,14.653,213,0
20110425,15.117,15.136,14.681,14.681,5074,0
20110426,14.909,14.909,14.909,14.909,472,0
20110427,14.927,15.136,14.927,15.136,1058,0
20110428,14.956,15.011,14.956,15.011,213,0
20110429,14.899,14.899,14.899,14.899,213,0
20110502,15.127,15.136,15.127,15.136,1751,0
20110504,15.146,15.146,15.136,15.136,2010,0
20110510,15.184,15.184,15.184,15.184,2853,0
20110511,15.363,15.759,15.363,15.383,2961,0
20110512,15.373,15.412,15.373,15.412,900,0
20110516,15.373,15.373,15.373,15.373,2274,0
20110517,15.228,15.266,15.219,15.228,3699,0
20110518,15.04,15.373,15.04,15.334,1360,0
20110519,15.373,15.373,15.353,15.373,1058,0
20110520,15.353,15.373,15.184,15.184,2326,0
20110523,15.324,15.324,15.276,15.276,848,0
20110524,15.286,15.286,15.276,15.276,848,0
20110525,15.343,15.353,15.343,15.353,637,0
20110526,16.034,16.081,15.353,15.353,1196,0
20110531,15.353,15.353,15.353,15.353,494,0
20110606,14.947,14.947,14.927,14.927,1058,0
20110607,14.899,14.947,14.899,14.947,604,0
20110608,15.296,15.609,14.947,15.296,2889,0
20110609,15.56,15.58,15.392,15.392,516,0
20110610,15.304,15.512,15.304,15.475,1479,0
20110621,14.994,15.127,14.899,15.127,1267,0
20110622,15.57,15.57,15.373,15.373,353,0
20110624,15.04,15.373,14.661,14.661,3665,0
20110627,14.89,14.89,14.709,14.709,3674,0
20110629,15.314,15.314,15.127,15.127,313,0
20110701,14.927,14.947,14.709,14.747,6166,0
20110705,14.709,14.709,14.661,14.709,5167,0
20110707,14.709,14.709,14.709,14.709,2673,0
20110711,15.266,15.59,15.087,15.59,313,0
20110712,14.994,15.166,14.994,15.003,848,0
20110720,15.04,15.087,15.04,15.087,1192,0
20110722,15.373,15.373,15.363,15.373,11022,0
20110726,15.373,15.422,15.324,15.383,1586,0
20110727,15.373,15.483,15.228,15.422,19820,0
20110729,15.422,15.422,15.422,15.422,4228,0
20110801,15.228,15.56,15.107,15.334,15646,0
20110802,15.324,15.324,15.324,15.324,213,0
20110803,15.276,15.276,15.276,15.276,526,0
20110804,15.184,15.184,15.04,15.04,14008,0
20110805,15.04,15.04,14.899,14.974,3858,0
20110808,14.661,14.661,14.425,14.425,15435,0
20110810,13.989,14.624,13.989,14.473,313,0
20110811,14.643,14.777,14.643,14.661,24079,0
20110815,15.56,15.56,15.324,15.334,693,0
20110817,15.373,15.373,15.373,15.373,100,0
20110818,15.373,15.392,15.373,15.383,1163,0
20110819,15.373,15.373,15.373,15.373,1267,0
20110822,15.04,15.238,15.011,15.238,1163,0
20110823,14.787,14.871,14.787,14.871,526,0
20110824,14.899,14.984,14.899,14.984,738,0
20110825,15.049,15.087,14.709,14.709,2750,0
20110826,14.757,14.842,14.757,14.842,213,0
20110830,15.343,15.343,15.343,15.343,313,0
20110831,15.373,15.373,15.373,15.373,100,0
20110902,14.57,14.57,14.57,14.57,100,0
20110906,14.661,14.757,14.661,14.757,2404,0
20110907,14.757,14.757,14.757,14.757,526,0
20110908,14.691,14.832,14.57,14.57,4262,0
20110909,14.521,14.634,14.511,14.634,526,0
20110912,14.511,14.643,14.368,14.643,1267,0
20110913,14.691,14.691,14.681,14.681,263,0
20110915,15.136,15.373,15.136,15.373,3551,0
20110916,15.079,15.56,15.049,15.56,339,0
20110922,15.334,15.334,15.334,15.334,163,0
20110923,14.425,14.425,14.294,14.342,848,0
20110926,14.624,14.624,14.624,14.624,670,0
20110927,14.643,14.643,14.643,14.643,298,0
20110928,14.313,14.661,14.313,14.661,2652,0
20111003,15.373,15.373,15.04,15.04,8517,0
20111004,15.021,15.059,15.011,15.059,889,0
20111010,14.491,14.491,14.425,14.453,2853,0
20111011,14.425,14.425,14.425,14.425,100,0
20111012,15.069,15.107,14.661,15.107,738,0
20111013,14.681,14.681,14.671,14.681,663,0
20111017,14.88,15.136,14.88,15.136,4678,0
20111020,14.406,14.634,14.406,14.634,213,0
20111021,14.88,15.136,14.88,15.136,2486,0
20111024,15.107,15.392,15.107,15.373,5726,0
20111025,15.343,15.343,15.343,15.343,213,0
20111026,15.343,15.373,15.343,15.373,2354,0
20111027,15.343,15.373,15.343,15.343,425,0
20111028,15.373,15.373,15.373,15.373,1223,0
20111103,15.011,15.011,15.011,15.011,213,0
20111104,15.211,15.211,15.211,15.211,313,0
20111108,15.211,15.373,15.184,15.373,2010,0
20111109,15.079,15.097,15.049,15.049,1299,0
20111116,15.304,15.304,15.04,15.228,2010,0
20111117,15.136,15.466,15.136,15.184,5413,0
20111118,15.449,15.56,15.449,15.56,2785,0
20111121,15.58,16.081,15.503,15.657,12948,0
20111122,15.193,15.609,15.193,15.609,1849,0
20111123,15.948,16.319,15.948,16.129,5138,0
20111125,16.319,16.319,16.081,16.081,4186,0
20111128,16.101,16.101,16.081,16.081,2897,0
20111130,16.319,16.319,16.309,16.319,1083,0
20111201,16.319,16.319,16.319,16.319,1323,0
20111205,16.979,17.027,16.015,17.027,1326,0
20111206,16.65,17.027,16.65,17.027,637,0
20111207,16.177,18.01,16.177,16.66,2326,0
20111208,16.319,17.595,16.319,17.595,7029,0
20111209,17.614,17.624,16.554,16.705,8858,0
20111212,16.101,16.723,16.101,16.554,5181,0
20111213,16.222,17.215,16.222,17.215,2750,0
20111214,17.263,17.263,16.81,16.81,828,0
20111216,16.072,16.072,16.072,16.072,328,0
20111219,16.109,16.79,16.109,16.119,484,0
20111220,16.299,16.299,16.299,16.299,100,0
20111223,16.149,16.366,16.091,16.091,1691,0
20111227,15.985,15.985,15.985,15.985,100,0
20111229,16.119,16.271,15.985,15.985,526,0
20111230,15.864,16.271,15.789,16.005,2853,0
20120103,16.271,16.544,16.157,16.157,1067,0
20120104,16.621,16.66,16.149,16.327,3042,0
20120106,15.846,15.846,15.846,15.846,100,0
20120109,16.319,16.337,15.855,15.855,1163,0
20120110,15.902,15.902,15.874,15.874,1586,0
20120112,16.193,16.193,16.193,16.193,313,0
20120113,15.846,16.516,15.846,16.516,425,0
20120117,15.948,16.177,15.948,16.177,213,0
20120123,16.177,16.177,16.177,16.177,637,0
20120124,16.081,16.081,15.693,15.693,1433,0
20120125,15.807,15.807,15.797,15.797,637,0
20120208,16.064,16.081,16.064,16.081,703,0
20120209,16.064,16.081,16.064,16.081,850,0
20120210,16.319,16.319,16.319,16.319,215,0
20120213,16.261,16.261,16.261,16.261,213,0
20120214,16.319,16.554,16.319,16.554,2748,0
20120215,16.299,16.319,16.081,16.081,3173,0
20120216,16.064,16.081,16.064,16.081,6026,0
20120229,16.319,16.319,16.28,16.28,313,0
20120309,15.976,16.024,15.966,16.024,1534,0
20120312,16.024,16.044,15.373,15.56,4968,0
20120313,15.74,16.251,15.73,16.251,1153,0
20120314,15.816,15.816,15.797,15.797,213,0
20120315,15.797,15.797,15.797,15.797,313,0
20120316,16.251,16.319,16.251,16.319,4134,0
20120320,16.319,16.319,16.319,16.319,526,0
20120326,16.544,16.544,16.544,16.544,379,0
20120327,16.109,16.109,16.109,16.109,100,0
20120328,16.109,16.177,16.109,16.177,313,0
20120402,16.203,16.544,16.203,16.299,1163,0
20120403,16.289,16.289,16.28,16.28,421,0
20120405,16.203,16.203,16.203,16.203,470,0
20120410,16.091,16.319,16.091,16.319,484,0
20120413,16.319,16.319,16.271,16.319,526,0
20120416,16.544,16.544,16.526,16.544,1028,0
20120417,16.554,16.554,16.554,16.554,100,0
20120419,16.81,16.81,16.81,16.81,163,0
20120420,16.612,16.612,16.612,16.612,526,0
20120423,16.564,16.564,15.893,15.893,2750,0
20120427,16.762,16.762,16.762,16.762,213,0
20120430,16.82,17.017,16.82,16.933,2191,0
20120501,16.81,16.81,16.81,16.81,637,0
20120502,16.988,17.027,16.988,17.027,5683,0
20120503,17.007,17.291,17.007,17.273,5152,0
20120504,17.263,17.263,17.263,17.263,100,0
20120507,17.444,17.491,16.8,17.491,9970,0
20120508,17.33,17.33,17.33,17.33,313,0
20120509,17.34,17.34,17.34,17.34,100,0
20120510,17.263,17.283,16.713,16.713,7189,0
20120511,17.263,17.416,17.215,17.215,21140,0
20120514,17.074,17.123,17.027,17.027,4195,0
20120515,17.245,17.245,17.245,17.245,213,0
20120517,16.969,16.969,16.677,16.677,6026,0
20120518,16.66,16.66,16.66,16.66,100,0
20120521,17.208,17.208,16.603,16.603,637,0
20120522,16.63,16.79,16.554,16.564,8830,0
20120523,17.027,17.027,17.007,17.027,526,0
20120524,17.017,17.017,16.564,16.564,391,0
20120525,17.084,17.123,17.027,17.027,1479,0
20120530,16.988,17.215,16.988,17.215,738,0
20120531,17.215,17.215,17.017,17.017,315,0
20120601,16.867,17.017,16.554,16.554,2677,0
20120604,16.896,16.896,16.896,16.896,313,0
20120605,16.867,16.867,16.583,16.667,1163,0
20120606,16.574,16.583,16.574,16.583,425,0
20120607,16.687,16.705,16.564,16.705,1058,0
20120608,16.838,16.857,16.733,16.847,1196,0
20120611,16.876,16.876,16.838,16.847,689,0
20120612,16.583,17.017,16.583,16.96,12049,0
20120613,16.621,16.63,16.612,16.63,637,0
20120614,16.612,16.612,16.593,16.593,526,0
20120615,16.697,16.697,16.697,16.697,100,0
20120618,16.564,16.65,16.449,16.449,1094,0
20120619,16.762,16.762,16.743,16.743,213,0
20120620,16.583,17.017,16.583,16.923,3912,0
20120621,16.79,16.82,16.79,16.81,526,0
20120622,16.63,16.63,16.63,16.63,100,0
20120625,16.677,16.677,16.677,16.677,425,0
20120628,16.564,16.564,16.554,16.554,637,0
20120629,16.697,16.697,16.697,16.697,213,0
20120709,16.603,16.603,16.603,16.603,100,0
20120713,16.896,16.915,16.896,16.915,313,0
20120716,16.933,16.933,16.933,16.933,313,0
20120717,16.8,16.933,16.8,16.933,1843,0
20120718,17.017,17.027,16.926,17.026,5716,0
20120719,17.027,17.027,17.027,17.027,313,0
20120720,16.65,17.017,16.65,17.017,4756,0
20120723,16.743,16.743,16.564,16.564,637,0
20120725,17.017,17.017,16.771,16.771,1163,0
20120726,17.007,17.017,16.603,17.017,1589,0
20120727,17.017,17.017,16.612,17.017,1902,0
20120730,17.007,17.263,16.969,17.263,1456,0
20120731,17.027,17.109,17.027,17.041,1586,0
20120801,17.16,17.16,17.046,17.064,2351,0
20120802,17.093,17.137,17.046,17.137,3382,0
20120803,17.396,17.396,17.046,17.396,3551,0
20120808,17.215,17.31,17.215,17.225,2220,0
20120810,17.396,17.406,17.396,17.406,526,0
20120813,17.16,17.16,17.16,17.16,213,0
20120814,17.283,17.283,17.283,17.283,100,0
20120815,17.263,17.444,17.263,17.444,637,0
20120817,17.263,17.263,17.263,17.263,263,0
20120820,17.17,17.17,16.839,17.132,1638,0
20120821,17.263,17.263,17.263,17.263,1771,0
20120822,17.225,17.235,17.225,17.235,604,0
20120828,17.263,17.263,17.263,17.263,313,0
20120830,17.263,17.263,17.263,17.263,369,0
20120905,17.358,17.358,16.974,16.974,213,0
20120906,17.215,17.245,17.215,17.245,526,0
20120907,16.796,17.3,16.796,17.3,637,0
20120910,17.235,17.263,17.235,17.263,873,0
20120911,17.179,17.672,17.179,17.547,21922,0
20120912,17.434,17.832,17.434,17.832,1691,0
20120913,17.793,17.832,17.793,17.832,1058,0
20120914,17.981,17.981,17.981,17.981,313,0
20120918,18.427,18.483,18.209,18.209,33057,0
20120919,18.106,18.304,18.106,18.304,506,0
20120920,18.236,18.436,17.32,18.436,2010,0
20120924,18.492,18.492,17.537,18.446,1101,0
20121001,17.973,18.029,17.973,18.029,213,0
20121003,17.973,18.446,17.973,18,6811,0
20121009,18.02,18.209,18.02,18.209,213,0
20121010,18.54,18.54,18.54,18.54,100,0
20121011,18.492,18.492,17.973,17.973,738,0
20121018,18.078,18.078,18.078,18.078,152,0
20121022,18.078,18.446,17.973,18.446,1777,0
20121023,18.285,18.446,17.946,18.015,2750,0
20121024,17.263,17.973,17.263,17.973,2750,0
20121025,17.973,17.973,17.528,17.955,3659,0
20121031,17.69,17.69,17.69,17.69,100,0
20121106,18.01,18.01,17.973,17.973,526,0
20121107,18.02,18.02,17.973,17.973,844,0
20121113,17.927,17.927,17.263,17.263,3388,0
20121114,17.056,17.056,17.027,17.027,790,0
20121116,17.869,17.927,17.812,17.812,2961,0
20121119,17.897,18.683,17.897,18.502,16707,0
20121120,18.502,18.502,18.502,18.502,135,0
20121121,18.502,18.502,18.502,18.502,425,0
20121126,18.078,18.209,18.078,18.135,1479,0
20121127,18.502,18.502,18.39,18.483,1375,0
20121128,18.501,18.501,18.501,18.501,100,0
20121129,18.209,18.919,18.182,18.919,660,0
20121130,18.703,18.91,18.304,18.54,4015,0
20121203,18.455,18.455,18.455,18.455,1058,0
20121204,18.54,18.54,18.54,18.54,1691,0
20121206,18.54,18.54,16.985,17.888,738,0
20121210,17.869,17.888,17.869,17.888,2113,0
20121211,17.888,18.343,17.888,18.333,16596,0
20121212,17.973,18.333,17.973,18.333,6450,0
20121213,18.295,18.295,17.973,17.973,2220,0
20121217,18.417,18.54,18.209,18.209,4071,0
20121218,17.614,17.681,17.614,17.681,313,0
20121220,17.888,17.888,17.888,17.888,2113,0
20121221,17.907,17.907,17.832,17.879,1375,0
20121224,17.888,17.888,17.879,17.879,637,0
20121228,18.446,18.531,18.353,18.521,1228,0
20121231,18.144,18.436,18.144,18.436,739,0
20130102,18.381,18.54,17.907,18.39,1163,0
20130104,18.246,18.589,17.964,18.589,4458,0
20130107,18.199,18.871,18.199,18.826,4254,0
20130108,18.209,18.816,18.209,18.767,4015,0
20130109,18.446,18.777,18.446,18.722,4084,0
20130111,18.757,18.91,18.757,18.91,3200,0
20130115,18.919,18.919,18.91,18.919,799,0
20130116,18.91,18.91,18.91,18.91,254,0
20130118,18.91,18.986,18.91,18.986,6450,0
20130122,19.779,19.865,19.204,19.392,3511,0
20130123,19.401,19.401,19.401,19.401,313,0
20130124,19.505,19.505,19.505,19.505,313,0
20130125,19.677,19.677,19.677,19.677,2961,0
20130128,19.865,19.865,19.677,19.865,3063,0
20130129,20.347,20.347,20.337,20.337,4651,0
20130130,20.347,20.357,20.337,20.337,2220,0
20130201,21.604,21.729,21.285,21.332,1865,0
20130204,18.446,21.379,18.446,20.764,4810,0
20130205,20.819,21.293,20.414,20.414,22333,0
20130206,20.482,20.906,20.395,20.906,6271,0
20130207,20.8,20.906,20.764,20.906,23073,0
20130208,21.387,21.416,21.36,21.379,4397,0
20130211,21.577,22.157,21.455,21.851,1798,0
20130212,21.379,21.694,21.379,21.379,330,0
20130213,21.379,21.379,21.332,21.379,1267,0
20130214,21.426,21.426,21.351,21.379,2113,0
20130215,22.939,22.939,22.939,22.939,1058,0
20130219,21.445,22.703,21.445,21.994,7818,0
20130220,21.786,21.786,21.568,21.568,1690,0
20130221,21.521,22.584,21.521,21.748,2163,0
20130222,21.758,22.42,21.492,21.521,5328,0
20130225,21.643,22.42,21.265,21.265,6378,0
20130227,21.02,21.285,21.001,21.285,2113,0
20130228,21.758,21.758,21.502,21.502,5125,0
20130301,20.954,22.323,20.954,22.154,2877,0
20130306,20.997,20.997,20.983,20.983,237,0
20130307,21.576,21.576,21.576,21.576,312,0
20130308,21.433,22.068,21.433,22.068,423,0
20130312,21.85,21.85,21.85,21.85,212,0
20130313,21.802,21.802,21.802,21.802,100,0
20130314,21.376,21.496,21.376,21.376,2812,0
20130318,21.86,21.86,21.376,21.376,634,0
20130325,21.101,21.111,19.866,20.883,4296,0
20130326,20.93,21.404,20.578,20.578,2841,0
20130327,21.376,21.376,21.376,21.376,423,0
20130328,21.346,21.346,20.628,20.628,321,0
20130401,20.568,20.636,20.568,20.596,705,0
20130402,20.578,20.684,20.568,20.616,1460,0
20130404,20.665,20.684,20.665,20.665,212,0
20130405,21.87,21.87,20.701,20.701,2551,0
20130408,20.873,21.424,20.873,21.424,423,0
20130409,21.49,21.49,21.49,21.49,212,0
20130410,20.616,21.69,20.616,20.93,947,0
20130411,21.043,21.043,21.043,21.043,312,0
20130412,21.585,21.613,21.072,21.613,701,0
20130415,20.732,20.732,20.732,20.732,100,0
20130422,20.834,20.844,20.616,20.616,2730,0
20130423,20.805,20.805,20.616,20.616,947,0
20130424,20.616,20.636,20.616,20.616,1158,0
20130425,20.693,20.699,20.693,20.699,772,0
20130429,20.665,20.672,20.665,20.672,859,0
20130430,20.616,20.616,20.616,20.616,312,0
20130501,20.665,20.665,20.665,20.665,212,0
20130502,20.665,20.674,20.665,20.674,774,0
20130506,20.616,20.616,20.616,20.616,312,0
20130507,20.824,20.834,20.782,20.825,1587,0
20130513,20.805,20.805,20.805,20.805,100,0
20130514,20.805,21.339,20.805,21.272,3011,0
20130517,21.362,21.362,21.362,21.362,252,0
20130520,21.358,21.358,21.358,21.358,370,0
20130521,21.538,21.538,21.538,21.538,100,0
20130523,21.472,21.472,21.177,21.196,735,0
20130524,21.557,21.557,21.557,21.557,162,0
20130530,21.089,21.089,20.994,21.089,1466,0
20130531,21.166,21.166,21.089,21.089,311,0
20130604,21.184,21.184,20.821,21.146,1462,0
20130606,21.089,21.089,21.089,21.089,840,0
20130612,21.004,21.004,20.708,20.708,421,0
20130613,20.802,20.802,20.612,20.612,2009,0
20130614,20.793,20.793,20.793,20.793,211,0
20130617,21.326,21.326,20.994,21.033,522,0
20130618,21.471,22.012,21.471,21.71,1466,0
20130619,21.633,22.514,20.373,22.514,630,0
20130621,22.417,22.586,22.348,22.586,644,0
20130625,22.383,22.383,22.383,22.383,100,0
20130627,22.417,22.417,22.188,22.188,1414,0
20130628,22.237,22.427,21.949,22.271,1142,0
20130701,22.427,22.902,22.427,22.874,1421,0
20130702,22.846,22.902,22.712,22.902,1091,0
20130703,22.902,22.902,22.902,22.902,100,0
20130705,21.768,22.883,21.643,22.807,472,0
20130708,22.855,22.855,22.855,22.855,311,0
20130709,22.902,22.902,22.731,22.731,458,0
20130710,22.855,22.855,22.855,22.855,100,0
20130711,22.855,22.855,22.855,22.855,522,0
20130712,22.846,22.846,22.846,22.846,100,0
20130715,22.846,22.855,22.846,22.855,211,0
20130716,22.902,22.902,22.902,22.902,311,0
20130718,22.855,26.911,22.855,23.522,5784,0
20130719,23.522,23.532,23.522,23.522,1362,0
20130722,23.151,23.151,23.094,23.094,2409,0
20130723,23.38,23.38,23.38,23.38,100,0
20130724,23.513,23.513,22.483,23.313,522,0
20130725,23.35,23.35,22.427,22.902,524,0
20130726,22.997,22.997,22.997,22.997,229,0
20130731,22.931,22.997,22.427,22.997,786,0
20130801,22.902,22.902,22.902,22.902,100,0
20130802,22.674,22.902,22.436,22.436,1461,0
20130806,23.046,23.046,22.475,22.55,421,0
20130808,23.036,23.036,22.902,22.902,211,0
20130812,22.94,22.94,22.912,22.912,522,0
20130815,22.855,22.855,22.855,22.855,100,0
20130816,22.51,22.893,22.437,22.893,1227,0
20130819,22.436,22.437,22.436,22.436,311,0
20130820,22.446,22.446,22.426,22.426,924,0
20130821,22.367,22.367,22.367,22.367,100,0
20130822,21.949,21.949,21.949,21.949,100,0
20130823,20.536,21.842,20.536,21.842,2551,0
20130826,21.768,21.768,21.041,21.49,628,0
20130827,21.137,21.137,20.135,21.041,16241,0
20130829,21.282,21.282,21.205,21.205,419,0
20130830,21.973,22.02,21.29,21.924,4365,0
20130903,21.425,22.134,21.415,21.597,1797,0
20130904,21.973,21.973,21.29,21.29,444,0
20130905,21.34,21.826,21.34,21.492,719,0
20130906,21.33,21.377,21.33,21.377,210,0
20130909,21.492,21.675,21.492,21.665,520,0
20130911,21.693,21.954,21.492,21.492,1565,0
20130912,21.752,21.752,21.752,21.752,100,0
20130913,21.866,21.934,21.866,21.934,12101,0
20130917,21.771,21.856,21.531,21.531,3779,0
20130918,21.636,21.636,21.636,21.636,210,0
20130920,21.492,21.502,21.473,21.502,1557,0
20130923,21.454,21.569,21.33,21.425,4258,0
20130924,21.349,21.454,21.34,21.367,4590,0
20130925,21.358,21.425,21.358,21.425,310,0
20130926,21.425,21.425,21.425,21.425,100,0
20130927,21.905,21.905,21.522,21.531,2190,0
20130930,21.856,21.856,21.569,21.569,636,0
20131001,21.29,21.425,21.29,21.425,520,0
20131002,20.764,21.08,20.619,21.041,1042,0
20131003,21.08,21.08,21.08,21.08,100,0
20131004,21.33,21.905,21.33,21.569,419,0
20131007,21.616,21.616,21.33,21.33,7511,0
20131008,20.754,20.754,20.754,20.754,100,0
20131009,20.61,21.32,20.61,21.32,1565,0
20131010,21.386,21.905,20.849,21.905,939,0
20131011,20.649,21.282,20.649,21.282,1460,0
20131014,21.137,21.569,21.137,21.473,1669,0
20131015,21.386,21.386,21.235,21.235,6080,0
20131016,21.33,21.33,20.754,20.899,8762,0
20131017,20.899,21.07,20.505,20.688,10745,0
20131018,20.698,20.698,20.61,20.61,3066,0
20131021,20.649,20.849,20.015,20.783,3129,0
20131022,20.708,20.708,20.708,20.708,210,0
20131023,20.61,20.708,20.61,20.708,3444,0
20131024,20.889,21.252,20.61,21.252,7615,0
20131025,20.801,20.801,20.801,20.801,100,0
20131028,20.879,20.899,20.879,20.899,310,0
20131029,21.089,21.089,21.089,21.089,310,0
20131030,21.137,21.445,21.089,21.445,3964,0
20131031,21.119,21.641,21.089,21.606,2984,0
20131101,21.807,21.846,21.587,21.616,2607,0
20131104,21.626,21.807,21.626,21.626,627,0
20131105,21.569,21.569,21.367,21.367,210,0
20131106,21.367,21.367,21.358,21.358,520,0
20131107,21.799,21.799,21.381,21.483,1042,0
20131108,21.405,21.405,21.405,21.405,100,0
20131111,21.675,21.675,21.675,21.675,10537,0
20131115,21.386,21.445,21.33,21.33,6050,0
20131118,21.616,21.665,21.616,21.616,1251,0
20131119,21.684,21.713,21.569,21.569,2713,0
20131120,21.522,21.522,21.522,21.522,2086,0
20131121,21.616,21.713,21.616,21.713,939,0
20131122,21.646,21.646,21.646,21.646,310,0
20131126,21.925,21.955,21.762,21.772,1143,0
20131127,21.54,21.955,21.511,21.857,12045,0
20131129,21.857,21.857,21.857,21.857,309,0
20131202,21.857,21.857,21.857,21.857,100,0
20131204,21.616,21.616,21.616,21.616,100,0
20131205,21.857,21.915,21.857,21.915,2462,0
20131206,21.906,22.003,21.906,22.003,5712,0
20131209,21.713,21.713,21.713,21.713,100,0
20131210,21.762,22.003,21.762,22.003,3114,0
20131211,22.003,22.955,22.003,22.097,5504,0
20131212,22.003,22.003,21.847,21.857,3428,0
20131213,21.781,22.003,21.676,21.676,1454,0
20131217,21.945,21.955,21.945,21.955,1865,0
20131218,21.993,22.003,21.993,22.003,832,0
20131220,21.984,21.984,21.984,21.984,140,0
20131223,21.925,22.003,21.925,21.993,8619,0
20131230,21.935,21.955,21.935,21.955,1246,0
20131231,21.377,22.003,21.377,22.003,211,0
20140108,21.993,22.003,21.993,22.003,726,0
20140109,21.867,21.867,21.867,21.867,518,0
20140115,22.003,22.003,21.965,21.965,1092,0
20140117,22.136,22.136,22.107,22.107,209,0
20140121,22.039,22.039,22.039,22.039,209,0
20140123,22.068,22.098,22.068,22.098,319,0
20140124,22.289,22.289,22.289,22.289,100,0
20140127,22.897,22.897,22.83,22.869,5296,0
20140128,22.087,22.879,22.003,22.003,8918,0
20140129,22.003,22.003,22.003,22.003,209,0
20140131,22.003,22.003,22.003,22.003,100,0
20140203,22.087,22.243,22.049,22.196,1010,0
20140204,22.003,22.377,22.003,22.377,1000,0
20140205,22.377,22.387,22.022,22.022,1517,0
20140210,22.407,22.407,22.407,22.407,417,0
20140213,22.146,22.146,22.146,22.146,289,0
20140214,22.628,22.819,22.387,22.387,15266,0
20140218,22.318,22.318,22.308,22.308,518,0
20140220,22.811,22.869,22.146,22.146,19664,0
20140221,22.068,22.068,22.068,22.068,199,0
20140224,22.879,22.985,22.869,22.879,1077,0
20140225,22.879,23.109,22.387,22.628,4431,0
20140226,22.628,22.628,22.377,22.387,676,0
20140227,22.106,22.347,22.106,22.347,1041,0
20140228,22.347,22.614,22.26,22.503,1576,0
20140303,22.503,22.852,22.503,22.852,434,0
20140305,22.968,22.968,22.639,22.639,32640,0
20140306,22.977,22.977,22.522,22.522,427,0
20140307,22.542,22.542,22.542,22.542,158,0
20140311,22.619,22.62,22.619,22.619,1702,0
20140312,22.687,22.687,22.561,22.561,4754,0
20140313,22.687,22.967,22.687,22.967,34619,0
20140317,22.784,22.784,22.579,22.579,11429,0
20140318,22.522,22.532,22.493,22.493,3535,0
20140320,22.732,22.732,22.252,22.252,2808,0
20140321,22.397,22.397,22.252,22.397,8808,0
20140324,23.094,23.22,22.988,22.988,937,0
20140325,22.978,22.978,22.852,22.978,326,0
20140327,22.114,22.114,22.114,22.114,216,0
20140328,22.822,22.822,22.822,22.822,211,0
20140331,22.83,22.83,22.252,22.716,12179,0
20140401,22.107,22.457,22.107,22.457,273,0
20140404,22.493,22.493,22.252,22.252,8496,0
20140407,22.243,22.243,22.235,22.235,9431,0
20140408,22.106,22.252,22.106,22.252,1348,0
20140409,22.347,22.347,22.347,22.347,152,0
20140410,22.155,22.299,22.106,22.252,3851,0
20140411,22.116,22.135,22.096,22.106,6563,0
20140414,21.72,21.933,21.72,21.815,1808,0
20140415,21.824,21.864,21.805,21.864,6771,0
20140416,21.769,22.347,21.769,22.347,516,0
20140421,22.205,22.252,21.815,22.096,1206,0
20140422,21.884,21.884,21.865,21.874,705,0
20140424,22.243,22.347,22.235,22.347,6224,0
20140425,22.493,23.307,22.493,22.784,22339,0
20140428,22.881,23.113,22.832,22.832,3589,0
20140429,23.461,23.461,23.23,23.23,1555,0
20140430,23.074,23.103,23.074,23.074,2720,0
20140501,23.567,23.586,23.567,23.586,844,0
20140502,23.22,23.22,23.22,23.22,339,0
20140505,23.22,23.413,22.919,22.926,3323,0
20140507,23.267,23.267,23.267,23.267,415,0
20140508,23.606,23.606,23.606,23.606,275,0
20140527,22.929,22.929,22.929,22.929,570,0
20140528,22.754,23.413,22.736,23.316,14242,0
20140529,23.307,23.316,23.17,23.22,1966,0
20140602,23.413,23.413,23.413,23.413,395,0
20140603,23.413,23.413,23.413,23.413,931,0
20140606,23.519,23.519,23.519,23.519,361,0
20140610,23.529,23.666,23.519,23.519,1647,0
20140611,23.423,23.423,23.423,23.423,757,0
20140616,23.326,23.326,23.326,23.326,1624,0
20140618,23.603,23.801,23.482,23.482,1833,0
20140619,23.451,23.48,23.451,23.48,325,0
20140620,23.423,23.443,23.23,23.443,1219,0
20140624,23.568,23.597,23.568,23.568,2175,0
20140625,23.209,23.374,23.209,23.326,4453,0
20140627,23.889,23.889,23.229,23.229,1097,0
20140630,23.286,23.529,23.286,23.499,465,0
20140701,23.326,23.839,23.326,23.839,744,0
20140703,23.374,23.403,23.374,23.374,710,0
20140707,23.374,23.374,23.374,23.374,489,0
20140708,23.276,23.335,23.276,23.276,1664,0
20140709,23.256,23.879,23.229,23.229,1957,0
20140710,23.879,23.879,23.879,23.879,100,0
20140716,23.413,23.616,23.179,23.306,26444,0
20140717,23.715,23.715,23.033,23.033,1373,0
20140718,23.423,23.423,23.179,23.229,2215,0
20140721,23.033,23.519,23.033,23.209,4065,0
20140723,23.033,23.033,23.033,23.033,102,0
20140724,23.326,23.443,23.326,23.433,844,0
20140725,23.879,23.879,23.568,23.568,1798,0
20140728,23.568,23.568,23.472,23.472,1134,0
20140731,23.578,23.578,23.578,23.578,251,0
20140801,23.849,23.859,23.849,23.859,282,0
20140806,23.345,23.345,23.345,23.345,100,0
20140811,24.046,24.046,24.046,24.046,670,0
20140812,23.996,23.996,23.996,23.996,1198,0
20140819,23.656,23.781,23.578,23.578,3623,0
20140820,23.675,23.675,23.666,23.666,1027,0
20140825,23.724,23.724,23.724,23.724,1061,0
20140826,24.005,24.063,24.005,24.063,10495,0
20140827,24.063,24.063,24.063,24.063,1647,0
20140828,24.121,24.121,24.102,24.102,307,0
20140829,24.102,24.131,24.102,24.131,4836,0
20140902,24.063,24.141,24.063,24.133,3623,0
20140903,24.102,24.103,24.102,24.103,2485,0
20140904,24.191,24.405,24.191,24.191,12172,0
20140905,24.259,24.284,24.259,24.284,2282,0
20140908,24.191,24.503,24.171,24.503,769,0
20140909,24.503,24.503,24.503,24.503,1466,0
20140910,24.171,24.171,24.171,24.171,361,0
20140911,24.385,24.385,23.054,23.054,1869,0
20140915,23.82,23.82,23.82,23.82,400,0
20140916,24.454,24.454,23.907,23.947,2710,0
20140917,23.673,23.917,23.673,23.917,4453,0
20140918,24.035,24.161,23.927,24.161,3698,0
20140919,23.966,24.405,23.966,24.405,579,0
20140922,23.957,23.957,23.957,23.957,154,0
20140923,23.927,24.166,23.927,24.166,316,0
20140924,24.044,24.102,23.966,24.016,1032,0
20140925,24.365,24.365,24.365,24.365,125,0
20140929,24.395,24.395,23.927,24.382,1339,0
20140930,24.365,24.365,24.365,24.365,356,0
20141001,24.405,24.405,24.405,24.405,2765,0
20141002,24.025,24.405,24.015,24.288,4076,0
20141003,24.161,24.405,24.161,24.308,2459,0
20141007,24.405,24.405,24.405,24.405,160,0
20141010,24.365,24.405,24.308,24.308,1125,0
20141013,24.015,24.083,23.927,24.015,3032,0
20141014,23.917,24.362,23.917,24.347,845,0
20141015,23.917,23.947,23.917,23.917,870,0
20141017,24.394,24.394,24.346,24.394,3072,0
20141020,24.375,24.394,24.279,24.375,811,0
20141021,24.405,24.47,24.385,24.47,4791,0
20141022,24.464,24.464,24.464,24.464,156,0
20141023,24.474,24.474,24.474,24.474,349,0
20141030,24.405,24.405,24.405,24.405,422,0
20141031,24.308,24.503,24.308,24.503,1359,0
20141103,24.503,24.503,24.491,24.503,4177,0
20141106,24.571,24.649,24.503,24.649,1436,0
20141111,24.61,24.649,24.61,24.649,411,0
20141113,24.704,24.704,24.704,24.704,160,0
20141114,24.594,24.594,24.594,24.594,108,0
20141117,24.62,24.747,24.62,24.747,1174,0
20141118,24.835,25.215,24.835,25.187,3491,0
20141119,25.069,25.069,24.161,24.405,11242,0
20141120,24.21,24.425,24.21,24.354,1232,0
20141121,24.795,24.795,24.785,24.785,667,0
20141124,24.425,24.785,24.425,24.425,210,0
20141125,24.454,24.503,24.454,24.454,2744,0
20141128,24.698,25.821,24.25,24.509,1076,0
20141201,24.161,24.261,24.161,24.22,1638,0
20141205,24.318,24.318,24.151,24.151,409,0
20141208,24.23,24.318,24.22,24.269,4034,0
20141210,24.612,24.612,24.612,24.612,100,0
20141211,24.974,24.974,24.974,24.974,102,0
20141212,25.172,25.219,25.142,25.219,1714,0
20141216,25.219,25.239,25.219,25.239,211,0
20141217,25.219,25.219,25.219,25.219,102,0
20141218,25.868,25.868,25.868,25.868,101,0
20141219,24.612,25.495,24.612,25.249,642,0
20141222,24.818,25.028,24.71,25.028,4283,0
20141223,24.858,25.328,24.838,25.053,8882,0
20141224,24.984,24.984,24.984,24.984,800,0
20141226,24.907,25.593,24.858,25.298,6338,0
20141230,25.828,25.828,25.828,25.828,237,0
20141231,25.74,25.74,25.74,25.74,189,0
20150102,25.2,25.945,25.2,25.789,11388,0
20150105,25.435,25.435,25.407,25.407,1560,0
20150106,25.053,25.053,25.053,25.053,409,0
20150108,25.21,25.21,25.21,25.21,3059,0
20150109,25.328,25.328,25.328,25.328,225,0
20150112,25.495,25.495,25.495,25.495,341,0
20150114,25.74,25.74,25.74,25.74,409,0
20150116,25.445,25.445,25.445,25.445,355,0
20150120,25.397,25.543,25.397,25.495,1121,0
20150121,25.505,25.505,25.505,25.505,100,0
20150122,25.495,25.495,25.495,25.495,1019,0
20150123,25.73,25.74,25.69,25.69,3977,0
20150126,25.73,25.73,25.73,25.73,261,0
20150127,25.74,25.74,25.74,25.74,244,0
20150128,25.73,25.73,25.73,25.73,305,0
20150129,25.74,25.74,25.593,25.593,1749,0
20150130,25.74,25.74,25.543,25.563,1428,0
20150202,25.543,25.563,25.543,25.563,417,0
20150203,25.74,25.74,25.74,25.74,190,0
20150204,26.475,27.308,26.475,27.279,403,0
20150205,26.966,26.966,26.966,26.966,388,0
20150206,27.328,27.328,25.991,25.991,996,0
20150212,26.247,26.247,26.247,26.247,409,0
20150217,26.279,26.279,26.279,26.279,179,0
20150218,26.23,26.465,26.132,26.465,5818,0
20150219,26.279,26.279,25.69,25.935,4107,0
20150220,26.279,26.368,26.279,26.368,2084,0
20150225,26.368,26.368,26.368,26.368,1229,0
20150227,26.926,26.926,26.868,26.868,1088,0
20150302,26.868,27.328,26.868,26.936,1325,0
20150303,27.113,27.113,27.113,27.113,2040,0
20150309,27.369,27.369,27.369,27.369,304,0
20150310,27.437,27.447,27.359,27.437,1219,0
20150311,27.447,27.447,27.221,27.221,204,0
20150312,27.575,27.575,27.575,27.575,100,0
20150317,27.132,27.132,26.394,26.394,10357,0
20150318,26.935,26.935,26.787,26.787,304,0
20150320,27.517,27.517,27.517,27.517,304,0
20150324,27.083,27.083,27.083,27.083,508,0
20150325,27.624,27.87,27.624,27.87,2640,0
20150326,28.088,28.088,27.624,27.733,508,0
20150327,29.081,29.081,28.954,28.954,3148,0
20150330,29.121,29.121,28.56,28.56,915,0
20150331,29.101,29.111,28.511,28.511,633,0
20150401,29.131,29.151,29.052,29.052,4062,0
20150402,28.609,29.2,28.56,29.2,4874,0
20150406,28.58,28.659,28.343,28.343,2234,0
20150407,28.461,28.461,28.461,28.461,174,0
20150410,28.865,29.2,28.865,29.2,304,0
20150413,29.052,29.052,29.052,29.052,100,0
20150414,28.363,28.363,28.363,28.363,304,0
20150415,28.609,28.629,28.314,28.314,2676,0
20150416,28.56,28.56,28.56,28.56,1527,0
20150417,28.314,28.314,28.314,28.314,508,0
20150421,28.245,28.245,28.245,28.245,204,0
20150422,27.624,28.147,27.624,28.147,589,0
20150423,28.56,28.56,27.673,27.673,407,0
20150424,27.624,27.624,27.624,27.624,173,0
20150429,27.723,27.723,27.723,27.723,508,0
20150430,28.845,28.845,28.845,28.845,204,0
20150501,28.511,28.511,28.511,28.511,407,0
20150504,28.294,28.314,28.117,28.117,1116,0
20150505,28.117,28.117,28.117,28.117,1727,0
20150506,28.117,28.117,27.822,27.822,1701,0
20150507,27.949,27.949,27.624,27.919,3190,0
20150511,28.393,28.442,28.393,28.442,407,0
20150512,28.659,28.659,28.659,28.659,235,0
20150514,28.461,29.545,28.461,29.299,4264,0
20150518,29.052,29.052,29.052,29.052,104,0
20150526,29.397,29.397,29.299,29.299,337,0
20150527,29.299,29.299,29.299,29.299,508,0
20150601,29.298,29.299,29.298,29.299,421,0
20150602,29.544,29.545,29.193,29.193,1722,0
20150603,27.984,27.984,27.984,27.984,203,0
20150611,28.468,29.418,28.468,29.418,490,0
20150612,28.844,28.844,28.844,28.844,100,0
20150615,29.398,29.418,28.834,29.418,1617,0
20150616,28.726,29.418,28.726,29.418,1617,0
20150617,29.418,29.616,29.27,29.418,2427,0
20150618,29.418,29.418,29.418,29.418,1011,0
20150619,29.418,29.418,29.171,29.171,6978,0
20150622,29.378,29.378,29.368,29.368,606,0
20150623,29.314,29.418,29.314,29.418,486,0
20150624,29.319,29.319,29.309,29.319,1617,0
20150625,29.299,29.319,29.299,29.319,506,0
20150629,29.418,29.418,29.408,29.408,809,0
20150630,29.27,29.453,29.27,29.418,814,0
20150701,29.27,29.309,29.27,29.27,2326,0
20150702,29.24,29.289,29.22,29.22,1011,0
20150706,29.23,29.23,29.23,29.23,203,0
20150707,29.27,29.27,29.171,29.171,5866,0
20150708,29.368,29.368,29.121,29.358,2427,0
20150709,29.121,29.21,29.121,29.121,1921,0
20150710,29.655,29.655,29.181,29.181,3439,0
20150714,29.081,29.186,29.081,29.171,5872,0
20150715,29.171,29.171,29.171,29.171,306,0
20150716,28.963,29.418,28.963,29.418,708,0
20150717,29.408,29.418,29.22,29.22,708,0
20150720,29.171,29.171,29.171,29.171,1011,0
20150721,28.963,29.171,28.963,29.171,203,0
20150722,29.171,29.171,29.171,29.171,100,0
20150723,29.171,29.171,29.171,29.171,203,0
20150724,29.171,29.418,29.171,29.171,4046,0
20150727,28.924,29.171,28.924,29.091,1720,0
20150728,29.368,29.467,29.368,29.467,606,0
20150729,29.368,29.368,29.289,29.289,5056,0
20150730,29.566,29.566,29.566,29.566,506,0
20150731,29.329,29.566,29.329,29.566,606,0
20150803,29.566,29.566,29.566,29.566,303,0
20150804,29.566,29.566,29.566,29.566,708,0
20150805,29.467,29.477,29.467,29.477,506,0
20150807,29.566,29.566,29.566,29.566,405,0
20150810,29.566,29.566,29.566,29.566,203,0
20150811,29.665,30.534,29.586,29.586,7542,0
20150812,29.636,30.16,29.497,29.665,2629,0
20150813,29.487,29.507,29.487,29.487,708,0
20150814,29.517,29.517,29.517,29.517,100,0
20150817,29.863,31.138,29.566,31.138,4652,0
20150818,30.851,30.851,30.851,30.851,100,0
20150820,30.773,30.773,30.773,30.773,100,0
20150821,29.843,30.08,29.843,29.952,911,0
20150824,30.258,30.258,29.511,29.665,4438,0
20150825,30.07,30.07,29.467,30.07,1820,0
20150826,30.496,30.496,29.695,29.695,1314,0
20150831,29.734,29.734,29.734,29.734,203,0
20150901,30.594,30.594,30.594,30.594,203,0
20150903,30.774,30.882,29.592,30.882,1611,0
20150904,30.952,30.952,30.952,30.952,504,0
20150908,30.972,31.27,30.257,30.774,1309,0
20150909,31.27,31.27,31.27,31.27,202,0
20150910,30.774,31.022,30.774,31.022,4070,0
20150911,31.022,31.022,30.774,30.774,604,0
20150914,31.24,31.518,31.24,31.518,202,0
20150915,31.518,32.531,31.518,32.531,1007,0
20150916,31.567,31.567,31.27,31.319,2115,0
20150917,32.129,32.129,32.129,32.129,411,0
20150918,32.253,33.086,32.253,32.371,8261,0
20150921,36.124,36.124,33.027,33.602,4030,0
20150922,32.321,32.511,32.321,32.511,202,0
20150923,32.749,33.722,32.749,33.722,805,0
20150924,33.752,33.752,32.699,32.699,344,0
20150925,34.734,34.734,32.263,32.759,907,0
20150929,33.464,34.337,33.454,33.523,1209,0
20150930,33.762,33.762,33.752,33.752,1007,0
20151001,34.386,34.386,34.337,34.366,1309,0
20151002,34.208,34.208,34.208,34.208,100,0
20151005,33.84,34.198,33.642,33.722,570,0
20151008,34.585,34.585,34.585,34.585,100,0
20151012,34.446,34.446,34.446,34.446,119,0
20151013,33.752,34.446,33.752,34.446,806,0
20151016,34.396,34.446,34.396,34.426,1209,0
20151019,34.446,34.446,34.416,34.446,1185,0
20151021,34.228,34.228,33.752,34.228,1411,0
20151023,34.198,34.248,34.198,34.248,1007,0
20151026,34.218,34.218,34.218,34.218,604,0
20151027,34.148,34.148,34.148,34.148,403,0
20151030,34.248,34.248,34.248,34.248,202,0
20151102,34.248,36.431,34.248,36.431,3206,0
20151103,36.71,36.71,35.787,35.787,5440,0
20151106,36.233,36.233,35.985,35.985,705,0
20151110,35.737,35.915,35.499,35.915,504,0
20151111,35.797,35.895,35.737,35.797,806,0
20151116,34.744,35.835,34.744,35.835,2317,0
20151117,35.885,35.895,35.558,35.677,3727,0
20151118,35.905,35.905,35.757,35.757,403,0
20151120,36.193,36.193,36.193,36.193,202,0
20151123,36.233,36.233,35.191,35.925,1611,0
20151124,35.489,36.213,35.489,36.213,202,0
20151127,35.995,36.025,35.995,36.025,202,0
20151130,35.607,36.084,35.607,36.084,403,0
20151201,35.439,35.717,35.389,35.389,1880,0
20151202,35.788,35.788,35.788,35.788,379,0
20151203,35.788,35.788,35.788,35.788,414,0
20151204,35.399,35.608,35.399,35.608,602,0
20151207,35.608,35.708,35.608,35.708,2108,0
20151208,35.389,35.915,35.389,35.915,301,0
20151209,35.389,36.047,35.389,36.047,301,0
20151211,35.389,35.429,35.389,35.389,1807,0
20151214,35.429,35.429,35.429,35.429,108,0
20151216,35.917,35.917,35.917,35.917,201,0
20151217,35.429,35.957,35.389,35.957,703,0
20151218,35.957,35.957,35.957,35.957,201,0
20151228,35.389,36.355,35.389,36.355,630,0
20151230,36.296,36.306,36.013,36.306,553,0
20151231,36.284,36.284,36.284,36.284,105,0
20160104,35.857,35.857,35.857,35.857,352,0
20160105,35.539,35.539,35.389,35.389,1353,0
20160106,34.861,34.961,34.861,34.961,1393,0
20160107,34.861,35.024,34.742,34.861,5375,0
20160108,34.084,34.971,34.084,34.971,2398,0
20160112,34.612,34.612,34.612,34.612,100,0
20160115,33.865,33.965,33.865,33.965,1004,0
20160119,33.367,33.865,33.029,33.726,5923,0
20160120,33.825,33.825,32.63,33.367,1990,0
20160121,33.268,33.307,33.138,33.138,1104,0
20160122,33.357,33.357,32.864,33.245,823,0
20160125,33.068,33.268,32.899,33.118,2023,0
20160126,33.556,33.556,33.556,33.556,100,0
20160127,33.317,33.865,33.218,33.865,1205,0
20160128,33.865,33.865,33.865,33.865,552,0
20160129,33.467,33.467,33.367,33.367,331,0
20160201,33.865,33.865,33.865,33.865,301,0
20160202,33.367,33.367,33.218,33.268,2209,0
20160203,33.367,33.367,33.363,33.367,1335,0
20160208,33.12,33.12,33.118,33.118,703,0
20160209,33.118,33.118,32.371,32.421,4388,0
20160210,32.869,33.118,32.62,33.118,5562,0
20160211,33.865,33.865,32.371,33.098,6504,0
20160212,32.869,32.869,32.849,32.869,904,0
20160216,32.742,33.268,32.742,32.879,1930,0
20160217,33.188,33.377,33.188,33.367,2309,0
20160218,32.869,32.899,32.869,32.879,402,0
20160222,33.068,33.068,33.068,33.068,201,0
20160223,32.879,33.118,32.879,33.118,502,0
20160224,32.879,33.118,32.879,33.118,1606,0
20160225,32.879,32.879,32.869,32.869,1104,0
20160226,32.869,32.869,32.849,32.869,4116,0
20160229,32.67,32.919,32.67,32.919,2660,0
20160301,32.869,32.869,32.67,32.67,1566,0
20160302,32.9,32.9,32.8234,32.8234,1775,0
20160307,32.82,32.89,32.82,32.89,1300,0
20160308,32.87,32.87,32.87,32.87,100,0
20160309,32.9,32.9,32.9,32.9,100,0
20160311,32.9,33.19,32.9,33.19,1600,0
20160314,33,33.08,32.89,32.95,1391,0
20160315,33.06,33.06,32.82,33,770,0
20160316,32.95,33.0885,32.7,33.0885,4196,0
20160317,32.8,33.19,32.8,33.18,3027,0
20160318,32.8,32.8,32.8,32.8,1692,0
20160321,32.81,32.81,32.8,32.8,1794,0
20160322,33,33,32.75,32.8,12926,0
20160323,33,33.0001,33,33,598,0
20160324,32.8,32.8,32.8,32.8,200,0
20160328,33.101,33.101,33.101,33.101,208,0
20160329,32.89,32.89,32.89,32.89,100,0
20160330,33.98,33.98,33.98,33.98,169,0
20160404,32.93,32.96,32.93,32.96,200,0
20160405,32.8,33.2,32.8,33.15,800,0
20160407,32.8,33.15,32.8,33.15,777,0
20160408,33.03,33.98,32.85,33.98,1994,0
20160412,33.25,33.25,33.25,33.25,100,0
20160413,32.91,33,32.91,33,200,0
20160414,33.1,33.196,33.06,33.06,1100,0
20160415,32.8525,32.8525,32.8525,32.8525,200,0
