Date,Open,High,Low,Close,Volume,OpenInt
20100312,28.587,28.587,28.466,28.466,241,0
20100315,28.251,28.251,27.739,27.739,536,0
20100316,28.316,28.39,28.289,28.39,1393,0
20100317,28.941,29.286,28.941,29.164,10977,0
20100318,29.044,29.11,28.753,28.753,4464,0
20100319,28.876,28.876,28.222,28.222,3005,0
20100322,27.935,28.418,27.935,28.418,10796,0
20100323,28.485,28.791,28.343,28.709,8881,0
20100324,28.241,28.241,27.972,28.167,9874,0
20100325,28.103,28.241,27.962,27.962,5087,0
20100326,27.999,28.177,27.999,28.037,1565,0
20100329,27.999,28.726,27.999,28.726,1893,0
20100330,28.904,28.931,28.876,28.931,1426,0
20100331,29.164,29.827,28.856,29.192,41948,0
20100401,29.752,30.142,29.752,30.106,11216,0
20100405,30.367,30.853,30.219,30.674,9330,0
20100406,30.58,32.38,30.534,30.983,28419,0
20100407,31.019,31.178,30.843,30.908,7642,0
20100408,30.758,30.87,30.357,30.87,56916,0
20100409,31.244,31.412,31.159,31.402,24974,0
20100412,31.421,31.635,31.261,31.261,5142,0
20100413,31.159,31.159,30.506,30.796,8598,0
20100414,31.326,31.569,31.251,31.524,13759,0
20100415,31.467,31.635,31.467,31.579,15659,0
20100416,31.261,31.261,30.33,30.674,18507,0
20100419,30.442,30.442,29.901,30.367,5713,0
20100420,30.973,31.038,30.888,30.888,3662,0
20100421,30.768,30.853,30.647,30.711,2708,0
20100422,30.181,30.572,30.013,30.442,7834,0
20100423,30.506,30.955,30.46,30.945,7386,0
20100426,30.973,31.514,30.973,31.373,4491,0
20100427,31.131,31.131,30.396,30.396,9013,0
20100428,30.357,30.357,30.06,30.238,2474,0
20100429,30.534,30.87,30.516,30.516,15254,0
20100430,31.121,31.121,30.301,30.301,2949,0
20100503,30.628,30.628,30.199,30.311,30298,0
20100504,29.435,29.435,28.121,28.186,17116,0
20100505,27.365,27.403,26.788,27.16,6934,0
20100506,26.919,27.803,25.52,26.517,22418,0
20100507,26.126,26.126,24.225,25.259,10981,0
20100510,28.941,28.941,27.16,27.646,5200,0
20100511,27.206,27.365,26.993,27.365,10222,0
20100512,27.943,28.343,27.784,28.279,10019,0
20100513,28.326,28.418,27.878,28.028,34741,0
20100514,27.663,27.663,26.582,26.582,3567,0
20100517,26.489,26.545,25.801,26.07,9148,0
20100518,26.619,26.619,25.669,25.735,11778,0
20100519,25.184,25.184,24.16,24.681,24010,0
20100520,23.703,23.703,22.473,22.77,32737,0
20100521,22.378,23.916,22.378,23.693,10593,0
20100524,24.15,24.336,24.085,24.131,3631,0
20100525,22.658,23.424,22.388,23.424,10752,0
20100526,24.411,24.653,24.075,24.075,8059,0
20100527,25.231,25.735,25.231,25.735,8231,0
20100528,25.612,25.612,25.184,25.269,1758,0
20100601,25.072,25.305,24.766,24.831,5680,0
20100602,24.866,25.362,24.84,25.344,5272,0
20100603,25.716,25.716,24.933,24.952,2625,0
20100604,24.626,24.626,23.712,23.712,3817,0
20100607,23.219,23.478,23.19,23.19,4032,0
20100608,23.022,23.219,23.022,23.219,1048,0
20100609,23.749,23.964,23.591,23.693,1673,0
20100610,24.672,24.672,24.336,24.633,4993,0
20100611,24.225,24.393,24.225,24.393,538,0
20100614,24.7,24.904,24.633,24.633,726,0
20100615,25.11,25.315,25.017,25.315,3340,0
20100616,25.148,25.203,25.148,25.175,536,0
20100617,25.689,25.689,25.184,25.184,2989,0
20100618,25.305,25.782,25.305,25.763,1636,0
20100621,26.676,26.751,25.846,25.846,7110,0
20100622,25.529,25.725,25.362,25.362,6323,0
20100623,25.167,25.372,24.979,25.194,2147,0
20100625,24.178,24.56,24.178,24.56,428,0
20100628,24.598,24.633,24.588,24.588,597,0
20100629,24.121,24.121,23.209,23.209,9337,0
20100630,22.994,23.013,22.77,22.77,3863,0
20100701,22.464,22.464,22.295,22.295,1504,0
20100702,22.732,22.929,22.519,22.621,43570,0
20100706,23.591,23.674,23.013,23.153,2683,0
20100707,22.63,23.236,22.63,23.236,2306,0
20100708,23.581,23.638,23.488,23.601,967,0
20100709,23.674,23.674,23.674,23.674,107,0
20100712,23.629,23.638,23.488,23.638,540,0
20100713,24.197,24.197,24.197,24.197,107,0
20100714,24.234,24.234,23.852,23.852,644,0
20100715,23.945,23.945,23.601,23.665,987,0
20100716,23.703,23.703,23.013,23.088,3863,0
20100719,22.668,22.761,22.611,22.611,1866,0
20100720,23.236,23.301,23.236,23.301,842,0
20100721,23.516,23.516,23.115,23.115,1610,0
20100722,23.983,24.085,23.777,24.029,1065,0
20100723,24.495,24.531,24.326,24.531,1393,0
20100726,24.513,24.979,24.513,24.979,1276,0
20100727,25.148,25.157,24.979,24.979,751,0
20100729,25.017,25.025,25.008,25.017,1334,0
20100730,24.952,25.072,24.914,24.979,3153,0
20100802,25.464,25.846,25.464,25.697,9443,0
20100803,25.483,25.65,25.464,25.64,2554,0
20100804,25.707,25.744,25.707,25.744,242,0
20100805,25.567,25.567,25.567,25.567,428,0
20100806,25.269,25.416,25.259,25.259,1715,0
20100809,25.241,25.241,25.241,25.241,236,0
20100810,25.11,25.11,24.933,24.979,1512,0
20100811,24.326,24.326,23.498,23.674,6585,0
20100812,23.619,23.749,23.555,23.749,3110,0
20100813,23.954,23.954,23.739,23.739,1557,0
20100817,24.569,24.569,24.569,24.569,225,0
20100818,24.456,24.476,24.456,24.476,1319,0
20100819,24.317,24.354,24.048,24.048,675,0
20100820,23.683,23.683,23.433,23.638,1504,0
20100823,23.768,23.768,23.768,23.768,215,0
20100824,23.357,23.357,23.041,23.19,2897,0
20100825,22.789,22.789,22.454,22.732,5872,0
20100826,22.845,23.367,22.845,23.078,2151,0
20100830,23.665,23.665,23.209,23.236,2050,0
20100831,23.124,23.199,23.124,23.199,396,0
20100901,24.113,24.345,24.113,24.345,1181,0
20100902,24.354,24.662,24.354,24.569,1935,0
20100903,25.167,25.167,24.923,25.064,1877,0
20100907,24.895,24.895,24.866,24.866,470,0
20100908,25.081,25.222,25.072,25.167,3056,0
20100909,25.231,25.445,25.091,25.091,1213,0
20100910,25.138,25.4,25.138,25.231,967,0
20100913,25.548,26.041,25.548,26.032,3575,0
20100914,26.136,26.284,26.136,26.275,3005,0
20100915,26.209,26.443,26.07,26.443,2968,0
20100916,26.378,26.396,26.378,26.378,428,0
20100917,26.332,26.527,26.332,26.471,644,0
20100920,26.509,26.891,26.509,26.834,3643,0
20100921,27.104,27.104,25.846,26.694,1877,0
20100922,26.796,26.796,26.499,26.657,2252,0
20100923,26.647,26.742,26.396,26.742,1287,0
20100924,27.039,27.104,26.993,27.095,2575,0
20100927,27.104,27.206,27.011,27.151,3373,0
20100928,27.216,27.216,26.769,26.956,1233,0
20100929,27.142,27.262,27.142,27.216,3932,0
20100930,27.262,27.59,27.262,27.449,8110,0
20101001,27.654,27.943,27.654,27.926,4278,0
20101004,27.525,27.672,27.525,27.663,2158,0
20101005,27.952,28.326,27.869,28.261,11434,0
20101006,28.27,28.847,28.065,28.82,11516,0
20101007,28.922,29.369,28.735,28.82,10396,0
20101008,29.322,29.621,29.117,29.612,9422,0
20101011,29.621,29.928,29.547,29.547,5670,0
20101012,29.127,29.212,28.968,29.212,1504,0
20101013,29.259,29.975,29.259,29.761,3121,0
20101014,30.013,30.022,29.873,30.004,4399,0
20101015,29.817,29.817,29.527,29.678,4211,0
20101018,29.508,29.508,29.146,29.491,5514,0
20101019,28.194,29.396,26.937,28.213,10676,0
20101020,28.568,29.445,28.485,29.35,134134,0
20101021,29.35,29.36,28.719,28.922,67524,0
20101022,28.941,30.432,28.503,28.987,76539,0
20101025,29.584,30.086,29.406,29.508,99269,0
20101026,29.453,29.517,29.212,29.445,22050,0
20101027,29.015,29.015,28.558,28.885,81708,0
20101028,29.183,29.277,28.931,29.249,45360,0
20101029,29.439,29.673,29.308,29.607,38695,0
20101101,30.069,30.078,29.556,29.696,12434,0
20101102,30.106,30.516,29.947,30.423,95326,0
20101103,30.405,30.405,29.827,30.396,29592,0
20101104,31.448,31.895,31.178,31.737,10957,0
20101105,31.699,32.018,31.579,31.97,11873,0
20101108,31.803,32.072,31.587,32.072,9099,0
20101109,32.577,33.256,31.336,31.364,83339,0
20101110,31.68,32.044,30.973,32.036,29660,0
20101111,31.915,31.989,31.439,31.989,15525,0
20101112,31.68,31.68,30.702,30.796,23789,0
20101115,30.87,31.317,30.666,30.666,7084,0
20101116,30.133,30.133,28.949,29.127,16549,0
20101117,29.463,29.574,29.268,29.406,7353,0
20101118,29.883,30.255,29.78,30.245,12043,0
20101119,30.171,30.245,29.827,30.245,4601,0
20101122,30.181,30.181,29.547,29.965,6720,0
20101123,29.36,29.416,28.781,29.081,10583,0
20101124,29.63,29.63,29.305,29.593,4726,0
20101126,28.662,29.09,28.549,28.978,11280,0
20101129,28.941,28.941,28.241,28.719,22939,0
20101130,28.177,28.68,28.111,28.558,9761,0
20101201,29.127,29.621,29.025,29.556,14536,0
20101202,29.771,30.796,29.771,30.562,97848,0
20101203,30.853,31.169,30.721,31.169,22840,0
20101206,31.102,31.169,30.768,31.159,10068,0
20101207,31.476,31.532,30.843,30.843,12913,0
20101208,30.674,30.936,30.33,30.683,4554,0
20101209,30.711,30.786,30.311,30.534,6770,0
20101210,30.888,30.888,30.46,30.824,7564,0
20101213,31.308,31.308,31.112,31.14,10422,0
20101214,31.14,31.439,30.936,30.991,4009,0
20101215,30.758,31.261,30.749,30.87,6403,0
20101216,31.084,31.326,30.814,31.075,29256,0
20101217,30.926,31.206,30.843,31.14,5261,0
20101220,31.019,31.504,31.019,31.439,9936,0
20101221,32.445,32.445,31.524,31.812,8770,0
20101222,31.812,31.812,31.402,31.671,9678,0
20101223,32.586,32.586,31.373,31.708,4456,0
20101227,32.064,32.064,31.429,31.559,7660,0
20101228,32.128,32.128,31.54,31.886,13904,0
20101229,31.52,32.489,31.52,32.461,10075,0
20101230,33.562,33.562,32.163,32.359,6257,0
20101231,32.803,32.877,32.358,32.509,24180,0
20110103,37.563,37.563,32.596,33.079,33527,0
20110104,33.34,33.34,32.109,32.324,13608,0
20110105,31.364,32.278,31.224,32.23,25736,0
20110106,32.79,32.79,30.396,31.178,41616,0
20110107,30.888,31.69,30.888,31.336,14716,0
20110110,31.373,31.661,30.758,31.54,16343,0
20110111,31.251,32.099,31.251,31.886,14905,0
20110112,32.53,32.977,32.064,32.977,9225,0
20110113,34.356,34.356,32.81,32.977,14543,0
20110114,32.184,33.033,32.184,33.014,5348,0
20110118,33.918,33.918,31.251,33.014,7431,0
20110119,33.079,33.583,32.558,32.771,9289,0
20110120,33.424,33.424,31.346,31.642,18252,0
20110121,32.622,32.622,31.54,31.68,5905,0
20110124,31.234,31.867,31.234,31.587,2634,0
20110125,31.234,31.234,30.534,31.028,20573,0
20110126,30.796,31.597,30.796,31.597,7974,0
20110127,31.616,31.616,31.206,31.326,7801,0
20110128,31.066,31.102,30.115,30.181,14479,0
20110131,29.863,30.619,29.863,30.599,14180,0
20110201,31.308,31.597,31.196,31.514,11357,0
20110202,31.942,31.962,31.514,31.821,8474,0
20110203,31.97,32.184,31.402,32.156,6171,0
20110204,31.849,32.184,31.849,32.175,4177,0
20110207,31.915,32.454,31.915,32.259,5390,0
20110208,32.558,32.771,32.445,32.53,3676,0
20110209,32.715,32.715,31.952,32.064,23122,0
20110210,32.52,32.52,31.439,31.784,8477,0
20110211,31.923,32.305,31.923,32.222,14619,0
20110214,32.502,32.548,32.315,32.353,9257,0
20110215,32.51,32.53,32.25,32.502,11929,0
20110216,33.079,33.079,32.492,32.912,11983,0
20110217,33.182,33.182,32.483,32.865,24562,0
20110218,33.322,33.322,32.23,32.464,22957,0
20110222,32.836,32.836,31.019,31.28,13142,0
20110223,31.412,31.793,30.758,31.308,15202,0
20110224,31.448,31.448,30.396,30.758,29625,0
20110225,30.647,31.642,30.647,31.224,33906,0
20110228,32.2,32.2,31.501,31.892,9723,0
20110301,32.362,32.362,31.55,31.616,14946,0
20110302,31.251,32.203,31.251,32.203,6644,0
20110303,32.166,32.492,32.166,32.296,63945,0
20110304,32.435,32.435,31.998,32.296,28058,0
20110307,32.072,32.099,31.467,31.559,8171,0
20110308,31.373,31.448,30.991,31.28,27011,0
20110309,31.261,31.439,31.121,31.29,21961,0
20110310,30.487,30.487,29.621,29.621,17043,0
20110311,29.044,29.883,29.044,29.846,7216,0
20110314,29.669,29.669,29.015,29.277,50642,0
20110315,27.943,28.428,27.301,28.4,53070,0
20110316,28.167,28.633,27.515,27.784,14742,0
20110317,28.459,28.656,28.235,28.31,60584,0
20110318,28.69,29.202,28.662,29.071,56492,0
20110321,29.453,29.807,29.453,29.612,13320,0
20110322,29.909,29.909,29.64,29.752,18040,0
20110323,29.937,30.396,29.704,30.367,22129,0
20110324,30.683,30.908,30.367,30.619,81306,0
20110325,30.721,31.075,30.451,30.487,13851,0
20110328,30.219,30.477,29.827,29.827,5998,0
20110329,29.883,30.152,29.771,30.106,21497,0
20110330,30.386,30.497,30.219,30.46,21411,0
20110331,30.742,30.846,30.571,30.58,21963,0
20110401,31.764,32.064,30.805,31.14,19329,0
20110404,31.626,31.68,31.393,31.457,7689,0
20110405,31.364,31.895,31.364,31.858,13764,0
20110406,31.905,32.156,31.905,32.054,11374,0
20110407,32.166,32.166,31.69,31.962,12010,0
20110408,32.454,32.454,31.607,31.952,13311,0
20110411,31.69,32.203,31.373,31.373,8476,0
20110412,30.861,30.926,30.516,30.692,14859,0
20110413,30.908,31.038,30.301,30.376,8483,0
20110414,30.078,30.59,30.022,30.525,7604,0
20110415,30.301,30.414,30.04,30.245,8380,0
20110418,28.978,29.081,28.745,28.987,11663,0
20110419,28.904,29.388,28.904,29.127,3483,0
20110420,29.807,30.106,29.752,30.086,8555,0
20110421,30.609,30.619,30.133,30.58,16002,0
20110425,30.683,30.692,30.274,30.58,10481,0
20110426,30.05,30.293,29.994,30.142,6814,0
20110427,30.405,30.59,29.965,30.59,12484,0
20110428,30.674,30.749,30.46,30.74,6894,0
20110429,30.713,30.969,30.713,30.902,6185,0
20110502,31,31.196,30.58,30.58,8730,0
20110503,30.125,30.142,29.752,29.836,9331,0
20110504,30.086,30.086,29.378,29.621,9087,0
20110505,28.773,29.071,28.159,28.763,82761,0
20110506,28.735,28.997,28.485,28.68,45182,0
20110509,28.521,29.061,28.521,29.061,49854,0
20110510,28.876,29.117,28.753,28.763,772,0
20110511,28.913,28.913,27.831,27.887,15526,0
20110512,27.439,28.047,27.002,28.047,7937,0
20110513,27.254,27.841,26.919,27.663,17915,0
20110516,27.422,27.449,26.966,27.03,17055,0
20110517,26.676,26.891,26.453,26.742,70063,0
20110518,26.891,27.301,26.853,27.254,286042,0
20110519,27.234,27.58,27.179,27.365,81882,0
20110520,27.328,27.449,25.455,27.142,164714,0
20110523,26.638,26.638,26.098,26.368,80743,0
20110524,26.499,26.919,26.499,26.919,23750,0
20110525,26.555,27.188,26.555,27.002,28574,0
20110526,27.403,27.58,27.393,27.393,19589,0
20110527,27.919,27.956,27.685,27.946,8136,0
20110531,28.515,28.515,28.197,28.394,7440,0
20110601,28.363,28.363,27.841,27.841,7948,0
20110602,28.093,28.093,27.468,27.86,5387,0
20110603,27.58,27.774,27.206,27.682,6412,0
20110606,27.496,27.59,27.169,27.169,9230,0
20110607,27.545,27.863,27.481,27.601,5723,0
20110608,27.209,27.368,26.985,27.033,7648,0
20110609,27.246,27.442,27.004,27.303,24261,0
20110610,26.949,26.949,26.501,26.566,21499,0
20110613,26.806,26.947,26.517,26.536,1190,0
20110614,26.921,26.921,26.649,26.705,6727,0
20110615,26.22,26.22,25.746,25.914,6299,0
20110616,25.69,25.754,25.288,25.484,13049,0
20110617,25.838,25.923,25.726,25.764,13429,0
20110620,25.726,26.062,25.633,25.698,3192,0
20110621,25.996,26.445,25.996,26.426,14118,0
20110622,26.361,26.435,26.165,26.165,2631,0
20110623,25.474,25.866,25.363,25.829,44913,0
20110624,25.502,25.502,25.474,25.474,402,0
20110627,25.67,25.67,25.176,25.596,9687,0
20110628,25.596,25.885,25.596,25.81,6025,0
20110629,25.923,26.184,25.819,26.09,9604,0
20110630,26.176,26.44,26.176,26.402,2803,0
20110701,26.519,26.817,26.519,26.817,1659,0
20110705,26.464,26.705,26.464,26.705,7678,0
20110706,26.584,26.612,26.353,26.612,1972,0
20110707,26.911,27.089,26.911,27.023,9506,0
20110708,26.473,27.004,26.473,26.744,5502,0
20110711,26.491,26.491,25.559,25.559,12733,0
20110712,25.185,25.502,24.98,25.176,11835,0
20110713,26.099,26.23,26.081,26.081,7769,0
20110714,26.099,26.276,25.969,25.969,6772,0
20110715,25.923,26.286,25.923,26.286,10891,0
20110718,25.885,25.987,25.417,25.539,7076,0
20110719,25.959,26.353,25.914,26.09,2375,0
20110720,25.642,26.165,25.539,26.165,2814,0
20110721,26.201,26.211,26.184,26.211,1401,0
20110722,26.211,26.445,26.071,26.296,8907,0
20110725,26.025,26.353,26.025,26.23,4044,0
20110726,25.905,26.22,25.905,26.155,1910,0
20110727,26.426,26.473,25.578,25.614,5613,0
20110728,25.474,25.698,25.326,25.427,10467,0
20110729,25.4,25.417,24.924,25.417,4459,0
20110801,25.427,25.596,25.214,25.596,2605,0
20110802,25.195,25.195,24.355,24.383,7178,0
20110803,24.448,24.663,23.926,24.411,113409,0
20110804,23.591,23.926,22.35,22.396,17160,0
20110805,22.565,22.584,21.641,22.145,2738,0
20110808,21.698,21.698,19.72,20.102,20273,0
20110809,20.465,21.183,20.167,21.09,32082,0
20110810,20.634,21.09,20.615,21.063,4481,0
20110811,20.718,21.856,20.661,21.761,9467,0
20110812,22.257,22.257,21.641,21.836,15648,0
20110815,22.275,22.546,22.097,22.546,4138,0
20110816,22.209,22.303,21.986,22.116,4417,0
20110817,22.731,22.731,22.359,22.359,1957,0
20110818,21.911,21.911,21.201,21.201,4658,0
20110819,20.977,21.408,20.876,21.072,17857,0
20110822,20.465,21.464,20.465,20.95,4795,0
20110823,20.996,21.698,20.996,21.698,15151,0
20110824,21.865,21.865,21.464,21.556,5084,0
20110825,21.631,21.743,21.455,21.455,2200,0
20110826,21.445,21.78,21.314,21.761,3697,0
20110829,22.089,22.257,22.089,22.219,8168,0
20110830,22.406,22.713,22.406,22.593,7245,0
20110831,23.113,23.113,22.772,22.829,4163,0
20110901,22.703,22.863,22.648,22.694,4088,0
20110902,21.959,22.337,21.894,22.234,11643,0
20110906,21.183,21.483,21.174,21.37,7735,0
20110907,21.809,22.172,21.809,22.172,2654,0
20110908,21.977,22.219,21.8,21.8,15540,0
20110909,21.688,21.688,21.053,21.081,2091,0
20110912,20.531,20.83,20.522,20.83,6335,0
20110913,20.923,20.977,20.923,20.977,2146,0
20110914,20.895,21.221,20.895,21.211,3644,0
20110915,21.287,21.445,21.109,21.445,4123,0
20110916,21.474,21.474,21.006,21.362,2626,0
20110919,20.484,20.522,20.149,20.39,5645,0
20110920,20.381,20.381,20.381,20.381,107,0
20110921,20.326,20.326,19.466,19.578,46626,0
20110922,18.479,18.908,17.798,17.798,14325,0
20110923,17.648,18.162,17.648,17.985,4230,0
20110926,17.648,17.826,17.425,17.826,9350,0
20110927,18.516,19.001,18.516,18.6,1907,0
20110928,18.841,18.841,18.153,18.153,7076,0
20110929,18.656,18.656,17.956,18.097,6240,0
20110930,17.781,18.017,17.753,17.753,1041,0
20111003,17.397,17.416,16.838,16.902,11560,0
20111004,16.632,16.866,16.155,16.866,5416,0
20111005,16.866,17.397,16.866,17.397,7719,0
20111006,17.555,17.853,17.555,17.853,1790,0
20111007,18.106,18.33,17.638,17.9,6378,0
20111010,18.656,18.833,18.656,18.833,2287,0
20111011,18.367,18.729,18.367,18.729,4865,0
20111012,19.066,19.289,19.047,19.047,2602,0
20111013,18.711,18.973,18.6,18.973,659,0
20111014,19.243,19.289,18.992,19.289,3223,0
20111017,18.823,18.833,18.637,18.749,3325,0
20111018,18.245,19.001,18.245,19.001,6610,0
20111019,18.908,18.908,18.386,18.386,9558,0
20111020,18.189,18.189,17.995,18.153,15992,0
20111021,18.432,18.554,18.358,18.432,11016,0
20111024,18.711,19.095,18.647,18.992,9649,0
20111025,18.422,18.656,18.422,18.656,1543,0
20111026,19.038,19.038,18.432,18.973,14351,0
20111027,20.102,20.354,19.924,20.28,15438,0
20111028,20.242,20.493,20.242,20.493,2636,0
20111031,20.38,20.38,19.586,19.586,3398,0
20111101,18.926,18.954,18.545,18.778,4019,0
20111102,19.411,19.562,19.066,19.562,30099,0
20111103,19.896,19.98,19.626,19.98,8834,0
20111104,19.729,19.87,19.35,19.87,9230,0
20111107,19.84,19.998,19.645,19.98,18881,0
20111108,20.036,20.13,19.784,20.093,16630,0
20111109,19.42,19.42,18.898,18.898,15809,0
20111110,19.123,19.206,18.805,19.085,5949,0
20111111,19.42,19.674,19.42,19.533,6884,0
20111114,19.607,19.607,19.114,19.114,10566,0
20111115,19.197,19.197,18.936,19.16,3729,0
20111116,19.038,19.038,18.758,18.758,6408,0
20111117,18.666,18.721,17.947,17.947,7886,0
20111118,18.264,18.264,17.862,17.985,2707,0
20111121,17.723,17.723,17.182,17.452,6442,0
20111122,17.35,17.481,17.163,17.312,9873,0
20111123,16.883,16.921,16.603,16.668,6271,0
20111125,16.705,16.846,16.566,16.762,2190,0
20111128,17.518,17.537,17.155,17.155,5381,0
20111129,17.491,17.491,17.237,17.237,5205,0
20111130,18.358,18.613,18.32,18.548,14916,0
20111201,18.554,18.572,18.199,18.413,5898,0
20111202,18.647,18.666,18.367,18.403,7863,0
20111205,18.666,18.964,18.637,18.637,7869,0
20111206,18.632,18.661,18.348,18.566,7988,0
20111207,18.263,18.481,18.234,18.386,4985,0
20111208,18.358,18.358,17.733,17.819,5278,0
20111209,17.97,18.168,17.97,18.112,3485,0
20111212,17.256,17.628,17.106,17.135,3377,0
20111213,17.237,17.462,16.856,16.866,4909,0
20111214,16.866,16.866,16.362,16.538,5343,0
20111215,16.8,16.8,16.51,16.575,3666,0
20111216,16.882,16.882,16.655,16.655,2467,0
20111219,16.556,16.575,16.24,16.324,10099,0
20111220,16.8,16.902,16.705,16.902,3839,0
20111221,16.95,16.969,16.789,16.969,2704,0
20111222,16.95,16.959,16.874,16.874,4279,0
20111223,17.072,17.072,16.855,16.95,2786,0
20111227,17.016,17.016,16.845,16.845,8348,0
20111228,16.855,16.855,16.514,16.551,27747,0
20111229,16.504,16.808,16.412,16.722,13278,0
20111230,16.855,17.016,16.827,16.865,8635,0
20120103,17.98,17.98,17.167,17.648,5614,0
20120104,17.592,17.667,17.242,17.667,15239,0
20120105,17.45,17.846,17.251,17.251,2433,0
20120106,17.629,17.629,17.45,17.574,5859,0
20120109,17.469,17.611,17.44,17.611,14062,0
20120110,17.894,18.16,17.894,18.047,20813,0
20120111,17.98,18.093,17.885,18.074,23061,0
20120112,18.433,18.433,18.216,18.404,15703,0
20120113,17.762,18.112,17.762,17.999,30624,0
20120117,18.443,18.548,18.177,18.263,19731,0
20120118,18.254,18.906,18.254,18.906,56084,0
20120119,18.717,18.745,18.538,18.622,22321,0
20120120,18.68,18.783,18.622,18.783,11603,0
20120123,18.839,19.01,18.839,18.963,15660,0
20120124,18.717,18.868,18.586,18.858,13374,0
20120125,18.774,19.256,18.433,19.256,8088,0
20120126,19.332,19.842,19.332,19.615,35997,0
20120127,19.54,19.851,19.482,19.71,30028,0
20120130,19.18,19.284,19.019,19.115,16246,0
20120131,19.416,19.416,19.115,19.312,19752,0
20120201,19.643,19.785,19.559,19.576,15308,0
20120202,19.663,19.851,19.663,19.748,4145,0
20120203,19.776,20.163,19.776,20.163,14942,0
20120206,19.842,19.927,19.804,19.898,10081,0
20120207,19.917,20.02,19.643,19.758,12905,0
20120208,19.936,20.012,19.568,19.615,34811,0
20120209,19.767,19.767,19.53,19.54,18550,0
20120210,19.142,19.189,18.689,18.735,34976,0
20120213,19.219,19.369,19.038,19.038,28421,0
20120214,19.086,19.086,18.632,18.868,14568,0
20120215,18.925,19.028,18.83,18.848,4417,0
20120216,18.735,19.284,18.68,19.152,14192,0
20120217,19.124,19.284,19.066,19.162,12737,0
20120221,19.096,19.52,18.973,19.473,14826,0
20120222,19.332,19.416,19.057,19.312,24013,0
20120223,19.378,19.738,19.378,19.7,25621,0
20120224,19.785,19.974,19.7,19.822,8292,0
20120227,19.748,19.907,19.663,19.907,11796,0
20120228,19.794,20.23,19.794,20.23,11814,0
20120229,20.268,20.39,19.663,19.822,18364,0
20120301,20.06,20.088,19.946,20.078,4234,0
20120302,19.946,20.163,19.776,19.946,22129,0
20120305,19.663,19.758,19.426,19.512,12135,0
20120306,18.858,19.172,18.528,18.596,18155,0
20120307,18.802,18.973,18.802,18.973,6050,0
20120308,19.274,19.406,19.274,19.378,1861,0
20120309,19.359,19.406,19.284,19.312,3707,0
20120312,19.152,19.152,19.076,19.096,1734,0
20120313,19.397,19.52,19.359,19.406,1216,0
20120314,19.219,19.219,19.048,19.048,2668,0
20120315,19.028,19.209,19.028,19.199,2537,0
20120316,19.378,19.445,19.342,19.445,4858,0
20120319,19.455,19.512,19.284,19.436,7089,0
20120320,19.322,19.322,18.906,18.973,3041,0
20120321,19.105,19.105,18.878,18.888,1348,0
20120322,18.528,18.68,18.291,18.404,4534,0
20120323,18.224,18.548,18.224,18.49,2433,0
20120326,18.717,18.953,18.717,18.868,2006,0
20120327,18.792,18.868,18.792,18.802,4687,0
20120328,18.764,18.764,18.187,18.291,7402,0
20120329,18.168,18.263,17.924,18.263,8037,0
20120330,18.224,18.272,18.224,18.272,1110,0
20120402,18.017,18.566,18.017,18.566,2831,0
20120403,18.358,18.358,18.047,18.064,4708,0
20120404,17.846,17.846,17.621,17.696,2909,0
20120405,17.819,17.866,17.536,17.846,13194,0
20120409,17.564,17.696,17.498,17.638,9817,0
20120410,17.517,17.517,16.931,17.148,5620,0
20120411,17.431,17.602,17.318,17.423,3940,0
20120412,17.337,17.753,17.337,17.724,2611,0
20120413,17.423,17.602,17.423,17.602,2379,0
20120416,17.498,17.498,17.27,17.337,1494,0
20120417,17.469,17.706,17.469,17.648,5659,0
20120418,17.574,17.715,17.423,17.648,2284,0
20120419,17.638,17.638,17.479,17.479,936,0
20120420,17.753,17.753,17.546,17.546,1509,0
20120423,17.413,17.413,17.062,17.157,2575,0
20120424,17.27,17.28,17.251,17.261,666,0
20120425,17.517,17.638,17.45,17.629,3119,0
20120426,17.676,17.894,17.602,17.743,6017,0
20120427,17.97,18.055,17.933,18.008,18372,0
20120430,17.933,17.933,17.772,17.933,6003,0
20120501,18.16,18.16,17.885,17.914,2888,0
20120502,17.819,17.819,17.724,17.724,474,0
20120503,17.715,17.715,17.318,17.318,2349,0
20120504,17.318,17.318,17.043,17.09,4477,0
20120507,17.148,17.148,16.845,17.016,11721,0
20120508,16.818,16.827,16.288,16.402,9190,0
20120509,16.164,16.278,15.871,16.126,6287,0
20120510,16.307,16.402,16.25,16.354,8803,0
20120511,16.297,16.297,15.927,15.966,3466,0
20120514,15.7,15.74,15.314,15.314,11808,0
20120515,15.379,15.379,14.954,14.954,6111,0
20120516,14.954,15.069,14.51,14.51,16264,0
20120517,14.473,14.633,14.473,14.633,2644,0
20120518,14.728,14.728,14.368,14.558,2543,0
20120521,14.709,14.794,14.34,14.794,1843,0
20120522,14.879,14.879,14.558,14.558,2630,0
20120523,14.275,14.34,14.151,14.34,13617,0
20120524,14.405,14.405,14.132,14.378,3001,0
20120525,14.218,14.311,14.142,14.161,4436,0
20120529,14.576,14.596,14.397,14.445,2018,0
20120530,14.228,14.228,14.048,14.058,4871,0
20120531,14.218,14.218,13.772,13.905,10655,0
20120601,13.791,13.943,13.622,13.791,19230,0
20120604,13.791,13.791,13.574,13.782,11855,0
20120605,13.772,14.095,13.753,14.095,579,0
20120606,14.179,14.614,14.179,14.614,7080,0
20120607,15.191,15.191,14.738,14.766,11747,0
20120608,14.614,14.691,14.368,14.691,6623,0
20120611,14.538,14.538,14.179,14.179,3046,0
20120612,14.218,14.368,14.218,14.32,1458,0
20120613,14.492,14.492,14.292,14.292,3708,0
20120614,14.161,14.228,14.132,14.218,1570,0
20120615,14.311,14.378,14.245,14.349,5817,0
20120618,14.51,14.596,14.435,14.548,1427,0
20120619,14.653,14.653,14.576,14.633,2805,0
20120620,14.614,14.785,14.568,14.624,2597,0
20120621,14.463,14.463,13.934,13.934,2031,0
20120622,13.877,13.877,13.753,13.867,1269,0
20120625,13.707,13.707,13.291,13.404,5852,0
20120626,13.386,13.613,13.366,13.613,2007,0
20120627,13.481,13.49,13.442,13.49,2115,0
20120628,13.281,13.281,13.168,13.233,3104,0
20120629,13.934,14.058,13.697,13.718,3639,0
20120702,13.744,13.763,13.65,13.744,1816,0
20120703,13.943,13.968,13.867,13.968,1752,0
20120705,13.849,13.922,13.849,13.922,7374,0
20120706,13.801,13.801,13.528,13.594,5123,0
20120709,13.536,13.536,13.233,13.376,6017,0
20120710,13.263,13.337,13.158,13.337,4466,0
20120711,13.158,13.233,13.158,13.206,5568,0
20120712,12.989,13.263,12.856,12.876,5321,0
20120713,13.112,13.116,13.078,13.116,1008,0
20120716,13.103,13.187,13.103,13.187,2222,0
20120717,13.14,13.14,12.895,13.074,4019,0
20120718,12.979,13.187,12.979,13.14,3197,0
20120719,13.168,13.329,13.168,13.253,6587,0
20120720,13.026,13.046,12.989,12.989,1995,0
20120723,12.383,12.723,12.383,12.507,4210,0
20120724,12.478,12.478,12.327,12.383,8151,0
20120725,12.422,12.629,12.422,12.581,4628,0
20120726,12.876,13.026,12.799,13.026,3837,0
20120727,12.998,13.149,12.998,13.149,2980,0
20120730,13.206,13.233,12.998,13.026,6768,0
20120731,13.026,13.026,12.913,12.925,3153,0
20120801,12.989,13.036,12.885,12.998,1269,0
20120802,12.753,12.753,12.591,12.629,5120,0
20120803,13.14,13.233,12.998,13.012,5439,0
20120806,13.094,13.233,13.094,13.112,3130,0
20120807,13.233,13.329,13.233,13.233,4898,0
20120808,13.187,13.481,13.187,13.326,664,0
20120809,13.414,13.414,13.329,13.337,4490,0
20120810,13.361,13.361,13.361,13.361,422,0
20120813,13.414,13.414,13.12,13.16,2128,0
20120814,13.113,13.113,13.112,13.112,763,0
20120815,13.094,13.094,13.084,13.084,407,0
20120816,13.12,13.302,13.12,13.302,3411,0
20120817,13.224,13.414,13.224,13.414,264,0
20120820,13.224,13.337,13.103,13.337,2169,0
20120821,13.442,13.622,13.442,13.461,5634,0
20120822,13.281,13.403,13.233,13.266,10294,0
20120823,13.386,13.734,13.386,13.613,8069,0
20120824,13.471,13.687,13.471,13.481,12429,0
20120827,13.471,13.471,13.233,13.272,8145,0
20120828,13.301,13.301,13.13,13.13,4188,0
20120829,13.13,13.13,13.032,13.056,6347,0
20120830,12.893,12.893,12.647,12.667,5916,0
20120831,12.685,12.985,12.685,12.903,4471,0
20120904,12.933,12.933,12.762,12.876,3960,0
20120905,12.715,12.799,12.667,12.799,6560,0
20120906,12.828,13.196,12.828,13.036,2597,0
20120907,13.272,13.678,13.272,13.564,17301,0
20120910,13.877,14.058,13.707,13.772,10495,0
20120911,13.849,13.934,13.801,13.934,9705,0
20120912,13.897,13.934,13.66,13.791,12400,0
20120913,13.707,14.228,13.605,14.208,7275,0
20120914,14.501,15.115,14.501,14.898,45748,0
20120917,15.069,15.144,14.606,14.606,27293,0
20120918,14.738,14.738,14.415,14.501,13109,0
20120919,14.473,14.501,14.34,14.445,14557,0
20120920,14.292,14.302,14.06,14.161,11228,0
20120921,14.206,14.372,14.007,14.073,5197,0
20120924,14.016,14.016,13.741,13.845,5409,0
20120925,14.016,14.016,13.741,13.742,10521,0
20120926,13.628,13.637,13.371,13.637,8177,0
20120927,13.741,13.837,13.542,13.81,8334,0
20120928,13.788,13.788,13.609,13.609,1709,0
20121001,13.759,13.831,13.637,13.788,5472,0
20121002,13.741,13.807,13.58,13.637,2532,0
20121003,13.505,13.505,13.134,13.134,15027,0
20121004,13.05,13.342,13.05,13.201,12299,0
20121005,13.286,13.381,13.191,13.277,8369,0
20121008,13.296,13.296,12.984,12.984,6518,0
20121009,13.172,13.172,12.984,12.984,7279,0
20121010,13.172,13.172,13.031,13.031,2427,0
20121011,13.04,13.04,12.974,12.974,4357,0
20121012,12.894,12.894,12.803,12.803,2270,0
20121015,12.793,12.812,12.689,12.739,8873,0
20121016,12.775,12.88,12.712,12.88,7855,0
20121017,13.153,13.172,13.069,13.112,4896,0
20121018,13.001,13.098,12.937,12.946,9570,0
20121019,12.945,13.098,12.727,12.897,1793,0
20121022,12.984,13.031,12.892,13.031,1882,0
20121023,12.727,12.727,12.5,12.519,10406,0
20121024,12.841,12.917,12.771,12.917,4089,0
20121025,12.793,12.86,12.793,12.799,1145,0
20121026,12.87,12.87,12.755,12.841,3248,0
20121031,12.802,12.888,12.802,12.888,3245,0
20121101,12.927,13.143,12.917,13.125,7359,0
20121102,13.248,13.258,12.996,13.107,6649,0
20121105,13.059,13.268,12.992,12.992,2676,0
20121106,13.011,13.248,13.011,13.191,8605,0
20121107,12.984,13.069,12.897,12.971,8480,0
20121108,12.802,13.023,12.775,12.894,16299,0
20121109,12.805,12.86,12.765,12.812,12030,0
20121112,12.765,12.821,12.765,12.816,8204,0
20121113,12.632,12.747,12.539,12.622,7435,0
20121114,12.604,12.727,12.301,12.301,7066,0
20121115,12.225,12.272,12.13,12.168,9772,0
20121116,12.149,12.243,12.13,12.234,8337,0
20121119,12.519,12.594,12.405,12.594,9381,0
20121120,12.549,12.669,12.519,12.584,3639,0
20121121,12.662,12.662,12.622,12.622,739,0
20121123,12.793,12.793,12.695,12.695,3799,0
20121126,12.719,12.719,12.719,12.719,106,0
20121127,12.841,12.841,12.594,12.595,5663,0
20121128,12.612,12.699,12.604,12.695,1900,0
20121129,12.85,12.907,12.793,12.793,1751,0
20121130,12.897,12.964,12.793,12.819,1523,0
20121203,12.954,12.964,12.647,12.663,5308,0
20121204,12.944,12.944,12.733,12.749,1678,0
20121205,12.964,12.964,12.88,12.947,4382,0
20121206,12.974,13.118,12.727,13.118,5902,0
20121207,13.172,13.191,13.107,13.125,3226,0
20121210,13.248,13.324,13.238,13.306,3366,0
20121211,13.315,13.371,13.315,13.362,4273,0
20121212,13.457,13.6,13.438,13.476,6997,0
20121213,13.524,13.524,13.476,13.476,528,0
20121214,13.466,13.466,13.466,13.466,1055,0
20121217,13.542,13.637,13.514,13.637,1639,0
20121218,13.58,13.675,13.57,13.663,7176,0
20121219,13.723,13.893,13.723,13.874,9972,0
20121220,13.845,14.045,13.845,13.931,5929,0
20121221,13.866,13.866,13.749,13.833,2870,0
20121224,13.448,13.854,13.438,13.684,1523,0
20121226,13.448,13.912,13.448,13.656,11156,0
20121227,13.769,13.94,13.741,13.94,12058,0
20121228,13.741,13.883,13.731,13.761,3890,0
20121231,14.035,14.169,13.818,13.997,3344,0
20130102,14.272,14.517,14.243,14.517,4981,0
20130103,14.613,14.613,14.452,14.575,8146,0
20130104,14.452,14.594,14.443,14.556,2693,0
20130107,14.556,14.556,14.169,14.471,7455,0
20130108,14.765,14.765,14.356,14.481,8757,0
20130109,14.755,14.84,14.681,14.745,13084,0
20130110,14.934,15.21,14.934,15.182,38792,0
20130111,14.812,15.021,14.802,14.992,13385,0
20130114,15.118,15.162,15.043,15.162,13963,0
20130115,15.39,15.846,15.39,15.825,84210,0
20130116,15.542,15.649,15.418,15.475,33738,0
20130117,15.24,15.588,15.24,15.399,18292,0
20130118,15.399,15.532,15.286,15.428,6928,0
20130122,15.428,15.627,15.399,15.588,11902,0
20130123,15.457,15.484,15.288,15.304,17512,0
20130124,15.39,15.433,14.888,14.925,35271,0
20130125,14.964,15.361,14.964,15.324,28734,0
20130128,15.153,15.274,14.91,14.973,5502,0
20130129,15.021,15.077,14.964,15.077,4051,0
20130130,14.964,15.021,14.736,14.768,19716,0
20130131,14.944,15.049,14.794,14.794,29335,0
20130201,15.438,15.438,15.096,15.295,9607,0
20130204,14.878,15.24,14.878,15.162,8511,0
20130205,15.257,15.513,15.077,15.352,80591,0
20130206,15.438,16.157,15.427,15.722,204006,0
20130207,15.817,15.893,15.551,15.712,91613,0
20130208,15.77,15.865,15.708,15.778,55943,0
20130211,15.741,15.741,15.541,15.666,18304,0
20130212,15.561,15.666,15.399,15.637,9454,0
20130213,15.76,15.789,15.646,15.722,14287,0
20130214,15.588,15.675,15.513,15.58,29630,0
20130215,15.484,15.484,15.201,15.201,21109,0
20130219,15.21,15.21,15.069,15.162,16902,0
20130220,14.982,14.982,14.547,14.556,68786,0
20130221,14.575,14.575,14.25,14.376,48486,0
20130222,14.517,14.517,14.263,14.366,6426,0
20130225,14.263,14.423,14.082,14.116,13489,0
20130226,14.092,14.272,13.997,14.243,32915,0
20130227,14.216,14.443,14.205,14.386,10161,0
20130228,14.253,14.263,14.102,14.121,15770,0
20130301,13.922,13.987,13.853,13.902,14162,0
20130304,13.694,13.864,13.552,13.609,20812,0
20130305,13.713,13.968,13.675,13.675,28172,0
20130306,13.713,13.713,13.585,13.684,13255,0
20130307,13.807,13.807,13.6,13.647,6927,0
20130308,13.684,13.779,13.647,13.779,5758,0
20130311,13.725,13.725,13.628,13.684,5065,0
20130312,13.759,13.759,13.58,13.618,7679,0
20130313,13.713,13.713,13.391,13.391,16672,0
20130314,13.445,13.478,13.41,13.466,3697,0
20130315,13.4,13.58,13.4,13.4,9682,0
20130318,13.315,13.315,13.116,13.268,23328,0
20130319,13.163,13.163,13.001,13.059,16279,0
20130320,13.021,13.116,13.011,13.116,5708,0
20130321,13.026,13.055,12.959,12.997,3601,0
20130322,12.997,12.997,12.884,12.949,6066,0
20130325,12.941,12.941,12.77,12.788,4801,0
20130326,12.817,12.932,12.817,12.912,5630,0
20130327,12.77,13.016,12.77,13.016,8711,0
20130328,13.036,13.036,12.879,12.963,9778,0
20130401,12.949,13.129,12.914,13.046,7794,0
20130402,13.006,13.006,12.779,12.807,22943,0
20130403,12.77,12.77,12.381,12.486,8952,0
20130404,12.495,12.514,12.439,12.505,13099,0
20130405,12.371,12.46,12.325,12.407,20230,0
20130408,12.306,12.457,12.306,12.457,1572,0
20130409,12.429,12.742,12.429,12.732,5543,0
20130410,12.694,12.883,12.684,12.883,7339,0
20130411,12.807,12.807,12.742,12.751,2637,0
20130412,12.703,12.703,12.39,12.4,12457,0
20130415,12.134,12.191,11.461,11.476,35350,0
20130416,11.376,12.268,11.376,11.945,13362,0
20130417,11.594,11.594,11.376,11.387,12279,0
20130418,11.414,11.441,11.358,11.376,4413,0
20130419,11.594,11.84,11.518,11.67,3173,0
20130422,11.717,11.717,11.547,11.586,4028,0
20130423,11.508,11.67,11.508,11.67,5723,0
20130424,11.888,11.888,11.798,11.87,4114,0
20130425,12.02,12.134,12.02,12.039,3482,0
20130426,11.975,12.144,11.927,11.955,6962,0
20130429,12.143,12.171,12.058,12.136,8298,0
20130430,12.144,12.316,11.965,12.029,7014,0
20130501,12.134,12.134,11.86,11.955,6720,0
20130502,11.975,11.983,11.927,11.927,983,0
20130503,12.077,12.134,12.077,12.077,2295,0
20130506,12.989,12.989,11.85,11.909,8573,0
20130507,11.983,12.106,11.983,12.02,2846,0
20130508,12.02,12.201,12.02,12.171,6753,0
20130509,12.116,12.201,12.077,12.097,3693,0
20130510,11.86,11.888,11.803,11.888,3893,0
20130513,11.642,11.685,11.518,11.612,13411,0
20130514,11.498,11.498,11.34,11.406,15356,0
20130515,11.358,11.435,11.214,11.224,12369,0
20130516,11.044,11.223,11.044,11.101,24983,0
20130517,11.177,11.271,11.177,11.215,6702,0
20130520,11.197,11.424,11.12,11.258,6920,0
20130521,11.368,11.368,11.197,11.282,3280,0
20130522,11.281,11.602,11.234,11.244,62784,0
20130523,11.177,11.319,11.053,11.319,8723,0
20130524,11.319,11.319,11.177,11.262,5459,0
20130528,11.271,11.271,11.254,11.263,5265,0
20130529,11.187,11.264,11.14,11.244,12017,0
20130530,11.281,11.367,11.281,11.365,9144,0
20130531,11.281,11.386,11.197,11.234,19813,0
20130603,11.31,11.48,11.281,11.473,9564,0
20130604,11.376,11.386,11.215,11.266,40883,0
20130605,11.187,11.301,11.177,11.177,5854,0
20130606,11.271,11.556,11.271,11.461,2715,0
20130607,11.518,11.518,11.424,11.443,5374,0
20130610,11.471,11.471,11.281,11.358,3482,0
20130611,11.158,11.167,11.082,11.116,5056,0
20130612,11.301,11.301,11.053,11.053,4701,0
20130613,11.101,11.205,11.006,11.12,5773,0
20130614,11.101,11.241,11.101,11.155,1666,0
20130617,11.318,11.325,11.234,11.234,1371,0
20130618,11.271,11.28,11.234,11.234,2985,0
20130619,11.244,11.244,10.949,10.949,12364,0
20130620,10.751,10.892,10.371,10.372,19012,0
20130621,10.599,10.701,10.437,10.618,5945,0
20130624,10.409,10.468,10.277,10.304,6283,0
20130625,10.333,10.426,10.304,10.361,4968,0
20130626,10.456,10.456,10.248,10.296,8545,0
20130627,10.277,10.427,10.277,10.361,6265,0
20130628,10.437,10.541,10.437,10.532,4473,0
20130701,10.731,10.94,10.655,10.655,4812,0
20130702,10.675,10.675,10.523,10.523,1371,0
20130703,10.523,10.523,10.4,10.4,3482,0
20130705,10.381,10.381,10.359,10.359,824,0
20130708,10.409,10.475,10.367,10.417,3823,0
20130709,10.475,10.607,10.475,10.504,4130,0
20130710,10.456,10.474,10.446,10.447,1266,0
20130711,10.703,10.959,10.542,10.959,6677,0
20130712,11.13,11.13,10.731,10.845,3661,0
20130715,10.977,11.005,10.94,11.005,1266,0
20130716,11.025,11.025,10.949,10.952,800,0
20130717,11.101,11.111,11.006,11.072,1177,0
20130718,11.053,11.053,10.959,10.977,844,0
20130719,10.892,10.969,10.892,10.958,2584,0
20130722,11.12,11.223,11.082,11.205,5147,0
20130723,11.349,11.443,11.329,11.443,2916,0
20130724,11.538,11.538,11.168,11.271,4165,0
20130725,11.12,11.367,11.12,11.282,2426,0
20130726,11.461,11.461,11.262,11.443,5173,0
20130729,11.376,11.489,11.205,11.434,7193,0
20130730,11.69,11.69,11.359,11.368,2004,0
20130731,11.101,11.612,11.101,11.612,4249,0
20130801,11.339,11.561,11.339,11.471,6409,0
20130802,11.481,11.689,11.481,11.612,4114,0
20130805,11.67,11.746,11.508,11.642,7419,0
20130806,11.602,11.602,11.367,11.371,8131,0
20130807,11.87,11.87,11.271,11.295,2551,0
20130808,11.376,11.433,11.376,11.433,528,0
20130809,11.424,11.803,11.424,11.803,8466,0
20130812,11.756,12.011,11.756,11.955,5142,0
20130813,11.965,12.048,11.965,12.048,1706,0
20130814,12.048,12.166,12.029,12.099,1055,0
20130815,11.945,11.975,11.737,11.898,3561,0
20130816,11.898,12.1,11.898,11.965,5290,0
20130819,11.87,11.875,11.832,11.832,1842,0
20130820,11.529,12.171,11.529,12.171,1107,0
20130821,11.831,11.831,11.717,11.717,2767,0
20130822,11.984,12.002,11.984,12.002,3586,0
20130823,12.087,12.154,12.087,12.154,6328,0
20130826,12.325,12.553,11.784,11.784,14658,0
20130827,12.087,12.211,11.975,12.002,5485,0
20130828,12.029,12.029,11.992,11.993,967,0
20130829,11.756,11.784,11.651,11.698,8517,0
20130830,11.879,12.029,11.879,11.888,4963,0
20130903,11.936,12.031,11.633,12.021,6919,0
20130904,12.059,12.145,12.04,12.145,3981,0
20130905,12.117,12.117,12.012,12.012,634,0
20130906,12.135,12.335,12.135,12.248,8329,0
20130909,12.325,12.457,12.325,12.448,7038,0
20130910,12.456,12.606,12.4,12.588,6952,0
20130911,12.579,12.637,12.579,12.637,5124,0
20130912,12.607,12.607,12.41,12.451,7242,0
20130913,12.191,12.353,11.992,11.992,10865,0
20130916,12.439,12.486,12.439,12.457,2706,0
20130917,12.4,12.524,12.4,12.514,4853,0
20130918,12.36,12.912,12.344,12.817,20461,0
20130919,12.674,12.968,12.674,12.845,5508,0
20130920,12.571,12.894,12.526,12.894,91656,0
20130923,12.705,13.198,12.458,12.638,8283,0
20130924,12.571,12.571,12.496,12.536,3055,0
20130925,12.439,12.536,12.439,12.496,4111,0
20130926,12.545,12.913,12.373,12.401,39074,0
20130927,12.411,12.468,12.249,12.421,2528,0
20130930,12.192,12.326,12.192,12.192,5268,0
20131001,12.307,12.307,12.192,12.192,4742,0
20131002,12.107,12.212,12.107,12.212,7694,0
20131003,12.127,12.135,11.966,11.985,5586,0
20131004,12.135,12.145,12.088,12.088,3058,0
20131007,12.012,12.212,12.012,12.212,528,0
20131008,11.985,12.003,11.985,11.985,1161,0
20131009,11.861,11.985,11.861,11.985,1791,0
20131010,12.135,12.212,12.04,12.135,3055,0
20131011,12.202,12.202,12.117,12.135,949,0
20131014,12.04,12.098,12.04,12.098,1054,0
20131015,12.145,12.269,12.135,12.239,8327,0
20131016,12.269,12.364,12.239,12.307,13701,0
20131017,12.326,12.468,12.326,12.468,5000,0
20131018,12.449,12.449,12.135,12.135,1265,0
20131021,12.382,12.439,12.382,12.439,2214,0
20131022,12.478,12.658,12.478,12.619,9801,0
20131023,12.431,12.431,12.421,12.421,421,0
20131024,12.545,12.545,12.354,12.354,2740,0
20131025,12.373,12.391,12.364,12.382,1791,0
20131028,12.401,12.401,12.364,12.373,2214,0
20131029,12.239,12.239,12.192,12.202,5164,0
20131030,12.145,12.249,12.098,12.098,2214,0
20131031,12.069,12.191,12.069,12.069,3162,0
20131101,12.049,12.049,11.871,11.88,8327,0
20131104,11.88,12.269,11.88,12.04,3479,0
20131105,12.012,12.088,11.993,11.993,2002,0
20131106,12.079,12.08,12.079,12.08,654,0
20131107,12.135,12.135,11.909,11.918,5268,0
20131108,12.083,12.083,11.872,11.966,1301,0
20131111,11.956,12.192,11.956,12.192,843,0
20131112,11.918,11.918,11.871,11.899,1161,0
20131113,11.728,11.841,11.586,11.603,9907,0
20131114,11.718,12.031,11.718,12.031,7061,0
20131115,12.069,12.239,11.919,11.946,8868,0
20131118,12.231,12.231,11.804,11.832,1687,0
20131119,11.88,11.985,11.757,11.985,3268,0
20131120,11.956,12.012,11.851,11.889,10538,0
20131121,11.956,12.03,11.956,12.03,1241,0
20131122,11.661,11.661,11.661,11.661,421,0
20131125,11.776,12.336,11.661,11.755,2357,0
20131126,11.661,12.031,11.661,11.699,3479,0
20131127,11.699,11.966,11.699,11.728,27079,0
20131129,11.841,12.336,11.841,12.031,2141,0
20131202,11.794,11.804,11.681,11.804,4389,0
20131203,11.708,11.708,11.557,11.603,7168,0
20131204,11.776,11.776,11.197,11.377,9168,0
20131205,11.529,11.776,11.395,11.415,91269,0
20131206,11.577,11.784,11.377,11.433,1370,0
20131209,11.586,11.899,11.452,11.481,6323,0
20131210,11.489,11.509,11.489,11.509,843,0
20131211,11.369,11.519,11.339,11.369,6025,0
20131212,11.415,11.415,11.197,11.205,13279,0
20131213,11.187,11.234,11.187,11.187,2002,0
20131216,11.187,11.443,11.187,11.443,39838,0
20131217,11.652,11.699,11.187,11.187,6114,0
20131218,11.368,11.955,11.358,11.481,8194,0
20131219,11.221,11.279,11.185,11.211,11219,0
20131220,11.241,11.328,11.231,11.231,16099,0
20131223,11.318,11.626,11.299,11.472,7469,0
20131224,11.569,11.767,11.183,11.559,7215,0
20131226,11.695,11.955,11.695,11.907,8194,0
20131227,11.818,12.041,11.818,11.955,5394,0
20131230,12.021,12.041,11.877,11.955,7987,0
20131231,11.916,12.137,11.829,11.897,17323,0
20140102,12.127,12.128,11.943,11.943,2222,0
20140103,12.079,12.214,12.021,12.214,5929,0
20140106,12.302,12.427,12.302,12.426,9114,0
20140107,12.35,12.417,12.292,12.35,3526,0
20140108,12.224,12.234,11.743,11.838,11617,0
20140109,11.713,11.721,11.642,11.642,3903,0
20140110,11.733,11.975,11.675,11.975,2563,0
20140113,11.945,12.166,11.8,12.069,7675,0
20140114,12.219,12.219,11.886,11.967,2506,0
20140115,11.887,11.955,11.858,11.868,3423,0
20140116,12.003,12.128,12.003,12.079,2594,0
20140117,12.195,12.322,12.175,12.322,13070,0
20140121,12.312,12.369,12.157,12.322,65034,0
20140122,12.407,12.706,12.407,12.696,14618,0
20140123,12.889,12.889,12.485,12.534,9441,0
20140124,12.292,12.331,12.003,12.003,70846,0
20140127,12.003,12.157,11.955,12.157,3839,0
20140128,12.36,12.36,11.887,12.05,10062,0
20140129,11.993,12.283,11.955,11.955,2708,0
20140130,12.003,12.003,11.685,11.704,5187,0
20140131,11.616,11.626,11.569,11.579,2802,0
20140203,11.579,11.723,11.26,11.26,7745,0
20140204,11.569,11.569,11.52,11.559,2268,0
20140205,11.291,11.452,11.291,11.444,56881,0
20140206,11.376,11.569,11.376,11.415,363,0
20140210,11.549,11.569,11.452,11.452,17148,0
20140211,11.559,11.808,11.559,11.753,5529,0
20140212,12.185,12.224,11.916,11.916,28111,0
20140213,11.955,11.955,11.794,11.794,3306,0
20140214,11.762,12.195,11.762,12.065,5871,0
20140218,11.81,12.031,11.81,11.897,3537,0
20140219,11.8,11.907,11.788,11.788,2820,0
20140220,12.064,12.064,11.955,11.955,3520,0
20140221,12.003,12.089,11.984,12.003,11730,0
20140224,11.935,12.157,11.928,11.935,4783,0
20140225,11.838,11.838,11.579,11.579,30125,0
20140226,11.559,11.616,11.5,11.5,5652,0
20140227,11.606,11.79,11.596,11.697,6231,0
20140228,11.53,11.752,11.481,11.606,3181,0
20140303,11.386,11.802,11.386,11.755,2971,0
20140304,11.665,11.753,11.665,11.727,2691,0
20140305,11.723,12.041,11.723,12.041,4450,0
20140306,12.031,12.099,12.012,12.099,6664,0
20140307,11.889,12.05,11.889,12.05,792,0
20140310,12.05,12.05,11.887,11.887,1931,0
20140311,12.04,12.04,11.897,11.897,1398,0
20140312,11.665,11.685,11.665,11.685,2303,0
20140313,11.614,12.024,11.614,11.713,2202,0
20140317,11.704,12.031,11.695,12.031,4485,0
20140318,11.955,11.955,11.955,11.955,724,0
20140319,11.926,11.926,11.569,11.695,4391,0
20140320,11.79,11.809,11.713,11.713,1717,0
20140321,12.041,12.079,11.955,12.031,6495,0
20140324,12.003,12.253,12.003,12.031,1915,0
20140325,12.243,12.243,12.092,12.118,1512,0
20140326,12.137,12.292,12.049,12.253,5686,0
20140327,11.944,11.944,11.673,11.847,2914,0
20140328,11.877,11.983,11.702,11.867,1388,0
20140401,11.992,12.067,11.992,12.067,3714,0
20140402,12.302,12.408,12.302,12.35,6712,0
20140403,12.283,12.398,12.283,12.35,1440,0
20140404,12.312,12.505,12.312,12.331,9659,0
20140407,12.505,12.505,12.137,12.137,1365,0
20140408,12.205,12.205,12.108,12.108,774,0
20140410,12.359,12.359,12.359,12.359,114,0
20140411,12.205,12.205,12.205,12.205,313,0
20140414,12.263,12.369,12.263,12.369,672,0
20140415,12.456,12.456,12.272,12.42,1571,0
20140416,12.466,12.466,12.331,12.331,2279,0
20140417,12.466,12.658,12.447,12.515,9396,0
20140421,12.561,12.713,12.561,12.589,4111,0
20140422,12.525,12.561,12.384,12.438,4590,0
20140423,12.422,12.422,12.422,12.422,227,0
20140424,12.331,12.488,12.331,12.466,5481,0
20140425,12.331,12.331,12.079,12.108,2422,0
20140428,12.209,12.362,12.209,12.35,2293,0
20140429,12.214,12.214,12.118,12.214,6925,0
20140430,12.224,12.282,12.04,12.243,2351,0
20140501,12.268,12.476,12.268,12.476,253,0
20140502,12.515,12.545,12.405,12.405,2532,0
20140505,12.418,12.688,12.379,12.408,1504,0
20140506,12.418,12.418,12.36,12.369,3265,0
20140507,12.495,12.495,12.388,12.388,999,0
20140508,12.272,12.503,12.272,12.476,607,0
20140512,12.685,12.737,12.466,12.737,1635,0
20140513,12.601,12.653,12.486,12.486,4898,0
20140514,12.525,12.737,12.525,12.62,13585,0
20140515,12.688,12.688,12.601,12.601,1189,0
20140516,12.591,12.61,12.525,12.591,2255,0
20140519,12.61,12.738,12.545,12.649,12561,0
20140520,12.525,12.601,12.438,12.438,2004,0
20140521,12.718,12.766,12.5,12.688,4550,0
20140522,12.708,12.747,12.466,12.668,26892,0
20140523,12.668,12.766,12.65,12.718,10400,0
20140527,12.727,12.756,12.525,12.601,65264,0
20140528,12.63,12.63,12.554,12.561,4172,0
20140529,12.524,12.607,12.515,12.581,3186,0
20140530,12.66,12.775,12.517,12.517,3094,0
20140602,12.62,12.66,12.571,12.651,1935,0
20140603,12.466,12.505,12.456,12.505,1287,0
20140604,12.781,12.781,12.512,12.601,15013,0
20140605,12.678,12.727,12.601,12.687,4496,0
20140606,12.678,12.756,12.678,12.718,4136,0
20140609,12.615,12.772,12.615,12.662,2024,0
20140610,12.591,12.601,12.581,12.601,1551,0
20140611,12.571,12.804,12.571,12.804,2776,0
20140612,12.438,12.863,12.438,12.814,7769,0
20140613,12.727,12.843,12.727,12.843,2287,0
20140616,12.833,12.863,12.779,12.863,2388,0
20140617,13.007,13.047,12.911,13.027,4330,0
20140618,12.989,13.28,12.921,13.28,5748,0
20140619,12.873,13.355,12.873,13.223,9870,0
20140620,13.152,13.298,13.152,13.171,3227,0
20140623,13.298,13.298,13.086,13.086,2299,0
20140624,13.208,13.208,12.839,12.839,6963,0
20140625,12.83,12.83,12.83,12.83,214,0
20140626,12.829,12.83,12.829,12.83,1685,0
20140627,12.916,12.956,12.916,12.956,1383,0
20140630,12.839,13.315,12.839,12.879,3501,0
20140701,12.897,13.169,12.869,13.169,6608,0
20140702,13.024,13.325,12.995,13.315,13890,0
20140703,13.12,13.256,13.12,13.206,4898,0
20140707,13.169,13.432,13.169,13.413,3985,0
20140708,13.442,13.442,13.241,13.306,1602,0
20140709,13.237,13.608,13.103,13.179,6530,0
20140710,13.102,13.552,13.102,13.539,1394,0
20140711,13.169,13.169,13.12,13.13,2580,0
20140714,13.306,13.306,13.14,13.267,10441,0
20140715,13.15,13.267,13.15,13.267,480321,0
20140716,13.247,13.393,13.236,13.393,29351,0
20140717,13.277,13.442,13.267,13.393,25057,0
20140718,13.165,13.364,13.12,13.184,35246,0
20140721,13.179,13.384,13.102,13.384,11294,0
20140722,13.451,13.461,13.335,13.461,936,0
20140723,13.403,13.549,13.233,13.501,4805,0
20140724,13.451,13.51,13.451,13.51,1305,0
20140725,13.568,13.795,13.568,13.795,2537,0
20140728,13.879,13.938,13.809,13.938,4268,0
20140729,13.976,13.977,13.743,13.743,11025,0
20140730,13.675,13.743,13.618,13.666,4021,0
20140731,13.618,13.618,13.242,13.306,8945,0
20140801,13.014,13.277,12.976,13.189,9568,0
20140804,13.083,13.85,12.986,13.325,63854,0
20140805,13.199,13.218,13.014,13.112,7722,0
20140806,13.14,13.315,13.14,13.16,10699,0
20140807,13.306,13.306,13.16,13.189,1570,0
20140808,13.208,13.296,13.169,13.169,1306,0
20140811,13.335,13.46,13.281,13.393,3911,0
20140812,13.491,13.491,13.374,13.422,2239,0
20140813,13.598,13.598,13.354,13.413,8395,0
20140814,13.442,13.461,13.442,13.461,2891,0
20140815,13.374,13.374,13.189,13.237,5103,0
20140818,13.422,13.425,13.285,13.403,2631,0
20140819,13.529,13.529,13.374,13.393,6264,0
20140820,13.384,13.384,13.12,13.12,17384,0
20140821,13.277,13.277,12.883,12.883,8120,0
20140822,12.995,13.004,12.937,12.946,3618,0
20140825,12.937,12.976,12.937,12.946,5106,0
20140826,12.937,13.044,12.937,13.044,1379,0
20140827,13.15,13.189,12.928,13.093,54556,0
20140828,13.063,13.063,12.558,12.859,91563,0
20140829,12.8,12.956,12.8,12.917,44217,0
20140902,12.917,12.937,12.66,12.683,59972,0
20140903,12.713,12.836,12.703,12.703,4438,0
20140904,12.849,12.849,12.606,12.606,16394,0
20140905,12.732,12.769,12.539,12.586,25943,0
20140908,12.572,12.762,12.539,12.693,4649,0
20140909,12.539,12.539,12.441,12.441,18697,0
20140910,12.441,12.451,12.236,12.236,28556,0
20140911,12.343,12.355,12.222,12.315,25879,0
20140912,12.334,12.334,12.178,12.178,5094,0
20140915,12.188,12.208,12.113,12.208,3516,0
20140916,12.246,12.246,11.994,12.178,8511,0
20140917,12.149,12.178,12.051,12.051,2456,0
20140918,12.061,12.061,11.77,11.907,14740,0
20140919,12.003,12.003,11.741,11.741,2914,0
20140922,11.595,11.663,11.314,11.353,12352,0
20140923,11.323,11.421,11.323,11.323,13440,0
20140924,11.459,11.459,11.349,11.356,2990,0
20140925,11.323,11.323,11.158,11.158,13936,0
20140926,10.701,11.177,10.701,11.109,3211,0
20140929,10.963,11.022,10.963,10.992,7481,0
20140930,11.08,11.08,10.973,11.032,5480,0
20141001,10.973,10.973,10.769,10.769,13839,0
20141002,10.721,10.769,10.565,10.73,49694,0
20141003,10.535,10.74,10.535,10.545,16383,0
20141006,10.662,10.789,10.662,10.701,20503,0
20141007,10.73,10.828,10.73,10.75,9022,0
20141008,10.692,10.86,10.614,10.837,9014,0
20141009,10.857,10.934,10.692,10.711,3841,0
20141010,10.682,10.73,10.575,10.575,4202,0
20141013,10.575,10.73,10.575,10.604,8227,0
20141014,10.866,10.866,10.68,10.828,5490,0
20141015,10.585,10.692,10.39,10.594,15218,0
20141016,10.545,10.594,10.524,10.594,1811,0
20141017,10.633,10.75,10.477,10.701,5614,0
20141020,10.652,10.652,10.487,10.616,1740,0
20141021,10.779,10.837,10.682,10.701,3923,0
20141022,10.672,10.721,10.551,10.575,6254,0
20141023,10.642,10.642,10.623,10.633,2317,0
20141024,10.701,10.73,10.686,10.718,3442,0
20141027,10.535,10.541,10.487,10.541,2807,0
20141028,10.539,10.652,10.539,10.652,2140,0
20141030,10.477,10.501,10.477,10.501,1223,0
20141031,10.468,10.468,10.4,10.448,8961,0
20141103,10.38,10.594,10.243,10.545,16652,0
20141104,10.565,10.565,10.448,10.448,7002,0
20141105,10.294,10.37,10.177,10.177,8133,0
20141106,10.167,10.167,10.098,10.108,10627,0
20141107,10.283,10.614,10.278,10.578,36398,0
20141110,10.711,10.711,10.623,10.633,10265,0
20141111,10.535,10.598,10.535,10.585,17593,0
20141112,10.612,10.612,10.555,10.575,11646,0
20141113,10.527,10.527,10.4,10.4,11351,0
20141114,10.36,10.497,10.36,10.477,4591,0
20141117,10.472,10.516,10.373,10.373,5177,0
20141118,10.575,10.594,10.477,10.585,1817,0
20141119,10.545,10.545,10.409,10.428,4582,0
20141120,10.38,10.468,10.38,10.468,3698,0
20141121,10.692,10.837,10.692,10.799,3946,0
20141124,10.809,10.809,10.711,10.769,7543,0
20141125,10.738,10.808,10.738,10.808,2000,0
20141126,10.652,10.73,10.652,10.692,3479,0
20141128,10.497,10.575,10.449,10.453,2014,0
20141201,10.351,10.351,10.284,10.351,8605,0
20141202,10.303,10.303,10.284,10.294,5896,0
20141203,10.341,10.341,10.284,10.284,4856,0
20141204,10.322,10.322,10.234,10.234,11717,0
20141205,10.242,10.242,10.215,10.235,1369,0
20141208,10.108,10.108,9.909,9.929,4963,0
20141209,9.853,10.01,9.788,10.01,12460,0
20141210,10.011,10.011,9.759,9.759,5032,0
20141211,9.768,9.768,9.642,9.661,4723,0
20141212,9.583,9.593,9.4275,9.4275,4862,0
20141215,9.535,9.623,9.3208,9.623,4961,0
20141216,9.3792,9.4275,9.3792,9.4275,3715,0
20141217,9.535,9.671,9.535,9.583,4722,0
20141218,9.816,9.864,9.772,9.772,5418,0
20141219,9.816,9.933,9.758,9.874,2669,0
20141222,9.953,9.953,9.787,9.787,5430,0
20141223,9.831,9.831,9.723,9.723,679,0
20141224,9.713,9.713,9.663,9.713,1823,0
20141226,9.851,9.861,9.791,9.791,5724,0
20141229,9.841,9.841,9.693,9.693,8066,0
20141230,9.743,9.791,9.738,9.768,6471,0
20141231,9.743,9.851,9.713,9.811,12193,0
20150102,9.801,9.851,9.723,9.831,43610,0
20150105,9.771,9.851,9.693,9.703,6444,0
20150106,9.831,9.841,9.733,9.831,10887,0
20150107,9.89,9.968,9.885,9.94,2250,0
20150108,10.071,10.158,10.071,10.097,1396,0
20150109,10.148,10.603,10.049,10.464,14840,0
20150112,10.187,10.187,10.012,10.079,7265,0
20150113,10.237,10.375,10.092,10.092,6856,0
20150114,9.95,9.95,9.723,9.791,8497,0
20150115,9.949,9.979,9.853,9.869,8766,0
20150116,9.91,9.94,9.771,9.94,4909,0
20150120,9.989,9.989,9.95,9.95,607,0
20150121,10.074,10.118,10.059,10.097,2675,0
20150122,10.138,10.306,10.138,10.306,9575,0
20150123,10.148,10.148,10.019,10.069,3524,0
20150126,9.989,10.039,9.9,9.969,6377,0
20150127,9.91,9.954,9.91,9.954,1077,0
20150128,9.89,9.91,9.811,9.811,9944,0
20150129,9.771,9.771,9.653,9.753,3776,0
20150130,9.684,9.771,9.651,9.663,3796,0
20150202,9.743,9.861,9.743,9.861,10728,0
20150203,9.92,10.217,9.92,10.217,3931,0
20150204,10.138,10.138,9.971,10.049,3861,0
20150205,10.237,10.404,10.237,10.404,5613,0
20150206,10.217,10.295,10.118,10.128,4255,0
20150209,10.178,10.217,9.791,10.217,5609,0
20150210,10.098,10.118,10.019,10.054,3225,0
20150211,10.049,10.049,9.93,9.979,1812,0
20150212,10.049,10.217,10.049,10.217,2822,0
20150213,10.385,10.513,10.287,10.513,17427,0
20150217,10.444,10.444,10.39,10.443,2536,0
20150218,10.414,10.414,10.267,10.271,3199,0
20150219,10.365,10.454,10.365,10.414,3962,0
20150220,10.424,10.613,10.424,10.553,15713,0
20150223,10.474,10.603,10.464,10.554,9872,0
20150224,10.716,10.761,10.702,10.711,3759,0
20150225,10.831,10.903,10.831,10.889,16086,0
20150226,11.018,11.028,10.513,10.513,17483,0
20150227,10.484,10.533,10.474,10.474,5933,0
20150302,10.434,10.434,10.385,10.424,8999,0
20150303,10.414,10.484,10.277,10.306,3033,0
20150304,10.257,10.257,10.158,10.207,6067,0
20150305,10.168,10.257,10.088,10.148,6370,0
20150306,10.069,10.069,9.733,9.753,12335,0
20150309,9.811,9.811,9.644,9.663,18907,0
20150310,9.644,9.644,9.2476,9.3268,19008,0
20150311,9.1982,9.307,9.1092,9.1883,5257,0
20150312,9.3564,9.3564,9.1883,9.1982,4044,0
20150313,9.0598,9.1487,9.0399,9.0993,10111,0
20150316,9.1785,9.1785,9.0697,9.1191,8898,0
20150317,9.1586,9.218,9.1586,9.218,5864,0
20150318,9.1686,9.515,9.1289,9.4751,13649,0
20150319,9.4553,9.4553,9.2971,9.3367,15166,0
20150320,9.4652,9.663,9.4652,9.653,10617,0
20150323,9.753,10.088,9.2971,9.535,7786,0
20150324,9.544,9.564,9.4949,9.4949,3337,0
20150325,9.574,9.574,9.3564,9.3564,4348,0
20150326,9.4751,9.4751,9.4454,9.4553,1618,0
20150327,9.396,9.396,9.0201,9.0894,77043,0
20150330,9.1883,9.2476,9.0795,9.0795,20626,0
20150331,9.0499,9.1487,9.0499,9.0894,3509,0
20150401,9.1487,9.2476,9.1487,9.218,3741,0
20150402,9.2476,9.2872,9.1982,9.2378,2224,0
20150406,9.4157,9.4157,9.3762,9.4059,10818,0
20150407,9.4256,9.4256,9.3723,9.396,872,0
20150408,9.515,9.535,9.4751,9.4949,2124,0
20150409,9.544,9.544,9.515,9.535,2569,0
20150410,9.4949,9.544,9.4949,9.544,708,0
20150413,9.4157,9.535,9.3861,9.3861,8796,0
20150414,9.544,9.564,9.544,9.544,1921,0
20150415,9.4652,9.485,9.3517,9.485,6757,0
20150416,9.3357,9.4266,9.3357,9.4266,1392,0
20150417,9.2674,9.3169,9.2674,9.3169,1820,0
20150420,9.1743,9.2378,9.1743,9.1883,8156,0
20150421,9.0795,9.0931,9.05,9.0858,6421,0
20150422,9.1586,9.1586,9.0499,9.0795,10043,0
20150423,9.2476,9.2773,9.2476,9.2773,1213,0
20150424,9.3466,9.3466,9.2575,9.2575,474,0
20150427,9.3268,9.4157,9.3169,9.3564,7583,0
20150428,9.525,9.683,9.525,9.626,11008,0
20150429,9.604,9.683,9.604,9.644,2023,0
20150430,9.515,9.515,9.4256,9.4652,3842,0
20150501,9.4652,9.4652,9.4355,9.4553,2124,0
20150504,9.515,9.574,9.515,9.574,1719,0
20150505,9.624,9.713,9.624,9.663,4044,0
20150506,9.801,9.87,9.781,9.797,4045,0
20150507,9.683,9.683,9.624,9.624,4740,0
20150508,9.693,9.743,9.693,9.713,3337,0
20150511,9.743,9.743,9.743,9.743,708,0
20150512,9.801,9.801,9.801,9.801,144,0
20150513,9.841,9.841,9.811,9.821,2932,0
20150514,9.801,9.89,9.801,9.801,4145,0
20150515,9.791,9.831,9.733,9.831,4972,0
20150518,9.821,9.831,9.741,9.762,1772,0
20150519,9.624,9.624,9.485,9.515,22462,0
20150520,9.544,9.544,9.4553,9.505,1213,0
20150521,9.4949,9.544,9.4652,9.485,15672,0
20150522,9.4157,9.554,9.4157,9.4949,6067,0
20150526,9.4751,9.4751,9.1883,9.218,8837,0
20150527,9.0894,9.3466,9.0894,9.3466,6673,0
20150528,9.1982,9.2081,9.1487,9.1883,1924,0
20150529,9.1586,9.1883,9.1586,9.1883,808,0
20150601,9.396,9.396,9.0993,9.218,5033,0
20150602,9.1636,9.3466,9.1636,9.3466,4522,0
20150603,9.3762,9.3762,9.2081,9.218,2023,0
20150604,9.0993,9.1388,9.0499,9.0499,4145,0
20150605,8.9707,9.0201,8.8619,8.8718,7280,0
20150608,8.9015,8.951,8.8323,8.951,3539,0
20150609,8.8817,8.8817,8.8817,8.8817,394,0
20150610,8.9598,8.9598,8.8728,8.8728,304,0
20150611,8.8125,8.9707,8.8025,8.9707,6304,0
20150612,8.8817,8.8916,8.8619,8.8718,3438,0
20150615,8.7432,8.763,8.7235,8.7235,8594,0
20150616,8.7037,8.7334,8.7037,8.7037,4044,0
20150617,8.7037,8.7531,8.7037,8.7136,2629,0
20150618,8.8718,8.8718,8.7432,8.7926,1011,0
20150619,8.852,8.8619,8.7037,8.8619,2426,0
20150622,8.8718,8.9015,8.8718,8.9015,1112,0
20150623,8.8125,8.8519,8.7644,8.7644,7620,0
20150624,8.7885,8.7885,8.729,8.7389,9083,0
20150625,8.7191,8.7191,8.5507,8.5903,4441,0
20150626,8.5309,8.5309,8.4714,8.4714,1009,0
20150629,8.4021,8.4021,8.1841,8.1841,9386,0
20150630,8.2237,8.2534,8.1743,8.194,2974,0
20150701,8.1345,8.1345,7.9265,7.9958,5753,0
20150702,8.0156,8.0256,7.9067,7.9265,7771,0
20150706,7.7878,7.7878,7.5896,7.7085,19075,0
20150707,7.6292,7.6292,7.3122,7.4806,8579,0
20150708,7.3518,7.3518,7.0843,7.0942,11506,0
20150709,7.2527,7.3617,7.1735,7.1933,5046,0
20150710,7.3419,7.3518,7.3419,7.3518,2422,0
20150713,7.1338,7.3518,7.1338,7.2626,25837,0
20150714,7.2626,7.441,7.2626,7.4311,18140,0
20150715,7.3518,7.3805,7.3518,7.3519,2558,0
20150716,7.3023,7.4113,7.3023,7.3914,11405,0
20150717,7.3518,7.441,7.3023,7.3023,7267,0
20150720,7.1834,7.1834,7.0347,7.0447,17360,0
20150721,7.0942,7.114,7.0347,7.0347,5046,0
20150722,6.9158,6.9753,6.8762,6.9753,13625,0
20150723,6.9158,6.9158,6.7969,6.7969,28663,0
20150724,6.7672,6.7672,6.5592,6.6285,8377,0
20150727,6.5691,6.5691,6.4403,6.4502,13827,0
20150728,6.4997,6.6483,6.4997,6.6186,3028,0
20150729,6.5691,6.7375,6.5691,6.6483,17360,0
20150730,6.6483,6.6483,6.5592,6.5592,5652,0
20150731,6.5691,6.6285,6.5195,6.5195,5248,0
20150803,6.4898,6.4898,6.3709,6.3709,2070,0
20150804,6.4403,6.4403,6.361,6.361,1413,0
20150805,6.3808,6.47,6.3808,6.4601,14635,0
20150806,6.4105,6.4294,6.355,6.361,5540,0
20150807,6.4403,6.4403,6.3907,6.4105,21699,0
20150810,6.5096,6.6285,6.3412,6.6186,4643,0
20150811,6.5654,6.5654,6.47,6.5324,10370,0
20150812,6.5096,6.6384,6.4799,6.6384,6661,0
20150813,6.5096,6.5492,6.4997,6.4997,908,0
20150817,6.4006,6.4898,6.4006,6.4799,1514,0
20150818,6.4304,6.4304,6.3511,6.361,3633,0
20150819,6.2322,6.3808,6.2322,6.3214,6157,0
20150820,6.47,6.688,6.47,6.5889,6459,0
20150821,6.5988,6.6186,6.5195,6.5393,8276,0
20150824,6.4403,6.9555,6.1529,6.1628,72919,0
20150825,6.3709,6.3709,6.1232,6.1727,10597,0
20150826,6.1529,6.1529,6.0737,6.1331,12111,0
20150827,6.1232,6.1926,6.0241,6.1529,42793,0
20150828,6.143,6.3808,6.143,6.3511,8579,0
20150831,6.3214,6.4006,6.2124,6.361,8781,0
20150901,6.252,6.2916,6.1331,6.2025,4845,0
20150902,6.1926,6.1926,6.0836,6.1331,6560,0
20150903,6.1529,6.2916,6.1529,6.2718,13827,0
20150904,6.1331,6.1331,6.034,6.0737,2725,0
20150908,6.1232,6.1232,6.1034,6.1034,1110,0
20150909,6.2223,6.3511,6.1628,6.1926,3028,0
20150910,6.1143,6.1926,6.1035,6.1926,3626,0
20150911,6.0935,6.0935,6.034,6.034,807,0
20150914,6.1034,6.1034,6.0836,6.0935,17763,0
20150915,6.0737,6.1034,6.0737,6.1034,404,0
20150916,6.3015,6.3412,6.3015,6.3412,1110,0
20150917,6.3115,6.3313,6.1826,6.3313,19282,0
20150918,6.1926,6.1926,6.1331,6.143,4441,0
20150921,6.1331,6.1331,5.9052,5.9548,9386,0
20150922,5.8061,5.8061,5.6773,5.6972,3936,0
20150923,5.7269,5.7269,5.6377,5.6456,2732,0
20150924,5.5485,5.6476,5.5485,5.5981,1069,0
20150925,5.6972,5.8061,5.6278,5.6278,4643,0
20150928,5.5287,5.5287,5.2909,5.2909,13653,0
20150929,5.2414,5.3107,5.2315,5.281,5551,0
20150930,5.3206,5.3504,5.3206,5.3504,202,0
20151001,5.3702,5.4594,5.3702,5.4197,4441,0
20151002,5.3702,5.6377,5.3702,5.6377,2927,0
20151005,5.6476,5.8527,5.6476,5.8061,5683,0
20151006,5.9349,6.1826,5.9151,5.9449,2523,0
20151007,6.2223,6.3511,6.2223,6.3115,6762,0
20151008,6.4799,6.4799,6.1529,6.252,3835,0
20151009,6.5393,6.7969,6.5393,6.7771,10698,0
20151012,6.896,6.9058,6.6583,6.8465,11972,0
20151013,6.5393,6.6483,6.4204,6.4204,7065,0
20151014,6.4898,6.6979,6.4898,6.6979,908,0
20151015,6.6979,6.787,6.6781,6.7771,2927,0
20151016,6.7078,6.7078,6.5195,6.6582,4643,0
20151019,6.5393,6.5393,6.2521,6.3412,16472,0
20151020,6.2619,6.3194,6.2619,6.3194,4226,0
20151021,6.2421,6.3214,6.1826,6.252,2523,0
20151022,6.3709,6.3808,6.2817,6.3214,4138,0
20151023,6.2916,6.2916,6.1034,6.2619,6560,0
20151026,6.143,6.2421,6.0737,6.2421,9487,0
20151027,6.0439,6.0439,5.7962,5.816,11304,0
20151028,5.7566,5.9548,5.7566,5.8557,6258,0
20151029,5.816,6.1034,5.7566,5.8953,9386,0
20151030,5.826,5.9548,5.816,5.9151,3129,0
20151102,5.8557,6.0142,5.8459,6.0141,2556,0
20151103,6.0043,6.0043,5.8359,5.9647,4643,0
20151104,5.9052,5.9349,5.7864,5.8953,4589,0
20151105,5.7863,5.8061,5.6476,5.6476,6358,0
20151106,5.5981,5.7962,5.5783,5.6476,8478,0
20151109,5.5485,5.6574,5.2612,5.281,17133,0
20151110,5.2513,5.3306,5.1522,5.172,10496,0
20151111,5.2216,5.281,5.2117,5.2711,12616,0
20151112,5.1819,5.1819,4.954,4.954,18066,0
20151113,5.0036,5.0333,4.964,5.0333,10900,0
20151116,5.0729,5.0928,4.964,5.0531,1211,0
20151117,5.0531,5.0531,5.0432,5.0432,706,0
20151118,5.0135,5.0829,4.964,4.9739,3230,0
20151119,5.0234,5.2315,5.0234,5.2017,34618,0
20151120,5.2315,5.2513,5.1522,5.2513,7973,0
20151123,5.172,5.1918,5.0333,5.1027,54602,0
20151124,5.4197,5.5485,5.1126,5.1126,73778,0
20151125,5.0729,5.1918,4.9739,4.9739,5955,0
20151127,5.0829,5.0829,4.964,5.0729,14130,0
20151130,5.0432,5.1027,4.964,5.0928,82054,0
20151201,5.1225,5.2017,5.0333,5.068,21484,0
20151202,5.063,5.063,4.8451,4.8649,86968,0
20151203,4.8451,5.0432,4.637,4.8005,44707,0
20151204,4.7559,4.8946,4.7559,4.8252,25030,0
20151207,4.7856,4.9441,4.5874,4.6469,59245,0
20151208,4.6073,4.6469,4.2555,4.419,50375,0
20151209,4.5577,4.5577,4.3794,4.4785,7771,0
20151210,4.419,4.6469,4.3992,4.5082,268367,0
20151211,4.4685,4.5082,4.2902,4.3298,93964,0
20151214,4.3992,4.419,4.2803,4.2803,13985,0
20151215,4.31,4.4289,4.2902,4.31,8781,0
20151216,4.3199,4.5082,4.3199,4.3992,79228,0
20151217,4.5775,4.5775,4.2803,4.3794,90835,0
20151218,4.3001,4.5577,4.2803,4.3992,49656,0
20151221,4.5577,4.5577,3.8443,4.0722,5753,0
20151222,4.5576,4.5576,4.3412,4.4091,3077,0
20151223,4.4,4.4,3.968,4.12,91836,0
20151224,4,4.36,4,4.36,71111,0
20151228,4.18,4.45,4.011,4.2899,69042,0
20151229,4.15,4.28,4.06,4.1904,73041,0
20151230,4.15,4.3575,4,4.19,53164,0
20151231,4.19,4.19,4.01,4.18,9799,0
20160104,4.2,4.2,4.03,4.03,17835,0
20160105,4,4.12,3.96,4.01,50396,0
20160106,3.885,4.04,3.8205,3.9,140184,0
20160107,3.8,3.9496,3.8,3.85,28580,0
20160108,3.77,3.95,3.7001,3.84,66125,0
20160111,3.89,3.97,3.6775,3.83,276145,0
20160112,3.89,3.97,3.77,3.97,106484,0
20160113,4.01,4.02,3.741,3.8,91501,0
20160114,3.79,3.88,3.79,3.8016,5700,0
20160115,3.81,3.81,3.6197,3.7,32448,0
20160119,3.75,3.93,3.66,3.72,372600,0
20160120,3.7,3.85,3.5,3.79,258793,0
20160121,3.73,3.8,3.51,3.7,369271,0
20160122,3.6346,3.82,3.6346,3.7699,103409,0
20160125,3.75,3.75,3.5906,3.6999,157045,0
20160126,3.5,4.09,3.5,4.09,114933,0
20160127,4.01,4.01,3.7,3.72,160751,0
20160128,3.75,3.8901,3.74,3.8,95687,0
20160129,3.84,3.9,3.81,3.8301,3930,0
20160201,3.846,3.846,3.795,3.84,17505,0
20160202,3.8256,3.8256,3.751,3.771,4531,0
20160203,3.8201,3.831,3.8101,3.831,4300,0
20160204,3.89,3.89,3.88,3.88,500,0
20160205,3.915,3.964,3.86,3.86,9625,0
20160208,3.7507,3.855,3.7507,3.79,55791,0
20160209,3.834,3.834,3.782,3.782,1204,0
20160210,3.8252,3.83,3.8,3.8,17050,0
20160211,3.5119,3.782,3.49,3.78,89907,0
20160212,3.78,3.85,3.76,3.76,1300,0
20160216,3.8,3.9199,3.72,3.85,117252,0
20160217,3.8,3.98,3.73,3.78,108798,0
20160218,3.73,3.86,3.64,3.8,21860,0
20160219,3.7541,3.815,3.738,3.815,20072,0
20160222,3.8,3.8342,3.8,3.8342,2540,0
20160223,3.89,3.89,3.8204,3.855,23187,0
20160224,3.86,3.8692,3.8276,3.8692,950,0
20160225,3.88,3.89,3.82,3.82,6300,0
20160226,3.82,3.917,3.8,3.85,23854,0
20160229,3.8746,3.995,3.85,3.85,129195,0
20160301,3.8501,3.96,3.8501,3.9344,2782,0
20160302,3.958,3.958,3.91,3.939,4500,0
20160303,3.9,3.982,3.8601,3.93,1361,0
20160304,3.955,4.13,3.9504,4.1101,5792,0
20160307,4.02,4.03,4.01,4.03,1313,0
20160308,4,4.05,4,4.05,4347,0
20160309,4.03,4.046,4.03,4.046,1055,0
20160310,4,4.03,3.94,4,2369,0
20160311,4,4.1399,3.89,4.08,7100,0
20160314,4.0366,4.0366,4.0366,4.0366,249,0
20160315,4.008,4.008,4.008,4.008,423,0
20160316,3.89,4.01,3.89,4.01,1008,0
20160317,4.01,4.18,3.98,4.09,3100,0
20160318,4.101,4.101,4.101,4.101,200,0
20160321,4.06,4.1899,4.06,4.1899,2703,0
20160322,4.15,4.18,4.03,4.18,5606,0
20160323,4.1124,4.1182,4.1124,4.1182,700,0
20160328,4.1243,4.1243,4.1243,4.1243,200,0
20160329,4.02,4.02,4.0101,4.02,2099,0
20160330,4,4.1007,4,4.1007,2156,0
20160331,4.1,4.1,4.09,4.1,530,0
20160404,4.0629,4.0629,4.0629,4.0629,366,0
20160405,3.9908,4.0341,3.9908,4.0341,931,0
20160406,3.995,3.995,3.993,3.993,200,0
20160407,3.99,4.01,3.9,4.01,7281,0
20160408,3.88,4.05,3.88,4.03,3010,0
20160411,4,4.07,3.98,4.05,4671,0
20160412,4.04,4.05,3.87,4.05,3252,0
20160413,4.06,4.06,3.9199,4.06,13346,0
20160414,4.06,4.1,4.0001,4.1,700,0
20160415,3.995,4.1,3.994,4.1,12100,0
