Date,Open,High,Low,Close,Volume,OpenInt
20100414,9.651,9.651,9.651,9.651,0,0
20100415,9.651,9.95,9.516,9.791,2706429,0
20100416,9.651,9.816,9.651,9.783,371616,0
20100419,9.783,9.883,9.697,9.797,347930,0
20100420,9.85,9.883,9.756,9.883,257187,0
20100421,9.87,9.87,9.723,9.85,177738,0
20100422,9.717,9.845,9.717,9.797,129449,0
20100423,9.785,9.851,9.682,9.851,239602,0
20100426,9.791,9.802,9.697,9.756,185314,0
20100427,9.723,9.783,9.651,9.683,293090,0
20100428,9.691,9.81,9.651,9.783,220127,0
20100429,9.783,9.797,9.656,9.783,199921,0
20100430,9.717,9.75,9.651,9.651,294053,0
20100503,9.744,9.744,9.651,9.656,171303,0
20100504,9.656,9.717,9.651,9.717,286036,0
20100505,9.656,9.691,9.651,9.683,231419,0
20100506,9.683,9.717,9.651,9.651,1003095,0
20100507,9.656,9.983,9.651,9.677,177290,0
20100510,9.783,9.783,9.651,9.663,144002,0
20100511,9.683,9.717,9.651,9.67,87646,0
20100512,9.656,9.776,9.651,9.651,113769,0
20100513,9.691,9.691,9.651,9.651,53037,0
20100514,9.651,9.663,9.651,9.651,160611,0
20100517,9.651,9.651,9.331,9.4438,221810,0
20100518,9.532,9.603,8.8194,8.9659,197472,0
20100519,9.0441,9.1773,8.366,8.9197,335250,0
20100520,8.7784,9.0177,8.3581,8.9846,256520,0
20100521,8.8983,9.0234,8.4853,8.5516,126931,0
20100524,8.5259,8.9306,8.3581,8.8305,65763,0
20100525,8.6655,8.8843,8.3188,8.8843,141280,0
20100526,8.951,9.3034,8.8305,9.0848,84022,0
20100527,9.1386,9.4625,8.8723,9.2852,73895,0
20100528,9.4507,9.609,8.9047,9.4095,81929,0
20100601,9.4095,9.584,9.316,9.3389,61353,0
20100602,9.4095,9.4507,9.316,9.4095,19290,0
20100603,9.3703,9.385,8.9047,9.185,53656,0
20100604,9.4566,9.4566,9.0177,9.2698,25832,0
20100607,9.239,9.4095,9.2043,9.2977,79976,0
20100608,9.1523,9.1523,8.8583,9.098,86097,0
20100609,9.2977,9.2977,8.8907,9.2312,27339,0
20100610,9.3034,9.4311,9.2312,9.2919,24861,0
20100611,9.2852,9.57,9.2168,9.57,62702,0
20100614,9.516,9.677,9.3506,9.578,68628,0
20100615,9.609,9.717,9.4841,9.709,84257,0
20100616,9.51,9.683,9.4968,9.656,66919,0
20100617,9.597,9.683,9.4164,9.683,61973,0
20100618,9.617,9.651,9.504,9.584,103920,0
20100621,9.651,9.717,9.316,9.637,230346,0
20100622,9.4841,9.703,9.4389,9.644,227881,0
20100623,9.603,9.73,9.4566,9.644,203205,0
20100624,9.563,9.75,9.563,9.737,105188,0
20100625,9.776,9.829,9.609,9.75,1349181,0
20100628,9.756,9.756,9.537,9.557,57441,0
20100629,9.504,9.63,9.4841,9.537,57340,0
20100630,9.579,9.8,9.4821,9.6,56050,0
20100701,9.584,9.651,9.331,9.3703,104799,0
20100702,9.4438,9.4507,9.316,9.3241,35408,0
20100706,9.4095,9.532,9.0848,9.2043,109289,0
20100707,9.2563,9.683,9.2235,9.637,66899,0
20100708,9.651,9.67,9.4036,9.584,46268,0
20100709,9.603,9.603,9.3771,9.4036,43697,0
20100712,9.4242,9.584,9.2919,9.3241,37523,0
20100713,9.4311,9.677,9.316,9.578,176079,0
20100714,9.609,9.609,9.2563,9.4164,78253,0
20100715,9.4566,9.4566,9.316,9.3634,20209,0
20100716,9.2977,9.3506,9.2515,9.263,29671,0
20100719,9.3241,9.63,9.263,9.3918,59890,0
20100720,9.3389,9.544,9.263,9.544,29153,0
20100721,9.563,9.563,9.4036,9.4566,96234,0
20100722,9.551,9.551,9.4095,9.4841,50242,0
20100723,9.4507,9.51,9.2774,9.4841,54333,0
20100726,9.532,9.532,9.2698,9.4095,68486,0
20100727,9.4507,9.532,9.3389,9.524,33321,0
20100728,9.516,9.516,9.3448,9.3771,42417,0
20100729,9.4164,9.4566,9.2852,9.3389,26179,0
20100730,9.263,9.4566,9.263,9.3389,39149,0
20100802,9.4311,9.4566,9.3448,9.4095,38924,0
20100803,9.385,9.524,9.385,9.4841,36395,0
20100804,9.504,9.651,9.4242,9.637,60713,0
20100805,9.59,9.644,9.4841,9.578,35388,0
20100806,9.524,9.59,9.064,9.3967,104379,0
20100809,9.4164,9.4841,9.1927,9.4841,65078,0
20100810,9.4095,9.51,9.064,9.3771,49000,0
20100811,9.2563,9.624,9.2515,9.49,163746,0
20100812,9.3918,9.756,9.3918,9.744,121716,0
20100813,9.744,9.783,9.609,9.644,47315,0
20100816,9.697,9.802,9.651,9.77,77432,0
20100817,9.723,9.797,9.651,9.703,65928,0
20100818,9.663,9.691,9.4841,9.59,66197,0
20100819,9.537,9.81,9.4968,9.651,55471,0
20100820,9.609,9.791,9.584,9.651,60582,0
20100823,9.763,9.783,9.63,9.67,42224,0
20100824,9.603,9.783,9.584,9.584,48861,0
20100825,9.584,9.697,9.584,9.644,23606,0
20100826,9.644,9.663,9.51,9.59,35247,0
20100827,9.644,9.663,9.544,9.663,49010,0
20100830,9.59,9.63,9.49,9.49,28140,0
20100831,9.534,9.662,9.486,9.527,62053,0
20100901,9.637,9.797,9.597,9.756,99124,0
20100902,9.783,9.783,9.691,9.723,33902,0
20100903,9.797,9.797,9.691,9.723,49154,0
20100907,9.73,9.81,9.73,9.763,99697,0
20100908,9.717,9.723,9.557,9.651,71541,0
20100909,9.744,9.744,9.516,9.617,24462,0
20100910,9.617,9.81,9.59,9.81,57604,0
20100913,9.81,9.898,9.67,9.876,76735,0
20100914,9.876,9.898,9.73,9.856,58818,0
20100915,9.81,9.845,9.703,9.797,23039,0
20100916,9.73,9.85,9.697,9.837,42603,0
20100917,9.85,9.85,9.697,9.75,43827,0
20100920,9.85,9.876,9.783,9.876,64009,0
20100921,9.845,9.923,9.797,9.898,145457,0
20100922,9.898,9.95,9.891,9.909,80280,0
20100923,9.883,9.916,9.67,9.797,144954,0
20100924,9.85,9.95,9.81,9.944,80511,0
20100927,9.955,9.955,9.916,9.937,33227,0
20100928,9.955,10.015,9.783,9.998,117933,0
20100929,9.983,10.109,9.95,10.109,77139,0
20100930,10.109,10.32,10.069,10.186,90762,0
20101001,10.242,10.535,10.155,10.528,86232,0
20101004,10.528,10.528,10.301,10.343,50399,0
20101005,10.422,10.535,10.202,10.462,106907,0
20101006,10.462,10.688,10.409,10.655,55226,0
20101007,10.728,11.127,10.395,10.395,134930,0
20101008,10.382,10.442,10.283,10.316,107647,0
20101011,10.336,10.355,10.136,10.276,51456,0
20101012,10.202,10.349,10.15,10.336,19873,0
20101013,10.349,10.814,10.202,10.742,47169,0
20101014,10.742,10.842,10.455,10.814,32944,0
20101015,10.861,10.861,10.455,10.629,57891,0
20101018,10.696,10.868,10.428,10.868,35371,0
20101019,10.781,11.154,10.642,10.681,52823,0
20101020,10.708,10.908,10.708,10.749,31774,0
20101021,10.715,11.142,10.489,10.575,69304,0
20101022,10.575,10.742,10.542,10.588,40597,0
20101025,10.667,10.667,10.555,10.588,52886,0
20101026,10.602,10.868,10.602,10.861,33311,0
20101027,10.688,10.948,10.681,10.92,60070,0
20101028,10.961,10.961,10.675,10.756,48689,0
20101029,10.646,10.646,10.391,10.588,111750,0
20101101,10.516,10.621,10.362,10.389,45639,0
20101102,10.482,10.581,10.415,10.509,54800,0
20101103,10.482,10.602,10.362,10.581,40406,0
20101104,10.581,10.92,10.509,10.908,106209,0
20101105,10.927,10.927,10.681,10.82,39624,0
20101108,10.814,10.943,10.642,10.655,48702,0
20101109,10.602,10.696,10.522,10.588,69515,0
20101110,10.501,10.522,10.389,10.389,82155,0
20101111,10.362,11.168,10.362,10.675,126110,0
20101112,10.422,10.996,10.422,10.808,59066,0
20101115,10.889,11.214,10.802,11.06,93814,0
20101116,10.974,11.114,10.696,10.901,89639,0
20101117,10.92,10.955,10.596,10.675,59690,0
20101118,10.596,10.681,10.588,10.588,29848,0
20101119,10.588,10.849,10.588,10.735,34228,0
20101122,10.662,10.981,10.528,10.908,210501,0
20101123,10.889,11.007,10.629,10.961,47103,0
20101124,11.014,11.248,10.92,11.196,68623,0
20101126,11.188,11.593,11.114,11.593,22613,0
20101129,11.513,11.78,11.295,11.56,134814,0
20101130,11.53,11.745,10.789,10.804,382854,0
20101201,10.768,11.134,10.649,10.721,89633,0
20101202,10.814,11.314,10.761,11.254,40084,0
20101203,11.081,11.248,10.961,11.142,27240,0
20101206,11.088,11.527,10.974,11.28,34144,0
20101207,11.393,11.493,11.148,11.314,78644,0
20101208,11.361,11.554,11.173,11.334,50040,0
20101209,11.427,11.446,11.196,11.327,41892,0
20101210,11.26,11.839,11.248,11.321,60159,0
20101213,11.446,11.493,11.001,11.248,79656,0
20101214,11.308,11.539,11.148,11.427,59811,0
20101215,11.001,11.38,10.835,11.007,119122,0
20101216,10.775,11.246,10.775,11.073,88206,0
20101217,11.12,11.173,10.82,11.134,82762,0
20101220,11.168,11.38,10.948,11.068,48836,0
20101221,11.068,11.148,10.854,10.92,36712,0
20101222,10.967,11.295,10.849,11.054,44278,0
20101223,11.049,11.52,10.981,11.035,41103,0
20101227,11.068,11.66,11.068,11.327,63364,0
20101228,11.388,11.554,11.196,11.207,26400,0
20101229,11.451,11.535,11.118,11.167,48388,0
20101230,11.202,11.944,11.202,11.944,277760,0
20101231,11.549,11.658,11.391,11.391,45184,0
20110103,11.546,11.793,11.493,11.713,77098,0
20110104,11.813,11.973,11.354,11.414,77667,0
20110105,11.446,11.767,11.446,11.675,28060,0
20110106,11.3,11.78,11.3,11.713,36854,0
20110107,11.793,11.793,11.508,11.667,25068,0
20110110,11.508,11.727,11.508,11.621,60722,0
20110111,11.613,11.727,11.367,11.508,52010,0
20110112,11.539,11.639,11.52,11.554,45393,0
20110113,11.627,11.732,11.546,11.554,43470,0
20110114,11.653,11.713,11.493,11.554,38191,0
20110118,11.493,11.593,11.38,11.593,55436,0
20110119,11.539,11.56,10.868,11.042,119836,0
20110120,10.961,11.38,10.528,10.528,207078,0
20110121,10.535,10.621,10.449,10.549,77986,0
20110124,10.542,11.088,10.516,10.861,62613,0
20110125,10.854,11.014,10.774,10.967,41321,0
20110126,11.049,11.221,10.967,11.027,32771,0
20110127,11.068,11.221,10.868,11.081,35409,0
20110128,11.12,11.308,10.742,10.781,41164,0
20110131,10.898,10.964,10.653,10.732,36571,0
20110201,10.827,10.961,10.715,10.721,68187,0
20110202,10.749,11.106,10.749,10.989,12472,0
20110203,11.014,11.408,10.914,11.334,29835,0
20110204,11.28,11.408,11.207,11.367,44367,0
20110207,11.454,11.621,11.254,11.5,45653,0
20110208,11.5,11.546,10.914,11.546,31612,0
20110209,11.539,11.539,11.16,11.234,28232,0
20110210,11.203,11.393,11.068,11.121,27041,0
20110211,11.127,11.454,11.127,11.44,46109,0
20110214,11.446,11.527,11.334,11.341,29697,0
20110215,11.288,11.434,11.142,11.295,25306,0
20110216,11.274,11.513,11.274,11.38,26624,0
20110218,11.535,11.535,11.393,11.481,28457,0
20110222,11.535,11.613,11.327,11.327,32785,0
20110223,11.44,11.574,11.188,11.196,35846,0
20110224,11.274,11.481,11.221,11.248,34831,0
20110225,11.408,11.571,11.162,11.557,31456,0
20110228,11.547,11.562,11.465,11.499,28106,0
20110301,11.659,11.685,11.258,11.434,51215,0
20110302,11.38,11.516,11.258,11.332,38108,0
20110303,11.367,11.468,11.367,11.427,22409,0
20110304,11.38,11.502,11.38,11.462,35970,0
20110307,11.414,11.513,11.073,11.088,39197,0
20110308,11.246,11.4,11.136,11.272,30060,0
20110309,11.34,11.34,11,11.209,29430,0
20110310,11.115,11.285,10.782,10.863,102165,0
20110311,10.979,10.979,10.702,10.885,41673,0
20110314,10.789,10.924,10.673,10.885,9986,0
20110315,10.809,10.885,10.626,10.735,49565,0
20110316,10.742,11.224,10.524,10.756,31301,0
20110317,10.898,11.056,10.729,10.987,38668,0
20110318,10.994,11.258,10.869,10.971,44907,0
20110321,11.006,11.393,10.946,11.36,40308,0
20110322,11.387,11.387,11.272,11.272,18248,0
20110323,11.285,11.393,11.258,11.373,11016,0
20110324,11.373,11.408,11.115,11.34,18704,0
20110325,11.353,11.353,11.102,11.136,17871,0
20110328,11.143,11.277,10.911,10.911,22527,0
20110329,11.02,11.048,10.863,10.971,30101,0
20110330,11,11.516,10.869,11.516,78256,0
20110331,10.919,11.166,10.623,10.717,217150,0
20110401,10.661,10.863,10.6,10.768,2004251,0
20110404,10.851,11,10.695,11,408997,0
20110405,10.782,10.946,10.762,10.869,265333,0
20110406,10.869,10.932,10.727,10.911,188715,0
20110407,10.863,10.924,10.762,10.863,158594,0
20110408,10.911,10.953,10.797,10.953,148778,0
20110411,10.965,10.965,10.742,10.768,114343,0
20110412,10.721,10.822,10.695,10.695,130635,0
20110413,10.789,10.789,10.695,10.715,83024,0
20110414,10.749,10.822,10.695,10.727,113545,0
20110415,10.762,10.822,10.695,10.804,141785,0
20110418,10.762,10.782,10.695,10.721,90712,0
20110419,10.756,10.756,10.695,10.702,86965,0
20110420,10.804,10.804,10.695,10.735,68640,0
20110421,10.775,10.789,10.687,10.715,60169,0
20110425,10.782,10.782,10.708,10.762,52111,0
20110426,10.762,10.809,10.742,10.804,99276,0
20110427,10.83,10.932,10.775,10.924,101815,0
20110428,10.885,11.068,10.851,11.068,222513,0
20110429,11.037,11.037,10.868,10.893,268755,0
20110502,10.877,11,10.762,10.979,119636,0
20110503,10.916,11.027,10.841,10.904,106193,0
20110504,10.965,10.965,10.727,10.905,120710,0
20110505,10.793,10.965,10.744,10.819,78360,0
20110506,10.735,11,10.735,10.789,96646,0
20110509,10.667,10.782,10.524,10.735,254614,0
20110510,10.762,10.837,10.654,10.83,101906,0
20110511,10.826,10.826,10.729,10.819,101654,0
20110512,10.797,10.822,10.68,10.816,62802,0
20110513,10.804,10.844,10.702,10.735,127777,0
20110516,10.702,10.768,10.68,10.715,113172,0
20110517,10.648,10.822,10.632,10.782,100437,0
20110518,10.797,10.809,10.762,10.768,104709,0
20110519,10.797,10.797,10.538,10.626,163359,0
20110520,10.681,10.751,10.599,10.612,70809,0
20110523,10.632,10.749,10.593,10.661,114456,0
20110524,10.673,10.727,10.524,10.524,69523,0
20110525,10.524,10.727,10.401,10.423,135968,0
20110526,10.381,10.436,9.737,10.416,391868,0
20110527,10.459,10.556,10.293,10.418,118659,0
20110531,10.482,10.703,10.482,10.638,127482,0
20110601,10.571,10.721,10.259,10.32,165705,0
20110602,10.294,10.626,10.218,10.593,61705,0
20110603,10.583,10.591,10.411,10.424,79491,0
20110606,10.449,10.551,10.294,10.294,82127,0
20110607,10.376,10.57,10.286,10.293,55092,0
20110608,10.32,10.5,10.25,10.334,80558,0
20110609,10.369,10.5,10.202,10.223,95451,0
20110610,10.215,10.348,10.135,10.148,102164,0
20110613,10.209,10.391,10.135,10.231,109856,0
20110614,10.306,10.382,10.215,10.334,54151,0
20110615,10.411,10.451,10.161,10.231,101969,0
20110616,10.241,10.482,10.162,10.185,108178,0
20110617,10.258,10.391,9.925,9.989,157155,0
20110620,9.989,10.238,9.989,10.189,54024,0
20110621,10.231,10.258,10.07,10.148,44634,0
20110622,10.105,10.286,10.03,10.037,49872,0
20110623,9.952,10.258,9.952,10.202,107447,0
20110624,10.209,10.543,10.202,10.5,583500,0
20110627,10.446,10.639,10.362,10.543,99508,0
20110628,10.661,10.688,10.328,10.431,110080,0
20110629,10.5,10.751,10.418,10.516,72499,0
20110630,10.544,10.579,10.319,10.355,142900,0
20110701,10.391,10.729,10.328,10.479,106391,0
20110705,10.516,10.528,10.348,10.528,86151,0
20110706,10.547,10.602,10.347,10.453,136493,0
20110707,10.5,10.91,10.474,10.703,103715,0
20110708,10.591,10.667,10.474,10.639,61989,0
20110711,10.528,10.612,10.362,10.439,78166,0
20110712,10.431,10.577,10.376,10.543,123397,0
20110713,10.556,10.696,10.439,10.661,103678,0
20110714,10.626,10.786,10.494,10.674,99664,0
20110715,10.688,10.923,10.654,10.715,91664,0
20110718,10.654,10.793,10.494,10.536,78036,0
20110719,10.858,10.858,10.574,10.722,71857,0
20110720,10.696,10.854,10.696,10.834,88728,0
20110721,10.793,10.923,10.793,10.848,104200,0
20110722,10.882,10.916,10.786,10.786,67275,0
20110725,10.744,10.898,10.744,10.854,77501,0
20110726,10.887,10.92,10.752,10.829,59724,0
20110727,10.819,10.868,10.681,10.778,151981,0
20110728,10.837,10.864,10.695,10.82,73478,0
20110729,10.808,10.878,10.752,10.858,183864,0
20110801,10.882,10.923,10.757,10.848,90306,0
20110802,10.851,10.92,10.779,10.814,152077,0
20110803,10.8,11.027,10.729,10.965,195991,0
20110804,10.914,10.986,10.547,10.581,161279,0
20110805,10.604,10.722,10.154,10.403,183356,0
20110808,9.932,10.391,9.723,9.73,370650,0
20110809,9.751,10.196,9.709,10.196,258475,0
20110810,10.25,10.28,9.709,9.709,252490,0
20110811,9.965,10.369,9.843,10.306,145575,0
20110812,10.362,10.403,10.105,10.209,67437,0
20110815,10.245,10.403,10.245,10.403,76706,0
20110816,10.314,10.397,10.05,10.299,126540,0
20110817,10.299,10.382,10.258,10.334,50991,0
20110818,10.209,10.314,10.057,10.105,72929,0
20110819,10.057,10.258,9.952,9.973,69624,0
20110822,10.223,10.223,9.965,10.037,89699,0
20110823,10.085,10.299,9.996,10.258,138069,0
20110824,10.209,10.334,10.078,10.32,53163,0
20110825,10.32,10.403,10.037,10.202,65344,0
20110826,10.397,10.474,10.106,10.299,159714,0
20110829,10.403,10.479,10.299,10.391,103197,0
20110830,10.354,10.474,10.258,10.334,123022,0
20110831,10.449,10.449,10.261,10.37,139318,0
20110901,10.342,10.508,10.111,10.154,84284,0
20110902,10.096,10.239,9.921,10.014,34554,0
20110906,10.227,10.227,9.838,10.15,63717,0
20110907,10.241,10.318,10.199,10.284,73704,0
20110908,10.254,10.333,10.227,10.249,60088,0
20110909,10.227,10.312,10.001,10.106,57661,0
20110912,10.291,10.291,9.986,10.178,77771,0
20110913,10.205,10.318,10.12,10.227,43760,0
20110914,10.254,10.468,10.12,10.391,109629,0
20110915,10.403,10.588,10.403,10.581,49737,0
20110916,10.673,10.737,10.567,10.646,94207,0
20110919,10.531,10.729,10.432,10.497,58540,0
20110920,10.552,10.638,10.353,10.56,90111,0
20110921,10.538,10.722,10.277,10.291,58241,0
20110922,10.1,10.312,10.07,10.263,111089,0
20110923,10.178,10.391,10.178,10.347,59861,0
20110926,10.411,10.411,10.012,10.269,77614,0
20110927,10.453,10.524,10.219,10.277,110535,0
20110928,10.397,10.482,10.205,10.333,102472,0
20110929,10.403,10.617,10.327,10.588,110028,0
20110930,10.431,10.719,10.431,10.527,99538,0
20111003,10.468,10.574,10.006,10.036,103827,0
20111004,10.001,10.497,9.929,10.489,149588,0
20111005,10.425,10.538,10.263,10.51,40524,0
20111006,10.524,10.808,10.497,10.795,96940,0
20111007,10.795,10.795,10.547,10.617,53512,0
20111010,10.788,10.788,10.432,10.617,59538,0
20111011,10.547,10.695,10.547,10.673,55629,0
20111012,10.673,10.814,10.638,10.779,47037,0
20111013,10.667,10.795,10.502,10.722,48396,0
20111014,10.788,10.928,10.703,10.914,44011,0
20111017,10.87,10.95,10.703,10.722,38592,0
20111018,10.788,11.12,10.737,11.092,69670,0
20111019,11.149,11.149,10.461,10.667,115830,0
20111020,10.547,10.844,10.453,10.695,30974,0
20111021,10.844,11.176,10.745,10.808,80030,0
20111024,10.92,11.183,10.752,10.837,60375,0
20111025,10.808,10.999,10.687,10.802,44827,0
20111026,10.95,11.056,10.82,10.999,49779,0
20111027,11.191,11.332,10.844,11.291,152283,0
20111028,11.062,11.291,11.043,11.106,51247,0
20111031,10.918,11.058,10.918,11.001,42965,0
20111101,10.945,10.945,10.531,10.574,77093,0
20111102,10.772,11.027,10.752,10.97,63502,0
20111103,11.13,11.23,11,11.196,68556,0
20111104,11.079,11.188,11.006,11.166,28991,0
20111107,11.12,11.241,10.945,11.027,20122,0
20111108,11.07,11.304,10.978,11.261,52563,0
20111109,11.057,11.158,10.631,10.631,96825,0
20111110,10.768,10.804,10.631,10.673,76845,0
20111111,10.758,10.894,10.631,10.837,33047,0
20111114,10.858,10.858,10.531,10.659,40557,0
20111115,10.574,10.864,10.524,10.829,50384,0
20111116,10.758,10.864,10.638,10.667,34321,0
20111117,10.659,10.795,10.482,10.538,64798,0
20111118,10.574,10.945,10.552,10.936,58062,0
20111121,10.858,11.162,10.765,10.928,63835,0
20111122,10.914,10.978,10.667,10.667,34382,0
20111123,10.596,10.703,10.497,10.631,51933,0
20111125,10.567,10.768,10.472,10.516,22263,0
20111128,10.795,10.95,10.667,10.95,69327,0
20111129,10.945,11.233,10.687,11.191,77198,0
20111130,11.229,11.345,11.102,11.345,126062,0
20111201,11.304,11.304,11.142,11.183,37922,0
20111202,11.304,11.304,11.102,11.196,31772,0
20111205,11.297,11.304,10.631,10.907,94742,0
20111206,10.868,11.107,10.868,11.044,25294,0
20111207,10.905,11.158,10.783,11.064,32942,0
20111208,10.913,10.943,10.646,10.673,52529,0
20111209,11.297,11.297,10.688,10.949,55995,0
20111212,10.774,10.884,10.631,10.76,80651,0
20111213,10.841,10.964,10.673,10.732,39596,0
20111214,10.673,11.037,10.638,10.986,71157,0
20111215,11.146,11.397,11,11.281,64483,0
20111216,11.542,11.542,11.071,11.13,64895,0
20111219,11.115,11.376,11.044,11.115,48268,0
20111220,11.274,11.542,11.121,11.535,71289,0
20111221,11.542,11.542,11.383,11.491,55255,0
20111222,11.542,11.542,11.281,11.368,33542,0
20111223,11.391,11.477,11.347,11.383,15733,0
20111227,11.311,11.491,11.267,11.485,17831,0
20111228,11.405,11.485,11.311,11.354,28095,0
20111229,11.426,11.462,11.311,11.383,39231,0
20111230,11.391,11.441,11.172,11.217,43024,0
20120103,11.405,11.405,11.087,11.202,58678,0
20120104,11.137,11.146,11.013,11.02,49234,0
20120105,10.977,11.095,10.935,10.993,63936,0
20120106,11.02,11.102,10.977,11.057,40265,0
20120109,11.071,11.208,11.057,11.107,30158,0
20120110,11.152,11.188,11.087,11.188,33382,0
20120111,11.044,11.152,11.028,11.152,24296,0
20120112,11.196,11.304,11.095,11.158,32301,0
20120113,10.964,11.158,10.964,11.05,62061,0
20120117,11.126,11.267,10.964,11.2,45605,0
20120118,11.224,11.325,11.13,11.318,74641,0
20120119,11.368,11.368,11.146,11.253,89583,0
20120120,11.274,11.368,11.217,11.281,64375,0
20120123,11.267,11.267,11.158,11.196,49974,0
20120124,11.196,11.441,11.146,11.397,89515,0
20120125,11.362,11.513,11.239,11.413,68992,0
20120126,11.413,11.542,11.259,11.368,93734,0
20120127,11.29,11.542,11.281,11.542,48198,0
20120130,11.332,11.456,11.259,11.304,66745,0
20120131,11.126,11.155,10.956,11.058,2133396,0
20120201,11.057,11.115,11.037,11.087,427558,0
20120202,11.064,11.102,11.037,11.057,259443,0
20120203,11.166,11.166,11.037,11.057,712724,0
20120206,11.064,11.115,11,11.107,355696,0
20120207,11.039,11.178,11.039,11.058,305122,0
20120208,11.126,11.126,11.039,11.067,100432,0
20120209,11.133,11.133,11.039,11.058,50242,0
20120210,11.037,11.095,11.006,11.037,154946,0
20120213,11.166,11.166,11.037,11.037,111214,0
20120214,11.102,11.102,11,11.079,167887,0
20120215,11.121,11.172,11,11.006,162202,0
20120216,11,11.102,11,11.071,100387,0
20120217,10.986,11.102,10.964,11.006,61328,0
20120221,11.006,11.064,11,11.02,75809,0
20120222,11.037,11.071,11,11.006,89073,0
20120223,11,11.071,11,11.044,49969,0
20120224,11.039,11.104,11.001,11.074,73442,0
20120227,11,11.121,11,11.115,279979,0
20120228,11.137,11.137,10.956,11.006,168760,0
20120229,11.004,11.07,10.853,10.853,462335,0
20120301,10.986,11.028,10.855,10.884,122496,0
20120302,10.898,10.994,10.653,10.926,410365,0
20120305,11.006,11.02,10.732,10.783,285021,0
20120306,10.675,10.815,10.602,10.638,384023,0
20120307,10.667,10.802,10.661,10.802,103032,0
20120308,10.787,10.847,10.586,10.638,177611,0
20120309,10.667,10.815,10.623,10.726,180021,0
20120312,10.75,10.867,10.75,10.867,72983,0
20120313,10.918,11.015,10.891,10.956,202856,0
20120314,10.987,11.067,10.778,10.905,228760,0
20120315,10.934,10.97,10.794,10.891,106803,0
20120316,10.905,10.943,10.69,10.771,193616,0
20120319,10.771,10.898,10.771,10.771,80511,0
20120320,10.815,10.874,10.726,10.83,118103,0
20120321,10.847,11.007,10.787,10.874,144761,0
20120322,10.847,10.934,10.787,10.874,71330,0
20120323,10.771,11.074,10.771,11.074,237627,0
20120326,10.978,11.258,10.978,11.058,127254,0
20120327,11.03,11.074,10.898,10.905,84238,0
20120328,10.964,11.039,10.802,10.949,154274,0
20120329,11.163,11.229,11.03,11.2,286653,0
20120330,11.237,11.311,11.054,11.29,337411,0
20120402,11.258,11.274,11.058,11.2,124689,0
20120403,11.194,11.194,11.007,11.098,88272,0
20120404,11.001,11.058,10.918,11.03,67107,0
20120405,11.058,11.082,10.994,11.067,36177,0
20120409,10.994,11.022,10.912,10.943,124321,0
20120410,10.949,10.97,10.778,10.853,106767,0
20120411,10.956,11.015,10.882,10.964,100952,0
20120412,10.97,11.046,10.905,10.949,70734,0
20120413,10.905,10.994,10.882,10.934,87184,0
20120416,10.97,10.978,10.882,10.949,51208,0
20120417,10.934,11.053,10.912,10.964,119955,0
20120418,10.898,11.053,10.898,10.943,37992,0
20120419,10.943,11.007,10.847,10.943,57745,0
20120420,11.053,11.067,10.83,10.853,100451,0
20120423,10.778,11.007,10.55,10.898,182421,0
20120424,10.809,10.898,10.771,10.778,175057,0
20120425,10.847,10.847,10.726,10.75,120939,0
20120426,10.83,11.022,10.719,10.861,347181,0
20120427,10.847,11.022,10.809,10.964,176734,0
20120430,10.978,11.039,10.926,10.987,227036,0
20120501,10.949,11.03,10.83,10.83,165684,0
20120502,10.822,10.898,10.735,10.794,95130,0
20120503,10.739,10.883,10.686,10.785,204632,0
20120504,10.75,10.756,10.543,10.638,162394,0
20120507,10.667,10.756,10.579,10.631,170038,0
20120508,10.543,10.683,10.535,10.609,101577,0
20120509,10.543,10.663,10.543,10.588,66542,0
20120510,10.679,10.945,10.679,10.936,152904,0
20120511,10.898,10.994,10.75,10.771,53886,0
20120514,10.712,10.867,10.653,10.667,71174,0
20120515,10.55,10.771,10.55,10.609,95534,0
20120516,10.602,10.756,10.586,10.683,71337,0
20120517,10.667,10.809,10.571,10.579,50220,0
20120518,10.55,10.719,10.535,10.55,99092,0
20120521,10.557,10.705,10.498,10.616,62004,0
20120522,10.623,10.778,10.498,10.535,85859,0
20120523,10.513,10.653,10.498,10.579,62872,0
20120524,10.609,10.638,10.521,10.609,44897,0
20120525,10.641,10.905,10.572,10.716,76030,0
20120529,10.802,10.809,10.69,10.742,68428,0
20120530,10.712,10.815,10.653,10.661,97136,0
20120531,10.675,10.839,10.675,10.771,101269,0
20120601,10.649,10.785,10.649,10.656,112788,0
20120604,10.647,10.742,10.647,10.647,164617,0
20120605,10.656,10.807,10.656,10.739,144239,0
20120606,10.792,10.913,10.761,10.853,135007,0
20120607,10.927,10.997,10.82,10.891,134667,0
20120608,10.898,10.981,10.874,10.945,77257,0
20120611,11.017,11.086,10.927,10.936,140225,0
20120612,10.989,11.275,10.913,11.222,214261,0
20120613,11.17,11.517,11.148,11.389,150126,0
20120614,11.434,11.494,11.345,11.396,75657,0
20120615,11.358,11.487,11.328,11.441,111288,0
20120618,11.38,11.487,11.312,11.328,110245,0
20120619,11.328,11.624,11.282,11.418,119179,0
20120620,11.38,11.404,11.252,11.291,46341,0
20120621,11.312,11.366,11.056,11.132,83620,0
20120622,11.184,11.607,11.132,11.404,600606,0
20120625,11.479,11.533,11.214,11.389,132174,0
20120626,11.404,11.404,11.229,11.321,60599,0
20120627,11.312,11.562,11.275,11.345,72540,0
20120628,11.336,11.448,11.154,11.154,99542,0
20120629,11.312,11.404,11.172,11.396,137864,0
20120702,11.411,11.63,11.328,11.63,96874,0
20120703,11.63,11.63,11.472,11.63,49632,0
20120705,11.63,11.63,11.448,11.607,56689,0
20120706,11.509,11.585,11.472,11.494,33145,0
20120709,11.6,11.66,11.366,11.441,100247,0
20120710,11.457,11.502,11.275,11.366,56807,0
20120711,11.441,11.555,11.35,11.525,50391,0
20120712,11.517,11.585,11.411,11.533,78664,0
20120713,11.539,11.592,11.457,11.555,77644,0
20120716,11.509,11.592,11.434,11.479,51908,0
20120717,11.517,11.592,11.389,11.517,80220,0
20120718,11.448,11.592,11.336,11.577,51867,0
20120719,11.624,11.624,11.404,11.509,39034,0
20120720,11.448,11.592,11.448,11.546,58845,0
20120723,11.404,11.562,11.404,11.517,60489,0
20120724,11.509,11.585,11.441,11.555,104133,0
20120725,11.592,11.615,11.525,11.577,62218,0
20120726,11.615,11.63,11.562,11.624,85353,0
20120727,11.63,11.697,11.592,11.63,93068,0
20120730,11.63,11.669,11.434,11.457,101161,0
20120731,11.472,11.63,11.472,11.615,89119,0
20120801,11.669,11.705,11.396,11.396,84447,0
20120802,11.404,11.546,11.404,11.418,78627,0
20120803,11.479,11.669,11.457,11.509,97631,0
20120806,11.539,11.66,11.404,11.577,74908,0
20120807,11.562,11.669,11.517,11.539,86317,0
20120808,11.533,11.615,11.411,11.441,95605,0
20120809,11.404,11.705,11.404,11.615,141322,0
20120810,11.638,11.722,11.508,11.607,62162,0
20120813,11.645,11.705,11.464,11.638,32124,0
20120814,11.577,11.743,11.577,11.63,64295,0
20120815,11.669,11.828,11.669,11.781,87368,0
20120816,11.82,11.895,11.661,11.841,89872,0
20120817,11.774,11.872,11.577,11.811,107978,0
20120820,11.841,11.895,11.729,11.872,50219,0
20120821,11.879,12.008,11.795,11.857,65890,0
20120822,11.795,11.872,11.645,11.676,61196,0
20120823,11.645,11.811,11.577,11.774,42916,0
20120824,11.735,11.97,11.676,11.722,55191,0
20120827,11.767,11.963,11.669,11.895,57973,0
20120828,11.722,11.828,11.533,11.811,215055,0
20120829,11.857,11.933,11.652,11.669,68641,0
20120830,11.652,11.828,11.63,11.638,50327,0
20120831,11.735,11.781,11.539,11.713,78079,0
20120904,11.735,11.82,11.705,11.811,129156,0
20120905,11.857,11.864,11.729,11.781,92668,0
20120906,11.857,11.857,11.571,11.795,144795,0
20120907,11.848,11.864,11.63,11.795,77409,0
20120910,11.833,11.864,11.767,11.795,121469,0
20120911,11.834,11.965,11.774,11.849,73669,0
20120912,11.896,12.02,11.874,12.004,64279,0
20120913,11.966,12.066,11.896,12.058,85750,0
20120914,12.097,12.173,11.935,12.012,154296,0
20120917,11.935,12.113,11.912,12.09,45656,0
20120918,11.996,12.166,11.935,12.058,87790,0
20120919,12.066,12.19,12.066,12.19,81900,0
20120920,12.236,12.245,12.145,12.205,94707,0
20120921,12.219,12.219,12.166,12.181,117267,0
20120924,12.181,12.265,12.135,12.228,76521,0
20120925,12.236,12.291,12.135,12.135,102458,0
20120926,12.166,12.265,12.128,12.166,48708,0
20120927,12.265,12.336,12.106,12.336,109758,0
20120928,12.336,12.398,12.251,12.26,108038,0
20121001,12.282,12.829,12.26,12.312,176054,0
20121002,12.336,12.413,12.236,12.352,96929,0
20121003,12.328,12.382,12.236,12.319,49183,0
20121004,12.374,12.437,12.282,12.398,72586,0
20121005,12.406,12.715,12.359,12.583,84200,0
20121008,12.598,12.598,12.374,12.483,64198,0
20121009,12.42,12.699,12.42,12.575,76487,0
20121010,12.56,12.651,12.506,12.552,113279,0
20121011,12.567,12.567,12.228,12.344,139748,0
20121012,12.319,12.336,12.145,12.213,55147,0
20121015,12.219,12.298,12.205,12.26,43897,0
20121016,12.051,12.213,12.012,12.166,1253201,0
20121017,12.166,12.251,12.058,12.245,359068,0
20121018,12.128,12.328,12.012,12.291,358792,0
20121019,12.135,12.319,12.043,12.09,394464,0
20121022,12.066,12.282,12.012,12.265,172716,0
20121023,12.106,12.26,12.012,12.035,212423,0
20121024,12.106,12.213,12.066,12.198,166074,0
20121025,12.219,12.219,12.012,12.051,164971,0
20121026,12.081,12.26,12.012,12.236,146050,0
20121031,12.26,12.319,12.012,12.051,334231,0
20121101,12.09,12.344,12.058,12.344,183302,0
20121102,12.336,12.336,12.058,12.09,150149,0
20121105,12.051,12.336,12.027,12.12,90892,0
20121106,12.106,12.158,12.027,12.066,131177,0
20121107,12.066,12.291,11.95,12.012,281853,0
20121108,12.012,12.113,12.012,12.012,190200,0
20121109,12.097,12.12,11.912,11.928,199574,0
20121112,11.912,12.135,11.912,12.035,99200,0
20121113,12.09,12.09,11.789,11.812,231108,0
20121114,11.795,11.896,11.102,11.372,579433,0
20121115,11.372,11.95,11.372,11.888,246790,0
20121116,11.828,12.135,11.603,12.128,307265,0
20121119,12.151,12.151,11.842,11.935,186442,0
20121120,11.989,12.073,11.795,11.92,105014,0
20121121,11.874,11.935,11.695,11.912,128767,0
20121123,11.966,12.173,11.92,12.145,91163,0
20121126,12.166,12.228,11.966,12.113,129062,0
20121127,12.145,12.181,11.95,12.066,144298,0
20121128,12.043,12.066,11.812,11.959,191468,0
20121129,12.058,12.328,11.92,12.181,257650,0
20121130,12.219,12.265,12.066,12.19,184979,0
20121203,12.213,12.274,12.058,12.058,164450,0
20121204,11.98,12.145,11.959,12.058,153334,0
20121205,12.09,12.12,11.959,11.974,114190,0
20121206,12.02,12.106,11.95,12.035,94944,0
20121207,12.12,12.234,11.893,12.02,140449,0
20121210,12.051,12.198,11.881,12.173,131632,0
20121211,12.198,12.365,12.166,12.328,253789,0
20121212,12.383,12.383,12.037,12.076,263239,0
20121213,12.054,12.264,12.054,12.093,100998,0
20121214,12.076,12.272,12.076,12.116,130111,0
20121217,12.116,12.365,12.116,12.195,130245,0
20121218,12.243,12.501,12.226,12.431,162407,0
20121219,12.501,12.627,12.431,12.439,197488,0
20121220,12.391,12.588,12.36,12.509,121229,0
20121221,12.439,12.668,12.439,12.668,295333,0
20121224,12.627,12.632,12.375,12.431,54462,0
20121226,12.462,12.65,12.423,12.556,58751,0
20121227,12.548,12.619,12.391,12.469,150913,0
20121228,12.494,12.668,12.202,12.281,167354,0
20121231,12.305,12.603,12.216,12.572,110126,0
20130102,12.65,12.715,12.494,12.65,213895,0
20130103,12.668,12.698,12.533,12.612,97734,0
20130104,12.682,12.902,12.619,12.792,254085,0
20130107,12.784,12.996,12.682,12.983,214493,0
20130108,12.941,12.941,12.69,12.886,180313,0
20130109,12.911,13.052,12.846,13.029,113706,0
20130110,13.029,13.153,12.736,12.879,171403,0
20130111,12.958,12.996,12.784,12.799,107227,0
20130114,12.753,12.865,12.595,12.706,172780,0
20130115,12.391,12.501,12.383,12.446,3008949,0
20130116,12.469,12.588,12.431,12.533,802016,0
20130117,12.548,12.565,12.469,12.501,483240,0
20130118,12.541,12.565,12.469,12.517,391537,0
20130122,12.565,12.588,12.486,12.517,295351,0
20130123,12.509,12.581,12.509,12.517,494047,0
20130124,12.509,12.588,12.509,12.517,456912,0
20130125,12.588,12.595,12.501,12.525,340578,0
20130128,12.572,12.654,12.486,12.627,399586,0
20130129,12.668,12.668,12.517,12.581,309261,0
20130130,12.556,12.682,12.486,12.595,404669,0
20130131,12.65,12.77,12.572,12.668,993849,0
20130201,12.77,12.77,12.595,12.659,329653,0
20130204,12.635,12.675,12.486,12.525,213350,0
20130205,12.612,12.643,12.486,12.603,231501,0
20130206,12.548,12.659,12.486,12.627,204198,0
20130207,12.668,12.668,12.486,12.603,259514,0
20130208,12.668,12.706,12.509,12.706,232943,0
20130211,12.729,12.753,12.548,12.675,327025,0
20130212,12.698,12.698,12.501,12.572,210955,0
20130213,12.556,12.762,12.556,12.745,274976,0
20130214,12.706,12.736,12.548,12.706,276994,0
20130215,12.745,12.745,12.588,12.706,225989,0
20130219,12.736,12.77,12.619,12.736,348567,0
20130220,12.77,12.886,12.659,12.675,351567,0
20130221,12.675,12.818,12.603,12.722,387579,0
20130222,12.762,12.941,12.722,12.809,280928,0
20130225,12.927,12.935,12.722,12.77,315397,0
20130226,12.831,12.872,12.675,12.77,222891,0
20130227,12.784,12.941,12.77,12.809,202626,0
20130228,12.886,12.966,12.818,12.927,360035,0
20130301,12.879,13.132,12.825,13.107,336775,0
20130304,13.123,13.123,12.855,13.005,367666,0
20130305,13.005,13.052,12.872,12.983,216032,0
20130306,12.825,12.979,12.745,12.865,451072,0
20130307,12.879,12.983,12.77,12.839,267154,0
20130308,12.777,12.983,12.753,12.935,317663,0
20130311,12.983,13.06,12.903,12.983,250203,0
20130312,12.996,13.246,12.996,13.109,224816,0
20130313,13.087,13.231,13.005,13.142,222985,0
20130314,13.142,13.252,13.087,13.246,232002,0
20130315,13.252,13.279,13.118,13.214,348387,0
20130318,13.109,13.271,13.109,13.157,164850,0
20130319,13.135,13.222,13.009,13.038,219656,0
20130320,13.03,13.183,12.836,12.91,357459,0
20130321,12.91,13.101,12.87,12.94,224184,0
20130322,12.983,13.038,12.918,12.958,160615,0
20130325,13.038,13.126,12.843,12.87,219630,0
20130326,12.877,13.149,12.877,13.142,180339,0
20130327,13.062,13.246,12.986,13.191,227791,0
20130328,13.24,13.279,13.126,13.246,279673,0
20130401,13.246,13.279,13.087,13.183,242237,0
20130402,13.271,13.279,13.139,13.222,287414,0
20130403,13.639,13.857,13.415,13.52,1557784,0
20130404,13.543,13.639,13.503,13.558,616863,0
20130405,13.44,13.608,13.415,13.582,480537,0
20130408,13.568,13.639,13.462,13.63,323970,0
20130409,13.678,13.678,13.479,13.503,290090,0
20130410,13.503,13.63,13.503,13.582,292350,0
20130411,13.494,13.543,13.367,13.472,429539,0
20130412,13.472,13.494,13.357,13.392,218638,0
20130415,13.319,13.392,13.038,13.044,401916,0
20130416,13.078,13.262,13.038,13.135,495719,0
20130417,13.044,13.135,12.892,12.892,318491,0
20130418,12.877,12.958,12.795,12.852,497131,0
20130419,12.958,13.087,12.805,13.07,240943,0
20130422,13.231,13.639,13.191,13.599,1182655,0
20130423,13.678,14.001,13.568,13.879,1167736,0
20130424,13.84,13.92,13.72,13.752,603783,0
20130425,13.791,13.936,13.72,13.905,407746,0
20130426,13.96,14.016,13.761,13.953,467596,0
20130429,13.992,14.121,13.96,14.055,499800,0
20130430,14.04,14.208,13.848,14.145,632479,0
20130501,14.121,14.121,13.72,13.735,439200,0
20130502,13.767,13.96,13.767,13.84,426282,0
20130503,14.04,14.179,13.879,14.16,511037,0
20130506,14.16,14.331,14.064,14.295,556240,0
20130507,13.905,14.129,13.879,14.097,4105719,0
20130508,14.04,14.121,14.016,14.073,1497451,0
20130509,14.064,14.126,14.016,14.117,942134,0
20130510,14.16,14.16,14.025,14.112,477485,0
20130513,14.097,14.097,14.016,14.032,654950,0
20130514,14.016,14.089,14.016,14.025,938564,0
20130515,14.025,14.089,14.012,14.073,608720,0
20130516,14.025,14.198,14.025,14.16,589480,0
20130517,14.16,14.256,14.001,14.04,701962,0
20130520,14.08,14.185,14.04,14.179,439897,0
20130521,14.185,14.185,14.012,14.016,510731,0
20130522,14.016,14.096,13.96,13.992,840792,0
20130523,13.927,13.992,13.84,13.848,481516,0
20130524,13.84,13.912,13.84,13.912,299834,0
20130528,14.064,14.145,13.916,14.097,640624,0
20130529,14.08,14.226,13.816,14.103,650703,0
20130530,14.121,14.57,14.025,14.427,871967,0
20130531,14.31,14.36,14.003,14.052,941597,0
20130603,14.112,14.289,13.92,14.008,496255,0
20130604,14.04,14.129,13.976,14.112,381123,0
20130605,14.137,14.14,13.809,13.857,575465,0
20130606,13.816,14.016,13.809,13.992,203745,0
20130607,14.08,14.283,14.049,14.247,312113,0
20130610,14.283,14.331,14.04,14.185,288434,0
20130611,14.128,14.529,14.096,14.396,588158,0
20130612,14.389,14.494,14.159,14.462,414706,0
20130613,14.521,14.521,14.298,14.389,244340,0
20130614,14.347,14.521,14.186,14.365,388253,0
20130617,14.502,14.773,14.488,14.601,513430,0
20130618,14.586,14.685,14.382,14.586,398883,0
20130619,14.634,14.724,14.462,14.462,295509,0
20130620,14.404,14.404,14.192,14.267,398973,0
20130621,14.334,14.382,14.192,14.306,557678,0
20130624,14.276,14.29,13.784,14.192,445519,0
20130625,14.241,14.334,14.11,14.284,317570,0
20130626,14.365,14.382,14.136,14.178,299731,0
20130627,14.306,14.365,14.281,14.29,554793,0
20130628,14.298,14.347,14.218,14.298,2623449,0
20130701,14.382,14.382,14.247,14.298,327704,0
20130702,14.298,14.764,14.253,14.7,618343,0
20130703,14.627,14.658,14.375,14.57,173598,0
20130705,14.707,14.75,14.276,14.529,409101,0
20130708,14.537,14.651,14.453,14.511,312028,0
20130709,14.586,14.683,14.445,14.593,287369,0
20130710,14.601,14.658,14.494,14.593,264287,0
20130711,14.7,14.749,14.488,14.7,235887,0
20130712,14.716,14.822,14.675,14.74,180865,0
20130715,14.764,14.92,14.764,14.888,215775,0
20130716,14.928,14.94,14.798,14.805,198801,0
20130717,14.813,14.954,14.789,14.813,246688,0
20130718,14.798,14.928,14.716,14.912,242878,0
20130719,14.928,14.993,14.863,14.945,264056,0
20130722,14.871,15.102,14.871,15.042,178865,0
20130723,15.075,15.321,15.059,15.116,300936,0
20130724,15.197,15.197,14.813,15.026,230793,0
20130725,14.954,15.124,14.954,15.108,198347,0
20130726,15.003,15.223,14.969,15.068,174048,0
20130729,15.003,15.189,15.003,15.091,212664,0
20130730,15.165,15.215,14.83,14.847,212608,0
20130731,14.912,14.954,14.781,14.854,303235,0
20130801,14.905,14.96,14.667,14.789,250924,0
20130802,14.847,15.009,14.75,15.003,188072,0
20130805,15.019,15.019,14.83,14.945,288369,0
20130806,14.888,14.925,14.601,14.627,255759,0
20130807,14.586,14.667,14.365,14.578,609721,0
20130808,14.543,14.707,13.899,13.957,437260,0
20130809,13.891,14.169,13.735,14.053,325458,0
20130812,14.029,14.071,13.824,13.972,341303,0
20130813,14.022,14.022,13.752,13.98,307480,0
20130814,14.038,14.038,13.922,13.98,269711,0
20130815,13.922,14.022,13.882,13.948,281725,0
20130816,13.908,14.096,13.908,13.972,183732,0
20130819,14.046,14.128,13.891,13.94,236441,0
20130820,13.997,14.178,13.972,14.15,189700,0
20130821,14.159,14.208,14.038,14.136,183312,0
20130822,14.185,14.185,14.013,14.038,222827,0
20130823,14.022,14.087,13.891,14.053,163175,0
20130826,14.038,14.102,13.931,13.94,292735,0
20130827,13.891,13.908,13.686,13.694,394049,0
20130828,13.726,13.922,13.713,13.891,173355,0
20130829,13.915,14.199,13.915,14.192,296672,0
20130830,14.178,14.248,14.013,14.12,273754,0
20130903,14.244,14.244,14.02,14.2,159492,0
20130904,14.26,14.3,14.17,14.269,147627,0
20130905,14.293,14.293,14.095,14.21,105939,0
20130906,14.293,14.293,14.003,14.194,101156,0
20130909,14.276,14.347,14.144,14.298,137241,0
20130910,14.31,14.685,14.21,14.593,292575,0
20130911,14.569,14.677,14.293,14.392,217303,0
20130912,14.07,14.2,13.977,14.186,2289762,0
20130913,14.16,14.31,14.136,14.26,626878,0
20130916,14.387,14.5,14.229,14.287,599484,0
20130917,14.36,14.379,14.101,14.319,461221,0
20130918,14.26,14.36,14.136,14.36,301937,0
20130919,14.319,14.336,14.101,14.145,364275,0
20130920,14.22,14.31,14.11,14.244,428425,0
20130923,14.194,14.319,14.145,14.26,304140,0
20130924,14.22,14.469,14.16,14.437,477283,0
20130925,14.5,14.652,14.36,14.593,378245,0
20130926,14.578,14.693,14.519,14.628,448197,0
20130927,14.652,14.677,14.5,14.635,389544,0
20130930,14.536,14.536,14.236,14.419,570666,0
20131001,14.437,14.46,14.31,14.4,342136,0
20131002,14.287,14.342,14.2,14.279,279122,0
20131003,14.293,14.293,13.986,14.003,267067,0
20131004,14.045,14.136,14.003,14.086,158533,0
20131007,14.036,14.136,13.977,13.977,162825,0
20131008,14.02,14.045,13.911,13.926,173317,0
20131009,13.92,14.07,13.911,13.995,165385,0
20131010,14.078,14.179,14.02,14.07,189784,0
20131011,14.052,14.293,14.052,14.293,211540,0
20131014,14.22,14.293,14.145,14.26,163223,0
20131015,14.25,14.287,14.078,14.12,117669,0
20131016,14.229,14.319,14.15,14.244,169718,0
20131017,14.244,14.519,14.236,14.419,165986,0
20131018,14.536,14.542,14.369,14.492,277362,0
20131021,14.478,14.5,14.269,14.319,209136,0
20131022,14.336,14.379,14.236,14.293,246875,0
20131023,14.287,14.578,14.25,14.56,300721,0
20131024,14.61,14.743,14.542,14.734,290264,0
20131025,14.793,14.834,14.693,14.809,148798,0
20131028,14.834,14.843,14.677,14.793,131010,0
20131029,14.843,14.952,14.734,14.943,248199,0
20131030,14.902,14.952,14.777,14.784,169711,0
20131031,14.793,14.904,14.643,14.643,283691,0
20131101,14.618,14.677,14.46,14.618,222115,0
20131104,14.668,14.702,14.45,14.569,155890,0
20131105,14.41,14.718,14.402,14.643,203532,0
20131106,14.718,14.718,14.56,14.61,141773,0
20131107,14.601,14.601,14.279,14.329,243661,0
20131108,14.287,14.519,14.145,14.442,173436,0
20131111,14.469,14.601,14.35,14.536,129929,0
20131112,14.536,14.701,14.497,14.635,289060,0
20131113,14.618,14.743,14.56,14.709,164661,0
20131114,14.743,14.884,14.586,14.727,106730,0
20131115,14.777,14.917,14.734,14.768,174879,0
20131118,14.859,14.893,14.727,14.859,150002,0
20131119,14.859,14.967,14.777,14.876,140986,0
20131120,14.959,15.209,14.834,15.184,211622,0
20131121,15.284,15.359,15.035,15.109,222475,0
20131122,15.167,15.292,14.827,15.184,164783,0
20131125,15.275,15.309,15.042,15.242,164063,0
20131126,15.275,15.334,15.15,15.2,194110,0
20131127,15.268,15.459,15.184,15.417,191706,0
20131129,15.5,15.691,15.435,15.649,117005,0
20131202,15.641,15.699,15.209,15.35,245312,0
20131203,15.259,15.318,14.853,14.976,295191,0
20131204,14.853,15.183,14.693,14.768,205883,0
20131205,14.758,14.859,14.652,14.702,211553,0
20131206,14.793,15.126,14.66,15.042,193871,0
20131209,15.092,15.159,14.843,14.993,247116,0
20131210,14.884,15.126,14.884,14.959,275361,0
20131211,14.917,15.092,14.809,15.068,289662,0
20131212,15.042,15.341,14.902,15.325,563103,0
20131213,15.334,15.443,14.903,15.012,333289,0
20131216,15.114,15.114,14.826,14.954,209163,0
20131217,14.987,15.334,14.987,15.334,283799,0
20131218,15.341,15.443,15.189,15.41,244476,0
20131219,15.436,15.478,15.24,15.309,213178,0
20131220,15.291,15.643,15.02,15.604,838953,0
20131223,15.647,15.682,15.392,15.673,395650,0
20131224,15.588,15.748,15.588,15.723,152738,0
20131226,15.816,15.876,15.682,15.733,223572,0
20131227,15.841,15.876,15.733,15.85,184835,0
20131230,15.859,15.942,15.74,15.867,403563,0
20131231,15.842,16.299,15.842,16.182,361267,0
20140102,16.104,16.138,15.766,15.835,353432,0
20140103,15.825,15.936,15.604,15.689,346243,0
20140106,15.682,15.816,15.494,15.579,345574,0
20140107,15.613,15.816,15.469,15.554,192984,0
20140108,15.579,15.579,15.402,15.453,189911,0
20140109,15.529,15.579,15.385,15.579,269631,0
20140110,15.579,15.799,15.579,15.774,212234,0
20140113,15.689,15.774,15.469,15.689,255696,0
20140114,15.816,15.927,15.682,15.918,304355,0
20140115,15.901,16.045,15.835,15.994,463455,0
20140116,16.02,16.07,15.774,15.799,408640,0
20140117,15.835,15.978,15.733,15.969,795078,0
20140121,16.045,16.079,15.859,16.045,246131,0
20140122,16.087,16.13,16.003,16.07,169127,0
20140123,16.165,16.165,15.942,16.063,183759,0
20140124,16.02,16.104,15.774,15.936,176937,0
20140127,16.037,16.087,15.613,15.655,189352,0
20140128,15.723,15.765,15.505,15.689,414779,0
20140129,15.604,15.682,15.385,15.41,267506,0
20140130,15.504,15.784,15.419,15.655,163222,0
20140131,15.453,15.886,15.409,15.494,189203,0
20140203,15.511,15.588,15.029,15.097,267285,0
20140204,15.131,15.148,14.978,15.097,216968,0
20140205,15.097,15.392,15.063,15.334,379932,0
20140206,15.453,15.494,15.309,15.341,201647,0
20140207,15.325,15.487,15.267,15.376,264996,0
20140210,15.443,15.562,15.402,15.537,202744,0
20140211,15.469,15.723,15.469,15.639,148364,0
20140212,15.436,15.757,15.436,15.733,158465,0
20140213,15.647,15.886,15.579,15.816,133797,0
20140214,15.859,15.891,15.698,15.876,1303379,0
20140218,15.748,16.181,15.748,16.053,219561,0
20140219,15.986,16.087,15.631,15.706,174186,0
20140220,15.774,16.07,15.774,16.02,171696,0
20140221,16.096,16.185,16.063,16.147,338187,0
20140224,16.104,16.35,16.003,16.308,321098,0
20140225,15.806,16.409,15.806,16.121,393070,0
20140226,16.087,16.087,15.927,15.978,314732,0
20140227,15.969,15.969,15.748,15.835,321480,0
20140228,15.914,16.003,15.787,15.886,347376,0
20140303,16.02,16.045,15.763,16.012,226609,0
20140304,16.155,16.308,15.825,16.197,641071,0
20140305,16.171,16.291,16.121,16.24,268115,0
20140306,16.231,16.39,16.155,16.206,241870,0
20140307,16.24,16.326,15.936,15.994,187845,0
20140310,16.029,16.282,15.841,16.222,268280,0
20140311,16.291,16.291,15.927,16.165,340139,0
20140312,15.994,16.222,15.994,16.045,320923,0
20140313,16.019,16.226,15.985,16.14,275242,0
20140314,16.157,16.673,16.157,16.483,368158,0
20140317,16.501,16.622,15.855,15.863,329995,0
20140318,15.503,15.816,15.459,15.692,3384293,0
20140319,15.632,15.727,15.537,15.649,587789,0
20140320,15.675,15.803,15.589,15.779,354988,0
20140321,15.821,15.831,15.649,15.794,1006050,0
20140324,15.761,15.779,15.545,15.718,407250,0
20140325,15.751,15.761,15.545,15.554,410787,0
20140326,15.614,15.632,15.286,15.286,544207,0
20140327,15.286,15.383,15.115,15.192,435330,0
20140328,15.27,15.347,15.176,15.228,304621,0
20140331,15.279,15.408,15.201,15.365,455309,0
20140401,15.331,15.437,15.279,15.313,270247,0
20140402,15.305,15.416,15.286,15.347,295701,0
20140403,15.383,15.394,15.201,15.236,275244,0
20140404,15.279,15.279,15.038,15.046,352313,0
20140407,15.029,15.029,14.9,14.916,378844,0
20140408,14.864,15.01,14.856,14.916,296530,0
20140409,14.916,15.072,14.856,15.038,240907,0
20140410,14.959,15.005,14.676,14.702,414241,0
20140411,14.616,14.828,14.554,14.582,385826,0
20140414,14.659,14.831,14.527,14.693,361070,0
20140415,14.633,14.838,14.47,14.625,280281,0
20140416,14.641,14.736,14.573,14.667,246414,0
20140417,14.788,14.813,14.531,14.582,607830,0
20140421,14.582,14.71,14.546,14.616,392972,0
20140422,14.606,14.797,14.573,14.788,277324,0
20140423,14.804,14.822,14.702,14.736,226495,0
20140424,14.916,14.916,14.667,14.831,372530,0
20140425,14.813,14.813,14.693,14.753,243902,0
20140428,14.788,14.788,14.502,14.728,456616,0
20140429,14.728,14.745,14.487,14.522,236018,0
20140430,14.46,14.522,14.272,14.399,512126,0
20140501,14.333,14.487,14.149,14.324,440919,0
20140502,14.281,14.479,14.2,14.418,325093,0
20140505,14.418,14.46,14.286,14.408,239688,0
20140506,14.333,14.399,14.21,14.21,221663,0
20140507,14.252,14.252,13.961,14.158,409896,0
20140508,14.039,14.356,13.72,13.727,481915,0
20140509,13.461,13.953,13.413,13.866,626377,0
20140512,13.996,14.324,13.953,14.304,382377,0
20140513,14.288,14.34,14.047,14.262,491406,0
20140514,14.21,14.418,13.874,13.883,398389,0
20140515,13.849,14.022,13.713,13.926,460253,0
20140516,13.944,13.977,13.745,13.859,312412,0
20140519,13.822,14.022,13.779,14.012,400055,0
20140520,14.039,14.047,13.892,14.005,500262,0
20140521,14.09,14.158,13.953,14.055,348636,0
20140522,14.126,14.23,14.039,14.178,323635,0
20140523,14.245,14.46,14.168,14.442,422695,0
20140527,14.554,14.603,14.384,14.554,344456,0
20140528,14.554,14.606,14.442,14.582,367949,0
20140529,14.684,14.849,14.428,14.65,312678,0
20140530,14.702,14.792,14.598,14.658,716573,0
20140602,14.684,14.753,14.502,14.641,264690,0
20140603,14.641,14.831,14.606,14.788,312516,0
20140604,14.813,14.813,14.606,14.736,276501,0
20140605,14.813,14.864,14.641,14.849,194531,0
20140606,14.797,15.111,14.774,14.986,306779,0
20140609,15.176,15.399,14.943,15.399,373794,0
20140610,15.373,15.408,15.098,15.158,426008,0
20140611,15.14,15.262,15.02,15.063,222281,0
20140612,15.089,15.23,14.985,15.177,283328,0
20140613,15.257,15.257,14.985,15.028,215426,0
20140616,15.134,15.243,14.993,15.177,217198,0
20140617,15.134,15.247,15.099,15.16,414165,0
20140618,15.134,15.16,14.879,15.072,397217,0
20140619,15.046,15.16,14.967,15.124,334821,0
20140620,15.134,15.134,14.958,14.993,622320,0
20140623,15.168,15.168,14.914,14.95,302126,0
20140624,14.958,15.124,14.914,14.923,448838,0
20140625,14.914,15.134,14.897,15.116,324045,0
20140626,15.134,15.616,15.089,15.616,650134,0
20140627,15.65,15.765,15.476,15.765,6719891,0
20140630,15.731,15.731,15.502,15.529,477039,0
20140701,15.476,15.731,15.407,15.589,415377,0
20140702,15.642,15.678,15.467,15.563,264104,0
20140703,15.589,15.647,15.353,15.424,148226,0
20140707,15.396,15.406,15.274,15.318,305042,0
20140708,15.309,15.327,15.046,15.23,360796,0
20140709,15.257,15.424,15.216,15.406,170043,0
20140710,15.327,15.336,15.177,15.3,172890,0
20140711,15.274,15.424,15.177,15.257,199075,0
20140714,15.327,15.545,15.215,15.353,155242,0
20140715,15.406,15.51,15.204,15.257,206417,0
20140716,15.257,15.353,15.16,15.204,182637,0
20140717,15.177,15.327,15.037,15.037,176942,0
20140718,15.099,15.238,15.081,15.16,144487,0
20140721,15.177,15.309,15.124,15.283,157550,0
20140722,15.371,15.371,15.124,15.142,263084,0
20140723,15.177,15.353,15.177,15.309,141511,0
20140724,15.318,15.406,15.238,15.265,98504,0
20140725,15.221,15.3,15.142,15.177,142042,0
20140728,15.177,15.177,14.958,15.037,287027,0
20140729,15.003,15.23,14.967,14.993,240721,0
20140730,15.019,15.019,14.774,14.835,383788,0
20140731,14.703,14.857,14.485,14.573,388341,0
20140801,14.545,14.582,14.28,14.298,355981,0
20140804,14.298,14.52,14.298,14.505,178059,0
20140805,14.492,14.492,14.341,14.433,87834,0
20140806,14.371,14.545,14.361,14.492,180974,0
20140807,14.59,14.793,14.179,14.343,212134,0
20140808,14.343,14.553,14.298,14.381,150167,0
20140811,14.389,14.545,14.253,14.467,145031,0
20140812,14.457,14.616,14.361,14.485,220868,0
20140813,14.563,14.634,14.448,14.616,171418,0
20140814,14.678,14.678,14.477,14.598,119949,0
20140815,14.616,14.686,14.457,14.59,105693,0
20140818,14.642,14.791,14.538,14.783,173355,0
20140819,14.791,14.839,14.626,14.686,181051,0
20140820,14.52,14.774,14.477,14.722,325655,0
20140821,14.606,14.914,14.606,14.844,248638,0
20140822,14.888,14.911,14.731,14.835,81292,0
20140825,14.923,15.089,14.853,15.081,212218,0
20140826,15.134,15.134,14.95,15.099,189175,0
20140827,15.177,15.185,14.993,15.142,133814,0
20140828,15.151,15.406,15.134,15.38,276347,0
20140829,15.449,15.529,15.265,15.52,312128,0
20140902,15.626,15.747,15.503,15.616,286469,0
20140903,15.791,15.791,15.529,15.589,227540,0
20140904,15.66,15.66,15.353,15.361,267212,0
20140905,15.386,15.596,15.265,15.38,116147,0
20140908,15.424,15.475,15.265,15.291,106681,0
20140909,15.309,15.406,15.134,15.168,117866,0
20140910,15.213,15.257,15.081,15.124,133152,0
20140911,15.116,15.247,15.056,15.221,131009,0
20140912,15.409,15.409,15.016,15.034,275760,0
20140915,15.052,15.052,14.702,14.731,254820,0
20140916,14.711,14.775,14.657,14.694,165980,0
20140917,14.756,14.792,14.667,14.731,159768,0
20140918,14.784,14.784,14.579,14.613,251762,0
20140919,14.709,14.709,14.373,14.49,252780,0
20140922,14.481,14.525,14.319,14.417,170268,0
20140923,14.451,14.579,14.39,14.497,281930,0
20140924,14.542,14.542,14.299,14.398,282875,0
20140925,14.373,14.497,14.344,14.497,209089,0
20140926,14.613,14.613,14.398,14.559,231391,0
20140929,14.497,14.501,14.329,14.382,304141,0
20140930,14.436,14.461,14.255,14.255,439231,0
20141001,14.283,14.505,14.23,14.436,350027,0
20141002,14.443,14.756,14.443,14.534,394288,0
20141003,14.595,14.603,14.49,14.505,140316,0
20141006,14.595,14.837,14.579,14.784,384145,0
20141007,14.657,14.819,14.603,14.748,204097,0
20141008,14.694,14.748,14.55,14.677,367447,0
20141009,14.721,14.801,14.579,14.657,243708,0
20141010,14.721,14.863,14.587,14.756,354380,0
20141013,14.702,14.863,14.595,14.748,216241,0
20141014,14.721,14.846,14.613,14.633,201691,0
20141015,14.525,14.756,14.319,14.711,332218,0
20141016,14.587,14.854,14.471,14.765,367571,0
20141017,14.863,15.024,14.731,14.828,138117,0
20141020,14.944,14.998,14.721,14.748,213432,0
20141021,14.792,15.007,14.784,14.935,221079,0
20141022,14.917,15.087,14.917,15.024,208525,0
20141023,15.078,15.186,14.917,14.998,155954,0
20141024,15.069,15.213,14.936,15.132,170653,0
20141027,15.132,15.356,15.078,15.302,193886,0
20141028,15.284,15.311,15.123,15.266,218139,0
20141029,15.311,15.4,15.204,15.302,153651,0
20141030,15.302,15.462,15.23,15.356,145280,0
20141031,15.472,15.542,15.284,15.489,163530,0
20141103,15.462,15.535,15.302,15.383,129391,0
20141104,15.409,15.444,15.114,15.302,150666,0
20141105,15.552,15.552,15.114,15.329,151634,0
20141106,15.364,15.472,15.106,15.329,118389,0
20141107,15.4,15.56,15.27,15.4,221805,0
20141110,15.481,15.542,15.32,15.481,151362,0
20141111,15.418,15.552,15.418,15.498,115709,0
20141112,15.507,15.633,15.472,15.596,165445,0
20141113,15.516,15.641,15.454,15.535,117504,0
20141114,15.57,15.633,15.516,15.579,70922,0
20141117,15.498,15.633,15.427,15.454,135986,0
20141118,15.418,15.668,15.418,15.579,233780,0
20141119,15.748,15.772,15.444,15.462,233190,0
20141120,15.454,15.757,15.383,15.641,238740,0
20141121,15.776,15.776,15.489,15.552,174591,0
20141124,15.641,15.703,15.541,15.552,141898,0
20141125,15.596,15.695,15.481,15.695,159249,0
20141126,15.614,15.776,15.614,15.757,165062,0
20141128,15.83,16.472,15.82,15.874,136809,0
20141201,15.82,15.944,15.548,15.703,232103,0
20141202,15.802,15.838,15.552,15.649,129729,0
20141203,15.668,15.776,15.535,15.748,170861,0
20141204,15.802,15.963,15.596,15.937,341868,0
20141205,15.918,15.963,15.776,15.855,155856,0
20141208,15.864,15.864,15.579,15.722,225129,0
20141209,15.624,15.792,15.542,15.712,174775,0
20141210,15.695,15.776,15.462,15.542,231901,0
20141211,15.489,15.57,15.292,15.346,267209,0
20141212,15.248,15.454,15.052,15.114,258602,0
20141215,15.32,15.776,15.275,15.481,336842,0
20141216,15.562,15.744,15.388,15.498,178256,0
20141217,15.436,15.917,15.388,15.636,176433,0
20141218,15.735,16.027,15.708,15.991,309883,0
20141219,15.982,16.027,15.817,15.882,180304,0
20141222,15.882,16.364,15.882,16.305,346854,0
20141223,16.345,16.436,16.017,16.391,246647,0
20141224,16.391,16.5,16.373,16.409,102183,0
20141226,16.409,16.409,16.227,16.227,56104,0
20141229,16.391,16.4,16.218,16.3,131913,0
20141230,16.254,16.536,16.254,16.528,262364,0
20141231,16.409,16.583,16.245,16.327,404979,0
20150102,16.336,16.409,15.954,16.2,217351,0
20150105,16.117,16.373,16.117,16.136,122616,0
20150106,16.117,16.227,16.009,16.127,116858,0
20150107,16.117,16.282,16.099,16.2,142188,0
20150108,16.3,16.373,16.182,16.3,84837,0
20150109,16.291,16.391,16.172,16.327,156419,0
20150112,16.355,16.391,16.127,16.373,116772,0
20150113,16.336,16.391,16.136,16.291,124929,0
20150114,16.145,16.291,15.827,16.009,153586,0
20150115,16.017,16.264,15.999,16.154,154993,0
20150116,16.064,16.227,15.882,16.082,183878,0
20150120,16.091,16.209,15.844,16.191,130332,0
20150121,16.145,16.4,15.982,16.318,153916,0
20150122,16.336,16.455,16.332,16.418,132707,0
20150123,16.445,16.445,16.273,16.305,101139,0
20150126,16.245,16.436,16.154,16.373,107132,0
20150127,16.327,16.345,16.164,16.191,131249,0
20150128,16.227,16.227,15.966,16.072,298515,0
20150129,16.236,16.382,16.136,16.355,113023,0
20150130,16.364,16.364,16.164,16.245,70291,0
20150202,16.264,16.267,15.708,16.064,336618,0
20150203,16.154,16.391,16.017,16.382,208239,0
20150204,16.373,16.373,16.082,16.218,141394,0
20150205,16.309,16.428,16.127,16.209,242656,0
20150206,16.209,16.336,15.982,16.209,370515,0
20150209,16.264,16.345,15.982,16.045,330135,0
20150210,15.899,16.117,15.799,15.908,331707,0
20150211,15.89,15.936,15.717,15.799,209084,0
20150212,15.753,16.117,15.753,15.999,277504,0
20150213,15.999,16.072,15.89,15.944,198569,0
20150217,15.936,16.109,15.817,16.017,176145,0
20150218,15.927,16.127,15.908,16.036,93692,0
20150219,15.936,16.054,15.882,16.045,71564,0
20150220,15.936,16.027,15.917,16.009,106042,0
20150223,15.944,15.991,15.882,15.963,93328,0
20150224,15.982,16.017,15.89,15.944,70216,0
20150225,15.972,16.082,15.899,16.072,91281,0
20150226,16.045,16.154,15.972,16.099,84989,0
20150227,16.117,16.209,16.045,16.172,225739,0
20150302,16.218,16.236,16.054,16.2,104655,0
20150303,16.109,16.209,16.036,16.099,163625,0
20150304,16.054,16.164,15.963,16.045,150557,0
20150305,16.072,16.117,15.944,16.072,146824,0
20150306,15.982,16.109,15.936,16.027,119370,0
20150309,16.017,16.109,15.972,15.999,70940,0
20150310,15.936,16.017,15.836,15.944,143860,0
20150311,15.936,15.999,15.854,15.944,73577,0
20150312,15.972,16.091,15.908,16.009,107180,0
20150313,16.027,16.091,15.844,16.054,108717,0
20150316,16.091,16.099,15.936,15.991,130791,0
20150317,16.099,16.127,15.89,16.117,128594,0
20150318,16.117,16.117,15.765,15.812,366733,0
20150319,15.849,16.044,15.756,16.044,448899,0
20150320,16.025,16.248,15.979,16.22,161778,0
20150323,16.22,16.322,16.117,16.266,86480,0
20150324,16.229,16.322,16.165,16.275,71708,0
20150325,16.284,16.508,16.238,16.47,274752,0
20150326,16.424,16.554,16.322,16.406,192909,0
20150327,16.48,16.61,16.415,16.508,164766,0
20150330,16.544,16.619,16.415,16.544,148267,0
20150331,16.674,16.683,16.238,16.275,272386,0
20150401,16.173,16.284,16.127,16.238,149561,0
20150402,16.229,16.386,16.229,16.359,78070,0
20150406,16.359,16.6,16.275,16.582,97156,0
20150407,16.488,16.674,16.48,16.572,110811,0
20150408,16.554,16.554,16.35,16.368,88528,0
20150409,16.331,16.517,16.304,16.488,136631,0
20150410,16.136,16.415,16.099,16.368,1182795,0
20150413,16.322,16.442,16.257,16.368,396493,0
20150414,16.368,16.461,16.294,16.433,340098,0
20150415,16.452,16.619,16.284,16.582,363953,0
20150416,16.368,16.544,16.351,16.47,304706,0
20150417,16.415,16.508,16.34,16.442,249844,0
20150420,16.498,16.526,16.424,16.452,193673,0
20150421,16.415,16.452,16.313,16.34,149736,0
20150422,16.284,16.433,16.238,16.424,182290,0
20150423,16.47,16.6,16.368,16.6,188597,0
20150424,16.508,16.508,16.34,16.386,164691,0
20150427,16.378,16.396,16.155,16.275,214153,0
20150428,16.238,16.442,16.183,16.424,191580,0
20150429,16.415,16.48,16.275,16.294,128211,0
20150430,16.257,16.322,16.165,16.284,157648,0
20150501,16.229,16.359,16.165,16.229,109448,0
20150504,16.183,16.331,16.155,16.183,188705,0
20150505,16.146,16.229,15.997,16.136,238629,0
20150506,16.238,16.238,15.877,16.044,158000,0
20150507,15.942,16.053,15.895,15.942,138619,0
20150508,15.923,15.96,15.756,15.821,190754,0
20150511,15.765,16.044,15.765,15.913,166059,0
20150512,15.886,15.895,15.645,15.729,300227,0
20150513,15.719,15.785,15.542,15.58,163470,0
20150514,15.617,15.747,15.571,15.729,136406,0
20150515,15.645,15.849,15.636,15.803,98460,0
20150518,15.737,15.923,15.71,15.895,130640,0
20150519,15.905,15.942,15.812,15.886,161941,0
20150520,15.886,15.988,15.867,15.913,103948,0
20150521,15.886,15.923,15.803,15.858,123898,0
20150522,15.812,15.988,15.803,15.913,138886,0
20150526,15.858,16.024,15.775,15.923,186184,0
20150527,15.821,16.035,15.821,15.979,138131,0
20150528,15.905,16.09,15.895,16.071,136986,0
20150529,16.09,16.165,15.877,16.063,192046,0
20150601,16.053,16.071,15.951,15.979,86839,0
20150602,15.997,16.071,15.968,16.025,78635,0
20150603,15.997,16.155,15.942,16.155,86048,0
20150604,16.173,16.173,16.053,16.099,84324,0
20150605,16.071,16.071,15.877,16.025,108910,0
20150608,16.025,16.081,15.96,16.063,120015,0
20150609,16.025,16.071,15.933,15.979,160707,0
20150610,16.044,16.099,15.858,15.877,208353,0
20150611,15.831,16.044,15.691,16.007,289831,0
20150612,15.997,16.099,15.96,16.099,122495,0
20150615,15.877,16.025,15.877,15.96,149777,0
20150616,15.894,16.055,15.818,15.838,186889,0
20150617,15.79,15.922,15.79,15.856,100957,0
20150618,15.79,15.979,15.781,15.932,103604,0
20150619,15.942,16.008,15.667,15.809,172707,0
20150622,15.942,15.942,15.696,15.743,143712,0
20150623,15.818,15.875,15.705,15.847,158833,0
20150624,15.885,15.969,15.875,15.942,183819,0
20150625,15.904,15.932,15.838,15.847,109106,0
20150626,15.847,15.912,15.818,15.828,112599,0
20150629,15.875,15.904,15.658,15.743,315149,0
20150630,15.8,15.904,15.61,15.648,267956,0
20150701,15.639,15.828,15.356,15.422,224880,0
20150702,15.356,15.516,15.356,15.45,129954,0
20150706,15.488,15.535,15.384,15.469,141384,0
20150707,15.45,15.459,15.054,15.289,420234,0
20150708,15.289,15.299,15.185,15.214,353352,0
20150709,15.214,15.393,15.214,15.242,319065,0
20150710,15.403,15.431,15.261,15.289,209112,0
20150713,15.374,15.544,15.336,15.488,158527,0
20150714,15.45,15.639,15.45,15.62,172530,0
20150715,15.592,15.657,15.543,15.601,115242,0
20150716,15.592,15.705,15.563,15.639,165405,0
20150717,15.592,15.658,15.422,15.488,136091,0
20150720,15.393,15.469,15.308,15.336,84131,0
20150721,15.308,15.45,15.205,15.223,245939,0
20150722,15.214,15.308,15.185,15.223,178104,0
20150723,15.223,15.346,15.185,15.185,153871,0
20150724,15.185,15.261,15.138,15.166,150908,0
20150727,15.166,15.242,15.138,15.148,197047,0
20150728,15.185,15.356,15.138,15.166,231864,0
20150729,15.157,15.242,15.157,15.205,134927,0
20150730,15.242,15.459,15.232,15.289,98524,0
20150731,15.289,15.45,15.27,15.403,95878,0
20150803,15.308,15.365,15.176,15.28,128998,0
20150804,15.252,15.44,15.252,15.384,147944,0
20150805,15.403,15.488,15.166,15.176,159268,0
20150806,15.308,15.8,15.232,15.696,187354,0
20150807,15.686,15.856,15.478,15.497,180115,0
20150810,15.761,15.8,15.592,15.648,105826,0
20150811,15.507,15.667,15.488,15.592,117989,0
20150812,15.478,15.658,15.336,15.62,160855,0
20150813,15.601,15.818,15.554,15.696,90375,0
20150814,15.639,15.677,15.488,15.601,114716,0
20150817,15.544,15.818,15.507,15.639,163924,0
20150818,15.62,15.761,15.62,15.714,63179,0
20150819,15.667,15.743,15.526,15.667,105085,0
20150820,15.639,15.696,15.563,15.573,92703,0
20150821,15.61,15.677,15.507,15.61,265094,0
20150824,15.431,15.705,15.138,15.573,506398,0
20150825,15.677,15.734,15.365,15.374,487751,0
20150826,15.374,15.648,15.374,15.573,268904,0
20150827,15.658,15.942,15.535,15.667,253664,0
20150828,15.667,15.8,15.592,15.734,170273,0
20150831,15.705,15.875,15.639,15.856,163077,0
20150901,15.96,16.206,15.875,16.14,439706,0
20150902,16.207,16.496,16.188,16.429,253273,0
20150903,16.371,16.496,16.265,16.294,267292,0
20150904,16.246,16.467,16.198,16.438,229909,0
20150908,16.554,16.66,16.342,16.496,255558,0
20150909,16.583,16.708,16.39,16.39,240085,0
20150910,16.66,16.708,16.38,16.429,184242,0
20150911,16.371,16.429,16.361,16.419,109970,0
20150914,16.409,16.448,16.352,16.409,109243,0
20150915,16.371,16.496,16.313,16.39,98859,0
20150916,16.409,16.429,16.265,16.38,108723,0
20150917,16.323,16.409,16.111,16.149,135837,0
20150918,16.13,16.217,16.053,16.217,200625,0
20150921,16.217,16.313,16.101,16.188,92836,0
20150922,16.111,16.246,15.995,16.169,122119,0
20150923,16.178,16.313,16.072,16.13,183174,0
20150924,16.053,16.149,15.966,15.995,268177,0
20150925,16.092,16.246,15.899,16.13,217344,0
20150928,16.063,16.14,15.668,15.745,367280,0
20150929,15.812,15.918,15.302,15.312,524304,0
20150930,15.36,15.475,15.312,15.388,451094,0
20151001,15.36,15.6,15.331,15.542,306545,0
20151002,15.446,15.542,15.418,15.524,188787,0
20151005,15.6,15.764,15.542,15.639,181480,0
20151006,15.62,15.697,15.514,15.687,96471,0
20151007,15.735,16.014,15.735,15.947,119375,0
20151008,15.899,16.034,15.841,15.957,108827,0
20151009,15.966,16.034,15.803,15.88,104986,0
20151012,15.938,16.005,15.899,15.986,95547,0
20151013,15.86,15.976,15.784,15.832,72067,0
20151014,15.803,15.938,15.754,15.774,57945,0
20151015,15.812,15.986,15.764,15.918,101039,0
20151016,15.947,16.14,15.88,16.12,143304,0
20151019,16.092,16.198,16.092,16.169,110664,0
20151020,16.111,16.274,16.111,16.236,140708,0
20151021,16.246,16.294,16.005,16.024,152234,0
20151022,16.044,16.178,15.966,15.976,120561,0
20151023,15.986,16.178,15.986,16.13,147976,0
20151026,16.13,16.207,15.822,15.89,165422,0
20151027,15.803,15.86,15.581,15.687,152546,0
20151028,15.61,15.812,15.591,15.678,214851,0
20151029,15.658,15.832,15.639,15.764,143719,0
20151030,15.822,15.88,15.668,15.764,162929,0
20151102,15.812,16.024,15.764,16.005,163141,0
20151103,16.034,16.352,15.851,16.265,196575,0
20151104,16.265,16.313,16.169,16.284,163775,0
20151105,16.304,16.371,16.226,16.342,112566,0
20151106,16.371,16.448,16.236,16.419,151715,0
20151109,16.284,16.525,16.246,16.274,207202,0
20151110,16.169,16.361,16.149,16.207,157841,0
20151111,16.159,16.313,16.111,16.274,78402,0
20151112,16.14,16.207,16.014,16.111,112670,0
20151113,16.072,16.236,15.986,16.188,86086,0
20151116,16.13,16.371,16.12,16.332,89201,0
20151117,16.409,16.409,16.207,16.284,122847,0
20151118,16.39,16.39,16.207,16.352,135308,0
20151119,16.361,16.371,16.207,16.352,135619,0
20151120,16.371,16.448,16.313,16.4,134061,0
20151123,16.419,16.612,16.352,16.583,174560,0
20151124,16.525,16.64,16.448,16.631,141745,0
20151125,16.65,16.708,16.612,16.621,113085,0
20151127,16.698,16.708,16.621,16.698,45484,0
20151130,16.727,16.795,16.621,16.766,292215,0
20151201,16.698,16.852,16.698,16.823,224655,0
20151202,16.804,16.929,16.669,16.737,230588,0
20151203,16.814,16.852,16.496,16.506,187811,0
20151204,16.564,16.718,16.525,16.708,163137,0
20151207,16.689,16.795,16.458,16.766,275599,0
20151208,16.727,16.83,16.535,16.718,260788,0
20151209,16.786,16.825,16.492,16.521,252580,0
20151210,16.551,16.727,16.492,16.512,205183,0
20151211,16.502,16.6,16.227,16.296,205387,0
20151214,16.335,16.433,15.766,15.835,313121,0
20151215,15.933,16.286,15.933,16.217,355528,0
20151216,16.364,16.58,16.256,16.521,155340,0
20151217,16.58,16.619,16.482,16.521,109166,0
20151218,16.472,16.561,16.021,16.099,328619,0
20151221,16.188,16.462,16.188,16.423,306296,0
20151222,16.443,16.61,16.31,16.551,182621,0
20151223,16.649,16.904,16.462,16.561,194013,0
20151224,16.639,16.816,16.608,16.708,85566,0
20151228,16.6,16.661,16.384,16.453,125117,0
20151229,16.482,16.551,16.207,16.443,237300,0
20151230,16.453,16.566,16.384,16.531,119381,0
20151231,16.482,16.6,16.315,16.315,95142,0
20160104,16.207,16.57,16.207,16.502,93231,0
20160105,16.551,16.561,16.305,16.433,116671,0
20160106,16.404,16.678,16.364,16.6,110632,0
20160107,16.531,16.585,16.286,16.296,98902,0
20160108,16.345,16.512,16.188,16.188,79686,0
20160111,16.237,16.305,15.942,15.992,118984,0
20160112,16.011,16.016,15.717,15.952,247992,0
20160113,15.933,16.256,15.903,15.913,147579,0
20160114,15.884,15.962,15.727,15.727,252459,0
20160115,15.707,15.903,15.391,15.756,291223,0
20160119,15.933,15.952,15.383,15.472,184185,0
20160120,15.305,15.393,14.52,15.138,494898,0
20160121,15.109,15.511,15.109,15.324,136038,0
20160122,15.423,15.658,15.324,15.599,123479,0
20160125,15.491,15.55,15.256,15.275,142575,0
20160126,15.285,15.56,15.285,15.55,134588,0
20160127,15.54,15.776,15.442,15.609,132511,0
20160128,15.707,15.707,15.256,15.295,121113,0
20160129,15.383,15.521,15.202,15.246,207425,0
20160201,15.118,15.501,15.01,15.452,100534,0
20160202,15.285,15.366,15.11,15.187,138837,0
20160203,15.246,15.434,14.961,15.305,93612,0
20160204,15.285,15.432,14.962,15.285,68900,0
20160205,15.295,15.383,15.01,15.099,118769,0
20160208,14.961,15.472,14.873,15.089,120350,0
20160209,15.03,15.442,14.804,14.942,156337,0
20160210,14.942,15.472,14.844,15.138,174181,0
20160211,15.02,15.256,14.952,15.216,146603,0
20160212,15.295,15.382,15.099,15.315,139870,0
20160216,15.344,15.619,15.315,15.609,91614,0
20160217,15.697,15.864,15.582,15.736,146179,0
20160218,15.835,15.864,15.648,15.776,115965,0
20160219,15.668,15.903,15.648,15.835,87998,0
20160222,15.893,15.913,15.697,15.864,127910,0
20160223,15.736,16.139,15.609,15.795,147412,0
20160224,15.648,15.786,15.521,15.756,51578,0
20160225,15.687,16.037,15.687,16.031,422102,0
20160226,16.168,16.453,16.104,16.207,106122,0
20160229,16.266,16.462,16.041,16.355,141840,0
20160301,16.492,16.492,16.139,16.296,109414,0
20160302,16.247,16.639,16.188,16.59,156095,0
20160303,16.74,16.85,16.606,16.7,233162,0
20160304,16.87,16.95,16.7,16.73,133888,0
20160307,16.7,16.93,16.7,16.85,88196,0
20160308,16.75,17.14,16.68,16.86,182810,0
20160309,16.82,16.96,16.7,16.77,166916,0
20160310,16.75,16.89,16.74,16.87,87194,0
20160311,16.88,17.12,16.88,17.02,160238,0
20160314,17.04,17.1199,16.96,17.05,111004,0
20160315,16.98,17.23,16.98,17.15,180851,0
20160316,17.2,17.28,17.1,17.25,205194,0
20160317,17.23,17.38,17.2077,17.32,219020,0
20160318,17.36,17.38,17.17,17.24,149662,0
20160321,17.24,17.33,17.19,17.25,69576,0
20160322,17.2,17.27,17.14,17.26,83334,0
20160323,17.3,17.3,17.05,17.06,77063,0
20160324,17.16,17.23,16.92,17.21,94794,0
20160328,17.2,17.28,17.0598,17.16,118796,0
20160329,17.22,17.4,17.13,17.38,156988,0
20160330,17.46,17.46,17.25,17.25,139408,0
20160331,17.2,17.34,17.2,17.31,107131,0
20160401,17.31,17.409,17.28,17.4,65102,0
20160404,17.4,17.4,17.23,17.27,49654,0
20160405,17.24,17.32,17.16,17.19,48986,0
20160406,17.26,17.38,17.16,17.33,64533,0
20160407,17.35,17.35,17.14,17.21,77530,0
20160408,17.22,17.33,17.09,17.14,66585,0
20160411,17.15,17.4,17.15,17.25,77367,0
20160412,17.35,17.4,17.2,17.37,56376,0
20160413,17.47,17.47,17.35,17.41,85577,0
20160414,17.44,17.44,17.32,17.32,70396,0
20160415,17.28,17.49,17.25,17.4,81596,0
