Date,Open,High,Low,Close,Volume,OpenInt
20050225,9,9,8.8,8.8,4870,0
20050228,8.7,9,8.5,8.5,10967,0
20050301,9,9,8.4,8.7,3650,0
20050302,8.3,8.75,8.3,8.75,220,0
20050303,8.75,9.45,8.7,9.15,11900,0
20050307,8.55,9.25,8.55,9.25,1050,0
20050309,8.6,9.25,8.55,8.95,2550,0
20050310,8.5,8.7,8.5,8.7,2675,0
20050311,8.75,8.75,8.4,8.5,2140,0
20050314,8.45,8.5,8.4,8.4,2400,0
20050315,8.55,8.74,8.55,8.74,1699,0
20050316,8.3,8.6,8.3,8.6,1500,0
20050317,7.4,8.4,7.4,8.35,14337,0
20050318,8,8.1,7.49,7.5,15700,0
20050321,7.9,7.9,7.4,7.4,700,0
20050322,7.75,7.75,7.75,7.75,350,0
20050323,7.5,8,7.35,8,1300,0
20050324,7.95,7.95,7.95,7.95,350,0
20050328,7.26,7.9,7.26,7.9,500,0
20050329,7.3,7.9,7.3,7.9,200,0
20050330,7.42,7.88,7.42,7.85,2964,0
20050331,7.9,7.9,7.15,7.8,3900,0
20050401,7.4,7.4,7.4,7.4,150,0
20050404,7.3,7.75,7,7.75,24500,0
20050405,7.5,7.75,7.5,7.75,2250,0
20050406,7.7,7.7,7.6,7.6,2000,0
20050407,7.4,7.7,7.25,7.7,7100,0
20050408,7.25,7.6,7.25,7.6,1800,0
20050411,7.25,7.25,7.25,7.25,300,0
20050412,7.05,7.45,6.95,7.25,4180,0
20050413,7.25,7.3,7.2,7.3,1400,0
20050414,7.3,7.45,7.2,7.35,2010,0
20050415,7.25,7.5,7.25,7.5,600,0
20050418,7.5,7.5,6.75,6.9,16650,0
20050419,6.75,7.1,6.6,7.1,11531,0
20050420,6.9,7.55,6.9,7.2,1300,0
20050421,7.2,7.35,7.05,7.35,4300,0
20050422,7.35,7.95,7.35,7.5,6800,0
20050425,7.5,7.5,7.5,7.5,1100,0
20050426,7.4,8.85,7.4,8.35,5440,0
20050427,8.35,8.5,7.95,8.5,2475,0
20050428,8.5,8.75,7.8,8,4720,0
20050429,8,8.5,8,8.5,2200,0
20050502,8,8.7,8,8.6,3300,0
20050503,8.25,8.55,8.25,8.25,750,0
20050504,8.55,9,8,8.9,10750,0
20050505,8.95,8.95,8,8.95,4073,0
20050506,7.65,10,7.65,10,26452,0
20050509,9,9.51,9,9.25,3248,0
20050510,9.35,9.9,9,9.5,2810,0
20050513,8.25,9,8.25,9,1600,0
20050516,8.9,9,8.9,9,1000,0
20050517,9.6,9.6,7.99,8.5,7407,0
20050518,8,8.85,8,8.85,300,0
20050519,8.25,8.5,7.7,7.9,25100,0
20050520,7.85,8.25,7.85,8.25,3220,0
20050523,8,8.5,8,8.5,2200,0
20050524,7.65,9.3,7.65,9.3,14950,0
20050525,9.25,9.25,9.25,9.25,500,0
20050526,9.2,9.2,8.75,8.8,2025,0
20050527,9.2,9.25,8.4,9.25,585,0
20050531,8.25,9.25,8.25,9.25,320,0
20050601,8.75,9.3,8.7,9.3,1000,0
20050602,8.75,9.25,8.75,9.25,3530,0
20050603,8.75,9,8.75,9,2500,0
20050606,8.1,8.5,7.9,8,13690,0
20050607,8.5,8.8,8.25,8.7,2942,0
20050608,8.3,8.45,8.05,8.1,4000,0
20050609,8.1,8.2,8.1,8.2,312,0
20050610,8.15,8.5,8.15,8.5,3200,0
20050613,8.5,8.5,8.2,8.45,2200,0
20050614,8.35,8.5,8.35,8.5,437,0
20050615,8.35,8.5,8.35,8.5,200,0
20050617,8.5,8.5,8.5,8.5,400,0
20050620,8.5,8.5,8.5,8.5,1000,0
20050621,8.47,8.47,8.47,8.47,7000,0
20050622,8.45,8.45,8.25,8.25,3740,0
20050623,8.25,8.5,8.15,8.5,1250,0
20050627,8.5,8.5,8.5,8.5,500,0
20050628,8.1,8.49,8.1,8.49,1100,0
20050629,8.1,8.5,8.1,8.5,1530,0
20050630,8.1,8.5,8.1,8.5,1300,0
20050705,8.05,8.35,8,8.35,2500,0
20050706,8.1,8.5,8,8.5,1553,0
20050707,8.01,8.5,8.01,8.4,1420,0
20050708,8.1,8.45,8.05,8.45,3138,0
20050711,8,8.15,8,8.15,3460,0
20050712,8.05,8.15,8.05,8.1,6520,0
20050713,7.85,8.25,7.85,8.25,300,0
20050714,7.85,8.4,7.75,8.4,2450,0
20050715,7.85,8.24,7.85,8.24,1200,0
20050718,8,8.35,7.9,8.35,3600,0
20050719,8.4,8.5,8,8.4,4740,0
20050720,8.05,8.5,8.05,8.5,3600,0
20050721,8.35,8.35,8.2,8.2,2700,0
20050722,8.25,8.25,8.01,8.25,4500,0
20050725,8.25,8.55,8.25,8.5,7900,0
20050726,8.01,8.35,8.01,8.35,2500,0
20050727,8.5,8.6,8.05,8.6,400,0
20050728,8.55,8.55,8.55,8.55,900,0
20050729,8.18,8.85,8.18,8.5,13200,0
20050801,8.2,8.65,8.2,8.65,200,0
20050802,8.36,8.6,8.36,8.6,1950,0
20050803,8.55,9.1,8.55,9,20060,0
20050804,9,9.2,8.95,9.15,2700,0
20050805,8.95,8.95,8.95,8.95,815,0
20050808,8.75,8.95,8.7,8.95,2700,0
20050809,8.7,8.7,8.55,8.7,1800,0
20050810,8.6,8.8,8.6,8.8,1100,0
20050811,8.55,8.8,8.55,8.8,2300,0
20050812,8.9,8.97,8.8,8.97,6800,0
20050815,8.99,9,8.99,9,360,0
20050816,8.55,8.9,8.4,8.9,2100,0
20050818,8.4,8.9,8.4,8.9,1100,0
20050819,8.36,8.9,8.36,8.9,4325,0
20050822,8.1,8.25,8.05,8.25,2904,0
20050824,8.25,8.25,8.25,8.25,1000,0
20050825,8.7,8.9,8.7,8.85,2424,0
20050829,8.5,8.5,8.5,8.5,3650,0
20050830,8.25,8.5,8.25,8.5,1940,0
20050831,8.95,8.95,8.5,8.64,1426,0
20050901,8.6,8.61,8.6,8.6,7050,0
20050902,8.5,8.6,8.5,8.6,3725,0
20050906,8.6,8.6,8.5,8.6,1800,0
20050907,8.6,8.95,8.3,8.95,4640,0
20050908,8.9,8.95,8.8,8.9,4700,0
20050909,8.6,8.95,8.6,8.95,3700,0
20050912,8.95,8.95,8.95,8.95,1300,0
20050913,8.6,8.6,8.45,8.45,865,0
20050914,8.35,8.65,8.35,8.65,4600,0
20050915,8.4,8.4,8.4,8.4,2900,0
20050916,8.4,9,8.4,9,15056,0
20050921,8.25,8.25,8.25,8.25,1585,0
20050922,8.3,8.3,8.3,8.3,306,0
20050923,8.3,8.6,8.15,8.3,6927,0
20050926,8.15,8.4,8.15,8.4,1600,0
20050927,8.15,8.25,8.15,8.25,1200,0
20050928,8.6,8.6,8.25,8.55,1577,0
20050929,8.25,8.25,8.2,8.25,7712,0
20050930,8.4,8.4,8.15,8.15,5738,0
20051003,8.1,8.15,8,8.05,3800,0
20051004,8,8.05,7.9,8,13856,0
20051005,8,8,8,8,750,0
20051006,8,8,7.8,7.8,5000,0
20051007,7.85,7.85,7.8,7.8,4000,0
20051010,7.7,7.7,7.7,7.7,500,0
20051011,7.6,7.65,7.3,7.39,8680,0
20051012,7.3,7.3,6.2,6.25,38650,0
20051013,6.25,6.4,6.2,6.25,10300,0
20051014,6.35,6.65,6.25,6.45,9758,0
20051017,6.55,6.75,6.5,6.75,20900,0
20051018,6.8,6.8,6.8,6.8,1500,0
20051019,6.8,6.98,6.8,6.98,3800,0
20051020,6.99,7.12,6.99,7.05,1900,0
20051021,7.25,7.25,7.25,7.25,300,0
20051024,7,7,7,7,2135,0
20051025,7,7,7,7,5250,0
20051026,7.1,7.1,7.1,7.1,400,0
20051027,7.04,7.04,7.04,7.04,1040,0
20051028,7.04,7.4,7.04,7.4,4175,0
20051031,7.1,7.1,7.1,7.1,1786,0
20051102,7.15,7.5,7.15,7.2,570,0
20051104,7.25,7.25,7.25,7.25,217,0
20051107,7.26,7.26,7.26,7.26,820,0
20051108,7.26,7.26,7.26,7.26,200,0
20051111,7.26,7.35,7.26,7.35,2317,0
20051116,7.35,7.4,7.35,7.36,3009,0
20051117,7.36,7.5,7.36,7.5,3532,0
20051118,7.45,7.56,7.45,7.55,4062,0
20051122,7.55,7.65,7.52,7.65,1660,0
20051123,7.62,7.65,7.5,7.5,7249,0
20051125,7.59,7.59,7.59,7.59,1112,0
20051128,7.5,7.5,7.5,7.5,4620,0
20051129,7.45,7.45,7.45,7.45,4675,0
20051130,7.35,7.35,7.35,7.35,1604,0
20051201,7.35,7.35,7.35,7.35,1300,0
20051202,7.35,7.4,7.35,7.4,1385,0
20051206,7.35,7.35,7.1,7.2,4020,0
20051207,7.25,7.25,7.25,7.25,1330,0
20051208,7.25,7.25,7.25,7.25,5000,0
20051212,7.25,8.05,7.2,7.3,7700,0
20051213,7.3,7.3,7.18,7.18,2400,0
20051214,7.2,7.2,7.2,7.2,500,0
20051215,7.2,7.2,7.2,7.2,482,0
20051216,7.18,7.2,7.18,7.18,3482,0
20051219,7.18,7.18,7.18,7.18,1968,0
20051220,7.18,7.31,7.18,7.31,6076,0
20051221,7.31,7.4,7.18,7.37,7975,0
20051222,7.32,7.55,7.24,7.55,1180,0
20051223,7.27,7.27,7.27,7.27,250,0
20051227,7.5,7.75,7.5,7.57,9158,0
20051228,7.57,7.57,7.57,7.57,1000,0
20051229,7.68,8.25,7.57,7.75,19228,0
20051230,7.57,8.25,7.57,8.25,10679,0
20060103,8.05,8.05,7.9,8,6300,0
20060104,8.02,8.1,8.02,8.06,6160,0
20060105,8.12,8.12,8.1,8.1,15045,0
20060106,8.12,8.22,8.12,8.22,1050,0
20060109,8.16,8.25,8.15,8.25,13364,0
20060110,8.25,8.25,8.25,8.25,2500,0
20060111,8.22,8.25,8.22,8.22,6492,0
20060112,8.22,8.22,8.16,8.18,11989,0
20060113,8.18,8.18,8.18,8.18,710,0
20060117,8.18,8.2,8.18,8.2,1815,0
20060118,8.19,8.24,8.19,8.24,1500,0
20060119,8.18,8.25,8.18,8.25,4254,0
20060120,8.2,8.3,8,8.25,26397,0
20060123,8.3,9,8.2,8.5,29025,0
20060124,8.5,8.5,8.5,8.5,200,0
20060125,8.2,8.7,8.2,8.5,3988,0
20060126,8.2,9,8.2,8.5,2800,0
20060127,8.38,8.85,8.38,8.85,600,0
20060130,8.85,8.85,8.2,8.85,1600,0
20060201,8.35,8.5,8.35,8.35,1430,0
20060202,8.4,8.4,8.4,8.4,820,0
20060203,8.5,8.52,8.4,8.49,3950,0
20060206,8.32,8.32,8.1,8.15,1000,0
20060207,7.3,8.72,7.3,8.5,3900,0
20060208,8.72,9.2,8.72,8.85,45913,0
20060209,9,9,8.85,8.85,4800,0
20060210,8.95,8.95,8.85,8.85,1300,0
20060213,8.7,8.75,8.2,8.45,7417,0
20060214,8.6,8.65,8.55,8.55,2102,0
20060215,8.65,8.65,8.65,8.65,1000,0
20060216,8.75,8.75,8.75,8.75,7100,0
20060217,8.8,9.25,8.8,9,57667,0
20060221,8.8,9.05,8.8,9.05,4820,0
20060222,8.8,9.05,8.8,9.05,4100,0
20060223,9.1,9.1,9.02,9.1,6500,0
20060224,9,9,8.9,8.9,1500,0
20060227,9.05,9.05,9.05,9.05,500,0
20060301,8.9,8.9,8.75,8.8,6325,0
20060302,8.9,8.9,8.9,8.9,500,0
20060303,8.9,8.9,8.8,8.8,7000,0
20060306,8.87,8.9,8.75,8.75,4478,0
20060307,8.9,9,8.75,8.85,5500,0
20060308,8.9,9.15,8.9,9.1,4100,0
20060309,8.9,8.9,8.9,8.9,200,0
20060314,8.95,9.15,8.95,9.15,89800,0
20060315,9,9.1,9,9.09,50600,0
20060316,9.1,9.15,9.1,9.13,66624,0
20060317,9.15,9.25,9.15,9.25,42825,0
20060320,9.2,9.3,9.2,9.25,17440,0
20060321,9.3,9.3,9.2,9.25,12400,0
20060322,9.2,9.35,9.2,9.35,5230,0
20060323,9.35,9.5,9.35,9.5,17500,0
20060324,9.5,9.5,9.45,9.45,1814,0
20060327,9.4,9.5,9.4,9.5,11360,0
20060328,9.4,9.55,9.4,9.55,8000,0
20060329,9.55,10,9.55,9.9,12219,0
20060330,9.7,10,9.7,10,6450,0
20060331,10,10,9.74,9.75,9800,0
20060403,9.7,9.75,9.35,9.5,8786,0
20060404,9.5,9.5,9.5,9.5,2700,0
20060405,9.6,9.95,9.55,9.8,3260,0
20060406,9.7,9.7,9.65,9.7,6577,0
20060407,9.4,9.5,9.4,9.5,1404,0
20060410,9.55,9.55,9.55,9.55,230,0
20060411,9.55,9.7,9.55,9.7,1950,0
20060412,9.5,9.5,9.5,9.5,480,0
20060413,9.55,9.55,9.55,9.55,500,0
20060417,9.5,9.5,9.5,9.5,7600,0
20060418,9.5,9.5,9.5,9.5,4000,0
20060419,9.5,9.55,9.45,9.5,111400,0
20060420,9.5,9.5,9.45,9.5,25300,0
20060421,9.5,9.5,9.5,9.5,1000,0
20060425,9.45,9.45,9.43,9.45,5700,0
20060426,9.42,9.47,9.4,9.44,28898,0
20060428,9.3,9.3,9.3,9.3,3841,0
20060501,9.2,9.3,9.2,9.3,1950,0
20060502,9.08,9.3,9.08,9.3,7025,0
20060503,9.3,9.35,9.3,9.35,2000,0
20060504,9.35,9.35,9.35,9.35,9700,0
20060505,9.05,9.37,9.05,9.37,26700,0
20060508,9.25,9.25,9.25,9.25,555,0
20060509,9.4,9.51,9.25,9.35,13150,0
20060510,9.5,9.5,9.35,9.35,2000,0
20060512,9.25,9.25,9.25,9.25,1500,0
20060515,9.25,9.25,9.05,9.05,12190,0
20060517,9.25,9.25,9.05,9.15,4660,0
20060518,9.05,9.15,9.05,9.12,9893,0
20060519,9.12,9.12,9.12,9.12,100,0
20060522,9.15,9.15,9.12,9.12,4813,0
20060523,9.15,9.15,9.12,9.15,3329,0
20060524,9.12,9.25,9.12,9.25,4423,0
20060525,9.12,9.2,9.12,9.15,2005,0
20060530,9.15,9.21,9.15,9.21,475,0
20060531,9.25,9.35,9.25,9.25,15730,0
20060601,9.28,9.28,9.25,9.25,16300,0
20060602,9.25,9.4,9.2,9.25,38386,0
20060605,9.25,9.25,9.25,9.25,1000,0
20060606,9.25,9.25,9.25,9.25,5500,0
20060607,9.22,9.28,9.22,9.25,12980,0
20060608,9.25,9.27,9.2,9.2,33000,0
20060609,9.2,9.28,9.2,9.28,4800,0
20060613,9.2,9.25,9.2,9.2,1690,0
20060614,9.2,9.2,9.2,9.2,3000,0
20060615,9.2,9.28,9.2,9.28,44500,0
20060616,9.4,9.4,9.25,9.4,600,0
20060620,9.2,9.26,9.2,9.26,3675,0
20060621,9.2,9.3,9.2,9.3,5500,0
20060623,9.25,9.27,9.25,9.25,28800,0
20060626,9.25,9.44,9.22,9.44,39803,0
20060627,9.35,9.47,9.25,9.47,2200,0
20060628,9.25,9.25,9.25,9.25,380,0
20060629,9.3,9.35,9.25,9.35,2000,0
20060630,9.4,9.4,9.4,9.4,1000,0
20060703,9.3,9.3,9.3,9.3,1200,0
20060706,9.25,9.25,9.25,9.25,1900,0
20060707,9.25,9.25,9.25,9.25,18200,0
20060710,9.3,9.31,9.3,9.31,1500,0
20060711,9.25,9.25,9.25,9.25,222,0
20060712,9.25,9.25,9.25,9.25,500,0
20060713,9.25,9.35,9.2,9.35,15400,0
20060714,9.2,9.26,9.15,9.26,34850,0
20060717,9.2,9.35,9.15,9.35,5800,0
20060718,9.5,9.5,9.15,9.25,11900,0
20060719,9.15,9.28,9.15,9.28,5002,0
20060720,9.2,9.5,9.1,9.15,24650,0
20060721,9.3,9.3,9.25,9.25,2500,0
20060725,9.2,9.2,9.2,9.2,500,0
20060726,9.25,9.25,9.2,9.2,1200,0
20060727,9.2,9.25,9.2,9.25,1000,0
20060728,9.2,9.2,9.2,9.2,100,0
20060801,9.15,9.45,9.15,9.45,2139,0
20060802,9.25,9.3,9.25,9.3,1200,0
20060803,9.3,9.3,9.3,9.3,1500,0
20060807,9.25,9.3,9.25,9.3,2440,0
20060808,9.25,9.35,9.25,9.3,2060,0
20060809,9.25,9.45,9.25,9.45,18140,0
20060810,9.25,9.25,9.25,9.25,400,0
20060811,9.3,9.45,9.3,9.45,4100,0
20060814,9.35,9.35,9.35,9.35,100,0
20060815,9.3,9.3,9.25,9.3,3150,0
20060816,9.35,9.35,9.3,9.3,11738,0
20060818,9.25,9.25,9.25,9.25,300,0
20060821,9.25,9.25,9.25,9.25,2000,0
20060822,9.2,9.25,9.2,9.25,2400,0
20060823,9.25,9.25,9.25,9.25,300,0
20060825,9.2,9.2,9.2,9.2,326,0
20060828,9.25,9.25,9.22,9.25,4700,0
20060829,9.25,9.28,9.25,9.28,14575,0
20060830,9.25,9.25,9.25,9.25,1500,0
20060831,9.25,9.25,9.25,9.25,100,0
20060901,9.25,9.25,9.25,9.25,2200,0
20060905,9.25,9.3,9.25,9.25,1436,0
20060906,9.25,9.25,9.25,9.25,300,0
20060907,9.25,9.25,9.25,9.25,600,0
20060908,9.3,9.32,9.25,9.32,10700,0
20060911,9.25,9.3,9.25,9.25,2100,0
20060912,9.3,9.3,9.3,9.3,2573,0
20060913,9.25,9.25,9.25,9.25,399,0
20060914,9.25,9.32,9.25,9.32,19198,0
20060920,9.25,9.32,9.25,9.32,11800,0
20060921,9.25,9.3,9.25,9.3,1500,0
20060925,9.3,9.3,9.3,9.3,900,0
20060926,9.25,9.32,9.1,9.32,26644,0
20060927,9.2,9.2,9.2,9.2,1200,0
20060928,9.3,9.3,9.3,9.3,19200,0
20060929,9.25,9.25,9.25,9.25,1000,0
20061003,9.25,9.32,9.25,9.32,19785,0
20061004,9.2,9.3,9.2,9.2,15491,0
20061005,9.2,9.35,9.2,9.35,9900,0
20061006,9.25,9.4,9.25,9.4,1740,0
20061009,9.4,9.4,9.4,9.4,294,0
20061011,9.4,9.85,9.4,9.65,57426,0
20061013,9.75,9.75,9.6,9.75,7400,0
20061016,9.3,12,9.3,10.6,29152,0
20061017,12.85,12.85,10.6,10.99,30485,0
20061018,11.1,11.1,11.05,11.1,3580,0
20061019,10.85,10.85,10.85,10.85,200,0
20061020,10.71,10.71,10.35,10.4,4461,0
20061023,10.6,12.15,10.6,11.1,1720,0
20061024,11.25,11.5,11.15,11.35,4300,0
20061025,11.5,11.8,11.5,11.8,1400,0
20061026,12,12,11.64,11.65,3870,0
20061031,11.99,12.15,11.99,12.15,4475,0
20061101,12,12,11.8,11.8,1300,0
20061102,12.04,12.04,11.9,11.9,400,0
20061103,11.8,11.8,10.4,11,2050,0
20061106,11.33,11.33,11.33,11.33,200,0
20061107,10.4,10.5,10.4,10.5,2199,0
20061108,11,11,11,11,200,0
20061109,11,11,11,11,400,0
20061110,10.75,11.35,10.75,11.35,800,0
20061113,10.75,11.35,10.55,11.35,810,0
20061114,11,11,11,11,900,0
20061115,10.56,11.12,10.56,11.12,900,0
20061117,10.66,10.7,10.66,10.66,500,0
20061120,10.98,10.98,10.75,10.75,700,0
20061122,11,11,10.75,10.75,3100,0
20061124,10.75,10.75,10.7,10.75,4000,0
20061127,10.75,10.8,10.75,10.8,1400,0
20061129,10.85,10.9,10.85,10.9,748,0
20061130,11,11.25,11,11.15,8852,0
20061201,11.15,11.15,11.15,11.15,600,0
20061204,11.25,11.25,11,11,1000,0
20061205,11.1,11.15,11.1,11.15,1400,0
20061206,11.15,11.3,11.15,11.3,400,0
20061207,11.25,11.35,11.15,11.25,7500,0
20061208,11.2,11.28,11.07,11.26,21541,0
20061211,11.07,11.5,11.07,11.5,8800,0
20061213,11.3,11.5,11.3,11.5,2209,0
20061214,11.5,12,11.4,11.75,18654,0
20061215,11.07,11.51,11.07,11.5,1966,0
20061219,11.5,12,11.35,11.95,10450,0
20061220,11.56,11.6,11.5,11.5,1880,0
20061221,11.67,12,11.67,11.8,8680,0
20061222,12,12,12,12,200,0
20061226,11.76,11.8,11.04,11.8,1900,0
20061227,11.7,12.1,11.7,11.98,35990,0
20061228,12,12.2,12,12.2,7085,0
20061229,12.05,12.05,12.05,12.05,200,0
20070103,11.5,11.99,11.2,11.9,22525,0
20070105,11.7,11.9,11,11,17600,0
20070108,11.65,11.65,11.45,11.5,1900,0
20070109,11.75,11.75,11.75,11.75,400,0
20070110,11.7,11.95,11.55,11.95,16422,0
20070111,11.9,12,11.6,12,9202,0
20070112,11.95,11.95,11.95,11.95,400,0
20070116,11.8,11.8,11.8,11.8,200,0
20070117,11.85,12.05,11.85,12,1600,0
20070118,11.9,11.9,11.9,11.9,200,0
20070119,11.9,12.25,11.9,12.25,11500,0
20070122,12.05,12.05,12.05,12.05,1700,0
20070123,12,12.25,11.99,11.99,27400,0
20070125,11.95,11.95,11.85,11.85,13573,0
20070126,11.3,12.2,11.3,12.2,1150,0
20070129,11.8,11.97,11.3,11.95,15900,0
20070130,11.82,11.82,11.8,11.8,2200,0
20070131,11.89,12.2,11.89,12.1,9700,0
20070201,12,12.2,11.9,12.2,700,0
20070205,11.76,11.76,11.76,11.76,200,0
20070206,11.72,12,11.72,11.9,10250,0
20070207,11.75,11.75,10.45,10.5,6865,0
20070208,10.5,11.8,10.5,11.8,7950,0
20070209,11.59,11.59,11.59,11.59,300,0
20070212,11.26,11.48,11.12,11.4,16900,0
20070213,11.4,11.48,11.4,11.45,35600,0
20070215,11.06,11.06,11.06,11.06,195,0
20070216,11.05,11.05,11.05,11.05,122,0
20070220,11.39,11.39,10.5,10.5,3100,0
20070221,10.65,10.65,10.65,10.65,200,0
20070222,10.55,10.99,10.5,10.56,1900,0
20070223,10.75,10.75,10.5,10.5,2300,0
20070226,10.5,10.55,10.5,10.55,10750,0
20070227,10.5,10.5,10.5,10.5,2600,0
20070228,10.5,10.74,10.5,10.74,1900,0
20070301,10.65,10.65,10.5,10.5,4800,0
20070302,10.5,10.5,10.38,10.38,48400,0
20070305,10.35,10.35,10.1,10.1,7785,0
20070307,10.05,10.05,9.82,9.82,7360,0
20070308,10.01,10.01,10.01,10.01,200,0
20070309,10,10,10,10,100,0
20070312,9.85,10.02,9.82,10.02,1625,0
20070315,9.85,9.85,9.82,9.82,5535,0
20070316,9.82,9.82,9.82,9.82,4700,0
20070319,9.9,9.9,9.85,9.85,2000,0
20070320,9.86,9.86,9.86,9.86,500,0
20070321,9.88,9.88,9.85,9.85,2500,0
20070322,9.85,9.89,9,9.75,34250,0
20070323,9.34,9.35,9.34,9.35,700,0
20070326,9.35,9.5,9,9.25,3875,0
20070327,9.3,9.3,9.3,9.3,200,0
20070405,9,9.2,9,9.2,330,0
20070410,9.2,9.2,9.15,9.15,626,0
20070412,9.1,9.1,9.1,9.1,577,0
20070413,9.1,9.1,9,9.02,2458,0
20070416,9.02,9.02,9,9,1500,0
20070417,9.02,9.02,9,9,2775,0
20070418,9,9.25,9,9.25,17210,0
20070419,9.25,9.25,9.1,9.1,1100,0
20070420,9.15,9.2,9.15,9.2,800,0
20070423,9.05,9.05,9.05,9.05,450,0
20070424,9.05,9.15,9.05,9.15,6300,0
20070426,9.05,9.05,9.05,9.05,1600,0
20070427,9.5,9.5,9.5,9.5,100,0
20070430,9.05,9.5,9.05,9.49,1760,0
20070502,9.1,9.1,9.1,9.1,1200,0
20070503,9.2,9.5,9.05,9.05,6705,0
20070504,9.05,9.5,9.05,9.5,200,0
20070507,9.49,10,9.49,10,3050,0
20070508,9.6,10,9.05,9.5,3345,0
20070509,9.25,9.25,9.25,9.25,250,0
20070510,9.5,9.5,9.15,9.15,718,0
20070511,9.6,9.6,9.6,9.6,300,0
20070514,9.15,9.7,9.15,9.7,1065,0
20070515,9.7,9.9,9.5,9.9,6783,0
20070516,9.55,9.9,9.55,9.9,1320,0
20070517,9.75,9.75,9.6,9.7,5175,0
20070518,9.6,9.95,9.6,9.95,700,0
20070521,9.85,9.97,9.36,9.5,2380,0
20070522,9.95,9.95,9.36,9.65,1751,0
20070523,9.4,9.41,9,9,56461,0
20070525,9.05,9.05,9,9,5750,0
20070529,9.15,9.25,9.1,9.2,10916,0
20070530,9.2,9.3,9.2,9.25,4100,0
20070531,9.25,9.3,9.25,9.25,5505,0
20070601,9.3,9.3,9.3,9.3,3220,0
20070604,9.4,9.5,9.35,9.5,10795,0
20070606,9.42,9.6,9.35,9.35,3397,0
20070607,9.15,9.4,9.15,9.4,280,0
20070608,9.45,9.45,9.45,9.45,200,0
20070611,9.35,9.35,9.05,9.1,30538,0
20070612,9.1,9.1,9.1,9.1,235,0
20070613,9.1,9.15,9.1,9.1,2240,0
20070614,9.17,9.17,9.17,9.17,1140,0
20070615,9.1,9.17,9,9.17,2800,0
20070618,9.15,9.15,9,9,2000,0
20070619,9.15,9.27,9,9.27,6900,0
20070620,9.5,11,9.5,10.31,10760,0
20070621,10.38,10.38,10.25,10.25,800,0
20070622,10.24,10.45,9,9.1,14139,0
20070625,9.15,9.35,9.15,9.35,2990,0
20070626,10.25,10.25,9.8,9.8,300,0
20070627,9.5,9.5,9.1,9.5,5300,0
20070628,9.25,9.25,9.25,9.25,1500,0
20070629,9.2,9.3,9.2,9.3,12300,0
20070702,9.5,9.5,9.5,9.5,200,0
20070705,9.48,9.48,9.48,9.48,300,0
20070706,9.15,9.15,9.15,9.15,970,0
20070709,9.3,9.3,9.15,9.15,1600,0
20070710,9.15,9.2,9.15,9.2,1394,0
20070711,9.17,9.35,9.17,9.35,3200,0
20070712,9.35,9.35,9,9.35,5779,0
20070713,9.4,9.4,9.2,9.4,6950,0
20070717,9.4,9.4,9.25,9.25,1100,0
20070719,9.35,9.45,9.32,9.45,8280,0
20070720,9.5,9.7,9,9.7,5587,0
20070723,9.85,10,9.75,10,5700,0
20070724,9.75,10.09,9.75,10.09,995,0
20070725,10,10,9.75,10,2100,0
20070726,9.85,9.95,9.85,9.95,2500,0
20070727,9.85,9.85,9.85,9.85,2000,0
20070730,9.85,9.95,9.85,9.85,2000,0
20070731,9.85,9.86,9.85,9.85,1430,0
20070801,9.85,10.04,9.85,10.04,700,0
20070803,9.85,9.85,9.85,9.85,600,0
20070806,9.95,9.95,9.95,9.95,2200,0
20070809,9.95,9.95,9.85,9.85,3552,0
20070810,10.04,10.1,10.04,10.1,400,0
20070813,10.04,10.25,10.04,10.1,2385,0
20070814,10,10.05,10,10.05,400,0
20070815,10.05,10.05,9.85,10.04,1200,0
20070816,9.85,9.85,9.65,9.65,4535,0
20070817,9.3,9.65,9.3,9.5,1265,0
20070823,9.8,9.9,9.8,9.9,5500,0
20070824,9.8,10,9.8,10,22700,0
20070827,9.9,10,9.9,10,8000,0
20070828,10,10,10,10,908,0
20070829,9.75,9.75,9.75,9.75,292,0
20070830,9.98,10,9.75,9.75,1100,0
20070831,10,10,9.95,9.98,22508,0
20070904,9.9,10,9.9,10,2950,0
20070905,10,10,9.98,9.98,2262,0
20070906,9.9,10,9.5,10,1210,0
20070910,9.65,9.65,9.65,9.65,1200,0
20070912,9.65,9.65,9.6,9.6,453,0
20070913,9.65,9.65,9.65,9.65,100,0
20070917,9.7,9.7,9.7,9.7,1299,0
20070918,9.7,10,9.7,10,2300,0
20070919,9.6,9.6,9.6,9.6,100,0
20070920,9.65,9.65,9.6,9.6,1650,0
20070924,9.8,9.8,9.8,9.8,1200,0
20070925,9.8,9.8,9.8,9.8,1000,0
20070927,9.8,9.8,9.8,9.8,3505,0
20070928,9.9,9.9,9.9,9.9,271,0
20071002,9.5,10,9.5,10,4941,0
20071003,9.7,9.9,9.7,9.9,1450,0
20071005,9.98,10.25,9.98,10,5900,0
20071008,9.95,9.95,9.95,9.95,700,0
20071009,9.95,9.95,9.95,9.95,100,0
20071011,9.8,9.85,9.75,9.8,1800,0
20071012,9.8,9.9,9.8,9.8,2260,0
20071015,9.6,9.75,9.6,9.65,11000,0
20071016,9.7,9.95,9.5,9.95,8033,0
20071017,9.99,10,9.7,9.7,2956,0
20071019,10.1,10.1,9.85,9.85,1600,0
20071022,9.55,9.99,9.55,9.99,1171,0
20071023,9.65,9.65,9.65,9.65,200,0
20071024,9.6,9.6,9.6,9.6,143,0
20071025,9.7,9.7,9.7,9.7,1100,0
20071026,9.51,9.51,9.4,9.45,8567,0
20071029,9.5,9.9,9.5,9.9,4925,0
20071031,9.6,9.6,8.5,9.35,17400,0
20071101,9.88,9.88,9.41,9.41,1600,0
20071102,9.45,9.75,9.45,9.75,1700,0
20071105,9.75,9.75,9.75,9.75,2200,0
20071106,9.8,9.8,9.8,9.8,2000,0
20071108,9,9.11,9,9.1,789,0
20071112,9.15,9.15,9.15,9.15,600,0
20071113,9.32,9.4,9.32,9.4,3075,0
20071115,9.25,9.25,9.05,9.05,2407,0
20071119,9.05,9.05,8.8,8.8,666,0
20071120,8.9,9,8.9,8.9,3945,0
20071121,9.2,9.4,9.2,9.4,4800,0
20071127,9,9.2,9,9.2,1900,0
20071128,9.4,9.4,9.15,9.15,1400,0
20071129,9.1,9.15,9.1,9.15,700,0
20071130,9.3,9.3,9.3,9.3,800,0
20071204,9.1,9.25,9.05,9.25,800,0
20071205,9,9.1,9,9.1,1800,0
20071206,9.05,9.2,9,9.2,3600,0
20071207,9.05,9.05,9,9,5400,0
20071210,9,9.3,9,9,3500,0
20071211,8.95,8.95,8.95,8.95,400,0
20071212,9,9.2,9,9.2,1157,0
20071213,9.2,9.2,9.2,9.2,1500,0
20071214,9,9.2,9,9.2,1800,0
20071217,9.35,9.35,9.35,9.35,1000,0
20071218,9.35,9.65,9.2,9.65,6800,0
20071219,9.05,9.7,9.05,9.7,5000,0
20071220,10.25,10.29,9.7,9.95,23478,0
20071221,9.99,10.25,9.65,10,2487,0
20071226,9.95,10,9.6,9.85,6600,0
20071227,9.6,10.2,9.57,10.14,8800,0
20071228,10.25,10.5,10,10,15190,0
20071231,10.25,10.35,10.05,10.25,6000,0
20080102,10.34,10.35,10.34,10.35,2280,0
20080103,10.1,10.25,9.75,10.25,2910,0
20080104,10,10.25,10,10.05,300,0
20080107,9.7,10,9.7,9.95,6422,0
20080108,9.95,10,9.46,10,7181,0
20080109,9.95,10.01,9.95,10,12132,0
20080110,10.01,10.09,10.01,10.09,5064,0
20080111,10.1,10.25,9.61,10.25,2450,0
20080114,10.07,10.07,9.75,9.75,1369,0
20080115,10,10,9.9,9.9,5700,0
20080116,10,10,10,10,1900,0
20080117,9.75,10.1,9.75,10,3387,0
20080118,10.05,10.05,9.9,9.9,5639,0
20080122,9.95,10.25,9.95,10.25,9000,0
20080123,10.25,10.5,10,10.25,20860,0
20080124,10.5,10.5,10.25,10.25,550,0
20080125,10.35,10.35,10.31,10.31,5450,0
20080128,10.25,10.25,10.25,10.25,1575,0
20080129,10.25,10.25,10.2,10.24,2675,0
20080130,10.25,10.25,10.21,10.21,2000,0
20080131,10.25,10.25,10.2,10.2,5536,0
20080204,10.25,10.5,10.25,10.5,7983,0
20080205,10.1,10.32,10.1,10.32,200,0
20080206,10.35,11,10.35,11,8099,0
20080207,11.24,11.25,10.75,11.2,8527,0
20080208,11.4,11.95,11.25,11.95,8664,0
20080211,12,13.5,11,13.13,31876,0
20080212,12.82,14.77,12.82,14.5,76409,0
20080213,14.7,14.9,14,14.5,57544,0
20080214,14.5,14.5,13.85,14.5,14445,0
20080215,14.5,14.5,13.98,14.06,7085,0
20080219,13.86,15.95,13.86,14.89,61927,0
20080220,14.99,14.99,14.15,14.45,18565,0
20080221,14.75,14.75,14.15,14.5,8941,0
20080222,14.49,14.8,14.49,14.8,15182,0
20080225,14.65,16.69,14.63,16.25,42323,0
20080226,16.4,18.95,16.4,17.75,87247,0
20080227,18.38,19.48,17.15,18.69,58029,0
20080228,18.5,19.18,17.5,18.84,56638,0
20080229,18.53,18.6,18,18,19779,0
20080303,18.35,18.35,17.25,17.29,22312,0
20080304,17.77,17.77,16.85,17.5,15233,0
20080305,17.25,20.3,16.85,19.77,111819,0
20080306,20.3,20.97,19.01,19.84,90006,0
20080307,20.2,20.25,17.6,19.04,81686,0
20080310,19.74,19.74,18.22,18.89,49323,0
20080311,19.1,19.98,17.91,18.1,45496,0
20080312,18.74,18.74,17.74,17.99,17638,0
20080313,17.9,18.75,17.77,18.25,12528,0
20080314,18.74,18.88,16.02,17,56210,0
20080317,15.31,16.2,14.95,15.63,71101,0
20080318,16.2,18,16.15,17.49,28311,0
20080319,17.61,17.95,16.62,17,14323,0
20080320,16.15,17.5,15,16.1,9618,0
20080324,16.1,16.99,16.1,16.71,9945,0
20080325,15.98,19.88,15.98,19.15,92593,0
20080326,19.25,19.25,16.51,17.9,35935,0
20080327,17.61,18,17.02,17.46,11157,0
20080328,17.43,17.64,16.85,17.39,4485,0
20080331,17.96,17.96,16.58,17.21,7914,0
20080401,17.19,17.21,16.66,17.1,7104,0
20080402,16.54,17.65,16.52,17.15,13597,0
20080403,17.34,17.34,16.77,16.92,6294,0
20080404,16.9,19.24,16.9,18.7,71768,0
20080407,19.73,21.7,19.54,21.35,197714,0
20080408,21.51,23.5,21.26,23.25,88121,0
20080409,23.69,23.69,21.62,22.4,49450,0
20080410,22.77,22.77,21.11,21.98,39724,0
20080411,22,23.85,22,23.54,70131,0
20080414,24.18,25.8,22.7,25.8,122233,0
20080415,26.2,26.8,25.2,26.12,73146,0
20080416,26.63,26.68,24.9,25.83,67363,0
20080417,25.83,26,24.75,25.4,27216,0
20080418,25.5,28.4,25.5,27.8,110719,0
20080421,29,30.75,27.9,30.28,165756,0
20080422,31.14,31.14,28.47,29.67,88387,0
20080423,30,30.5,27.53,27.98,107011,0
20080424,28.27,28.27,24.25,24.45,124772,0
20080425,24.77,27.5,24.48,27.38,113986,0
20080428,28.2,29.3,27,28.91,176671,0
20080429,27.48,27.99,25.01,26.69,131632,0
20080430,25.37,27.35,25.37,26.33,34997,0
20080501,26.87,27.95,25.57,27.68,131822,0
20080502,27.82,30.45,27,29.95,208947,0
20080505,30.35,30.35,28.73,30.1,220668,0
20080506,30.08,30.08,28.31,29.71,130065,0
20080507,28.75,32,28.59,31.56,358258,0
20080508,32,32.88,31.01,32.29,148973,0
20080509,32.43,32.43,31.01,31.85,107988,0
20080512,24.88,24.89,19.19,19.48,1240459,0
20080513,18.03,19,17,17.6,699620,0
20080514,17.71,18.87,17.41,17.6,258978,0
20080515,17.79,17.81,17.01,17.19,146388,0
20080516,17.19,17.3,15.51,16.18,260066,0
20080519,16.55,16.55,15.42,15.46,152949,0
20080520,15.96,15.96,15.04,15.77,115227,0
20080521,15.68,15.85,14.75,14.81,96447,0
20080522,14.63,14.95,13.67,13.72,132933,0
20080523,13.65,15.23,12.83,14.62,286006,0
20080527,14.53,14.69,14.1,14.43,66725,0
20080528,14.5,14.99,14.25,14.5,53152,0
20080529,14.24,14.74,13.85,13.86,44797,0
20080530,13.86,14.68,13.28,14.36,66568,0
20080602,14.52,14.96,13.84,14.16,82119,0
20080603,14.07,14.55,13.65,13.68,34828,0
20080604,13.75,14.05,13.4,13.76,50988,0
20080605,13.83,14.25,13.83,13.92,29947,0
20080606,13.98,14.15,13.75,13.81,20337,0
20080609,14,14.01,12.65,12.82,96618,0
20080610,12.59,13.37,12.59,13.25,42405,0
20080611,13.25,13.5,12.97,13.02,59366,0
20080612,12.98,13.54,12.9,12.92,42565,0
20080613,12.94,13.39,12.94,13,18194,0
20080616,12.89,13.38,12.86,13.11,22355,0
20080617,13.08,13.87,12.95,13.2,50816,0
20080618,13.2,13.21,12.88,12.88,36040,0
20080619,12.99,13.12,12.83,12.98,32148,0
20080620,13.04,13.05,12.61,13.04,29567,0
20080623,13.1,13.32,12.87,13.15,24360,0
20080624,13.02,13.14,12.61,12.63,23856,0
20080625,12.63,12.72,11.87,11.98,30217,0
20080626,12.05,12.07,11.18,11.87,28830,0
20080627,12.04,12.04,11.24,11.4,18256,0
20080630,11.3,11.3,10.38,10.44,54983,0
20080701,10.31,10.39,9.71,10.21,35016,0
20080702,10.21,10.21,9.76,9.77,23283,0
20080703,9.7,9.7,8.95,8.96,50680,0
20080707,8.94,10,8.88,9.75,54169,0
20080708,10.18,10.18,9.08,9.97,47264,0
20080709,9.93,10.25,9.72,9.82,23111,0
20080710,9.99,9.99,9.26,9.8,31389,0
20080711,9.5,9.63,8.86,9.05,44312,0
20080714,9.04,9.49,9.04,9.17,25835,0
20080715,9.13,9.4,9.06,9.38,10743,0
20080716,9.34,9.49,9.28,9.48,20534,0
20080717,9.83,12.2,9.73,12.03,131870,0
20080718,12.44,15.3,12.44,15.15,330525,0
20080721,15.38,15.8,15.16,15.36,176721,0
20080722,15.3,15.3,12,12.23,279026,0
20080723,13.27,14.5,12.35,14.3,182774,0
20080724,13.86,14,11.19,11.47,202660,0
20080725,10.35,10.83,9.69,10.1,148940,0
20080728,9.94,11.64,9.89,11.3,100673,0
20080729,11.11,11.28,10.76,10.97,44270,0
20080730,11.01,11.56,10.96,11.53,22146,0
20080731,11.4,11.4,10.89,11.03,17437,0
20080801,10.57,10.91,10.3,10.53,13629,0
20080804,10.62,11,10.35,10.39,20648,0
20080805,10.33,10.69,10.01,10.21,16670,0
20080806,10.42,10.99,10.01,10.7,16448,0
20080807,10.51,10.53,10.07,10.27,6510,0
20080808,10.43,10.43,9.78,10.1,22782,0
20080811,10.11,10.13,9.76,10.06,14439,0
20080812,10.08,10.08,9.83,9.96,17608,0
20080813,9.87,9.9,9.75,9.8,24225,0
20080814,9.76,10.19,9.76,10,19297,0
20080815,10,10.15,9.92,9.97,13574,0
20080818,9.95,10.05,9.75,9.75,18834,0
20080819,9.84,9.85,9.51,9.53,14861,0
20080820,9.52,9.59,9.04,9.17,24312,0
20080821,9.03,9.18,8.81,8.9,26427,0
20080822,9.08,9.2,8.97,9.14,14177,0
20080825,9.13,9.17,8.76,8.91,10595,0
20080826,8.84,8.96,8.75,8.83,2560,0
20080827,8.79,9.12,8.79,9.03,17642,0
20080828,9.05,9.76,9,9.6,43630,0
20080829,9.6,9.6,9.15,9.54,15355,0
20080902,9.56,9.56,9.18,9.2,7370,0
20080903,9.1,9.4,9.1,9.29,7000,0
20080904,9.07,9.1,8.81,8.81,18020,0
20080905,8.77,8.81,8.42,8.78,25822,0
20080908,8.95,8.95,8.41,8.48,15397,0
20080909,8.46,8.79,8.43,8.71,37392,0
20080910,8.69,8.81,8.42,8.76,35479,0
20080911,9.01,9.12,8.41,8.44,26042,0
20080912,8.6,8.6,8.36,8.51,15142,0
20080915,8.34,8.78,8.27,8.6,25725,0
20080916,8.57,8.67,8.15,8.56,22773,0
20080917,8.41,8.44,7.84,8.01,41573,0
20080918,8.01,8.89,7.83,8.08,13442,0
20080919,8.14,8.47,8.14,8.44,8329,0
20080922,8.26,8.48,8.25,8.46,4595,0
20080923,8.2,8.3,8.2,8.28,3969,0
20080924,8.25,8.31,8.25,8.25,7340,0
20080925,8.21,8.22,8.1,8.1,12181,0
20080926,8.1,8.15,8,8.01,19263,0
20080929,8,8.02,7.85,8,45287,0
20080930,8.38,8.38,7.99,8.08,16500,0
20081001,8,8.34,7.85,7.88,14799,0
20081002,7.76,7.89,7.5,7.54,20794,0
20081003,7.27,7.45,7.1,7.3,35823,0
20081006,7.25,7.28,6.6,6.65,22837,0
20081007,6.42,6.72,6.37,6.37,17084,0
20081008,6.37,6.5,5.54,5.59,53466,0
20081009,5.84,5.84,5,5,48656,0
20081010,5,5.1,4.81,5.01,46535,0
20081013,5.84,5.84,5.37,5.66,8680,0
20081014,5.9,6,5.74,5.86,14910,0
20081015,5.84,5.84,5.43,5.48,20850,0
20081016,6.11,6.11,5.49,5.56,12729,0
20081017,5.41,5.74,5.25,5.25,25610,0
20081020,5.48,5.79,5.28,5.79,17499,0
20081021,5.52,5.79,5.52,5.56,8174,0
20081022,5.54,5.79,5.4,5.43,12433,0
20081023,5.45,5.8,5.35,5.44,32128,0
20081024,5.26,5.8,5.26,5.49,7225,0
20081027,5.74,5.8,5.29,5.78,6322,0
20081028,5.79,5.91,5.66,5.83,6499,0
20081029,5.9,6,5.85,5.98,5145,0
20081030,6.19,6.36,6.18,6.18,5650,0
20081031,6.29,6.42,6.1,6.25,3140,0
20081103,6.21,6.59,6.1,6.5,8848,0
20081104,6.77,7.77,6.77,7.55,27909,0
20081105,7.69,8.14,7.61,8.01,18222,0
20081106,7.85,8.01,7.59,7.6,17900,0
20081107,7.7,8.2,7.61,7.68,18378,0
20081110,7.67,7.76,7.07,7.15,11650,0
20081111,7.24,7.24,6.3,6.77,12058,0
20081112,6.81,6.81,5.97,6.32,18193,0
20081113,6.43,6.64,6.03,6.25,9868,0
20081114,6.39,6.7,6.26,6.48,31354,0
20081117,6.46,6.96,6.1,6.35,12012,0
20081118,6.38,6.53,6.25,6.36,5815,0
20081119,6.45,6.56,6,6.01,8230,0
20081120,6.24,6.25,6.01,6.04,9144,0
20081121,6.25,6.25,6,6.11,5780,0
20081124,6.4,6.74,6.4,6.74,9405,0
20081125,6.63,6.77,6.59,6.66,5530,0
20081126,6.46,6.96,6.25,6.94,8180,0
20081128,7,7,6.99,7,3532,0
20081201,7.2,7.32,7.18,7.2,4875,0
20081202,7.17,7.17,6.82,6.96,2988,0
20081203,7.11,7.11,6.96,6.96,3000,0
20081204,6.4,7.2,6.4,7.14,2500,0
20081205,7.13,7.18,6.64,7.06,6792,0
20081208,7.25,8.73,7.25,8.18,27836,0
20081209,8.62,8.62,7.71,8.41,17054,0
20081210,8.49,8.5,8.1,8.1,8295,0
20081211,8.13,8.13,7.52,7.68,9500,0
20081212,7.34,7.7,7,7.66,19083,0
20081215,7.15,7.99,7.15,7.75,8959,0
20081216,7.75,8,7.75,7.98,17708,0
20081217,8.12,8.4,7.6,7.76,22465,0
20081218,7.9,8,7.8,7.95,28342,0
20081219,7.94,7.95,7.8,7.82,16489,0
20081222,7,7.49,7,7.22,29105,0
20081223,7.01,7.07,6.57,6.91,20004,0
20081224,7.36,7.36,7,7.01,1550,0
20081226,7.01,7.35,7,7.03,10469,0
20081229,7.23,7.23,6.98,7.1,11864,0
20081230,7.12,7.25,7.05,7.08,9554,0
20081231,6.98,7.19,6.66,6.99,11952,0
20090102,7.18,7.24,7.18,7.24,3426,0
20090105,7.39,7.71,7.35,7.5,13522,0
20090106,7.58,8.02,7.5,8,27695,0
20090107,8.11,8.2,8.05,8.11,18468,0
20090108,8.01,8.13,7.82,8.11,11920,0
20090109,8.11,8.2,8.11,8.12,13200,0
20090112,8.15,8.15,7.72,7.72,17764,0
20090113,7.61,7.66,7.6,7.66,2965,0
20090114,7.79,7.79,7.26,7.4,12090,0
20090115,7.5,7.94,7.25,7.71,6710,0
20090116,8.08,8.15,7.36,7.36,21914,0
20090120,7.96,8.01,7.65,7.97,19649,0
20090121,7.95,8.02,7.91,8.02,10337,0
20090122,8,8.3,7.82,8.2,20578,0
20090123,7.76,7.94,7.76,7.84,5948,0
20090126,8.03,8.19,7.95,7.95,3600,0
20090127,7.95,8.19,7.95,8.01,4766,0
20090128,8.01,8.02,7.95,7.98,5975,0
20090129,8.1,8.18,7.91,8,8000,0
20090130,8,8,7.91,7.92,4900,0
20090202,8.17,8.17,7.97,8,3471,0
20090203,8.04,8.13,8.04,8.09,1900,0
20090204,7.98,7.99,7.95,7.95,2647,0
20090205,8.01,8.44,7.96,8.26,8299,0
20090206,8.5,8.5,8,8.02,21234,0
20090209,8,8.06,7.91,7.99,7019,0
20090210,8,8,7.83,7.83,8781,0
20090211,7.95,8.06,7.55,8.06,13833,0
20090212,7.88,7.88,7.65,7.79,7286,0
20090213,7.7,7.85,7.43,7.76,10152,0
20090217,7.79,7.79,7.4,7.4,1700,0
20090218,7.42,7.73,7,7,5633,0
20090219,6.95,6.95,6.34,6.34,15264,0
20090220,6.27,6.57,5.78,6.27,16188,0
20090223,6.15,6.25,6,6.07,6556,0
20090224,6.16,6.17,5.6,6.16,37193,0
20090225,6.1,6.1,6,6.1,5300,0
20090226,6.1,6.53,5.75,6.43,11297,0
20090227,5.98,6.47,5.98,6.39,5153,0
20090302,6.15,6.24,5.92,6.06,9793,0
20090303,6.19,6.19,5.89,5.94,6768,0
20090304,5.92,6.03,5.88,6,5797,0
20090305,5.85,5.85,5.83,5.83,6015,0
20090306,5.85,5.95,5.85,5.95,6665,0
20090309,5.88,5.89,5.85,5.88,10100,0
20090310,5.82,6.09,5.82,6.01,9623,0
20090311,6,6,5.81,5.81,12196,0
20090312,5.82,6.88,5.82,6.29,42700,0
20090313,6.55,6.77,5.99,6.56,9579,0
20090316,6.78,6.82,6.01,6.34,5710,0
20090317,6.49,6.81,6.49,6.81,3100,0
20090318,6.8,6.83,6.11,6.31,10704,0
20090319,6.35,6.66,6.32,6.46,6728,0
20090320,6.5,6.53,6.28,6.32,7311,0
20090323,6.59,6.59,6.31,6.39,9077,0
20090324,6.22,6.59,6.17,6.31,26209,0
20090325,6.39,6.98,6.33,6.56,3077,0
20090326,6.52,6.97,6.31,6.97,3909,0
20090327,6.72,7.32,6.72,7.31,18792,0
20090330,6.67,6.89,6.64,6.89,2926,0
20090331,6.86,6.86,6.78,6.78,800,0
20090401,6.74,7.15,6.71,6.83,3798,0
20090402,6.79,7.2,6.79,7.16,2600,0
20090403,7,7.32,7,7.22,4003,0
20090406,7.31,7.32,6.76,6.82,23095,0
20090407,6.78,6.82,6.45,6.68,5625,0
20090408,6.7,6.89,6.25,6.8,17224,0
20090409,6.85,7.18,6.85,7.06,4400,0
20090413,7.15,7.15,6.6,7,8224,0
20090414,7.17,7.24,6.87,7.24,14438,0
20090415,6.94,7.09,6.93,7.08,3700,0
20090416,7.08,7.1,6.89,7.1,4684,0
20090417,7,7.1,7,7.05,7300,0
20090420,7.05,7.05,6.87,6.87,7854,0
20090421,6.76,7.1,6.73,7.05,12099,0
20090422,7.31,8.07,7.26,7.55,7221,0
20090423,7.37,7.95,7.35,7.49,5992,0
20090424,7.98,7.98,7.55,7.55,5000,0
20090427,7.6,8,7.55,7.88,10966,0
20090428,7.81,7.81,7.52,7.52,7418,0
20090429,7.5,7.91,7.34,7.83,10600,0
20090430,7.82,8.48,7.8,8.34,29785,0
20090501,8.25,8.45,8.22,8.22,19554,0
20090504,8.23,8.6,8.23,8.57,19368,0
20090505,8.69,8.7,7.76,8.44,29067,0
20090506,8.49,8.49,8.01,8.2,8027,0
20090507,8.09,8.21,7.77,7.77,14666,0
20090508,7.82,8.12,7.82,7.95,7206,0
20090511,8.02,8.2,7.96,8.01,15827,0
20090512,7.8,8.04,7.67,7.88,31304,0
20090513,7.81,7.84,7.02,7.41,18747,0
20090514,7.46,7.72,7.43,7.46,2872,0
20090515,7.61,7.61,7.17,7.55,6609,0
20090518,7.36,7.8,7.36,7.66,11237,0
20090519,7.5,7.77,7.42,7.51,19580,0
20090520,7.79,7.79,7.52,7.67,1500,0
20090521,7.7,8,7.58,7.71,38950,0
20090522,7.62,7.78,7.62,7.66,2700,0
20090526,7.64,7.92,7.64,7.9,3738,0
20090527,7.92,7.92,7.85,7.85,3368,0
20090528,7.92,7.92,7.83,7.85,3000,0
20090529,7.69,7.85,7.65,7.85,1300,0
20090601,7.85,7.85,7.6,7.61,5476,0
20090602,7.49,7.49,7.19,7.27,11335,0
20090603,7.27,7.69,7.27,7.6,5531,0
20090604,7.64,7.64,7.56,7.59,6772,0
20090605,7.5,7.62,7.47,7.5,9900,0
20090608,7.5,7.5,7.37,7.49,2750,0
20090609,7.37,7.49,7.37,7.49,600,0
20090610,7.32,7.36,7.06,7.3,7523,0
20090611,7.32,7.63,7.32,7.6,3700,0
20090612,7.46,7.46,7.41,7.46,500,0
20090615,7.4,7.51,7.08,7.08,5987,0
20090616,7.12,7.32,7.12,7.17,2100,0
20090617,7.15,7.19,7.15,7.17,1000,0
20090618,7.11,7.28,7.1,7.16,4700,0
20090619,7.17,7.34,7.13,7.13,1300,0
20090622,7.03,7.42,7.03,7.11,5067,0
20090623,7,7.34,6.95,6.99,10643,0
20090624,7.23,7.54,7.06,7.06,7203,0
20090625,7.06,7.17,6.95,7.1,9350,0
20090626,7.13,7.15,6.4,6.4,32594,0
20090629,6.65,6.95,6.65,6.7,7942,0
20090630,6.67,6.88,6.67,6.8,4380,0
20090701,6.86,6.99,6.86,6.9,14212,0
20090702,6.9,7.11,6.87,7.11,3612,0
20090706,7,7.04,6.85,6.97,2928,0
20090707,6.86,6.92,6.86,6.9,1700,0
20090708,6.86,6.86,6.75,6.86,22024,0
20090709,6.88,6.88,6.71,6.71,1135,0
20090710,6.71,6.75,6.6,6.6,2577,0
20090713,6.52,6.71,6.52,6.69,1500,0
20090714,6.61,6.69,6.4,6.48,13575,0
20090715,6.2,6.48,6.2,6.38,38335,0
20090716,6.06,6.53,6.05,6.46,6220,0
20090717,6.41,6.85,6.41,6.8,11915,0
20090720,6.85,6.95,6.85,6.95,8050,0
20090721,7,7,6.85,6.85,2756,0
20090722,7,7,6.91,6.91,1500,0
20090723,6.85,6.93,6.85,6.86,600,0
20090724,6.9,6.9,6.61,6.67,5599,0
20090727,6.38,6.96,6.38,6.86,1510,0
20090728,6.51,6.95,6.5,6.71,1901,0
20090729,6.95,7,6.78,7,9834,0
20090730,6.95,7.1,6.9,6.92,4903,0
20090731,6.97,6.97,6.8,6.8,2200,0
20090803,7,7.11,7,7.11,10557,0
20090804,7.12,7.17,7.12,7.15,10999,0
20090805,7.17,7.17,7.12,7.12,13700,0
20090806,7.04,7.1,7.01,7.1,5068,0
20090807,6.9,7.17,6.9,7.17,8783,0
20090810,7.01,7.23,6.86,6.86,1941,0
20090811,7.01,7.02,7.01,7.02,200,0
20090812,7.06,7.22,7.05,7.1,3300,0
20090813,7.1,7.24,7.02,7.03,28386,0
20090814,7.03,7.2,7.02,7.05,11070,0
20090817,7.01,7.12,7.01,7.12,5118,0
20090818,7.15,7.25,7.15,7.21,6100,0
20090819,7.25,7.25,7.25,7.25,200,0
20090820,7.16,7.33,7.16,7.33,1431,0
20090821,7.3,7.35,7.3,7.35,2875,0
20090824,7.13,7.34,7.13,7.3,2087,0
20090825,7.29,7.34,7.27,7.34,8212,0
20090826,7.2,7.34,7.02,7.3,23965,0
20090827,7.3,7.32,7.02,7.04,10918,0
20090828,7.02,7.2,7.01,7.2,4345,0
20090831,7.29,7.4,7.1,7.29,32329,0
20090901,7.21,7.44,7.08,7.44,12762,0
20090902,7.32,7.35,7.11,7.35,19500,0
20090903,7.29,7.61,7.29,7.45,10355,0
20090904,7.45,7.7,7.45,7.67,10224,0
20090908,7.7,7.7,7.45,7.49,4800,0
20090909,7.46,7.59,7.43,7.55,4497,0
20090910,7.52,7.52,7.52,7.52,1420,0
20090911,7.54,7.63,7.49,7.57,29916,0
20090914,7.56,7.69,7.54,7.64,9141,0
20090915,7.9,7.9,7.68,7.74,7298,0
20090916,7.74,7.75,7.67,7.71,15100,0
20090917,7.67,8.1,7.67,8.1,53069,0
20090918,8.1,8.35,7.84,8.06,20036,0
20090921,8,8.31,7.9,8.1,8855,0
20090922,8,8.09,7.92,8.09,3990,0
20090923,8.02,8.1,8.02,8.1,200,0
20090924,8.03,8.31,7.96,8.01,9966,0
20090925,8.18,8.18,8.16,8.16,800,0
20090928,8,8.35,8,8.34,20134,0
20090929,8.31,8.35,8.31,8.35,2810,0
20090930,8.3,8.7,8.3,8.6,30770,0
20091001,8.49,8.52,8.45,8.52,3400,0
20091002,8.45,8.56,8.45,8.55,3669,0
20091005,8.32,8.45,8.3,8.43,1900,0
20091006,8.43,8.47,8.42,8.47,900,0
20091007,8.32,8.32,7.83,8.05,20547,0
20091008,8.06,8.15,8,8.05,2790,0
20091009,7.97,7.97,7.97,7.97,100,0
20091012,8.13,8.13,7.79,7.85,2699,0
20091013,7.77,7.85,7.76,7.77,2322,0
20091014,7.79,7.96,7.79,7.82,4557,0
20091015,8.08,8.08,7.83,7.94,5041,0
20091016,7.8,7.98,7.8,7.98,2833,0
20091019,7.82,8.12,7.82,8.12,12597,0
20091020,8.11,8.2,7.79,7.98,4726,0
20091021,8.06,8.2,7.77,7.83,19717,0
20091022,8.08,8.22,7.85,8.22,13527,0
20091023,8.19,8.22,8.19,8.22,8300,0
20091027,7.87,7.95,7.7,7.95,8949,0
20091028,7.95,7.95,7.57,7.6,6650,0
20091029,7.87,8.01,7.71,7.75,9678,0
20091030,7.81,7.81,7.5,7.5,5973,0
20091102,7.69,7.99,7.33,7.46,6778,0
20091103,7.36,7.66,7.05,7.24,11238,0
20091104,7.6,7.6,7.36,7.56,5089,0
20091105,7.49,7.49,7.31,7.39,5634,0
20091106,7.38,7.5,7.33,7.5,3117,0
20091109,7.3,7.54,7.3,7.54,2300,0
20091110,7.44,7.53,7.32,7.32,11145,0
20091111,7.39,7.4,7.3,7.4,1709,0
20091112,7.3,7.3,7.3,7.3,200,0
20091113,7.3,7.31,7.2,7.2,11400,0
20091116,7.14,7.2,7.03,7.16,3100,0
20091117,7.15,7.17,7.15,7.17,500,0
20091118,7.17,7.27,7.15,7.25,2350,0
20091119,7.1,7.3,7.05,7.1,4525,0
20091120,7.21,7.24,7.21,7.24,2543,0
20091123,7.36,7.4,7.36,7.38,1150,0
20091124,7.46,7.46,7.46,7.46,1180,0
20091125,7.48,7.48,7.42,7.42,1000,0
20091127,7.41,7.41,7.41,7.41,436,0
20091130,7.31,7.35,7.28,7.35,1105,0
20091201,7.51,7.8,7.51,7.69,7375,0
20091202,7.4,7.58,7.35,7.58,1300,0
20091203,7.33,7.58,7.29,7.36,6558,0
20091204,7.29,7.59,7.1,7.22,3953,0
20091208,7.38,7.38,7.38,7.38,735,0
20091209,7.12,7.35,7.12,7.3,8699,0
20091210,7.35,7.35,7.16,7.3,19117,0
20091211,7.16,7.34,7.12,7.13,1900,0
20091214,7.17,7.17,7.12,7.12,400,0
20091215,7.12,7.12,7.08,7.12,5771,0
20091216,7.04,7.23,7.04,7.23,3000,0
20091217,7.2,7.2,7.04,7.05,4138,0
20091218,7.08,7.15,7.04,7.15,2500,0
20091221,7.08,7.2,7.03,7.2,4980,0
20091222,7.08,7.25,7.08,7.25,15357,0
20091223,7.32,7.32,7.06,7.25,12465,0
20091224,7.24,7.28,7.24,7.25,5100,0
20091228,7.16,7.6,7.08,7.52,28828,0
20091229,7.52,7.62,7.47,7.59,9520,0
20091230,7.26,7.48,7.26,7.48,1500,0
20091231,7.48,7.48,7.09,7.47,1754,0
20100104,7.54,7.55,7.26,7.26,1100,0
20100105,7.41,7.62,7.36,7.51,10011,0
20100106,7.32,7.49,7.25,7.46,7691,0
20100107,7.5,7.5,7.25,7.25,2257,0
20100108,7.22,7.26,7.22,7.26,1500,0
20100111,7.31,7.48,7.26,7.3,2860,0
20100112,7.25,7.3,7.25,7.3,2002,0
20100113,7.3,7.44,7.25,7.3,3200,0
20100114,7.3,7.49,7.21,7.45,10270,0
20100119,7.2,7.4,7.2,7.29,9400,0
20100120,7.26,7.42,7.06,7.41,3491,0
20100121,7.08,7.41,7.06,7.35,13577,0
20100122,7.14,7.4,7.12,7.4,10065,0
20100125,7.4,7.41,7.27,7.27,11850,0
20100126,7.27,7.36,7.03,7.08,4160,0
20100127,7.03,7.39,6.96,7.05,15881,0
20100128,6.8,7,6.76,6.98,4645,0
20100129,7,7.05,6.77,6.95,13834,0
20100201,7.09,7.09,6.78,6.91,11325,0
20100202,6.79,7.12,6.79,7.06,3704,0
20100203,7,7.11,6.96,7.11,1725,0
20100204,7.01,7.13,6.99,7.1,2502,0
20100205,6.96,6.99,6.82,6.99,5220,0
20100208,6.96,7.02,6.9,6.9,5950,0
20100209,6.86,7.06,6.85,6.99,6935,0
20100210,6.9,7,6.87,7,13292,0
20100211,7.02,7.12,6.9,7.02,10783,0
20100212,7.06,7.15,7,7.15,3314,0
20100216,7.1,7.13,7,7.1,9698,0
20100217,7.12,7.12,7.1,7.1,1100,0
20100218,7.12,7.17,7.04,7.17,3500,0
20100219,7.17,7.17,7.11,7.17,6128,0
20100222,7.16,7.16,7.14,7.15,1250,0
20100223,7.16,7.17,7.1,7.17,12094,0
20100224,7.17,7.19,7.1,7.19,7843,0
20100225,7.05,7.1,7.01,7.1,1100,0
20100226,7.1,7.18,7.07,7.12,1750,0
20100301,7.07,7.07,7,7.01,4628,0
20100302,7.01,7.14,6.85,7.08,13751,0
20100303,7.1,7.17,7.08,7.15,15020,0
20100304,7.15,7.19,7.15,7.19,1600,0
20100305,7.15,7.25,7.15,7.23,7241,0
20100308,7.24,7.62,7.24,7.62,36683,0
20100309,7.56,7.6,7.56,7.59,5953,0
20100310,7.59,7.8,7.52,7.79,18476,0
20100311,7.78,7.8,7.75,7.79,2100,0
20100312,7.79,7.8,7.55,7.7,4585,0
20100316,7.58,7.58,7.5,7.58,3480,0
20100317,7.51,7.91,7.51,7.73,10321,0
20100318,7.79,7.83,7.64,7.72,15951,0
20100319,7.71,7.8,7.67,7.8,1392,0
20100322,7.62,7.8,7.62,7.71,2785,0
20100323,7.61,7.76,7.61,7.64,3549,0
20100324,7.64,7.65,7.63,7.65,1040,0
20100325,7.7,7.7,7.6,7.61,1045,0
20100326,7.69,7.69,7.61,7.64,1300,0
20100329,7.61,7.72,7.6,7.67,2502,0
20100330,7.51,7.54,7.5,7.54,4107,0
20100331,7.54,7.6,7.42,7.42,7265,0
20100401,7.41,7.48,7.4,7.41,6175,0
20100405,7.32,7.4,7.3,7.3,4426,0
20100406,7.35,7.45,7.31,7.4,22000,0
20100407,7.4,7.42,7.39,7.42,5750,0
20100408,7.41,7.75,7.41,7.6,8952,0
20100409,7.57,7.73,7.55,7.55,8956,0
20100412,7.5,7.6,7.47,7.5,18419,0
20100413,7.56,7.56,7.41,7.51,8140,0
20100414,7.46,7.51,7.41,7.48,20353,0
20100415,7.48,7.74,7.45,7.68,23865,0
20100416,7.61,7.73,7.41,7.62,7961,0
20100419,7.59,7.8,7.59,7.74,4550,0
20100420,7.7,7.7,7.59,7.7,1048,0
20100421,7.71,7.89,7.71,7.71,4420,0
20100422,7.73,7.73,7.64,7.64,3270,0
20100423,7.64,7.86,7.45,7.71,4700,0
20100426,7.82,7.85,7.8,7.8,7521,0
20100427,7.78,7.85,7.71,7.81,3245,0
20100428,7.9,7.9,7.82,7.9,5150,0
20100429,7.85,7.9,7.85,7.89,6174,0
20100430,7.82,7.88,7.82,7.84,1280,0
20100503,7.87,7.9,7.83,7.83,8430,0
20100504,7.89,7.89,7.82,7.82,860,0
20100505,7.82,7.89,7.77,7.77,3082,0
20100506,7.77,7.8,7.4,7.76,4535,0
20100507,7.59,7.6,7.4,7.45,2090,0
20100510,7.55,7.82,7.45,7.53,22440,0
20100511,7.81,7.9,7.65,7.9,33725,0
20100512,7.9,8.1,7.86,8.06,14860,0
20100513,7.55,8.01,7.55,7.99,19200,0
20100514,7.93,7.95,7.93,7.95,2200,0
20100517,8.01,8.1,8,8,7798,0
20100518,8.04,8.15,8.04,8.05,4750,0
20100519,8.05,8.12,8.05,8.1,8611,0
20100520,8.01,8.04,8,8,6728,0
20100521,8,8,7.94,7.94,1740,0
20100524,7.97,7.97,7.8,7.8,4317,0
20100525,7.8,7.85,7.68,7.78,5528,0
20100526,7.62,7.71,7.61,7.71,300,0
20100527,7.84,7.84,7.71,7.84,3300,0
20100528,7.87,7.87,7.62,7.74,4100,0
20100601,7.82,7.82,7.61,7.74,5743,0
20100602,7.75,7.78,7.75,7.78,900,0
20100603,7.81,8.02,7.74,7.77,7247,0
20100604,7.78,7.87,7.77,7.8,1403,0
20100607,7.8,7.8,7.75,7.75,950,0
20100608,7.79,7.8,7.71,7.71,12487,0
20100609,7.71,7.73,7.71,7.71,700,0
20100610,7.8,7.8,7.62,7.68,7159,0
20100611,7.62,7.62,7.6,7.6,5874,0
20100614,7.74,7.78,7.57,7.62,7109,0
20100615,7.65,7.71,7.65,7.67,1899,0
20100616,7.71,7.77,7.7,7.72,3304,0
20100617,7.67,7.8,7.67,7.8,5890,0
20100618,7.75,7.8,7.75,7.8,1500,0
20100621,7.82,7.93,7.82,7.92,6620,0
20100622,7.95,7.96,7.95,7.96,3300,0
20100623,7.91,7.95,7.91,7.92,1100,0
20100624,7.96,7.96,7.88,7.9,2217,0
20100625,7.83,7.85,7.8,7.83,2000,0
20100628,7.81,7.83,7.67,7.79,1800,0
20100629,7.56,7.57,7.56,7.57,1535,0
20100630,7.34,7.85,7.34,7.58,5363,0
20100701,7.53,7.53,7.25,7.5,3349,0
20100702,7.86,7.86,7.37,7.39,1650,0
20100706,7.31,7.41,7.08,7.12,4115,0
20100707,7.15,7.2,7.12,7.2,8881,0
20100708,7.2,7.29,7.13,7.23,7100,0
20100709,7.17,7.19,7.12,7.16,5386,0
20100712,7.16,7.17,7.16,7.17,2300,0
20100713,7.16,7.22,7.05,7.22,8800,0
20100714,7.21,7.29,7.2,7.27,11628,0
20100715,7.28,7.4,7.28,7.4,9860,0
20100716,7.4,7.4,7.39,7.4,1100,0
20100719,7.32,7.32,7.19,7.19,400,0
20100720,7.3,7.63,7.25,7.63,10050,0
20100721,7.6,7.65,7.47,7.61,7650,0
20100722,7.6,7.62,7.56,7.6,4000,0
20100723,7.55,7.62,7.52,7.62,9060,0
20100726,7.5,7.76,7.5,7.76,11730,0
20100727,7.64,7.85,7.64,7.77,7125,0
20100728,7.67,7.77,7.6,7.77,7300,0
20100729,7.77,7.77,7.7,7.7,900,0
20100730,7.65,7.66,7.6,7.63,18190,0
20100802,7.55,7.62,7.55,7.62,2100,0
20100803,7.5,7.55,7.42,7.5,2643,0
20100804,7.31,7.4,7.28,7.38,2379,0
20100805,7.46,7.5,7.42,7.5,2100,0
20100806,7.5,7.53,7.48,7.53,800,0
20100809,7.45,7.45,7.4,7.43,800,0
20100810,7.4,7.64,7.39,7.45,1800,0
20100811,7.4,7.45,7.4,7.45,4900,0
20100812,7.49,7.5,7.43,7.43,945,0
20100813,7.43,7.45,7.38,7.45,10489,0
20100816,7.38,7.45,7.38,7.39,4599,0
20100817,7.4,7.4,7.16,7.28,1600,0
20100818,7.06,7.27,7.06,7.25,7525,0
20100819,7.22,7.22,7.22,7.22,400,0
20100820,7.22,7.22,7.15,7.16,5865,0
20100823,7.14,7.17,7.01,7.07,11250,0
20100824,6.83,7,6.83,7,1100,0
20100825,7.1,7.15,6.86,7.15,5557,0
20100826,6.96,7.08,6.96,7.08,1400,0
20100827,7.12,7.15,7.09,7.1,9100,0
20100830,7.16,7.23,7.08,7.08,3500,0
20100831,7.03,7.05,6.9,7.01,9387,0
20100901,7.09,7.1,7,7,3206,0
20100902,7.02,7.1,7.02,7.05,5750,0
20100903,7.06,7.25,7.06,7.25,7646,0
20100907,7.01,7.45,7.01,7.28,10678,0
20100908,7.25,7.25,7.08,7.1,6875,0
20100909,7.08,7.13,7.08,7.1,1340,0
20100910,7.15,7.15,7,7.1,1600,0
20100913,7.09,7.19,7.09,7.19,7620,0
20100914,7.1,7.19,7.1,7.19,2800,0
20100915,7.11,7.11,7.1,7.1,775,0
20100916,7.13,7.15,7.13,7.15,2300,0
20100917,7.15,7.28,7.15,7.2,2817,0
20100920,7.18,7.2,7.1,7.1,6328,0
20100921,7.15,7.15,7.1,7.11,4050,0
20100922,7.15,7.19,7.15,7.19,1100,0
20100923,7.1,7.2,7.1,7.2,1400,0
20100924,7.2,7.2,7.12,7.13,3300,0
20100927,7.1,7.1,7.1,7.1,350,0
20100928,7.1,7.17,7.1,7.17,2500,0
20100929,7.11,7.11,7.1,7.11,2201,0
20100930,7.15,7.15,7.14,7.14,2740,0
20101001,7.18,7.18,6.96,7.11,5293,0
20101004,7.14,7.36,7.09,7.25,7221,0
20101005,7.34,7.45,7.17,7.25,2944,0
20101006,7.35,7.39,7.35,7.35,1625,0
20101007,7.4,7.45,7.4,7.45,6249,0
20101008,7.64,7.64,7.45,7.45,1000,0
20101011,7.48,7.62,7.48,7.62,4000,0
20101012,7.26,7.6,7.25,7.55,4035,0
20101013,7.33,7.33,7.33,7.33,300,0
20101014,7.11,7.51,7.11,7.37,675,0
20101015,7.34,7.36,7.34,7.36,495,0
20101019,7.27,7.3,7.27,7.27,3120,0
20101020,7.27,7.36,7.15,7.15,1433,0
20101021,7.25,7.3,7.12,7.15,2700,0
20101022,7.15,7.45,7.15,7.31,3497,0
20101025,7.37,7.38,7.11,7.24,7500,0
20101026,7.16,7.16,6.76,7.08,14302,0
20101027,7.02,7.16,6.97,7.16,6000,0
20101028,7.16,7.22,7.1,7.11,1800,0
20101029,7.32,7.33,7.15,7.15,1550,0
20101101,7.2,7.37,7.18,7.29,4643,0
20101102,7.39,7.44,7.39,7.39,1929,0
20101103,7.27,7.45,7.27,7.45,2100,0
20101104,7.45,7.5,7.35,7.35,1647,0
20101105,7.17,7.3,7.15,7.21,3803,0
20101108,7.15,7.17,7.15,7.15,2200,0
20101109,7.3,7.3,7.08,7.11,7114,0
20101110,7.04,7.06,7.04,7.06,1400,0
20101112,7.21,7.21,7.03,7.03,1050,0
20101115,7.06,7.22,7.06,7.18,9371,0
20101116,7.27,7.37,7.27,7.36,5961,0
20101117,7.26,7.26,7.02,7.08,11150,0
20101118,7.12,7.15,7.07,7.15,3200,0
20101119,7.22,7.22,7.22,7.22,100,0
20101122,7.31,7.32,7.31,7.32,200,0
20101124,7.25,7.25,7.25,7.25,136,0
20101129,7.1,7.1,6.98,6.98,11100,0
20101130,7.01,7.08,7,7.03,3899,0
20101201,7.03,7.14,7.03,7.14,3999,0
20101202,7.03,7.05,7.03,7.04,1099,0
20101203,7.2,7.2,7,7.03,1950,0
20101206,7.17,7.18,7.03,7.08,2300,0
20101207,7.01,7.3,7.01,7.13,20786,0
20101208,7.14,7.14,7.08,7.13,300,0
20101209,7.07,7.07,6.89,7.02,16450,0
20101210,6.97,7.1,6.9,7.05,4250,0
20101213,7.13,7.15,6.93,7.03,6328,0
20101214,6.93,7.1,6.92,6.96,6526,0
20101215,6.96,6.96,6.96,6.96,300,0
20101216,7,7.07,7,7,700,0
20101217,7,7,6.89,6.99,2278,0
20101220,6.99,7,6.93,6.99,2300,0
20101221,7,7.02,6.94,6.94,1248,0
20101222,6.75,7.07,6.75,7.06,14738,0
20101223,7.13,7.13,6.99,7.02,5999,0
20101227,7.1,7.13,6.95,7.13,4725,0
20101228,7.13,7.2,7.12,7.15,6041,0
20101229,7.15,7.16,7.15,7.15,941,0
20101230,7.25,7.25,7.07,7.15,999,0
20101231,7.15,7.25,7.15,7.25,4670,0
20110103,7.16,7.29,7.16,7.2,1180,0
20110104,7.17,7.17,7.17,7.17,400,0
20110105,7.2,7.44,7.2,7.36,15205,0
20110106,7.3,7.3,7.23,7.29,537,0
20110107,7.42,7.42,7.22,7.3,4070,0
20110110,7.44,7.44,7.31,7.39,4625,0
20110111,7.39,7.4,7.24,7.4,1776,0
20110112,7.37,7.37,7.31,7.37,802,0
20110113,7.35,7.35,7.35,7.35,1199,0
20110114,7.35,7.44,7.35,7.36,2801,0
20110118,7.41,7.41,7.24,7.29,6896,0
20110119,7.3,7.5,7.3,7.39,14511,0
20110120,7.49,7.49,7.39,7.45,1524,0
20110121,7.5,7.5,7.4,7.47,10400,0
20110124,7.5,7.5,7.29,7.5,14068,0
20110125,7.55,7.62,7.55,7.62,14981,0
20110126,7.62,7.9,7.59,7.85,23561,0
20110127,7.85,7.88,7.61,7.87,10545,0
20110128,7.62,7.88,7.62,7.88,7775,0
20110131,7.87,7.9,7.72,7.75,7281,0
20110201,7.9,7.9,7.76,7.76,2375,0
20110202,7.89,7.89,7.77,7.89,700,0
20110203,7.72,7.89,7.72,7.79,2800,0
20110204,7.89,7.89,7.84,7.84,254,0
20110207,7.89,7.96,7.7,7.76,10998,0
20110208,7.95,7.96,7.72,7.9,3560,0
20110209,7.91,7.96,7.74,7.96,12300,0
20110210,7.9,8,7.8,7.88,17615,0
20110211,7.98,7.98,7.79,7.88,1200,0
20110214,7.76,7.98,7.76,7.82,3450,0
20110215,7.78,7.99,7.67,7.91,10800,0
20110216,7.84,7.98,7.67,7.98,9446,0
20110217,7.91,7.97,7.82,7.83,2944,0
20110218,7.92,7.96,7.85,7.92,4155,0
20110222,7.9,7.9,7.65,7.87,4160,0
20110223,7.82,7.98,7.81,7.81,7509,0
20110224,7.8,7.98,7.69,7.96,13540,0
20110225,7.9,8.1,7.77,8,16769,0
20110228,7.75,7.97,7.6,7.86,8695,0
20110301,7.9,7.9,7.63,7.64,5165,0
20110302,7.65,7.78,7.53,7.61,2079,0
20110303,7.65,7.78,7.51,7.73,5967,0
20110304,7.62,7.72,7.6,7.72,3275,0
20110307,7.89,8.1,7.82,8.1,34374,0
20110308,8.05,8.05,8,8,12308,0
20110309,8,8.03,7.97,8,2900,0
20110310,7.84,8.04,7.81,8.03,4832,0
20110311,7.98,8,7.95,7.95,19398,0
20110314,7.95,7.95,7.95,7.95,1000,0
20110315,7.95,8.01,7.95,7.99,8841,0
20110316,8.04,8.04,7.95,7.95,8085,0
20110317,7.99,8.04,7.92,7.95,8631,0
20110318,8.04,8.05,7.7,7.75,15842,0
20110321,7.8,7.8,7.78,7.78,1700,0
20110322,7.76,7.78,7.75,7.75,1000,0
20110323,7.78,7.78,7.74,7.78,6565,0
20110324,7.81,8.04,7.81,8.02,2000,0
20110325,7.88,8.05,7.84,7.84,10769,0
20110328,7.83,7.94,7.83,7.85,6564,0
20110329,7.83,8,7.83,7.9,12875,0
20110330,7.83,7.88,7.83,7.83,1449,0
20110331,7.82,7.82,7.82,7.82,333,0
20110401,7.87,7.87,7.76,7.85,2860,0
20110404,7.9,8.02,7.85,8.01,19150,0
20110405,8.03,8.03,7.94,8.03,3100,0
20110406,7.9,8.02,7.9,7.91,4286,0
20110407,7.92,7.92,7.91,7.91,275,0
20110408,7.88,7.99,7.86,7.86,6650,0
20110411,7.96,8,7.96,7.99,1600,0
20110412,7.97,7.98,7.84,7.89,6722,0
20110413,7.95,7.95,7.87,7.87,1140,0
20110414,7.8,7.94,7.8,7.94,385,0
20110415,7.85,7.9,7.81,7.81,15449,0
20110418,7.95,7.95,7.9,7.9,2750,0
20110419,7.94,8.01,7.94,7.96,16558,0
20110420,8.02,8.02,7.81,7.89,4020,0
20110421,7.84,7.97,7.65,7.71,13235,0
20110425,7.76,7.85,7.72,7.8,16290,0
20110426,7.75,7.85,7.7,7.78,20373,0
20110427,7.61,7.82,7.58,7.75,26554,0
20110428,7.75,7.75,7.5,7.5,13106,0
20110429,7.48,7.62,7.48,7.61,6684,0
20110502,7.62,7.74,7.55,7.74,5881,0
20110503,7.7,7.75,7.63,7.75,750,0
20110504,7.69,7.74,7.6,7.63,4224,0
20110505,7.73,7.74,7.63,7.63,5277,0
20110506,7.64,7.75,7.63,7.75,5059,0
20110509,7.85,7.85,7.76,7.81,3807,0
20110510,7.8,7.8,7.8,7.8,370,0
20110511,7.8,7.8,7.68,7.71,8297,0
20110512,7.83,7.83,7.68,7.77,6760,0
20110513,7.68,7.96,7.68,7.91,25442,0
20110516,7.93,7.93,7.75,7.78,7251,0
20110517,7.89,7.89,7.78,7.78,793,0
20110518,7.73,7.88,7.64,7.88,3770,0
20110519,7.86,7.9,7.79,7.79,3279,0
20110520,7.78,7.86,7.6,7.6,17689,0
20110523,7.74,7.79,7.65,7.78,3570,0
20110524,7.77,7.8,7.68,7.75,5728,0
20110525,7.75,7.75,7.7,7.74,3730,0
20110526,7.74,7.74,7.7,7.74,1310,0
20110527,7.75,7.75,7.55,7.66,7166,0
20110531,7.66,7.74,7.65,7.74,13743,0
20110601,7.7,7.85,7.7,7.81,2756,0
20110602,7.7,7.78,7.7,7.74,7800,0
20110603,7.84,7.84,7.71,7.76,3354,0
20110606,7.75,7.75,7.64,7.64,14023,0
20110607,7.62,7.62,7.55,7.55,6278,0
20110608,7.51,7.55,7.33,7.45,24593,0
20110609,7.5,7.54,7.43,7.45,21796,0
20110610,7.42,7.6,7.42,7.58,26778,0
20110613,7.51,7.62,7.42,7.62,23072,0
20110614,7.49,7.71,7.49,7.7,12030,0
20110615,7.72,7.81,7.64,7.65,5300,0
20110616,7.7,7.77,7.68,7.74,5104,0
20110617,7.76,7.79,7.76,7.78,2816,0
20110620,7.73,7.75,7.65,7.65,3685,0
20110621,7.67,7.8,7.65,7.65,3990,0
20110622,7.74,7.74,7.65,7.69,2100,0
20110623,7.69,7.69,7.54,7.65,10327,0
20110624,7.63,7.7,7.63,7.68,1500,0
20110627,7.73,7.74,7.66,7.72,1920,0
20110628,7.8,7.8,7.67,7.67,235,0
20110629,7.67,7.67,7.56,7.63,2123,0
20110630,7.54,7.68,7.54,7.67,2509,0
20110701,7.65,7.71,7.65,7.69,1600,0
20110705,7.58,7.68,7.57,7.68,1900,0
20110706,7.68,7.72,7.68,7.72,700,0
20110707,7.73,7.73,7.53,7.68,8840,0
20110708,7.66,7.74,7.66,7.74,6650,0
20110711,7.7,7.72,7.7,7.7,4500,0
20110712,7.7,7.7,7.66,7.69,4630,0
20110713,7.68,7.68,7.68,7.68,1100,0
20110714,7.7,7.75,7.59,7.65,14437,0
20110715,7.65,7.69,7.6,7.63,5300,0
20110718,7.6,7.6,7.58,7.58,1072,0
20110719,7.65,7.7,7.65,7.7,6400,0
20110720,7.7,7.7,7.62,7.63,11192,0
20110721,7.72,7.72,7.65,7.65,750,0
20110722,7.61,7.67,7.61,7.67,7465,0
20110725,7.58,7.65,7.58,7.65,10550,0
20110727,7.62,7.62,7.6,7.6,2788,0
20110728,7.61,7.7,7.61,7.7,10118,0
20110729,7.64,7.75,7.63,7.73,3278,0
20110801,7.65,7.65,7.61,7.65,2460,0
20110803,7.6,7.75,7.6,7.75,3935,0
20110804,7.74,7.75,7.56,7.57,3486,0
20110805,7.53,7.66,7.51,7.51,6224,0
20110808,7.53,7.53,7.21,7.21,7957,0
20110809,7.2,7.55,7.19,7.26,9965,0
20110810,7.27,7.32,7.18,7.31,3760,0
20110811,7.24,7.33,7.24,7.33,14743,0
20110812,7.3,7.65,7.27,7.45,57822,0
20110815,7.46,7.57,7.46,7.47,2751,0
20110816,7.35,7.49,7.3,7.49,4229,0
20110817,7.47,7.62,7.41,7.41,5902,0
20110818,7.49,7.49,7.32,7.33,1580,0
20110819,7.3,7.36,7.3,7.35,4683,0
20110822,7.31,7.31,7.26,7.29,2800,0
20110823,7.2,7.3,7.2,7.28,3460,0
20110824,7.29,7.4,7.29,7.4,1739,0
20110825,7.4,7.4,7.22,7.38,2277,0
20110826,7.25,7.55,7.25,7.37,7377,0
20110829,7.26,7.54,7.26,7.54,2355,0
20110830,7.5,7.5,7.32,7.5,1885,0
20110831,7.49,7.55,7.48,7.55,3046,0
20110901,7.52,7.53,7.43,7.43,1451,0
20110902,7.41,7.48,7.33,7.33,6188,0
20110906,7.31,7.52,7.29,7.5,11287,0
20110907,7.49,7.55,7.49,7.5,6100,0
20110908,7.59,7.61,7.43,7.5,19200,0
20110909,7.38,7.5,7.38,7.45,6300,0
20110912,7.31,7.45,7.31,7.35,8400,0
20110913,7.3,7.38,7.3,7.36,5998,0
20110914,7.32,7.39,7.32,7.39,3360,0
20110915,7.33,7.5,7.33,7.38,869,0
20110916,7.37,7.46,7.26,7.42,4175,0
20110919,7.28,7.46,7.28,7.34,1452,0
20110920,7.34,7.35,7.27,7.28,5373,0
20110921,7.25,7.3,7.22,7.22,2654,0
20110922,7.21,7.21,7.09,7.13,7050,0
20110923,7.19,7.25,7,7.2,15196,0
20110926,7.09,7.14,7.08,7.14,6166,0
20110927,7.11,7.24,7.11,7.16,1566,0
20110928,7.12,7.16,7.1,7.11,10460,0
20110929,7.12,7.27,7.12,7.24,7221,0
20110930,7.25,7.25,7.16,7.25,2280,0
20111003,7.25,7.26,7.16,7.19,4417,0
20111004,7.04,7.06,7.04,7.06,1399,0
20111005,7.01,7.14,7,7.02,2800,0
20111006,7.05,7.11,7.05,7.1,5433,0
20111007,7.18,7.18,7.08,7.08,903,0
20111010,7.16,7.2,7.08,7.17,3353,0
20111011,7.24,7.25,7.18,7.18,4800,0
20111012,7.09,7.16,7.08,7.13,5697,0
20111013,7.15,7.24,7.14,7.17,9490,0
20111014,7.17,7.17,7.17,7.17,875,0
20111017,7.25,7.25,7.25,7.25,200,0
20111018,7.25,7.25,7.25,7.25,1674,0
20111019,7.2,7.25,7.2,7.25,763,0
20111021,7.07,7.17,7.07,7.1,1400,0
20111024,7.19,7.21,7.08,7.08,2812,0
20111025,7.16,7.16,7,7,5000,0
20111026,7.02,7.02,6.94,7,6859,0
20111027,7,7.06,7,7.06,2180,0
20111028,6.92,7,6.9,7,4237,0
20111031,7,7,6.95,7,55914,0
20111101,6.91,7,6.9,6.95,7660,0
20111102,6.95,7.01,6.95,7,37148,0
20111103,7.06,7.06,6.9,6.99,8108,0
20111104,7.08,7.09,6.95,7.09,5995,0
20111107,7.01,7.15,6.97,7.09,5345,0
20111108,7.19,7.25,7,7.15,18747,0
20111109,7.02,7.13,6.91,6.91,5350,0
20111110,6.94,7.09,6.85,7.09,3030,0
20111111,7,7.05,7,7.04,2980,0
20111114,7.09,7.09,6.95,6.95,108818,0
20111115,6.92,7.09,6.91,7.05,2778,0
20111116,7.14,7.14,7.03,7.03,800,0
20111117,7,7.03,7,7.02,2990,0
20111118,6.92,7,6.92,6.92,2258,0
20111121,6.91,6.97,6.91,6.97,700,0
20111122,6.92,6.92,6.9,6.91,3100,0
20111123,6.85,6.98,6.85,6.97,2332,0
20111128,6.97,7.12,6.86,6.86,3514,0
20111129,6.88,6.98,6.88,6.97,1765,0
20111130,6.85,7,6.85,7,16131,0
20111201,6.9,7.02,6.9,7.02,370,0
20111202,6.9,7.02,6.9,7.02,600,0
20111205,7.02,7.02,6.94,6.94,1454,0
20111206,6.87,6.98,6.83,6.98,801,0
20111207,7,7.02,6.91,6.94,2008,0
20111209,6.9,7,6.75,6.99,6790,0
20111212,6.98,6.99,6.95,6.95,1100,0
20111213,6.95,6.95,6.78,6.79,2957,0
20111214,6.96,6.96,6.87,6.87,535,0
20111215,6.9,6.97,6.78,6.84,9723,0
20111216,6.95,6.95,6.75,6.81,2480,0
20111220,6.85,6.89,6.61,6.85,15999,0
20111221,6.8,6.85,6.72,6.79,3862,0
20111222,6.72,6.86,6.72,6.86,4945,0
20111223,6.77,6.94,6.7,6.76,16952,0
20111227,6.8,6.83,6.64,6.77,10142,0
20111228,6.75,6.9,6.75,6.75,3167,0
20111229,6.89,6.97,6.78,6.96,11903,0
20111230,6.8401,6.9437,6.8401,6.94,10265,0
20120103,6.84,6.91,6.82,6.83,16915,0
20120104,6.77,6.91,6.7,6.7,10009,0
20120105,6.89,6.89,6.78,6.8,8157,0
20120106,6.8,6.88,6.69,6.75,3447,0
20120109,6.79,6.82,6.76,6.81,1183,0
20120110,6.82,6.88,6.81,6.86,1022,0
20120111,6.76,6.77,6.75,6.77,8968,0
20120112,6.75,6.82,6.72,6.79,20520,0
20120113,6.77,6.8,6.77,6.8,800,0
20120117,6.8,6.8,6.79,6.8,1990,0
20120118,6.8,6.8,6.76,6.79,5320,0
20120119,6.8,6.9,6.8,6.87,8322,0
20120120,6.79,7.11,6.76,7.05,17779,0
20120123,7.12,7.2,6.85,7.2,42198,0
20120124,7.25,7.25,7.21,7.25,2975,0
20120125,7.27,7.27,7.19,7.19,300,0
20120126,7.26,7.26,6.92,7.15,5300,0
20120127,6.91,7.17,6.91,7.17,5000,0
20120130,7.01,7.15,7.01,7.15,1000,0
20120131,7.13,7.17,7.05,7.17,13366,0
20120201,7.15,7.19,7.06,7.17,8113,0
20120202,7.19,7.19,6.91,7.1,46710,0
20120203,7.15,7.19,7.12,7.19,20565,0
20120206,7.15,7.2,7.11,7.2,16984,0
20120207,7.19,7.2,7.1,7.11,15382,0
20120208,7.15,7.15,6.96,7.12,16249,0
20120209,7.08,7.17,7.02,7.13,19310,0
20120210,7.12,7.12,7.11,7.11,701,0
20120213,7.12,7.17,7.09,7.17,19809,0
20120214,7.09,7.24,7.09,7.18,17100,0
20120215,7.11,7.25,7.1,7.15,19772,0
20120216,7.15,7.24,7.01,7.14,13775,0
20120217,7.08,7.17,6.96,7.17,9400,0
20120221,7.09,7.16,7.02,7.1,10550,0
20120222,7.1,7.1,6.98,7.04,8680,0
20120223,7.03,7.08,6.91,6.98,8396,0
20120224,7.04,7.04,6.8,6.98,5922,0
20120227,6.94,7.04,6.94,7.04,2512,0
20120228,7,7,6.98,6.98,1828,0
20120229,7.02,7.02,6.83,6.83,9408,0
20120301,6.83,6.92,6.77,6.77,42943,0
20120302,6.8,6.97,6.76,6.97,38667,0
20120305,6.91,7,6.8,7,16640,0
20120306,6.98,7,6.85,6.97,15668,0
20120307,6.98,7,6.94,7,2726,0
20120308,6.82,6.98,6.82,6.96,21501,0
20120309,6.97,7.09,6.97,7.06,48640,0
20120312,7.09,7.56,7.04,7.45,124998,0
20120313,7.3,7.45,7.3,7.3,10573,0
20120314,7.41,7.45,7.31,7.38,22939,0
20120315,7.38,7.4,7.31,7.32,7878,0
20120316,7.31,7.32,7.11,7.21,12245,0
20120319,7.25,7.52,7.13,7.25,9006,0
20120320,7.24,7.25,7.16,7.2,13286,0
20120321,7.2,7.22,7.05,7.17,12824,0
20120322,7.14,7.14,7.02,7.04,11934,0
20120323,7.14,7.17,7.02,7.17,10280,0
20120326,7.05,7.2,7.05,7.08,8439,0
20120327,7.09,7.09,6.96,6.97,26225,0
20120328,6.98,7,6.98,7,7126,0
20120329,7,7,6.91,6.99,16319,0
20120330,7,7,6.98,7,1267,0
20120402,7,7,6.95,7,2850,0
20120403,6.91,7,6.9,7,12510,0
20120404,6.94,7,6.88,6.99,1870,0
20120405,6.98,6.98,6.88,6.97,1038,0
20120409,6.95,6.95,6.88,6.94,1160,0
20120410,6.88,7,6.86,7,10953,0
20120411,6.87,6.87,6.87,6.87,203,0
20120412,7,7,6.86,6.95,2500,0
20120413,6.98,6.98,6.98,6.98,100,0
20120416,6.9,6.95,6.83,6.94,2100,0
20120417,6.89,7,6.89,6.93,1863,0
20120418,6.99,7,6.79,6.98,13707,0
20120419,6.98,6.99,6.98,6.99,700,0
20120420,6.98,7.06,6.85,7.05,3400,0
20120423,6.99,7.04,6.99,7.04,200,0
20120424,7.04,7.04,6.99,7,6800,0
20120425,7,7.08,7,7.06,4988,0
20120426,7.01,7.06,6.87,7,7501,0
20120427,7,7,7,7,500,0
20120430,7.03,7.03,7,7,400,0
20120501,6.91,6.91,6.91,6.91,600,0
20120502,6.85,7,6.85,7,4100,0
20120507,7,7,6.85,7,3302,0
20120510,6.83,7,6.83,7,1024,0
20120511,6.9,7.3,6.9,7.03,58404,0
20120514,7.02,7.06,6.98,7.05,21309,0
20120515,7.14,7.14,7.02,7.02,3671,0
20120516,7,7.17,6.82,7.15,40701,0
20120517,6.96,7,6.75,6.98,58924,0
20120518,6.98,7,6.98,7,7006,0
20120521,7,7.08,6.79,7,9594,0
20120522,7.09,7.25,6.93,7.1,8458,0
20120523,7.09,7.17,7.01,7.01,4767,0
20120524,7.01,7.14,6.83,7.12,12564,0
20120525,7.04,7.2,7.04,7.15,13019,0
20120529,7.11,7.11,7,7.1,6119,0
20120530,7.09,7.12,7,7.06,3648,0
20120531,7,7.13,6.9,7.05,8088,0
20120601,7,7.13,6.76,6.76,4418,0
20120604,6.95,7.08,6.81,7.08,3404,0
20120605,7.05,7.05,6.94,6.94,4290,0
20120606,7.02,7.1,6.95,7.1,8809,0
20120607,7.1,7.1,6.96,7,10445,0
20120608,6.92,7.08,6.92,7.08,3409,0
20120611,7.01,7.08,7,7,3500,0
20120612,7,7.08,6.85,7,5993,0
20120613,6.93,7.01,6.93,7.01,4396,0
20120614,6.95,7.02,6.95,7,6504,0
20120615,6.96,6.98,6.87,6.98,8311,0
20120618,7.05,7.05,7.03,7.05,400,0
20120619,7.04,7.05,6.96,7.05,2190,0
20120620,7.04,7.06,6.88,6.94,4262,0
20120621,7,7,6.99,6.99,217,0
20120622,6.95,7.14,6.95,7.12,35974,0
20120625,6.95,7.13,6.94,7,9174,0
20120626,7.09,7.09,6.95,7.05,3200,0
20120627,7.04,7.15,6.99,7.15,14670,0
20120628,7.12,7.19,7.02,7.04,13612,0
20120629,7.15,7.55,7.14,7.55,50140,0
20120702,7.55,8.18,7.4,7.93,319550,0
20120703,7.72,8.32,7.72,7.89,84984,0
20120705,7.92,8.09,7.75,7.941,26773,0
20120706,8,8.11,7.65,7.9,48570,0
20120709,8,8,7.56,7.9,34477,0
20120710,7.87,7.87,7.5,7.67,39985,0
20120711,7.6,7.74,7.45,7.65,60947,0
20120712,7.56,7.7,7.4,7.66,9890,0
20120713,7.62,7.63,7.43,7.43,11232,0
20120716,7.57,7.73,7.43,7.56,29400,0
20120717,7.5982,7.5982,7.22,7.22,21433,0
20120718,7.29,7.5,7.29,7.5,10929,0
20120719,7.43,7.51,7.38,7.38,9731,0
20120720,7.48,7.5,7.3001,7.5,2578,0
20120723,7.42,7.5,7.28,7.31,12012,0
20120724,7.3,7.47,7.3,7.47,5264,0
20120725,7.41,7.47,7.25,7.3,23422,0
20120726,7.23,7.45,7.23,7.43,28954,0
20120727,7.39,7.5,7.33,7.48,10663,0
20120730,7.52,7.55,7.44,7.53,7479,0
20120731,7.46,7.69,7.46,7.63,12002,0
20120801,7.55,7.75,7.47,7.51,7420,0
20120802,7.57,7.63,7.29,7.38,6882,0
20120803,7.45,7.71,7.44,7.57,2226,0
20120806,7.5,7.79,7.486,7.5,11230,0
20120807,7.45,7.65,7.411,7.65,14895,0
20120808,7.47,7.6,7.45,7.6,3558,0
20120809,7.49,7.67,7.4642,7.62,4754,0
20120810,7.62,7.65,7.4601,7.49,3789,0
20120813,7.72,7.74,7.47,7.66,9690,0
20120814,7.68,7.75,7.62,7.66,24409,0
20120815,7.71,7.71,7.5501,7.67,3337,0
20120816,7.66,7.71,7.6001,7.66,22507,0
20120817,7.68,7.68,7.601,7.68,11388,0
20120820,7.64,7.68,7.609,7.68,9692,0
20120821,7.62,7.65,7.6,7.65,6244,0
20120822,7.6,7.68,7.5789,7.6336,17077,0
20120823,7.68,7.68,7.5401,7.62,5200,0
20120824,7.61,7.62,7.52,7.55,14422,0
20120827,7.55,7.64,7.55,7.64,4680,0
20120828,7.6,7.68,7.53,7.58,2926,0
20120829,7.63,7.67,7.52,7.66,6638,0
20120830,7.6,7.66,7.56,7.56,3486,0
20120831,7.53,7.67,7.53,7.64,5688,0
20120904,7.65,7.66,7.52,7.52,8422,0
20120905,7.6,7.63,7.52,7.52,8000,0
20120906,7.53,7.6,7.4,7.55,11143,0
20120907,7.51,7.62,7.51,7.61,4083,0
20120910,7.59,7.62,7.59,7.61,583,0
20120911,7.59,7.6,7.5,7.6,3590,0
20120912,7.56,7.62,7.48,7.58,15260,0
20120913,7.5,7.63,7.44,7.47,26513,0
20120914,7.5,7.56,7.38,7.45,43929,0
20120917,7.5,7.52,7.41,7.5,9100,0
20120918,7.5,7.5,7.45,7.48,2521,0
20120919,7.41,7.49,7.38,7.48,1900,0
20120920,7.43,7.5,7.4076,7.5,6601,0
20120921,7.49,7.5,7.43,7.49,2309,0
20120924,7.4,7.5,7.4,7.44,2462,0
20120925,7.5,7.5,7.39,7.46,5129,0
20120926,7.4,7.4,7.38,7.38,8540,0
20120927,7.45,7.45,7.27,7.38,9903,0
20120928,7.37,7.45,7.28,7.4,5820,0
20121001,7.4,7.4,7.2,7.37,4702,0
20121002,7.35,7.39,7.19,7.3399,11400,0
20121003,7.24,7.35,7.18,7.25,10101,0
20121004,7.23,7.23,7.08,7.22,7028,0
20121005,7.19,7.22,7.1,7.19,22240,0
20121008,7.19,7.2,7.15,7.2,1188,0
20121009,7.11,7.21,7.09,7.15,8000,0
20121010,7.14,7.19,7.14,7.15,5902,0
20121011,7.16,7.25,7.02,7.2,75661,0
20121015,7.25,7.4,7.15,7.24,21950,0
20121016,7.25,7.4,7.25,7.3,13688,0
20121017,7.25,7.35,7.17,7.31,5079,0
20121018,7.35,7.35,7.18,7.18,1293,0
20121019,7.19,7.35,7.19,7.2999,6567,0
20121022,7.2,7.3,7.15,7.16,7047,0
20121023,7.1,7.2001,7.1,7.19,2750,0
20121024,7.16,7.27,7.06,7.13,16753,0
20121025,7.18,7.18,7.02,7.09,10061,0
20121026,7.08,7.1,7.05,7.1,7067,0
20121031,7.0601,7.285,7.0601,7.19,16611,0
20121101,7.21,7.42,7.21,7.33,11419,0
20121102,7.38,7.45,7.21,7.28,7184,0
20121105,7.33,7.45,7.3,7.3,7750,0
20121106,7.28,7.46,7.28,7.45,25424,0
20121107,7.38,7.6,7.38,7.56,21498,0
20121108,7.591,7.61,7.402,7.49,5519,0
20121109,7.47,7.68,7.387,7.56,23646,0
20121112,7.61,7.7,7.421,7.66,20812,0
20121113,7.7,7.92,7.6301,7.84,28755,0
20121114,7.88,7.88,7.665,7.79,800,0
20121115,7.7,7.75,7.7,7.725,5760,0
20121116,7.55,7.8,7.52,7.79,10300,0
20121119,7.8,7.8,7.65,7.77,8835,0
20121120,7.8,7.8,7.64,7.78,800,0
20121123,7.75,7.75,7.73,7.73,575,0
20121126,7.74,7.79,7.6,7.79,3162,0
20121127,7.73,7.74,7.63,7.65,10182,0
20121128,7.73,7.8,7.63,7.79,10753,0
20121129,7.74,7.75,7.74,7.75,400,0
20121130,7.75,7.8,7.65,7.75,14898,0
20121203,7.75,7.76,7.7,7.75,7084,0
20121204,7.75,7.86,7.71,7.86,8519,0
20121205,7.85,7.89,7.7,7.775,2300,0
20121206,7.83,7.83,7.77,7.77,8300,0
20121207,7.8001,7.8001,7.72,7.78,7900,0
20121210,7.79,7.79,7.71,7.73,3240,0
20121211,7.75,7.75,7.7,7.74,7417,0
20121212,7.7199,7.72,7.65,7.6799,7954,0
20121213,7.72,7.75,7.71,7.714,5883,0
20121214,7.71,7.74,7.53,7.6,29230,0
20121217,7.55,7.72,7.55,7.6901,3472,0
20121218,7.72,7.72,7.65,7.68,15479,0
20121219,7.65,7.7,7.65,7.69,11232,0
20121220,7.66,7.7,7.6,7.69,10432,0
20121221,7.63,7.63,7.51,7.57,5923,0
20121224,7.55,7.65,7.55,7.55,4529,0
20121226,7.6,7.6,7.55,7.59,17014,0
20121227,7.55,7.6,7.55,7.599,8295,0
20121228,7.58,7.59,7.4801,7.4801,3578,0
20121231,7.42,7.6,7.42,7.55,9881,0
20130102,7.6,7.7,7.572,7.69,15139,0
20130103,7.65,7.68,7.53,7.62,13237,0
20130104,7.68,7.7,7.57,7.61,5850,0
20130107,7.6,7.6,7.5,7.6,9723,0
20130108,7.55,7.59,7.53,7.59,2960,0
20130109,7.6,7.6,7.4907,7.6,21016,0
20130110,7.55,7.6,7.47,7.52,15319,0
20130111,7.45,7.52,7.45,7.52,1515,0
20130114,7.5399,7.54,7.41,7.54,22900,0
20130115,7.51,7.52,7.35,7.51,11675,0
20130116,7.51,7.52,7.38,7.51,7589,0
20130117,7.44,7.5,7.3601,7.37,4871,0
20130118,7.36,7.45,7.36,7.45,3000,0
20130122,7.37,7.47,7.37,7.47,1772,0
20130123,7.54,7.739,7.37,7.6,14540,0
20130124,7.6,7.749,7.44,7.51,8861,0
20130125,7.5,7.511,7.37,7.37,9826,0
20130128,7.49,7.49,7.35,7.35,5915,0
20130129,7.37,7.45,7.35,7.45,5523,0
20130130,7.4,7.4,7.4,7.4,2351,0
20130131,7.38,7.48,7.29,7.39,16170,0
20130201,7.429,7.481,7.4,7.41,4420,0
20130204,7.32,7.44,7.32,7.33,3400,0
20130205,7.3,7.34,7.3,7.3,6714,0
20130206,7.29,7.413,7.2601,7.38,3136,0
20130207,7.35,7.35,7.21,7.29,7767,0
20130208,7.28,7.31,7.22,7.25,10300,0
20130211,7.2501,7.254,7.03,7.19,15838,0
20130212,7.23,7.34,7.22,7.32,23553,0
20130213,7.36,7.4,7.291,7.37,16425,0
20130214,7.37,7.4,7.23,7.3876,18614,0
20130215,7.35,7.368,7.33,7.35,7002,0
20130219,7.3,7.38,7.27,7.32,1843,0
20130220,7.34,7.37,7.2901,7.37,3500,0
20130221,7.26,7.29,7.11,7.11,7008,0
20130222,7.16,7.294,7.125,7.24,2666,0
20130225,7.24,7.272,7.12,7.12,4123,0
20130226,7.1201,7.1201,7.091,7.091,4244,0
20130227,7.0501,7.233,7,7.2,4200,0
20130228,7.19,7.27,7.11,7.15,2000,0
20130301,7.22,7.23,7.1,7.19,4132,0
20130304,7.15,7.228,7.15,7.1932,1556,0
20130305,7.08,7.27,7.08,7.27,5620,0
20130306,7.21,7.37,7.1901,7.29,1433,0
20130307,7.1,7.28,7.03,7.28,13860,0
20130308,7.2,7.2,7.06,7.13,7004,0
20130311,7.12,7.13,7.12,7.13,1828,0
20130312,7.186,7.186,7.04,7.04,200,0
20130313,7.09,7.22,7.01,7.09,5200,0
20130314,7.0001,7.2,7.0001,7.2,7737,0
20130315,7.04,7.17,7.04,7.17,1200,0
20130318,7.17,7.17,7.0575,7.1,1987,0
20130319,7.09,7.18,7.09,7.14,2350,0
20130320,7.17,7.18,7.166,7.175,2044,0
20130321,7.06,7.27,7.01,7.209,20148,0
20130322,7.18,7.18,7.14,7.14,300,0
20130325,7.12,7.12,7.12,7.12,100,0
20130326,7.1868,7.1868,7.1,7.17,1400,0
20130327,7.08,7.24,7.06,7.11,7000,0
20130328,7.06,7.25,7.02,7.16,4302,0
20130401,7.21,7.35,7.21,7.3,4441,0
20130403,7.19,7.2999,7.1,7.15,2922,0
20130404,7.09,7.35,7.09,7.17,5547,0
20130405,7.1,7.3338,7.01,7.02,8475,0
20130408,7.1001,7.124,7,7.05,6159,0
20130409,7.2,7.24,7.05,7.16,4535,0
20130410,7.09,7.25,7.05,7.14,4315,0
20130411,7.13,7.25,6.85,6.9,73107,0
20130412,7.13,7.13,6.81,6.91,14860,0
20130415,6.87,7.05,6.81,6.96,6816,0
20130416,6.93,7.04,6.92,6.98,2471,0
20130417,7.03,7.04,6.83,6.93,1356,0
20130418,6.9601,6.9601,6.92,6.92,2050,0
20130419,6.98,6.98,6.96,6.98,2100,0
20130423,7,7.11,6.96,7.11,9055,0
20130424,7.07,7.15,7,7.01,4337,0
20130425,7.09,7.1,7,7.09,4371,0
20130426,7.07,7.09,6.99,7.04,6437,0
20130429,7.05,7.13,6.99,7,7560,0
20130430,7.09,7.1,7,7,2368,0
20130501,6.91,7.04,6.9,6.98,5100,0
20130502,6.91,7.01,6.91,7,15114,0
20130503,7.07,7.07,6.92,7,1092,0
20130506,7,7,6.91,6.99,7693,0
20130507,6.96,7,6.9,6.98,9832,0
20130508,6.91,7,6.88,6.99,2150,0
20130509,7,7.06,6.8901,7.06,26353,0
20130510,7.05,7.05,6.95,7.03,3702,0
20130513,7.02,7.11,6.96,7.01,13700,0
20130514,7.05,7.42,7.025,7.25,45877,0
20130515,7.21,7.26,7.02,7.12,14858,0
20130516,7.22,7.22,7.0301,7.13,5105,0
20130517,7.1,7.26,6.94,7.1,40583,0
20130520,7.08,7.08,7.04,7.07,5644,0
20130521,7,7.1,7,7.05,3480,0
20130522,7.03,7.1,6.98,6.98,4425,0
20130523,7.08,7.17,6.97,7.06,19025,0
20130524,7,7.07,7,7.01,7339,0
20130528,7.07,7.089,7.04,7.07,3395,0
20130529,7.1,7.1,6.94,7.02,5565,0
20130530,6.96,7.1,6.941,7.04,5171,0
20130531,7.02,7.09,7,7.05,7765,0
20130603,7.06,7.06,6.97,6.99,7033,0
20130604,7,7.02,7,7,5643,0
20130605,7.1,7.1,7,7,3256,0
20130606,7.02,7.09,6.96,6.96,4929,0
20130607,7.03,7.0799,7.01,7.01,1237,0
20130610,7.02,7.08,7,7,5543,0
20130611,7,7.24,7,7.12,12406,0
20130612,7.17,7.25,7.0585,7.24,9929,0
20130613,7.25,7.25,7.13,7.22,6682,0
20130614,7.19,7.22,7.08,7.11,3941,0
20130617,7.14,7.25,7.04,7.1,3773,0
20130618,7.2,7.26,7.02,7.26,3968,0
20130619,7.18,7.24,7.08,7.17,9480,0
20130620,7.2,7.2,7.05,7.15,11198,0
20130621,7.15,7.155,7,7.07,5638,0
20130624,7.06,7.16,7.01,7.13,16332,0
20130625,7.16,7.16,7.03,7.07,2415,0
20130626,7.1,7.14,7.05,7.13,10388,0
20130627,7.14,7.1899,7.1,7.17,11757,0
20130628,7.07,7.18,7.02,7.11,4944,0
20130701,7.16,7.2,7.11,7.11,842,0
20130702,7.119,7.12,7.001,7.09,11574,0
20130703,7.136,7.14,7.136,7.14,240,0
20130705,7.16,7.19,7.01,7.18,6598,0
20130708,7.24,7.3,7.19,7.29,30654,0
20130709,7.25,7.37,7.2,7.37,23677,0
20130710,7.33,7.37,7.22,7.35,31359,0
20130711,7.35,7.3999,7.27,7.36,14296,0
20130712,7.31,7.4,7.31,7.4,3018,0
20130715,7.4,7.45,7.375,7.41,14026,0
20130716,7.41,7.46,7.4,7.46,8081,0
20130717,7.4004,7.61,7.4004,7.53,5320,0
20130718,7.62,7.65,7.56,7.57,12672,0
20130719,7.55,7.65,7.43,7.57,10724,0
20130722,7.55,7.62,7.55,7.6,8440,0
20130723,7.61,7.73,7.61,7.61,14160,0
20130724,7.67,7.73,7.6,7.61,5235,0
20130725,7.72,7.72,7.6,7.65,2628,0
20130726,7.6,7.7,7.54,7.65,2320,0
20130729,7.7,7.7,7.62,7.65,3911,0
20130730,7.57,7.7,7.56,7.64,9503,0
20130731,7.65,7.71,7.6,7.71,9380,0
20130801,7.71,7.71,7.59,7.59,3516,0
20130802,7.64,7.68,7.6,7.6,2218,0
20130805,7.6499,7.68,7.64,7.6451,9000,0
20130806,7.62,7.73,7.62,7.65,4858,0
20130807,7.69,7.7,7.6,7.65,9994,0
20130808,7.65,7.74,7.63,7.7,10744,0
20130809,7.7,7.7,7.69,7.69,1311,0
20130812,7.68,7.73,7.6,7.69,17912,0
20130813,7.6497,8.1399,7.6497,7.98,58596,0
20130814,8,8,7.96,7.96,1427,0
20130815,7.95,7.96,7.701,7.86,7303,0
20130816,7.819,7.84,7.819,7.84,1826,0
20130819,7.82,7.95,7.71,7.76,8317,0
20130820,7.8,7.89,7.8,7.82,5040,0
20130821,7.82,7.93,7.82,7.93,3441,0
20130822,7.851,7.9999,7.85,7.9,4280,0
20130823,7.85,7.99,7.85,7.99,7684,0
20130826,7.94,7.99,7.83,7.89,3490,0
20130827,7.84,7.99,7.81,7.84,11926,0
20130828,7.9,7.9699,7.7601,7.9,3682,0
20130829,7.99,7.99,7.75,7.96,9263,0
20130830,7.96,7.97,7.96,7.97,380,0
20130903,8,8,7.8,7.99,15491,0
20130904,8,8.03,7.9,8.03,19257,0
20130905,8.03,8.45,8.01,8.32,43063,0
20130906,8.39,8.86,8.3501,8.63,23999,0
20130909,8.92,8.98,8.7308,8.85,29119,0
20130910,8.95,8.98,8.5,8.75,41864,0
20130911,8.67,8.94,8.41,8.61,19423,0
20130912,8.5,8.55,8.4,8.48,4472,0
20130913,8.41,8.49,8.37,8.49,11787,0
20130916,8.5,8.5,8.3001,8.47,9524,0
20130917,8.45,8.84,8.36,8.53,31350,0
20130918,8.28,8.5,8.2,8.38,19577,0
20130919,8.42,8.45,8.06,8.22,27195,0
20130920,8.26,8.45,8.13,8.45,12181,0
20130923,8.3,8.4,8.25,8.38,9233,0
20130924,8.4,8.4,8.22,8.31,4300,0
20130925,8.39,8.44,8.23,8.44,6500,0
20130926,8.45,8.82,8.41,8.75,17500,0
20130927,8.79,8.79,8.63,8.63,2500,0
20130930,8.73,8.73,8.52,8.58,2525,0
20131001,8.56,8.57,8.351,8.5,10411,0
20131002,8.6,8.73,8.5,8.68,7389,0
20131003,8.57,8.77,8.54,8.77,2674,0
20131004,8.73,8.73,8.55,8.68,10100,0
20131007,8.69,8.85,8.51,8.66,18575,0
20131008,8.72,8.9,8.65,8.72,98900,0
20131009,8.77,8.85,8.53,8.53,68800,0
20131010,8.69,8.84,8.65,8.72,34900,0
20131011,8.77,8.85,8.54,8.8,5200,0
20131014,8.79,9.19,8.79,9.13,15200,0
20131015,9.06,9.19,8.94,8.97,7500,0
20131016,8.99,9.14,8.9,8.9,4040,0
20131017,8.96,9.05,8.92,8.98,6700,0
20131018,8.91,9.04,8.9,8.95,14550,0
20131021,9,9.11,8.96,8.96,5300,0
20131022,8.96,9.13,8.95,9.01,8100,0
20131023,9.11,9.18,9,9.14,8400,0
20131024,9.21,9.24,8.96,9.12,9600,0
20131025,8.96,9.3,8.95,8.96,9700,0
20131028,9.05,9.3,9.05,9.12,3000,0
20131029,9.13,9.26,9.11,9.13,3600,0
20131030,9.13,9.23,9.11,9.11,3300,0
20131031,9.2,9.2,9.08,9.13,2300,0
20131101,9.18,9.25,9.13,9.16,2700,0
20131104,9.25,9.25,8.97,9.12,24800,0
20131105,9.15,9.15,8.964,9.05,5250,0
20131106,9.17,9.17,8.961,9.14,4124,0
20131107,9.15,9.15,8.95,9.08,9106,0
20131108,9.04,9.14,9.01,9.14,900,0
20131111,9.15,9.25,9.07,9.08,5200,0
20131112,9.06,9.15,9,9.14,10304,0
20131113,9.0651,9.14,9.0651,9.14,1107,0
20131114,9.12,9.14,8.98,9.03,8300,0
20131115,9.14,9.14,8.82,9.04,4300,0
20131118,9.05,9.05,9,9.05,15700,0
20131119,9,9.05,9,9.02,6700,0
20131120,9.01,9.02,9.01,9.01,1595,0
20131121,9,9.05,8.97,8.97,1800,0
20131122,8.98,9.04,8.91,9,4400,0
20131125,8.97,9.15,8.97,9.06,6900,0
20131126,9.05,9.06,9.03,9.06,5700,0
20131127,9.06,9.15,9.06,9.14,8700,0
20131129,9.14,9.15,9.14,9.14,4769,0
20131202,9.14,9.2,9.02,9.13,5900,0
20131203,9.18,9.48,9.18,9.39,49100,0
20131204,9.35,9.5,9.2,9.37,17145,0
20131205,9.31,9.34,9.04,9.34,3457,0
20131206,9.25,9.33,9.15,9.3,9400,0
20131209,9.36,9.49,9.13,9.3,11100,0
20131210,9.25,9.3,9.15,9.3,4900,0
20131211,9.27,9.4,9.16,9.17,3100,0
20131212,9.28,9.39,9.18,9.24,5400,0
20131213,9.39,9.5,9.15,9.35,40100,0
20131216,9.5,9.5,9.23,9.48,23600,0
20131217,9.41,9.45,9.17,9.32,39564,0
20131218,9.29,9.39,9.18,9.39,20700,0
20131219,9.45,9.45,9.28,9.43,4400,0
20131220,9.31,9.6,9.31,9.6,9600,0
20131223,9.46,9.65,9.46,9.63,8000,0
20131224,9.64,9.717,9.582,9.62,11484,0
20131226,9.68,9.68,9.35,9.65,10400,0
20131227,9.64,9.64,9.49,9.58,10800,0
20131230,9.58,9.72,9.54,9.59,5100,0
20131231,9.64,9.72,9.54,9.54,13693,0
20140102,9.5,9.62,9.5,9.57,3035,0
20140103,9.607,9.607,9.5,9.5,1768,0
20140106,9.5,9.5,9.32,9.37,7300,0
20140107,9.37,9.68,9.37,9.41,20300,0
20140108,9.5,9.7,9.45,9.54,24800,0
20140109,9.51,9.67,9.4,9.67,15600,0
20140110,9.63,9.64,9.45,9.57,23200,0
20140113,9.43,9.69,9.4,9.45,21200,0
20140114,9.5,9.58,9.42,9.45,1700,0
20140115,9.5,9.61,9.41,9.43,17584,0
20140116,9.43,9.52,9.43,9.47,5800,0
20140117,9.59,9.61,9.44,9.44,3900,0
20140121,9.59,9.61,9.5,9.53,2000,0
20140122,9.52,9.59,9.46,9.5,3900,0
20140123,9.5,9.55,9.46,9.46,882,0
20140124,9.46,9.4649,9.13,9.2372,21840,0
20140127,9.19,9.49,8.96,9,21081,0
20140128,9.4,9.4,9.1,9.2399,8903,0
20140129,9.24,9.41,9.02,9.22,6100,0
20140130,9.17,9.46,9.17,9.29,900,0
20140131,9.21,9.45,9.01,9.38,4200,0
20140203,9.25,9.48,9.1001,9.17,2264,0
20140204,9.285,9.38,9.1601,9.24,9291,0
20140205,9.15,9.28,9.02,9.2,10542,0
20140206,9.2,9.26,9.145,9.2,8861,0
20140207,9.33,9.45,9.17,9.31,41317,0
20140210,9.35,9.4,9.31,9.35,9087,0
20140211,9.35,9.44,9.31,9.35,13492,0
20140212,9.3993,10.08,9.331,10.02,99914,0
20140213,10.02,11.62,9.91,11.07,116710,0
20140214,11,11,10.521,10.78,15369,0
20140218,10.95,11.15,10.75,11.06,52444,0
20140219,11.14,11.2,10.84,10.84,45543,0
20140220,10.97,11,10.8,10.875,19535,0
20140221,10.81,11.143,10.8,11.01,17099,0
20140224,11.15,11.39,11.07,11.07,46392,0
20140225,11.18,11.189,10.9,10.91,22216,0
20140226,11,11.156,10.4,10.69,71498,0
20140227,10.76,11.09,10.73,10.86,6600,0
20140228,10.89,11.06,10.75,10.765,8633,0
20140303,11.02,11.179,10.68,10.74,16872,0
20140304,10.69,10.99,10.69,10.99,7112,0
20140305,10.91,10.949,10.73,10.78,4454,0
20140306,10.9,10.99,10.8,10.99,8885,0
20140307,11,11.14,10.8,11,39310,0
20140310,11.05,11.139,10.9,10.9,10777,0
20140311,10.78,10.96,10.69,10.95,56200,0
20140312,10.85,10.95,10.7,10.92,10889,0
20140313,10.87,10.952,10.7,10.85,8410,0
20140314,10.9,10.9,10.63,10.826,29555,0
20140317,10.72,10.847,10.3,10.53,16714,0
20140318,10.621,10.65,10.46,10.55,8083,0
20140319,10.72,10.75,10.37,10.5,6191,0
20140320,10.5,10.569,10.41,10.48,6468,0
20140321,10.42,10.6,10.42,10.48,9513,0
20140324,10.6,10.67,10.011,10.4,28293,0
20140325,10.4,10.413,10.326,10.39,9088,0
20140326,10.43,10.67,10.01,10.26,30600,0
20140327,10.19,10.439,10.19,10.25,10854,0
20140328,10.65,10.66,10.32,10.34,19941,0
20140331,10.26,10.34,10.25,10.33,8227,0
20140401,10.374,10.399,10.21,10.25,4834,0
20140402,10.21,10.457,10.02,10.41,20322,0
20140403,10.37,10.43,10.29,10.38,11683,0
20140404,10.5,10.5,10.28,10.28,12687,0
20140407,10.28,10.33,10.23,10.23,12237,0
20140408,10.27,10.35,10.001,10.35,30291,0
20140409,10.35,10.35,10.15,10.19,17066,0
20140410,10.14,10.25,10.14,10.2,12373,0
20140411,10.41,10.497,10.12,10.13,20951,0
20140414,10.13,10.33,10.11,10.12,11352,0
20140415,10.21,10.39,10.17,10.19,13611,0
20140416,10.2,10.3,10.05,10.18,45007,0
20140417,10.09,10.379,10.09,10.27,11009,0
20140421,10.2,10.64,10.12,10.59,8551,0
20140422,10.56,10.98,10.56,10.8,18878,0
20140423,10.83,10.95,10.65,10.65,4349,0
20140424,10.64,10.9,10.63,10.77,4864,0
20140425,10.8,10.92,10.58,10.58,7193,0
20140428,10.92,10.93,10.2,10.57,30039,0
20140429,10.75,10.75,10.42,10.42,6781,0
20140430,10.64,10.69,10.44,10.49,4945,0
20140501,10.7,10.729,10.48,10.5,2441,0
20140502,10.58,10.58,10.42,10.42,4730,0
20140505,10.44,10.5,10.44,10.44,1353,0
20140506,10.8,10.8,10.41,10.469,4470,0
20140507,10.49,10.49,10.36,10.36,3328,0
20140508,10.33,10.53,10.33,10.48,2531,0
20140509,10.48,10.48,9.47,9.47,146635,0
20140512,9.86,10.039,9.65,9.9,50586,0
20140513,9.65,9.95,9.65,9.72,16170,0
20140514,9.9,9.9,9.65,9.65,4063,0
20140515,9.67,9.72,9.65,9.7,6896,0
20140516,9.85,9.922,9.76,9.76,9067,0
20140519,9.681,9.723,9.681,9.72,5327,0
20140520,9.65,9.65,9.65,9.65,668,0
20140521,9.72,9.87,9.65,9.65,6957,0
20140522,9.741,9.94,9.69,9.853,4982,0
20140523,9.88,9.95,9.8,9.91,5306,0
20140527,9.92,9.94,9.92,9.93,5544,0
20140528,10,10,9.92,9.99,5188,0
20140529,10,10.16,10,10.14,4736,0
20140530,10.06,10.32,10.06,10.17,15534,0
20140602,10.38,10.38,9.961,10.23,20079,0
20140603,10.27,10.27,10,10,2966,0
20140604,9.98,10.11,9.91,9.91,2823,0
20140605,9.96,9.975,9.96,9.975,1500,0
20140606,10.09,10.15,10.04,10.085,16980,0
20140609,9.96,10.32,9.96,10.32,15684,0
20140610,10.24,10.38,10.15,10.38,6300,0
20140611,10.36,10.94,10.21,10.94,22660,0
20140612,10.66,10.91,10.33,10.85,37848,0
20140613,10.82,10.95,10.75,10.95,27893,0
20140616,10.89,11.05,10.72,10.83,25392,0
20140617,10.85,10.985,10.7,10.909,3201,0
20140618,10.774,10.97,10.774,10.9,5754,0
20140619,10.85,11.05,10.85,11,15165,0
20140620,11,11.15,10.95,11.1,6630,0
20140623,11.1,11.1,10.94,11.1,11690,0
20140624,11.15,11.17,11.05,11.14,13372,0
20140625,11.05,11.138,11.03,11.12,11613,0
20140626,11.12,11.12,10.866,10.91,2983,0
20140627,10.9,11.19,10.86,11.19,2739,0
20140630,11.13,11.16,10.9,11.01,4030,0
20140701,11.14,11.47,11.01,11.43,14683,0
20140702,11.4,11.49,11.35,11.46,45600,0
20140703,11.49,11.58,11.453,11.49,29710,0
20140707,11.32,11.5,11.18,11.33,14143,0
20140708,11.37,11.43,11.06,11.41,7260,0
20140709,11.14,11.42,11.1,11.3,4532,0
20140710,11.19,11.23,11,11.204,5078,0
20140711,11.09,11.38,11.09,11.32,3478,0
20140714,11.22,11.5,11.22,11.4,26679,0
20140715,11.45,11.45,11.28,11.4,4936,0
20140716,11.38,11.41,11.3,11.37,8234,0
20140717,11.31,11.35,11.15,11.19,27621,0
20140718,11.18,11.29,11.16,11.25,24887,0
20140721,11.28,11.35,11.07,11.18,26053,0
20140722,11.21,11.21,11.15,11.15,1305,0
20140723,11.16,11.26,11.13,11.13,1868,0
20140724,11.08,11.16,10.92,10.92,6586,0
20140725,10.97,11.102,10.97,11.01,1269,0
20140728,11.12,11.17,11.01,11.17,3413,0
20140729,11.09,11.11,11,11,2010,0
20140730,11.2,11.2,11,11.18,2450,0
20140731,11.04,11.07,10.76,10.78,2992,0
20140801,10.77,10.77,10.266,10.49,9446,0
20140804,10.45,10.53,10.24,10.41,8285,0
20140805,10.32,10.356,10.1,10.191,12806,0
20140806,10.19,10.23,10.119,10.2,15783,0
20140807,10.2,10.22,10.01,10.13,17755,0
20140808,10.17,10.2,10.15,10.18,4006,0
20140811,10,10.25,10,10.2,5830,0
20140812,10.28,10.454,10.2,10.28,9042,0
20140813,10.3,10.322,10.1,10.1,55955,0
20140814,10.12,10.26,10.01,10.15,18129,0
20140815,10.08,10.25,9.87,9.955,31109,0
20140818,9.96,10.43,9.96,10.255,44026,0
20140819,10.36,10.36,10.1,10.13,5969,0
20140820,10.16,10.23,10.145,10.15,4224,0
20140821,10.13,10.29,10.05,10.17,24225,0
20140822,10.23,10.23,10.13,10.19,3359,0
20140825,10.2,10.24,10.135,10.15,22549,0
20140826,10.312,10.312,10.15,10.17,29641,0
20140827,10.2,10.21,10.1,10.15,8403,0
20140828,10.15,10.2,10.05,10.188,17405,0
20140829,10.18,10.18,10.04,10.1,19317,0
20140902,10.05,10.2,10,10.19,32164,0
20140903,10.19,10.24,10.08,10.09,11908,0
20140904,10.09,10.17,10.08,10.17,1105,0
20140905,10.14,10.26,10.052,10.07,11348,0
20140908,10.06,10.19,10.05,10.07,7471,0
20140909,10.1,10.13,10.07,10.1,1435,0
20140910,10.05,10.12,10.05,10.12,2517,0
20140911,10.04,10.108,10.03,10.03,4898,0
20140912,10.03,10.128,10.01,10.07,2842,0
20140915,10.13,10.158,10.02,10.14,3557,0
20140916,10.17,10.17,10.1,10.15,1493,0
20140917,10.05,10.079,10,10.03,9072,0
20140918,10.07,10.16,10.07,10.08,2381,0
20140919,10.18,10.2,9.96,10.2,16256,0
20140922,10.09,10.12,9.98,9.98,5816,0
20140923,10.12,10.12,9.9,9.95,4991,0
20140924,9.82,9.969,9.801,9.9,5780,0
20140925,9.93,10.02,9.82,9.82,4524,0
20140926,9.87,10.079,9.85,10.05,5528,0
20140929,9.93,10,9.83,9.86,4691,0
20140930,9.86,10.03,9.817,9.82,7613,0
20141001,9.79,9.83,9.71,9.71,12033,0
20141002,9.71,9.91,9.701,9.85,6807,0
20141003,9.99,9.99,9.74,9.83,5024,0
20141006,9.96,9.96,9.75,9.915,8740,0
20141007,9.98,9.98,9.81,9.87,7536,0
20141008,9.85,9.89,9.81,9.85,7226,0
20141009,9.91,10.04,9.865,9.89,1004,0
20141010,9.9,9.9,9.8,9.8,3700,0
20141013,9.8,9.97,9.8,9.8,8244,0
20141014,9.82,9.99,9.8,9.89,11688,0
20141015,9.8,9.83,9.76,9.77,15468,0
20141016,9.76,9.9,9.76,9.8,18216,0
20141017,9.89,9.89,9.77,9.8,3737,0
20141020,9.76,9.8,9.76,9.8,9597,0
20141021,9.91,9.923,9.76,9.77,17834,0
20141022,9.78,9.781,9.72,9.72,7109,0
20141023,9.78,9.86,9.7,9.835,6336,0
20141024,9.78,9.78,9.7,9.72,5410,0
20141027,9.71,9.79,9.69,9.7,9276,0
20141028,9.7,9.7,9.52,9.63,4699,0
20141029,9.74,9.74,9.7,9.73,2066,0
20141030,9.69,9.75,9.62,9.63,3265,0
20141031,9.66,9.74,9.61,9.689,1141,0
20141103,9.74,9.74,9.61,9.73,5764,0
20141104,9.7,9.7,9.55,9.67,3270,0
20141105,9.64,9.65,9.6,9.65,3741,0
20141106,9.82,9.82,9.66,9.7,4544,0
20141107,9.67,9.87,9.55,9.87,5178,0
20141110,9.721,9.832,9.721,9.832,589,0
20141111,9.76,9.85,9.69,9.79,13280,0
20141112,9.72,9.88,9.68,9.87,11056,0
20141113,9.78,9.78,9.53,9.71,15207,0
20141114,9.6,9.62,9.6,9.6,9816,0
20141117,9.8,9.8,9.61,9.72,1810,0
20141118,9.51,9.807,9.51,9.78,2831,0
20141119,9.7,9.7,9.68,9.68,885,0
20141120,9.74,9.79,9.62,9.7,4822,0
20141121,9.6,9.719,9.54,9.55,12492,0
20141124,9.64,9.82,9.58,9.73,9717,0
20141125,9.77,9.95,9.77,9.78,5724,0
20141126,9.87,10,9.72,9.96,11425,0
20141128,9.98,9.98,9.98,9.98,500,0
20141201,10.04,10.11,9.83,10,19534,0
20141202,9.95,10.17,9.85,9.88,8563,0
20141203,9.98,9.98,9.91,9.91,2763,0
20141204,9.9,9.9,9.72,9.74,14648,0
20141205,9.66,10.07,9.64,9.85,4688,0
20141208,9.8,9.86,9.75,9.75,10659,0
20141209,9.55,9.9,9.04,9.4,34631,0
20141210,9.31,9.48,9.2101,9.43,20543,0
20141211,9.43,9.4957,9.3501,9.42,14892,0
20141212,9.52,9.56,9.3001,9.35,2502,0
20141215,9.49,9.5,9.3,9.46,2423,0
20141216,9.44,9.65,9.23,9.49,15151,0
20141217,9.43,9.43,9.15,9.3,18970,0
20141218,9.37,9.49,9.37,9.43,1985,0
20141219,9.55,9.55,9.21,9.32,3029,0
20141222,9.34,9.34,9.29,9.3,3526,0
20141223,9.49,9.5,9.29,9.29,10467,0
20141224,9.23,9.4,9.15,9.25,11699,0
20141226,9.25,9.41,8.9,9.32,46360,0
20141229,9.12,9.59,9.1,9.48,35215,0
20141230,9.38,9.5,9.3201,9.46,3123,0
20141231,9.44,9.45,9.32,9.4,4062,0
20150102,9.3662,9.56,9.3662,9.41,975,0
20150105,9.41,9.41,9.25,9.32,6991,0
20150106,9.15,9.56,9.15,9.28,1577,0
20150107,9.19,9.47,9.19,9.41,5364,0
20150108,9.4,9.4,9.21,9.4,7828,0
20150109,9.57,9.57,9.27,9.43,13722,0
20150112,9.4,9.52,9.3001,9.4999,872,0
20150113,9.52,9.52,9.34,9.42,8520,0
20150114,9.52,9.52,9.1821,9.28,10345,0
20150115,9.27,9.4225,9.2001,9.26,10102,0
20150116,9.31,9.4,9.22,9.33,2300,0
20150120,9.21,9.24,9.18,9.24,21476,0
20150121,9.228,9.33,9.13,9.13,37874,0
20150122,9.15,9.4,9.11,9.39,35172,0
20150123,9.18,9.25,9.13,9.24,41230,0
20150126,9.3,9.35,9.28,9.31,13748,0
20150127,9.31,9.36,9.3,9.3,2461,0
20150128,9.24,9.28,9.02,9.16,17531,0
20150129,9.16,9.16,9.01,9.03,5926,0
20150130,9.05,9.15,9.02,9.15,1046,0
20150202,9.18,9.3,9.18,9.27,2351,0
20150203,9.19,9.266,9.17,9.17,19649,0
20150204,9.22,9.26,9.1,9.26,2137,0
20150205,9.26,9.26,9.153,9.22,2700,0
20150206,9.1701,9.22,9.1701,9.19,1496,0
20150209,9.1,9.26,9.06,9.26,17815,0
20150210,9.26,9.27,9.15,9.2,6835,0
20150211,9.1999,9.2381,9.16,9.2,4276,0
20150212,9.26,9.3,9.26,9.3,3345,0
20150213,9.38,9.55,9.35,9.497,20857,0
20150217,9.49,9.55,9.41,9.42,47406,0
20150218,9.54,9.84,9.46,9.84,18217,0
20150219,9.88,9.88,9.7,9.72,5080,0
20150220,9.72,9.72,9.57,9.66,6111,0
20150223,9.52,9.78,9.52,9.72,7481,0
20150224,9.75,9.823,9.75,9.79,6510,0
20150225,9.82,10.097,9.82,10.03,16758,0
20150226,10.06,10.06,10,10,10840,0
20150227,9.9,10,9.73,9.88,9020,0
20150302,9.85,9.88,9.7,9.84,2800,0
20150303,9.76,9.84,9.75,9.8,2100,0
20150304,9.84,9.84,9.75,9.82,2200,0
20150305,9.77,9.77,9.77,9.77,2400,0
20150306,9.74,9.85,9.74,9.84,4000,0
20150309,9.8,9.84,9.76,9.8,2100,0
20150310,9.75,9.77,9.74,9.76,2700,0
20150311,9.77,9.85,9.68,9.78,2900,0
20150312,9.73,9.85,9.73,9.84,5900,0
20150313,9.75,9.84,9.75,9.83,3000,0
20150316,9.85,9.92,9.78,9.85,8000,0
20150317,9.86,9.9,9.84,9.9,1400,0
20150318,9.84,9.91,9.83,9.91,23500,0
20150319,9.88,9.99,9.86,9.93,15700,0
20150320,9.95,10.1,9.9,10,26700,0
20150323,10.02,10.02,10.02,10.02,200,0
20150324,9.98,10.02,9.8,10.02,11400,0
20150325,9.9,10.02,9.9,9.9,5500,0
20150326,9.87,9.93,9.87,9.88,1000,0
20150327,9.93,10,9.87,10,500,0
20150330,9.88,9.88,9.86,9.86,400,0
20150331,9.85,10.01,9.85,10.01,3298,0
20150401,9.95,9.95,9.56,9.72,9300,0
20150402,9.82,9.82,9.34,9.62,18300,0
20150406,9.61,9.89,9.61,9.81,7600,0
20150407,9.86,9.86,9.86,9.86,180,0
20150408,9.62,9.8,9.62,9.8,4800,0
20150410,9.87,9.87,9.87,9.87,100,0
20150413,9.85,9.85,9.72,9.72,1300,0
20150414,9.87,9.87,9.78,9.79,1300,0
20150415,9.79,10,9.79,9.83,3627,0
20150416,9.83,9.98,9.83,9.966,2068,0
20150417,9.88,9.88,9.66,9.8,3500,0
20150420,9.81,9.89,9.77,9.78,6706,0
20150421,9.78,9.87,9.62,9.62,9431,0
20150422,9.75,9.92,9.67,9.75,3756,0
20150423,9.83,9.83,9.38,9.52,6200,0
20150424,9.7,9.72,9.47,9.72,6685,0
20150428,9.44,9.65,9.44,9.53,5712,0
20150429,9.64,9.68,9.26,9.47,4900,0
20150430,9.6,9.6,9.35,9.56,2100,0
20150501,9.4,9.59,9.4,9.48,1700,0
20150504,9.55,9.59,9.55,9.55,10000,0
20150505,9.6,9.6,9.55,9.57,1300,0
20150506,9.55,9.6,9.55,9.566,1944,0
20150507,9.64,9.64,9.31,9.58,5665,0
20150508,9.47,9.47,9.2,9.28,32000,0
20150511,9.3,9.3,9.21,9.25,33500,0
20150512,9.25,9.25,9.25,9.25,1207,0
20150513,9.25,9.53,9.25,9.44,28000,0
20150514,9.39,9.63,9.37,9.56,6400,0
20150515,9.43,9.77,9.42,9.77,26126,0
20150518,9.69,9.79,9.672,9.79,3887,0
20150519,9.7,9.76,9.65,9.65,4908,0
20150520,9.71,9.99,9.7,9.96,13100,0
20150521,9.76,9.76,9.76,9.76,1000,0
20150522,9.71,9.91,9.71,9.91,500,0
20150526,10,10,9.67,9.82,5828,0
20150527,10.02,10.02,9.86,9.87,4100,0
20150528,9.88,9.88,9.88,9.88,429,0
20150529,9.81,9.89,9.76,9.79,2800,0
20150601,9.82,9.93,9.8,9.92,9019,0
20150602,9.93,9.99,9.93,9.95,1164,0
20150603,9.95,9.99,9.92,9.99,4800,0
20150604,9.92,9.93,9.92,9.93,500,0
20150605,9.95,9.95,9.93,9.93,300,0
20150608,9.92,9.92,9.82,9.82,1700,0
20150609,9.796,9.85,9.7,9.8,19231,0
20150610,9.8,9.87,9.793,9.83,71212,0
20150611,9.87,9.87,9.801,9.81,606,0
20150612,9.79,9.85,9.79,9.79,600,0
20150615,9.82,9.82,9.63,9.63,1800,0
20150616,9.7,9.7,9.59,9.65,700,0
20150617,9.47,9.51,9.43,9.51,10600,0
20150618,9.75,9.75,9.53,9.53,800,0
20150619,9.52,9.74,9.52,9.64,7700,0
20150622,9.58,9.76,9.53,9.53,2500,0
20150623,9.73,9.75,9.684,9.684,348,0
20150624,9.62,9.66,9.53,9.6,1500,0
20150625,9.64,9.78,9.55,9.78,14200,0
20150626,9.61,9.83,9.61,9.83,5600,0
20150629,9.64,9.76,9.52,9.59,6000,0
20150630,9.68,9.83,9.67,9.67,10417,0
20150701,9.75,9.9,9.75,9.8,18600,0
20150702,9.75,9.99,9.75,9.91,9700,0
20150706,10,10,9.81,9.81,1100,0
20150707,9.84,9.92,9.73,9.92,2200,0
20150708,9.98,9.98,9.85,9.85,400,0
20150709,9.96,9.97,9.79,9.86,3000,0
20150710,10.01,10.01,9.78,9.9,900,0
20150713,10,10.05,9.94,10.05,6600,0
20150714,9.94,10.094,9.88,10.034,3730,0
20150715,10.09,10.09,10.09,10.09,552,0
20150716,10.09,10.1,9.89,9.96,3000,0
20150717,9.84,10.04,9.71,9.87,3400,0
20150720,9.62,10.07,9.62,10.07,900,0
20150721,9.81,9.98,9.81,9.9,300,0
20150722,9.93,9.97,9.88,9.89,500,0
20150723,9.97,9.98,9.65,9.71,7400,0
20150724,9.71,9.77,9.52,9.64,8200,0
20150727,9.96,9.96,9.68,9.69,1000,0
20150728,9.66,9.83,9.52,9.65,11400,0
20150729,9.77,9.85,9.53,9.56,10700,0
20150730,9.83,9.83,9.56,9.59,2900,0
20150731,9.59,9.59,9.54,9.59,900,0
20150803,9.76,9.76,9.52,9.61,1630,0
20150804,9.53,9.56,9.53,9.56,900,0
20150805,9.52,9.64,9.25,9.49,17200,0
20150806,9.55,9.83,9.55,9.69,2451,0
20150807,9.52,9.52,9.43,9.43,1100,0
20150810,9.53,9.64,9.52,9.64,1800,0
20150811,9.5,9.558,9.452,9.558,3784,0
20150812,9.63,9.63,9.4,9.41,2300,0
20150813,9.4,9.63,9.38,9.54,18000,0
20150814,9.49,9.58,9.49,9.58,300,0
20150817,9.49,9.55,9.45,9.45,500,0
20150818,9.47,9.47,9.45,9.47,1300,0
20150819,9.55,9.57,9.43,9.46,2500,0
20150820,9.43,9.54,9.43,9.54,2700,0
20150821,9.44,9.44,9.4,9.4,1200,0
20150824,9.26,9.45,9.21,9.3484,8665,0
20150825,9.32,9.43,9.22,9.25,6500,0
20150826,9.36,9.49,9.25,9.29,800,0
20150827,9.26,9.28,9.26,9.28,800,0
20150828,9.45,9.55,9.15,9.16,22400,0
20150831,9.22,9.22,9.02,9.09,7400,0
20150901,8.99,9.35,8.99,9.07,1900,0
20150902,9.15,9.16,9.02,9.02,1500,0
20150903,9.16,9.18,9,9.05,4500,0
20150904,9,9.13,9,9.13,500,0
20150908,9.17,9.17,9,9,1500,0
20150909,9.09,9.09,9.01,9.06,3200,0
20150910,9.06,9.06,9.05,9.05,998,0
20150911,9.1,9.16,9.1,9.15,1800,0
20150915,9.06,9.13,9.05,9.05,2400,0
20150916,9.09,9.14,9.09,9.14,3700,0
20150917,9.04,9.1,8.99,9.1,10670,0
20150918,9.12,9.15,9.01,9.15,9700,0
20150921,8.97,9.04,8.97,9.04,3700,0
20150922,8.94,8.94,8.94,8.94,400,0
20150923,9,9.0299,8.91,8.91,6451,0
20150924,8.93,9.03,8.93,8.94,1119,0
20150925,9,9,9,9,3700,0
20150928,8.93,9.05,8.93,8.98,5243,0
20150929,8.92,9,8.92,8.97,1900,0
20150930,9,9.04,9,9.04,1600,0
20151001,9.11,9.25,9.1,9.19,41500,0
20151002,9.13,9.32,9.13,9.25,6700,0
20151005,9.25,9.33,9.25,9.3,1264,0
20151006,9.35,9.44,9.25,9.44,84300,0
20151007,9.38,9.39,9.3,9.3,1663,0
20151008,9.32,9.32,9.3,9.3,300,0
20151009,9.35,9.55,9.35,9.5,3200,0
20151012,9.577,9.577,9.34,9.54,4313,0
20151013,9.6,9.97,9.58,9.85,30900,0
20151014,9.94,9.94,9.86,9.86,2200,0
20151015,9.89,9.93,9.75,9.92,5100,0
20151016,9.95,9.95,9.95,9.95,1500,0
20151019,9.851,10.02,9.851,10,14238,0
20151020,10.01,10.02,9.71,9.84,2300,0
20151021,9.79,9.8,9.79,9.8,1600,0
20151022,9.9,10.07,9.9,10.03,6400,0
20151023,10,10.25,9.91,9.94,9200,0
20151026,9.94,10.15,9.85,10.15,800,0
20151027,9.91,10.08,9.9,9.96,5800,0
20151028,10.08,10.1,9.98,9.98,3500,0
20151030,9.8,9.8,9.68,9.68,1500,0
20151102,9.6,9.82,9.55,9.82,4843,0
20151103,9.75,9.84,9.69,9.7,7500,0
20151104,9.79,10,9.627,9.627,4065,0
20151105,9.67,9.88,9.67,9.79,7200,0
20151106,9.79,10,9.79,10,6400,0
20151109,10.03,10.35,10.03,10.35,22985,0
20151110,10.37,10.48,10.27,10.35,17600,0
20151111,10.39,10.39,10.39,10.39,100,0
20151112,10.48,10.48,10.07,10.15,8300,0
20151113,10.16,10.4,10.16,10.4,6500,0
20151116,10.47,10.48,10.01,10.28,2300,0
20151118,10.28,10.3,10,10,6200,0
20151119,10.01,10.19,10.01,10.19,800,0
20151120,10.07,10.19,10.06,10.18,1800,0
20151123,10.29,10.29,10.18,10.18,3400,0
20151124,10.15,10.15,10.05,10.06,1000,0
20151125,10.2,10.2,10.07,10.2,2300,0
20151127,10.34,10.43,10.34,10.43,1100,0
20151130,10.45,10.46,10.44,10.46,2500,0
20151201,10.47,10.79,10.15,10.79,15925,0
20151202,10.7,11.45,10.637,11.14,103089,0
20151203,11.26,11.26,10.96,10.96,14507,0
20151204,11.08,11.15,11.01,11.02,16500,0
20151207,11.04,11.15,10.76,10.87,8600,0
20151208,10.63,12.45,10.63,12.17,143865,0
20151209,12.34,13.18,12.01,12.75,51700,0
20151210,12.85,12.95,12.5,12.85,39700,0
20151211,12.72,13.87,12.72,12.99,25100,0
20151214,13.07,13.07,12.86,13.01,41997,0
20151215,13.04,13.04,12.3,12.44,38500,0
20151216,12.5,12.95,12.45,12.61,9000,0
20151217,12.7,12.83,12.5,12.5,7700,0
20151218,12.35,12.95,12.35,12.81,90400,0
20151221,12.71,12.86,12.36,12.5,34400,0
20151222,12.466,12.5,11.56,12.305,15883,0
20151223,11.57,12.6,11.57,12.14,18200,0
20151224,12.14,12.14,10.832,11.601,31851,0
20151228,11.6,11.96,11.51,11.64,17532,0
20151229,11.65,11.87,11.3,11.69,86178,0
20151230,11.58,11.79,11.16,11.49,30108,0
20151231,11.6,11.778,11.15,11.3,27264,0
20160104,11.24,11.34,11.21,11.34,16234,0
20160105,11.3265,11.87,11.3,11.54,21030,0
20160106,11.57,12.0399,11.5005,11.88,9976,0
20160107,11.88,12.63,11.88,12.29,72948,0
20160108,12.41,12.42,11.67,12.19,38779,0
20160111,12.14,12.435,12.06,12.15,16159,0
20160112,12.19,12.49,12.15,12.36,16639,0
20160113,12.36,12.36,12,12.15,33842,0
20160114,11.9092,12.1,11.46,11.46,21269,0
20160115,11.22,11.37,10.66,10.81,15344,0
20160119,10.66,11.09,10.52,10.52,17300,0
20160120,10.6,11.05,10.5,10.89,16412,0
20160121,11.03,11.16,10.77,11.15,12927,0
20160122,11.19,11.71,11.19,11.48,19884,0
20160125,11.49,11.91,11.4,11.8,18632,0
20160126,11.59,11.91,11.5499,11.7,11756,0
20160127,11.72,11.84,11.61,11.69,7278,0
20160128,11.71,11.83,11.61,11.73,14392,0
20160129,11.73,11.95,11.7,11.79,5687,0
20160201,11.7905,11.85,11.7895,11.83,3974,0
20160202,11.7,12.14,11.7,11.94,16406,0
20160203,11.93,11.99,11.7,11.7,3537,0
20160204,11.73,12.08,11.68,11.77,15950,0
20160205,11.79,11.98,11.7,11.8,12652,0
20160208,11.67,11.96,11.67,11.85,8481,0
20160209,11.91,11.92,11.7,11.92,8718,0
20160210,12.47,12.99,12.47,12.6,67848,0
20160211,12.76,12.85,12.15,12.77,26108,0
20160212,12.91,12.91,12.76,12.8,7517,0
20160216,12.718,12.85,12.5,12.56,19825,0
20160217,12.56,12.99,12.5599,12.68,20160,0
20160218,12.82,13,12.1025,12.49,48402,0
20160219,12.4772,12.4772,12.323,12.4,5394,0
20160222,12.41,12.95,12.4,12.69,29065,0
20160223,12.69,12.715,12.62,12.68,5150,0
20160224,12.77,12.99,12.605,12.99,36987,0
20160225,13,13,12.7101,12.95,33113,0
20160226,12.99,13.4999,12.96,13.36,303405,0
20160229,13.36,13.9,13.36,13.57,63246,0
20160301,13.67,13.67,13.4,13.4,62416,0
20160302,13.4,13.4899,13.35,13.35,28574,0
20160303,13.24,13.67,13.202,13.65,52321,0
20160304,13.67,13.98,13.31,13.871,69029,0
20160307,13.99,15.425,13.9311,14.5,207788,0
20160308,14.55,14.91,13.7123,14.19,98868,0
20160309,14.27,14.27,14.001,14.01,22375,0
20160310,14.17,14.3499,13.3601,13.83,53074,0
20160311,13.88,14.33,13.3201,13.76,10812,0
20160314,13.82,13.82,13.35,13.42,23742,0
20160315,13.34,13.69,13.05,13.51,27254,0
20160316,13.48,13.79,13.33,13.5,34347,0
20160317,13.4,13.81,13.27,13.8,33510,0
20160318,13.86,13.99,13.31,13.72,24530,0
20160321,13.73,13.98,13.52,13.53,35642,0
20160322,13.5,13.72,13.09,13.19,46387,0
20160323,13.21,13.47,13,13.36,45156,0
20160324,13.36,13.36,13.06,13.3,46249,0
20160328,13.4,14.115,13.3,14.06,47908,0
20160329,14.06,14.68,14.01,14.59,46269,0
20160330,14.59,14.7399,14.465,14.65,22280,0
20160331,14.66,14.95,14.49,14.62,34640,0
20160401,14.58,15.06,14.58,14.81,39488,0
20160404,14.82,15.08,14.64,14.75,33994,0
20160405,14.76,15.0799,14.64,14.73,33092,0
20160406,14.7,14.94,14.6824,14.8,9805,0
20160407,14.74,15.06,14.74,14.78,33363,0
20160408,14.86,14.9299,14.6501,14.855,13983,0
20160411,14.95,14.98,14.72,14.74,12161,0
20160412,14.77,14.77,14.56,14.66,15172,0
20160413,14.68,14.8,14.1,14.26,43179,0
20160414,13.961,14.4699,13.961,13.97,11416,0
20160415,14.03,14.15,13.79,13.96,12798,0
