Date,Open,High,Low,Close,Volume,OpenInt
20060714,11.598,11.73,11.598,11.73,4369,0
20060717,11.598,11.598,11.314,11.462,7764,0
20060718,11.263,11.381,11.263,11.263,2319,0
20060719,11.182,11.196,11.06,11.196,3618,0
20060720,10.992,11.127,10.926,11.127,2228,0
20060721,11.127,11.127,11.127,11.127,2126,0
20060724,10.926,11.196,10.725,11.127,4489,0
20060725,11.196,11.327,11.196,11.327,2369,0
20060726,11.263,11.462,11.127,11.462,2610,0
20060727,11.327,11.327,11.327,11.327,671,0
20060728,11.462,11.462,11.462,11.462,1120,0
20060731,11.196,11.462,11.196,11.462,1640,0
20060802,11.598,11.598,11.395,11.462,2126,0
20060803,11.598,12.723,11.598,12.065,9707,0
20060804,12.065,12.065,12.065,12.065,1865,0
20060807,12.267,12.468,12.267,12.401,14348,0
20060808,12.401,12.736,12.401,12.67,3059,0
20060809,12.736,12.736,12.468,12.601,7905,0
20060810,12.736,12.736,12.736,12.736,72,0
20060811,12.67,12.736,12.67,12.723,29763,0
20060814,12.723,12.723,12.723,12.723,290,0
20060815,12.803,12.803,12.803,12.803,72,0
20060817,12.803,13.245,12.803,13.071,11289,0
20060818,13.245,13.245,13.245,13.245,72,0
20060821,13.245,13.245,13.071,13.071,2237,0
20060822,13.071,13.071,13.071,13.071,373,0
20060823,12.937,12.977,12.87,12.937,28992,0
20060825,12.937,13.205,12.937,13.205,445,0
20060828,13.139,13.139,13.139,13.139,72,0
20060829,12.87,12.87,12.803,12.857,35505,0
20060830,12.803,12.816,12.803,12.803,5047,0
20060831,12.87,12.87,12.803,12.803,767,0
20060905,12.803,12.803,12.803,12.803,185,0
20060907,12.803,12.803,12.803,12.803,383,0
20060911,12.87,12.87,12.803,12.803,3207,0
20060914,12.87,12.87,12.803,12.803,674,0
20060919,12.803,12.803,12.468,12.468,4102,0
20060926,12.468,12.468,12.468,12.468,1048,0
20060927,12.468,12.468,12.468,12.468,680,0
20060928,12.468,12.468,12.468,12.468,1120,0
20060929,12.67,12.67,12.67,12.67,331,0
20061002,12.468,12.468,12.468,12.468,373,0
20061004,12.67,12.67,12.67,12.67,1492,0
20061005,12.67,12.67,12.401,12.401,1865,0
20061006,12.67,12.736,12.401,12.401,2984,0
20061010,12.401,12.401,12.401,12.401,746,0
20061011,12.213,12.213,12.065,12.133,2018,0
20061012,12.065,12.065,12.065,12.065,76,0
20061016,12.254,12.267,12.133,12.133,4849,0
20061017,12.133,12.133,12.065,12.065,2742,0
20061018,12.065,12.065,12.065,12.065,819,0
20061019,11.932,11.932,11.932,11.932,475,0
20061020,11.932,11.932,11.932,11.932,746,0
20061023,11.932,11.932,11.73,11.797,13873,0
20061026,12.065,12.065,11.797,11.797,1647,0
20061031,11.797,11.797,11.797,11.797,2237,0
20061106,11.663,11.663,11.663,11.663,746,0
20061107,11.932,11.932,11.932,11.932,1492,0
20061108,11.932,11.932,11.932,11.932,445,0
20061109,11.663,11.663,11.663,11.663,983,0
20061110,11.932,11.932,11.932,11.932,1865,0
20061113,12.065,12.133,12.065,12.133,2610,0
20061114,12.2,12.2,11.932,11.932,779,0
20061115,12.2,12.2,12.2,12.2,2237,0
20061129,11.932,11.932,11.932,11.932,4474,0
20061130,12.001,12.267,12.001,12.2,5271,0
20061201,12.2,12.2,12.2,12.2,72,0
20061205,11.932,11.932,11.932,11.932,3357,0
20061206,12.001,12.001,12.001,12.001,1492,0
20061212,11.932,11.973,11.598,11.598,21755,0
20061213,11.663,11.932,11.663,11.932,892,0
20061214,11.865,12.001,11.865,12.001,2984,0
20061215,11.797,11.797,11.797,11.797,1865,0
20061218,12.001,12.001,12.001,12.001,72,0
20061219,12.001,12.065,11.932,11.932,7403,0
20061220,11.73,11.865,11.663,11.73,7244,0
20061222,11.73,11.73,11.73,11.73,1492,0
20061227,11.865,11.865,11.73,11.73,805,0
20061228,11.73,11.73,11.73,11.73,299,0
20061229,11.73,11.73,11.73,11.73,1044,0
20070103,11.797,11.932,11.797,11.932,746,0
20070104,12.065,12.401,12.065,12.401,808,0
20070110,11.932,11.932,11.932,11.932,434,0
20070112,11.932,11.932,11.797,11.797,916,0
20070116,11.797,11.797,11.797,11.797,518,0
20070117,12.2,12.2,12.2,12.2,373,0
20070123,11.865,11.865,11.865,11.865,94,0
20070124,11.865,11.865,11.865,11.865,746,0
20070129,11.865,11.865,11.797,11.797,746,0
20070131,11.73,11.73,11.73,11.73,468,0
20070202,12.065,12.065,12.065,12.065,746,0
20070205,12.065,12.065,11.73,12.001,2760,0
20070206,12.065,12.065,12.065,12.065,1715,0
20070207,12.001,12.001,11.932,11.932,746,0
20070212,12.2,12.2,12.2,12.2,72,0
20070216,11.946,11.946,11.946,11.946,144,0
20070220,12.2,12.2,11.946,12.065,2573,0
20070221,11.811,11.811,11.811,11.811,301,0
20070226,12.468,12.468,11.811,11.811,1192,0
20070301,11.837,11.837,11.837,11.837,1077,0
20070312,11.73,11.73,11.73,11.73,746,0
20070313,11.73,11.73,11.598,11.598,4619,0
20070314,11.408,11.408,11.127,11.127,2183,0
20070315,11.196,11.395,11.196,11.263,5057,0
20070326,10.966,10.966,10.926,10.926,746,0
20070328,10.926,10.992,10.926,10.992,1083,0
20070409,10.992,10.992,10.992,10.992,229,0
20070411,10.926,10.926,10.926,10.926,477,0
20070416,10.926,10.926,10.926,10.926,229,0
20070419,10.806,10.926,10.793,10.793,2984,0
20070420,10.793,10.793,10.793,10.793,515,0
20070425,10.738,10.738,10.592,10.592,8331,0
20070426,10.389,10.389,10.389,10.389,373,0
20070430,10.268,10.268,10.255,10.255,819,0
20070501,10.255,10.255,10.255,10.255,1009,0
20070502,10.255,10.323,10.055,10.323,3799,0
20070507,10.323,11.06,10.323,10.458,600,0
20070514,10.725,10.725,10.725,10.725,6714,0
20070517,10.711,10.711,10.711,10.711,1192,0
20070518,10.458,10.458,10.458,10.458,377,0
20070521,10.458,10.458,10.458,10.458,148,0
20070523,10.725,10.725,10.725,10.725,4849,0
20070524,10.725,10.725,10.725,10.725,1492,0
20070530,10.323,10.323,10.323,10.323,2144,0
20070601,10.725,10.725,10.725,10.725,373,0
20070604,10.725,10.725,10.725,10.725,373,0
20070605,11.06,11.06,11.06,11.06,746,0
20070606,11.395,11.395,11.395,11.395,72,0
20070613,10.592,10.592,9.92,10.592,2311,0
20070615,11.395,11.395,11.395,11.395,108,0
20070619,10.592,10.592,10.592,10.592,229,0
20070706,10.793,10.793,9.92,9.92,5295,0
20070710,10.055,10.055,10.055,10.055,373,0
20070711,9.92,9.92,9.746,9.746,1888,0
20070712,9.908,9.92,9.908,9.908,3730,0
20070713,9.584,9.584,9.584,9.584,1056,0
20070717,9.72,9.72,9.3845,9.72,2821,0
20070718,9.853,9.853,9.853,9.853,6714,0
20070719,9.3983,9.3983,9.3845,9.3845,7088,0
20070720,9.3845,9.3845,9.1162,9.2504,5632,0
20070723,9.4497,9.4497,9.4497,9.4497,2350,0
20070724,9.2504,9.3169,8.9153,9.3169,4789,0
20070725,9.0493,9.0493,9.0493,9.0493,229,0
20070726,9.584,9.584,8.9822,8.9822,3357,0
20070727,8.9822,8.9822,8.9822,8.9822,229,0
20070730,9.1162,9.584,9.1162,9.584,5521,0
20070802,9.584,9.584,9.3845,9.3845,819,0
20070803,9.3845,9.584,9.2504,9.2504,4925,0
20070806,9.2504,9.2504,9.2504,9.2504,1938,0
20070807,9.584,9.584,9.3845,9.519,16009,0
20070808,9.584,9.584,9.584,9.584,2237,0
20070809,9.598,9.598,9.598,9.598,746,0
20070810,9.3845,9.3845,9.2504,9.3845,4028,0
20070813,9.2504,9.2504,8.7945,9.1432,3712,0
20070814,9.3169,9.519,9.1298,9.1432,4352,0
20070815,9.1162,9.1162,9.1162,9.1162,2164,0
20070816,9.1162,9.1162,9.0493,9.1162,2892,0
20070817,9.0493,9.1162,9.0493,9.1162,11076,0
20070821,9.1298,9.1298,9.1298,9.1298,746,0
20070830,9.2101,9.2101,9.1432,9.1432,892,0
20070831,9.371,9.371,9.371,9.371,746,0
20070904,9.72,9.72,9.72,9.72,72,0
20070905,9.72,9.72,9.1432,9.1432,3730,0
20070911,9.3845,9.3845,9.3845,9.3845,746,0
20070912,9.787,10.055,9.787,10.055,1120,0
20070920,10.255,10.255,10.255,10.255,79,0
20070921,10.255,10.725,10.255,10.725,1565,0
20070925,10.592,10.592,10.592,10.592,91,0
20070926,9.72,9.72,9.72,9.72,72,0
20071016,10.055,10.055,10.055,10.055,373,0
20071031,9.72,9.72,9.72,9.72,1492,0
20071101,10.055,10.055,10.055,10.055,641,0
20071102,10.055,10.055,10.055,10.055,746,0
20071105,9.3845,9.3845,9.3845,9.3845,986,0
20071107,9.92,9.92,9.3845,9.3845,301,0
20071108,9.3845,9.3845,9.3845,9.3845,185,0
20071115,9.908,9.908,9.908,9.908,197,0
20071121,9.853,9.853,9.3845,9.3845,8812,0
20071126,9.3983,9.839,9.3845,9.839,9382,0
20071128,9.519,9.519,9.2504,9.3845,1046,0
20071129,9.519,9.519,9.519,9.519,373,0
20071204,9.519,9.519,9.519,9.519,1046,0
20071205,9.519,9.519,9.519,9.519,515,0
20071213,9.3845,9.3845,9.3169,9.3845,3673,0
20071214,9.3845,9.3845,9.3845,9.3845,2610,0
20071217,9.3845,9.3845,9.3845,9.3845,2610,0
20071218,9.3845,9.3845,9.3845,9.3845,4773,0
20071219,9.3845,9.3845,9.3845,9.3845,3314,0
20071220,9.3169,9.3169,9.3169,9.3169,1865,0
20071224,9.3169,9.3845,9.3169,9.3845,1865,0
20071226,9.3845,9.3845,9.3169,9.3169,2237,0
20071227,9.3169,9.3169,8.8482,8.9822,17924,0
20071228,9.0759,9.1701,9.0759,9.1563,4090,0
20071231,9.103,9.2504,9.0895,9.2504,5271,0
20080103,9.2504,9.3169,9.2504,9.3169,4474,0
20080104,9.3169,9.3169,9.3169,9.3169,1046,0
20080109,9.0895,9.0895,9.0895,9.0895,1439,0
20080110,9.0895,9.0895,9.0895,9.0895,301,0
20080117,9.0895,9.0895,9.0895,9.0895,1865,0
20080118,8.9822,8.9822,8.9822,8.9822,2610,0
20080122,8.9822,8.9822,8.7945,8.7945,4711,0
20080212,9.3169,9.3169,9.3169,9.3169,746,0
20080220,8.7141,8.7141,8.7141,8.7141,1343,0
20080225,9.1162,9.1162,9.1162,9.1162,9400,0
20080303,9.1162,9.1162,9.1162,9.1162,1492,0
20080304,9.1162,9.1162,9.1162,9.1162,8775,0
20080305,9.1162,9.1162,9.1162,9.1162,5969,0
20080306,9.1162,9.1162,9.1162,9.1162,5595,0
20080307,9.1162,9.1162,8.0438,8.0438,5195,0
20080311,8.607,8.7141,8.607,8.7141,3752,0
20080402,9.009,9.009,9.009,9.009,852,0
20080422,9.009,9.009,9.009,9.009,373,0
20080429,9.009,9.009,9.009,9.009,1046,0
20080505,9.009,9.519,9.009,9.519,2460,0
20080506,9.0493,9.0493,9.009,9.009,1120,0
20080509,9.009,9.009,9.009,9.009,1492,0
20080527,9.009,9.009,9.009,9.009,746,0
20080530,9.009,9.009,9.009,9.009,746,0
20080603,9.009,9.009,9.009,9.009,133,0
20080610,9.009,9.009,9.009,9.009,2164,0
20080611,9.009,9.009,9.009,9.009,819,0
20080617,9.009,9.009,9.009,9.009,9732,0
20080623,7.5747,7.5747,7.5075,7.5075,398,0
20080630,7.5747,7.5747,7.5747,7.5747,746,0
20080703,7.5747,7.5747,7.5747,7.5747,144,0
20080715,7.5747,7.5747,7.3737,7.5747,3283,0
20080716,7.3737,7.3737,7.3737,7.3737,518,0
20080718,6.9712,6.9712,6.9712,6.9712,229,0
20080724,7.3737,7.3737,7.3737,7.3737,746,0
20080725,7.5075,7.5075,7.5075,7.5075,362,0
20080731,7.5075,7.5075,7.5075,7.5075,390,0
20080805,8.0438,8.0438,8.0438,8.0438,132,0
20080807,8.0438,9.3845,8.0438,9.3845,887,0
20080826,9.68,10.323,9.009,9.3845,1323,0
20080909,7.3737,7.3737,7.3737,7.3737,746,0
20080910,7.3737,7.3737,7.3737,7.3737,892,0
20080918,7.3737,7.3737,7.3737,7.3737,819,0
20080925,6.7165,7.3737,6.703,7.3737,1401,0
20080926,6.3679,6.3679,5.4296,5.4296,600,0
20080930,6.703,10.725,6.2341,8.3789,3876,0
20081002,7.0383,7.0383,7.0383,7.0383,373,0
20081007,6.1132,6.1132,6.0329,6.0329,447,0
20081008,7.3737,7.3737,7.3737,7.3737,746,0
20081009,7.7087,7.7087,7.7087,7.7087,746,0
20081014,6.0329,6.3812,6.0329,6.3812,301,0
20081021,7.7087,7.7087,7.7087,7.7087,126,0
20081028,8.0438,8.0438,8.0438,8.0438,249,0
20081029,6.167,6.703,6.167,6.703,1046,0
20081104,7.5075,7.5075,7.5075,7.5075,118,0
20081120,6.167,6.167,6.167,6.167,1120,0
20081125,7.3737,7.3737,7.3737,7.3737,746,0
20081126,7.7087,7.7087,7.7087,7.7087,144,0
20081208,6.0999,6.0999,4.6922,4.6922,1640,0
20081209,4.8263,4.8263,4.8263,4.8263,167,0
20081210,5.0274,5.0274,4.8396,4.8396,2164,0
20081212,5.0274,5.0945,4.8396,5.0945,2460,0
20081215,4.9603,5.6976,4.9603,5.6976,746,0
20081216,4.9603,5.2286,4.9603,5.2286,10739,0
20081218,5.1615,5.3625,5.0945,5.0945,2815,0
20081219,4.7592,5.3625,4.7592,5.3625,2183,0
20081229,5.3625,5.3625,5.3625,5.3625,1177,0
20081231,5.3625,5.3625,5.3625,5.3625,1046,0
20090107,6.703,6.703,6.703,6.703,84,0
20090108,5.3625,5.3625,5.3625,5.3625,229,0
20090121,5.2286,5.3625,5.2286,5.2286,2164,0
20090123,5.2286,5.2286,5.2286,5.2286,373,0
20090126,5.2955,5.2955,5.2955,5.2955,4028,0
20090127,6.703,6.703,6.703,6.703,112,0
20090129,5.2955,5.2955,5.2955,5.2955,229,0
20090209,5.6976,5.6976,5.6976,5.6976,1565,0
20090210,6.703,6.703,6.703,6.703,1218,0
20090219,4.9603,4.9603,4.9603,4.9603,8355,0
20090220,6.0329,6.0329,6.0329,6.0329,144,0
20090224,5.3625,5.3625,5.2286,5.2286,1344,0
20090225,5.0945,5.0945,4.9603,4.9603,892,0
20090226,4.8263,4.8263,4.8263,4.8263,4699,0
20090227,4.5715,4.8263,4.5715,4.8263,916,0
20090302,4.6922,4.6922,4.6922,4.6922,255,0
20090304,4.7592,4.7592,4.7592,4.7592,788,0
20090310,4.5715,4.6922,4.5583,4.6922,1500,0
20090317,4.8263,4.8263,4.8263,4.8263,2237,0
20090318,4.8263,4.8263,4.8263,4.8263,1492,0
20090320,4.8263,4.8263,4.8263,4.8263,72,0
20090323,4.8263,4.8263,4.8263,4.8263,2698,0
20090406,4.6922,4.6922,4.6922,4.6922,1865,0
20090428,5.5637,5.5637,5.5637,5.5637,373,0
20090430,4.6251,4.6251,4.6251,4.6251,228,0
20090501,4.6251,4.6251,4.6251,4.6251,145,0
20090504,4.6251,4.6251,4.5583,4.5583,1120,0
20090505,5.2286,5.2286,5.2286,5.2286,144,0
20090512,5.2286,5.2286,5.2286,5.2286,185,0
20090519,5.2286,5.2286,5.2286,5.2286,1938,0
20090521,5.2286,5.2286,5.2286,5.2286,288,0
20090601,5.4028,5.4028,5.4028,5.4028,242,0
20090602,4.9603,4.9603,4.9603,4.9603,5595,0
20090611,4.8933,4.8933,4.8933,4.8933,373,0
20090615,5.3491,5.3491,5.3491,5.3491,271,0
20090616,5.3491,5.3491,5.3491,5.3491,271,0
20090624,4.8933,4.8933,4.8933,4.8933,301,0
20090626,5.3625,5.3625,5.3625,5.3625,478,0
20090708,4.8933,4.8933,4.8933,4.8933,323,0
20090709,4.8933,4.8933,4.8933,4.8933,144,0
20090710,4.9603,4.9603,4.8396,4.8396,457,0
20090713,4.8263,4.8263,4.8263,4.8263,163,0
20090723,5.3625,5.4162,5.3625,5.4162,1492,0
20090724,5.4162,5.4162,5.4162,5.4162,1662,0
20090729,5.4162,5.4162,5.4162,5.4162,373,0
20090730,5.4162,5.4162,5.4162,5.4162,600,0
20090803,5.9791,5.9791,5.9791,5.9791,373,0
20090810,6.4353,6.4353,6.4353,6.4353,458,0
20090811,6.301,6.301,6.301,6.301,144,0
20090812,6.4353,6.703,6.4353,6.703,1174,0
20090813,6.703,6.703,6.703,6.703,282,0
20090818,6.703,6.703,6.703,6.703,746,0
20090821,6.4353,6.4353,6.4353,6.4353,185,0
20090824,5.4965,6.4353,5.4965,6.4353,518,0
20090825,6.4353,6.4353,6.4353,6.4353,1114,0
20090826,8.7141,8.7141,8.2448,8.2448,297,0
20090827,8.1109,8.1109,6.703,6.703,489,0
20090828,8.1779,8.1779,8.1779,8.1779,115,0
20090903,8.0438,8.0438,8.0438,8.0438,156,0
20090904,8.0438,8.0438,8.0438,8.0438,156,0
20090915,7.7087,7.7087,6.3949,6.3949,787,0
20090918,7.7087,7.7087,7.7087,7.7087,164,0
20090921,7.7087,7.7087,7.7087,7.7087,159,0
20091002,7.3737,7.3737,7.3737,7.3737,373,0
20091012,7.2392,7.2392,7.2392,7.2392,369,0
20091021,6.4353,6.4353,6.4353,6.4353,1207,0
20091028,6.703,6.703,6.703,6.703,301,0
20091029,7.2392,7.2392,7.2392,7.2392,1120,0
20091103,7.2392,7.2392,7.0383,7.0383,408,0
20091109,7.0383,7.0383,7.0383,7.0383,184,0
20091111,7.0383,7.0383,7.0383,7.0383,740,0
20091120,7.0383,7.0383,7.0383,7.0383,263,0
20091123,6.9044,6.9044,6.9044,6.9044,1964,0
20091125,6.9044,6.9044,6.9044,6.9044,1492,0
20091130,7.2392,7.2392,6.9044,6.9044,1190,0
20091201,6.9044,6.9044,6.9044,6.9044,2237,0
20091202,6.9044,6.9044,6.9044,6.9044,2984,0
20091203,7.0383,7.0383,7.0383,7.0383,364,0
20091207,6.9044,6.9044,6.9044,6.9044,373,0
20091208,6.7702,6.7702,6.5825,6.5825,5222,0
20091209,6.9712,6.9712,6.9712,6.9712,90,0
20091211,6.9712,6.9712,6.9712,6.9712,459,0
20091221,6.5825,6.5825,6.5825,6.5825,158,0
20091222,6.5825,6.5825,6.5825,6.5825,158,0
20091224,6.5691,6.5691,6.2341,6.5691,7789,0
20091228,6.3679,6.3679,6.3679,6.3679,746,0
20091229,6.3679,6.3679,6.3679,6.3679,3819,0
20100104,6.301,6.301,6.301,6.301,108,0
20100108,6.2341,7.0383,6.167,7.0383,2816,0
20100119,6.2473,6.2473,6.2473,6.2473,144,0
20100121,6.703,6.703,6.703,6.703,366,0
20100202,6.703,6.703,6.703,6.703,892,0
20100203,6.2473,6.703,6.2473,6.703,3626,0
20100204,6.7165,6.7165,6.7165,6.7165,72,0
20100209,6.9044,6.9044,6.2609,6.2609,859,0
20100211,6.9712,6.9712,6.9712,6.9712,377,0
20100224,6.502,6.502,6.502,6.502,746,0
20100226,6.9712,6.9712,6.9712,6.9712,190,0
20100301,6.703,6.703,6.2609,6.2609,2338,0
20100302,6.167,6.167,6.167,6.167,144,0
20100312,6.3679,6.3679,6.2341,6.2341,463,0
20100322,6.703,6.703,6.703,6.703,761,0
20100407,6.9712,6.9712,6.9712,6.9712,746,0
20100408,6.7702,6.7702,6.703,6.703,2315,0
20100412,7.0383,7.0383,7.0383,7.0383,197,0
20100413,6.703,6.703,6.703,6.703,746,0
20100416,7.0383,7.0383,7.0383,7.0383,197,0
20100421,6.703,6.703,6.703,6.703,1976,0
20100423,6.703,6.703,6.502,6.502,1948,0
20100428,6.502,6.703,6.3679,6.703,2530,0
20100429,6.703,6.703,6.3679,6.3679,852,0
20100430,6.9044,6.9044,6.9044,6.9044,627,0
20100503,7.0383,7.0383,7.0383,7.0383,144,0
20100506,7.0383,7.0383,6.703,6.703,1046,0
20100507,6.703,6.703,6.703,6.703,746,0
20100510,6.703,6.703,6.703,6.703,373,0
20100511,6.703,6.703,6.703,6.703,72,0
20100513,6.703,6.703,6.703,6.703,970,0
20100514,6.9712,6.9712,6.9712,6.9712,1138,0
20100517,6.703,6.703,6.703,6.703,305,0
20100519,6.6898,6.6898,6.6898,6.6898,72,0
20100520,6.703,6.703,6.5691,6.5691,956,0
20100527,6.502,6.502,6.502,6.502,144,0
20100616,6.703,6.703,6.703,6.703,197,0
20100628,6.703,6.703,6.703,6.703,400,0
20100706,6.502,6.502,6.502,6.502,346,0
20100715,6.4353,6.4353,6.4083,6.4083,746,0
20100719,6.4083,6.703,6.4083,6.703,1425,0
20100720,7.0383,7.0383,6.4083,6.4083,565,0
20100728,6.703,6.703,6.703,6.703,373,0
20100729,6.6898,6.703,6.6898,6.7029,1120,0
20100730,6.502,6.502,6.502,6.502,746,0
20100802,6.4353,6.4353,6.4353,6.4353,746,0
20100803,6.703,6.703,6.703,6.703,753,0
20100809,6.703,6.703,6.703,6.703,518,0
20100810,6.502,6.703,6.301,6.4485,3432,0
20100812,6.703,6.703,6.703,6.703,373,0
20100813,6.5691,6.5691,6.5691,6.5691,144,0
20100816,6.703,6.703,6.703,6.703,373,0
20100817,7.0383,7.0383,6.703,6.703,1521,0
20100818,6.703,6.703,6.703,6.703,373,0
20100830,7.0383,7.0383,7.0383,7.0383,72,0
20100831,7.0383,7.0383,7.0383,7.0383,72,0
20100909,7.0383,7.0383,7.0383,7.0383,525,0
20100921,6.703,6.703,6.703,6.703,329,0
20101005,6.703,6.703,6.703,6.703,72,0
20101006,7.0383,7.0383,7.0383,7.0383,746,0
20101008,7.5747,7.5747,7.5747,7.5747,354,0
20101014,6.703,6.703,6.4353,6.4353,2441,0
20101025,7.5747,7.5747,7.5747,7.5747,373,0
20101026,7.5075,7.5075,7.5075,7.5075,321,0
20101027,7.5075,7.5075,7.5075,7.5075,72,0
20101102,7.5075,7.5075,7.5075,7.5075,373,0
20101103,7.3737,7.3737,7.3737,7.3737,185,0
20101104,6.8373,6.8373,6.8373,6.8373,373,0
20101105,6.703,7.3737,6.703,7.3737,674,0
20101109,7.3737,7.3737,7.3737,7.3737,746,0
20101110,7.3065,7.3737,7.3065,7.3737,2311,0
20101116,7.6415,7.6415,7.6415,7.6415,746,0
20101117,7.6415,7.6415,7.6415,7.6415,373,0
20101118,7.6415,7.6415,7.6415,7.6415,373,0
20101122,7.7087,7.7087,7.7087,7.7087,354,0
20101123,7.7087,7.7087,6.8373,6.8373,932,0
20101129,7.7087,7.7087,7.7087,7.7087,373,0
20101130,7.7087,7.7087,7.7087,7.7087,746,0
20101201,7.7087,7.7087,7.7087,7.7087,301,0
20101203,7.7087,7.7087,7.7087,7.7087,746,0
20101213,7.4405,7.4405,7.4405,7.4405,229,0
20101220,7.7087,7.7087,7.7087,7.7087,697,0
20101223,7.6415,7.7087,7.6415,7.7087,1343,0
20101229,7.5747,7.7087,7.5747,7.7087,746,0
20110118,7.7087,7.7087,7.7087,7.7087,353,0
20110125,7.7087,7.7087,7.7087,7.7087,157,0
20110201,7.6015,8.7141,7.6015,8.7141,1268,0
20110203,8.7141,9.0493,8.7141,8.8482,2237,0
20110204,8.7141,8.7141,8.7141,8.7141,1065,0
20110207,8.7141,8.8482,8.7141,8.8482,2237,0
20110209,8.8482,8.8482,8.5129,8.5129,600,0
20110210,8.5129,8.5129,8.5129,8.5129,373,0
20110216,8.5129,8.5129,8.5129,8.5129,144,0
20110217,8.7141,8.7141,8.7141,8.7141,1492,0
20110218,8.7141,8.7141,8.7141,8.7141,144,0
20110228,8.7141,10.725,8.7141,10.725,1015,0
20110307,10.725,10.725,10.725,10.725,746,0
20110311,10.725,10.725,10.725,10.725,105,0
20110321,10.725,10.725,10.725,10.725,139,0
20110329,8.2584,8.2584,8.2584,8.2584,285,0
20110331,9.3845,9.3845,9.3845,9.3845,301,0
20110401,9.3845,9.3845,9.3845,9.3845,72,0
20110404,9.519,9.519,9.519,9.519,133,0
20110412,9.0493,9.0493,9.0493,9.0493,137,0
20110414,9.3845,10.725,9.3845,10.725,604,0
20110419,8.3118,8.3118,8.3118,8.3118,1935,0
20110420,8.7141,8.7141,8.1916,8.1916,1343,0
20110425,9.3845,9.3845,9.3845,9.3845,2610,0
20110426,9.0493,9.0493,9.0493,9.0493,72,0
20110427,8.7141,9.0493,9.0493,9.0493,826,0
20110503,9.0493,9.0895,9.0493,9.0895,2368,0
20110504,9.0493,9.3845,9.0493,9.3845,665,0
20110506,9.371,9.371,9.371,9.371,301,0
20110509,9.371,9.371,9.371,9.371,116,0
20110510,9.0759,9.0759,9.0759,9.0759,241,0
20110511,9.0759,9.1162,9.0493,9.0493,4015,0
20110513,9.653,9.653,9.653,9.653,144,0
20110516,9.653,9.653,8.9286,9.0493,1715,0
20110518,9.0493,9.0493,9.0493,9.0493,1597,0
20110520,9.0493,9.0493,9.0493,9.0493,746,0
20110526,9.519,9.519,9.519,9.519,144,0
20110527,9.519,9.519,9.519,9.519,976,0
20110531,8.7811,8.8482,8.7811,8.8482,1120,0
20110607,9.3169,9.3169,9.3169,9.3169,235,0
20110617,8.9153,8.9153,8.9153,8.9153,72,0
20110708,9.0493,9.0493,9.0493,9.0493,746,0
20110713,9.1162,9.653,9.1162,9.653,1821,0
20110718,9.787,9.787,9.787,9.787,489,0
20110720,10.657,10.657,10.657,10.657,153,0
20110727,9.1162,9.1162,9.0493,9.1162,2978,0
20110729,9.3845,9.3845,9.3845,9.3845,72,0
20110801,9.3845,9.3845,9.0629,9.1162,3283,0
20110803,9.3845,9.3845,9.3845,9.3845,144,0
20110804,9.3845,9.3845,9.0629,9.1162,3506,0
20110805,9.0493,9.1162,9.0493,9.0493,7460,0
20110808,9.3169,9.3169,9.3169,9.3169,600,0
20110809,10.055,10.055,10.055,10.055,144,0
20110815,10.055,10.055,10.055,10.055,740,0
20110822,9.72,9.72,9.72,9.72,332,0
20110823,9.72,9.72,9.72,9.72,559,0
20110826,9.0493,9.0493,9.0493,9.0493,3730,0
20110829,9.3845,10.592,9.3845,10.592,265,0
20110831,9.3845,9.3845,9.3845,9.3845,373,0
20110908,9.519,9.519,9.519,9.519,119,0
20110913,9.3845,9.3845,9.3845,9.3845,229,0
20110915,8.5798,8.5798,8.5798,8.5798,229,0
20110919,9.3169,9.3169,9.3169,9.3169,144,0
20110922,8.7141,8.8482,8.7141,8.8482,1865,0
20110927,9.3845,10.389,9.3845,9.653,3298,0
20111004,9.584,9.584,9.584,9.584,373,0
20111010,9.584,9.584,9.584,9.584,72,0
20111014,8.7141,8.8482,8.7141,8.8482,1565,0
20111017,9.2504,9.2504,9.2504,9.2504,373,0
20111018,8.7141,8.7141,8.7141,8.7141,325,0
20111019,9.3583,9.3583,8.7141,8.7141,607,0
20111025,8.3789,8.5129,8.2448,8.5129,3953,0
20111101,8.446,8.446,8.446,8.446,144,0
20111102,8.2448,8.2448,8.2448,8.2448,185,0
20111107,8.7141,8.7141,8.7141,8.7141,144,0
20111108,8.3789,8.5129,8.3789,8.5129,2760,0
20111110,8.3118,8.3118,7.6415,8.1779,4474,0
20111111,7.7757,7.7757,6.7836,6.7836,5184,0
20111115,7.3737,7.3737,7.3737,7.3737,746,0
20111122,8.3789,8.3789,8.3789,8.3789,315,0
20111125,8.0438,8.0438,8.0438,8.0438,746,0
20111129,8.0438,8.5798,8.0438,8.0438,4401,0
20111130,8.0438,8.7141,8.0438,8.7141,10304,0
20111201,8.6473,8.7141,8.6473,8.7141,3730,0
20111202,8.7141,8.7141,8.7141,8.7141,445,0
20111209,9.3845,9.3845,9.0493,9.0493,600,0
20111213,9.0493,9.0493,9.0493,9.0493,391,0
20111214,9.0493,9.0493,9.0493,9.0493,1706,0
20111223,9.0493,9.72,9.0493,9.72,847,0
20120103,8.8482,8.8482,8.8482,8.8482,518,0
20120112,9.3845,9.3845,9.3845,9.3845,110,0
20120117,8.5798,8.5798,8.5798,8.5798,144,0
20120119,9.2504,9.2504,9.2504,9.2504,110,0
20120130,8.8482,9.0493,8.8482,9.0493,1492,0
20120221,8.3789,8.3789,8.3789,8.3789,445,0
20120223,8.7141,8.7141,8.7141,8.7141,746,0
20120224,8.7141,8.7141,8.7141,8.7141,717,0
20120307,9.0493,9.0493,9.0493,9.0493,1492,0
20120314,8.7276,8.8212,8.7276,8.8212,2747,0
20120316,9.3845,9.3845,9.3845,9.3845,138,0
20120319,9.3845,9.3845,9.3845,9.3845,1046,0
20120320,9.3845,9.3845,9.3845,9.3845,445,0
20120321,9.3845,9.3845,9.3845,9.3845,746,0
20120322,9.3845,9.3845,9.3845,9.3845,2237,0
20120323,9.3845,9.3845,9.3845,9.3845,746,0
20120326,9.3845,9.3845,9.3845,9.3845,4849,0
20120327,10.592,10.643,10.458,10.458,1063,0
20120425,9.3169,9.3169,9.3169,9.3169,746,0
20120504,9.2639,9.2639,9.2504,9.2504,4555,0
20120510,10.122,10.122,10.122,10.122,73,0
20120514,9.72,9.72,9.2504,9.2504,672,0
20120516,9.72,9.72,9.72,9.72,229,0
20120524,9.2504,9.2504,9.2504,9.2504,72,0
20120525,10.725,10.725,9.774,9.774,296,0
20120601,9.2504,9.2504,8.7811,9.2504,892,0
20120604,9.519,9.519,9.519,9.519,366,0
20120612,9.72,9.72,9.72,9.72,110,0
20120614,9.72,9.72,9.72,9.72,72,0
20120615,9.2504,9.2504,9.2504,9.2504,72,0
20120619,9.584,9.584,9.584,9.584,229,0
20120625,8.875,8.875,8.875,8.875,335,0
20120627,9.3845,9.3845,9.3169,9.3169,600,0
20120705,10.525,10.525,10.525,10.525,229,0
20120706,10.524,10.524,10.524,10.524,229,0
20120712,10.137,10.592,10.09,10.592,252223,0
20120713,10.427,10.813,10.427,10.619,8095,0
20120716,10.437,11.537,10.437,11.324,13465,0
20120717,11.528,11.528,11.102,11.102,2804,0
20120718,10.726,11.343,10.716,11.277,6169,0
20120719,11.268,11.268,11.259,11.259,2203,0
20120724,11.151,11.151,11.151,11.151,100,0
20120725,11.005,11.054,10.619,10.755,7640,0
20120726,10.745,10.813,10.745,10.813,1761,0
20120730,10.803,10.803,10.803,10.803,625,0
20120731,10.766,10.766,10.766,10.766,514,0
20120801,10.775,10.786,10.775,10.786,1038,0
20120802,10.389,10.389,10.389,10.389,1423,0
20120803,10.677,10.677,10.677,10.677,413,0
20120806,10.687,10.716,10.427,10.476,21909,0
20120808,10.745,10.765,10.745,10.765,4545,0
20120809,10.765,10.765,10.765,10.765,212,0
20120810,10.765,10.765,10.735,10.735,1240,0
20120813,10.761,10.765,10.761,10.765,1452,0
20120814,10.476,10.476,10.476,10.476,477,0
20120817,10.716,10.716,10.712,10.716,2278,0
20120820,10.692,10.716,10.692,10.716,3672,0
20120821,10.716,10.716,10.716,10.716,313,0
20120824,10.619,10.619,10.619,10.619,542,0
20120827,10.619,10.619,10.619,10.619,2071,0
20120829,10.667,10.668,10.667,10.667,1982,0
20120830,10.716,10.716,10.716,10.716,5417,0
20120904,10.619,10.619,10.619,10.619,2071,0
20120905,10.716,10.716,10.714,10.714,1452,0
20120911,10.437,10.716,10.437,10.716,648,0
20120912,10.716,10.716,10.716,10.716,100,0
20120913,10.619,10.62,10.476,10.477,8571,0
20120914,10.476,10.476,10.476,10.476,413,0
20120917,10.524,10.619,10.524,10.619,5282,0
20120918,10.716,10.716,10.476,10.476,1366,0
20120921,10.476,10.716,10.476,10.476,3485,0
20120924,10.476,10.619,10.476,10.619,4868,0
20120926,10.582,10.582,10.582,10.582,106,0
20120928,10.619,10.619,10.601,10.619,1950,0
20121001,10.61,10.61,10.427,10.427,6525,0
20121002,10.61,10.61,10.61,10.61,2071,0
20121003,10.619,10.619,10.619,10.619,100,0
20121005,10.547,10.619,10.547,10.572,413,0
20121009,10.687,10.687,10.687,10.687,100,0
20121016,10.697,11.102,10.697,11.102,13369,0
20121017,10.648,10.658,10.648,10.648,1038,0
20121018,11.112,11.112,11.112,11.112,100,0
20121022,11.112,11.112,11.112,11.112,100,0
20121023,11.112,11.112,11.102,11.102,292,0
20121026,10.667,10.667,10.667,10.667,463,0
20121101,11.112,11.112,11.112,11.112,413,0
20121105,11.102,11.102,11.102,11.102,438,0
20121107,10.862,10.862,10.862,10.862,212,0
20121109,10.862,10.862,10.862,10.862,514,0
20121112,10.681,10.681,10.619,10.619,4198,0
20121114,10.987,10.987,10.735,10.765,2278,0
20121115,10.862,10.862,10.862,10.862,150,0
20121120,10.872,10.872,10.623,10.623,413,0
20121128,10.619,10.667,10.619,10.667,2527,0
20121129,10.629,10.629,10.619,10.619,827,0
20121204,10.629,10.629,10.61,10.619,542,0
20121205,10.619,10.619,10.619,10.619,1140,0
20121207,10.486,10.486,10.476,10.476,746,0
20121210,10.486,11.054,10.486,11.054,514,0
20121212,11.054,11.054,10.476,10.476,4892,0
20121213,10.504,10.504,10.504,10.504,313,0
20121217,11.054,11.054,10.504,10.504,312,0
20121218,10.542,11.035,10.524,11.035,1872,0
20121220,10.533,10.533,10.533,10.533,625,0
20121221,10.619,11.054,10.533,11.054,2717,0
20121227,10.582,10.601,10.572,10.572,625,0
20130102,10.61,11.102,10.61,10.648,996,0
20130104,10.765,10.765,10.765,10.765,313,0
20130114,11.045,11.053,11.045,11.053,413,0
20130115,11.005,11.045,11.005,11.045,212,0
20130123,11.054,11.054,10.813,10.995,1241,0
20130124,10.909,10.909,10.909,10.909,1038,0
20130125,10.909,10.909,10.909,10.909,528,0
20130129,10.813,10.813,10.813,10.813,21429,0
20130130,11.054,11.112,10.862,11.112,11202,0
20130131,11.112,11.112,11.112,11.112,100,0
20130201,11.201,11.305,11.201,11.305,14267,0
20130204,11.587,11.587,11.587,11.587,320,0
20130205,11.587,11.681,11.587,11.681,13571,0
20130208,11.905,11.905,11.905,11.905,100,0
20130219,12.107,12.351,12.088,12.351,1343,0
20130220,12.352,12.352,12.351,12.351,16125,0
20130221,12.573,12.969,12.351,12.36,2140,0
20130226,12.427,12.912,12.427,12.912,1269,0
20130227,12.825,12.825,12.825,12.825,100,0
20130228,12.902,12.912,12.902,12.912,321,0
20130301,12.902,12.931,12.902,12.931,9788,0
20130304,13.553,13.553,12.912,12.912,1309,0
20130305,13.067,13.067,13.067,13.067,263,0
20130306,13.127,13.127,12.912,12.912,724,0
20130307,13.019,13.019,12.979,12.979,582,0
20130308,13.203,13.337,13.174,13.337,716,0
20130311,13.543,13.543,13.318,13.318,4159,0
20130312,13.377,13.465,13.318,13.323,2397,0
20130314,13.328,13.328,13.318,13.318,623,0
20130315,13.328,13.328,13.328,13.328,125,0
20130318,13.465,13.465,13.318,13.318,644,0
20130321,13.328,13.328,13.318,13.328,3330,0
20130322,13.455,13.465,13.318,13.318,2684,0
20130328,13.318,13.318,13.318,13.318,724,0
20130401,13.318,13.318,13.318,13.318,3995,0
20130402,13.318,13.405,13.318,13.318,623,0
20130405,13.543,13.543,13.318,13.318,4026,0
20130408,13.543,13.543,13.543,13.543,256,0
20130409,13.543,13.543,13.543,13.543,160,0
20130426,13.803,13.803,13.318,13.318,4439,0
20130429,13.377,13.705,13.377,13.705,312,0
20130430,13.435,13.435,13.435,13.435,5989,0
20130501,13.318,13.328,13.318,13.318,6091,0
20130503,13.601,13.601,13.357,13.357,11015,0
20130506,13.357,13.357,13.357,13.357,120,0
20130507,13.6,13.601,13.367,13.601,1451,0
20130510,13.553,13.553,13.406,13.406,970,0
20130514,13.601,13.601,13.483,13.483,255,0
20130515,13.406,13.406,13.406,13.406,924,0
20130516,13.406,13.406,13.406,13.406,433,0
20130517,13.406,13.406,13.406,13.406,227,0
20130520,13.406,13.504,13.406,13.504,730,0
20130522,13.601,13.601,13.601,13.601,100,0
20130523,13.553,13.553,13.415,13.415,924,0
20130524,13.601,13.601,13.601,13.601,664,0
20130528,13.415,13.601,13.415,13.505,1554,0
20130530,13.553,13.553,13.553,13.553,100,0
20130531,13.601,13.601,13.591,13.591,728,0
20130603,13.601,13.601,13.406,13.601,1439,0
20130604,13.601,13.601,13.357,13.357,1480,0
20130605,13.504,13.504,13.504,13.504,210,0
20130607,13.581,13.581,13.116,13.116,411,0
20130610,13.601,13.601,13.357,13.357,223,0
20130611,13.367,13.367,13.357,13.357,722,0
20130612,13.435,13.435,13.116,13.116,822,0
20130613,13.212,13.212,13.212,13.212,311,0
20130614,13.212,13.601,13.212,13.406,1443,0
20130617,13.445,13.504,13.406,13.504,822,0
20130618,13.455,13.601,13.406,13.415,2304,0
20130619,13.591,13.591,13.406,13.591,311,0
20130620,13.561,13.561,13.561,13.561,5250,0
20130621,13.406,13.844,13.406,13.834,12050,0
20130624,13.794,13.794,13.406,13.406,3572,0
20130625,13.504,13.844,13.504,13.844,38418,0
20130626,13.755,13.755,13.743,13.743,1133,0
20130628,13.833,13.833,13.833,13.833,2567,0
20130701,13.844,13.844,13.746,13.746,3045,0
20130702,13.824,13.824,13.621,13.621,504,0
20130703,13.736,13.736,13.601,13.601,815,0
20130705,13.668,13.668,13.465,13.465,304,0
20130708,13.465,13.465,13.406,13.406,3722,0
20130709,13.475,13.475,13.475,13.475,311,0
20130711,13.581,13.581,13.455,13.455,621,0
20130712,13.455,13.455,13.455,13.455,3386,0
20130715,13.814,13.814,13.814,13.814,193,0
20130716,13.241,13.601,13.241,13.601,1020,0
20130717,13.697,13.697,13.687,13.687,4577,0
20130718,13.455,13.455,13.455,13.455,109,0
20130722,13.716,13.716,13.445,13.445,465,0
20130723,13.406,13.697,13.406,13.406,1742,0
20130724,13.774,13.774,13.774,13.774,100,0
20130725,13.76,13.784,13.76,13.784,211,0
20130726,13.765,13.765,13.553,13.553,772,0
20130729,13.561,13.794,13.504,13.746,4409,0
20130730,13.687,13.687,13.684,13.684,924,0
20130731,13.687,13.687,13.571,13.572,7360,0
20130801,13.736,13.785,13.641,13.785,10004,0
20130802,13.835,13.835,13.825,13.835,2642,0
20130805,13.835,13.835,13.835,13.835,658,0
20130807,13.815,14.145,13.736,13.736,13234,0
20130808,14.011,14.579,13.736,13.805,7189,0
20130809,14.485,14.485,14.485,14.485,209,0
20130812,14.594,14.594,14.125,14.125,11395,0
20130813,13.726,14.575,13.641,14.555,8873,0
20130814,14.515,14.515,14.515,14.515,100,0
20130815,14.253,14.372,14.253,14.372,720,0
20130816,13.697,13.716,13.65,13.716,1029,0
20130819,13.707,14.205,13.707,13.865,1080,0
20130821,14.372,14.372,14.115,14.115,1950,0
20130822,14.215,14.215,14.215,14.215,209,0
20130823,14.05,14.05,14.041,14.041,820,0
20130826,14.124,14.125,14.124,14.125,921,0
20130827,14.021,14.021,14.021,14.021,310,0
20130903,14.185,14.185,14.185,14.185,340,0
20130904,14.303,14.342,14.303,14.342,250,0
20130905,14.175,14.175,14.175,14.175,362,0
20130906,14.145,14.145,14.125,14.125,1239,0
20130909,14.185,14.185,14.125,14.125,410,0
20130910,14.205,14.273,14.205,14.273,209,0
20130916,14.323,14.323,14.323,14.323,100,0
20130917,14.342,14.342,13.913,13.913,209,0
20130919,13.883,13.883,13.883,13.883,100,0
20130920,13.903,13.903,13.893,13.893,1030,0
20130926,13.933,13.933,13.933,13.933,1230,0
20130927,14.001,14.001,14.001,14.001,100,0
20130930,14.068,14.068,14.068,14.068,10236,0
20131004,14.323,14.323,14.323,14.323,100,0
20131007,14.253,14.253,14.253,14.253,310,0
20131008,14.323,14.323,14.323,14.323,310,0
20131009,14.313,14.313,14.041,14.077,36336,0
20131010,14.031,14.031,14.031,14.031,100,0
20131011,14.031,14.077,14.031,14.077,720,0
20131015,14.095,14.095,14.077,14.077,720,0
20131016,14.165,14.165,14.031,14.125,4259,0
20131017,14.125,14.135,14.125,14.125,3181,0
20131018,14.125,14.145,14.125,14.125,921,0
20131021,14.165,14.165,14.125,14.125,209,0
20131022,14.125,14.303,14.125,14.303,209,0
20131023,14.125,14.323,14.125,14.323,1130,0
20131024,14.323,14.323,14.125,14.125,1230,0
20131025,14.125,14.125,14.125,14.125,8623,0
20131101,14.195,14.195,14.125,14.125,1849,0
20131104,14.225,14.225,14.125,14.125,11395,0
20131106,14.332,14.332,14.332,14.332,150,0
20131107,14.332,14.332,14.332,14.332,208,0
20131108,14.225,14.225,14.225,14.225,1026,0
20131111,14.314,14.314,14.314,14.314,100,0
20131113,14.342,14.342,14.342,14.342,359,0
20131114,14.342,14.362,14.342,14.362,617,0
20131118,14.362,14.411,14.352,14.411,4299,0
20131120,14.411,14.753,14.372,14.526,64487,0
20131121,14.546,14.546,14.546,14.546,309,0
20131125,14.546,14.546,14.546,14.546,2763,0
20131127,14.506,14.516,14.506,14.506,1945,0
20131203,14.556,15.347,14.556,15.347,14433,0
20131204,15.338,15.817,14.625,15.338,13817,0
20131205,15.338,16.119,14.411,15.534,6574,0
20131206,15.524,15.524,14.868,14.877,1329,0
20131209,14.877,15.328,14.877,15.328,1435,0
20131211,15.377,15.377,15.377,15.377,208,0
20131212,15.347,15.347,15.347,15.347,100,0
20131218,15.288,15.446,15.24,15.436,12691,0
20131219,15.534,15.534,15.534,15.534,2763,0
20131220,15.632,15.632,15.632,15.632,3581,0
20131223,15.827,15.827,15.827,15.827,10337,0
20131224,15.827,15.827,15.827,15.827,145,0
20131226,14.506,15.016,14.506,15.016,718,0
20131227,15.534,15.632,15.534,15.534,5118,0
20131231,15.535,15.535,15.535,15.535,4135,0
20140103,14.506,15.407,14.506,14.763,1257,0
20140109,14.665,14.665,14.506,14.506,10441,0
20140110,14.655,14.694,13.883,13.883,35313,0
20140113,14.606,14.655,14.606,14.655,1127,0
20140115,15.046,15.24,15.046,15.23,617,0
20140117,15.173,15.24,14.907,15.173,3581,0
20140121,14.411,14.458,14.411,14.411,1329,0
20140127,14.536,14.536,14.458,14.458,1637,0
20140130,14.411,14.466,14.411,14.466,208,0
20140203,14.506,14.507,14.506,14.506,2253,0
20140207,14.559,14.596,14.546,14.596,4227,0
20140211,14.645,14.714,14.645,14.695,5828,0
20140212,14.724,14.724,14.724,14.724,100,0
20140213,14.841,14.841,14.645,14.645,596,0
20140214,14.45,14.45,14.45,14.45,20460,0
20140218,14.841,14.841,14.841,14.841,736,0
20140219,14.695,14.695,14.695,14.695,150,0
20140220,14.705,14.705,14.675,14.675,396,0
20140224,14.645,14.645,14.645,14.645,361,0
20140228,14.793,14.793,14.792,14.792,1497,0
20140305,14.547,14.596,14.547,14.596,207,0
20140306,14.546,14.546,14.546,14.546,1081,0
20140307,14.546,14.546,14.546,14.546,483,0
20140311,14.695,14.695,14.695,14.695,283,0
20140313,14.596,14.596,14.596,14.596,187,0
20140314,14.596,14.596,14.576,14.596,9214,0
20140317,14.596,14.596,14.587,14.596,511,0
20140318,14.596,14.596,14.596,14.596,1229,0
20140319,14.596,14.596,14.596,14.596,1789,0
20140320,14.596,14.596,14.596,14.596,691,0
20140321,14.546,14.547,14.546,14.546,700,0
20140324,14.606,14.606,14.546,14.546,1995,0
20140325,14.596,14.596,14.546,14.546,6266,0
20140326,14.516,14.596,14.45,14.596,5615,0
20140327,14.695,14.695,14.685,14.685,560,0
20140331,14.506,14.506,14.496,14.496,1035,0
20140402,14.486,14.841,14.486,14.841,5058,0
20140404,14.45,14.45,14.45,14.45,3540,0
20140410,14.451,14.451,14.451,14.451,147,0
20140417,14.695,14.695,14.635,14.635,1224,0
20140421,14.693,14.693,14.693,14.693,207,0
20140422,14.675,14.675,14.596,14.596,1304,0
20140423,14.685,14.695,14.685,14.694,1001,0
20140424,14.695,14.695,14.496,14.695,4090,0
20140425,14.695,14.695,14.695,14.695,1023,0
20140428,14.695,14.841,14.695,14.695,2609,0
20140429,14.695,14.695,14.695,14.695,2756,0
20140430,14.695,14.695,14.546,14.546,4972,0
20140501,14.695,14.695,14.695,14.695,415,0
20140502,14.695,14.695,14.685,14.695,1889,0
20140506,14.635,14.695,14.546,14.695,5124,0
20140507,14.675,14.792,14.547,14.792,2482,0
20140508,14.735,14.735,14.735,14.735,457,0
20140509,14.736,14.736,14.736,14.736,709,0
20140512,14.736,14.736,14.314,14.324,977,0
20140513,14.687,14.736,14.687,14.736,1752,0
20140514,14.687,14.687,14.657,14.687,3497,0
20140515,14.638,14.638,14.638,14.638,367,0
20140519,14.637,14.736,14.578,14.736,1408,0
20140521,13.832,13.832,13.832,13.832,1110,0
20140523,14.736,14.736,14.274,14.443,2765,0
20140527,14.548,14.736,14.548,14.736,802,0
20140528,13.901,14.815,13.901,14.736,4551,0
20140529,14.736,14.786,14.488,14.736,6014,0
20140530,14.488,14.637,14.488,14.637,692,0
20140602,14.518,14.518,14.145,14.145,2043,0
20140603,14.773,14.773,14.452,14.598,1183,0
20140605,13.901,14.736,13.901,14.736,1081,0
20140606,14.736,14.736,14.736,14.736,1707,0
20140609,14.736,15.403,14.736,15.353,5803,0
20140610,14.548,15.403,14.548,15.227,3461,0
20140611,15.227,15.562,15.169,15.227,3090,0
20140612,16.033,18.232,15.03,17.889,4203,0
20140613,17.683,17.683,16.013,17.417,2535,0
20140616,17.407,17.437,15.826,17.397,1348,0
20140617,17.328,17.407,17.328,17.407,444,0
20140618,16.995,17.407,16.995,17.407,910,0
20140619,16.377,17.338,15.726,16.671,1291,0
20140620,15.502,15.502,15.502,15.502,9950,0
20140623,15.935,16.445,15.687,16.445,2515,0
20140624,15.284,16.278,15.284,16.159,1184,0
20140625,15.689,15.689,15.689,15.689,365,0
20140626,16.502,16.502,15.492,16.502,5973,0
20140627,15.806,16.602,15.806,16.602,1174,0
20140701,15.756,15.964,15.373,15.373,3059,0
20140702,15.363,15.865,15.363,15.865,612,0
20140707,15.663,15.716,15.663,15.716,833,0
20140708,15.716,15.716,15.697,15.716,1300,0
20140709,15.572,15.865,15.572,15.716,1321,0
20140714,15.572,15.716,15.572,15.716,344,0
20140717,15.423,15.423,15.423,15.423,821,0
20140718,15.572,15.678,15.572,15.62,530,0
20140721,15.255,15.532,15.255,15.532,1501,0
20140722,15.463,15.463,15.255,15.255,307,0
20140723,15.393,15.393,15.393,15.393,514,0
20140725,15.304,15.304,15.304,15.304,511,0
20140729,15.423,15.453,15.423,15.453,854,0
20140731,15.423,15.423,15.227,15.227,816,0
20140801,15.208,15.208,14.98,15.03,2110,0
20140804,15.716,15.746,15.716,15.717,1358,0
20140805,15.716,15.716,15.716,15.716,130,0
20140806,15.716,15.716,15.716,15.716,190,0
20140811,15.729,15.759,15.276,15.759,556,0
20140812,15.278,15.66,15.278,15.603,1629,0
20140813,15.445,15.987,15.415,15.415,11838,0
20140814,15.415,15.415,15.415,15.415,406,0
20140818,15.599,15.599,15.599,15.599,504,0
20140819,15.613,15.613,15.18,15.415,6602,0
20140821,15.693,15.693,15.474,15.474,491,0
20140822,15.445,15.445,15.445,15.445,100,0
20140825,15.465,15.465,15.465,15.465,191,0
20140828,15.613,15.764,15.613,15.759,3651,0
20140829,15.613,15.613,15.613,15.613,100,0
20140902,15.613,15.819,15.613,15.759,5697,0
20140903,15.759,15.957,15.68,15.729,4670,0
20140908,15.613,15.613,15.613,15.613,109,0
20140909,15.647,15.849,15.611,15.779,12899,0
20140910,15.809,15.809,15.622,15.622,3963,0
20140911,15.749,15.789,15.534,15.534,3117,0
20140912,15.66,15.66,15.66,15.66,101,0
20140915,15.67,15.839,15.67,15.819,1943,0
20140917,15.67,15.67,15.67,15.67,105,0
20140924,15.789,15.789,15.789,15.789,219,0
20140926,15.67,15.67,15.67,15.67,104,0
20140930,15.878,15.878,15.878,15.878,767,0
20141002,15.878,16.006,15.878,16.006,1721,0
20141007,15.997,15.997,15.957,15.957,12796,0
20141008,15.938,16.006,15.815,15.815,34786,0
20141009,15.957,15.957,15.779,15.779,2045,0
20141010,15.66,15.66,15.66,15.66,104,0
20141016,15.908,16.006,15.908,16.006,1449,0
20141017,16.006,16.006,16.006,16.006,408,0
20141020,16.006,16.006,15.759,15.898,3310,0
20141023,16.006,16.006,16.006,16.006,851,0
20141024,15.908,16.006,15.908,16.006,1402,0
20141031,16.252,16.252,16.203,16.203,539,0
20141105,16.233,16.233,16.233,16.233,160,0
20141107,16.295,16.54,16.295,16.54,3236,0
20141110,16.54,16.54,16.54,16.54,106,0
20141114,16.295,16.295,16.295,16.295,1121,0
20141118,16.125,16.295,15.999,16.185,4455,0
20141119,16.364,16.364,16.364,16.364,373,0
20141121,16.165,16.165,15.959,15.959,506,0
20141125,16.295,16.393,16.275,16.393,2657,0
20141126,16.145,16.295,16.145,16.295,3850,0
20141201,16.095,16.788,16.095,16.788,622,0
20141204,16.788,16.788,16.788,16.788,159,0
20141205,16.788,16.788,16.788,16.788,408,0
20141208,16.095,16.095,16.095,16.095,310,0
20141219,16.145,17.775,16.145,17.775,1967,0
20141229,16.491,16.491,16.491,16.491,330,0
20141231,16.255,16.255,16.245,16.245,842,0
20150105,16.344,16.54,16.344,16.54,901,0
20150114,16.877,16.877,16.788,16.837,1814,0
20150115,16.788,16.788,16.344,16.344,449,0
20150120,16.54,16.54,16.54,16.54,100,0
20150130,16.788,17.158,16.788,17.158,11064,0
20150203,16.788,17.725,16.66,17.725,6024,0
20150210,17.768,17.768,17.372,17.372,350,0
20150219,17.372,17.372,17.372,17.372,370,0
20150223,17.768,17.768,17.768,17.768,177,0
20150227,17.422,17.768,17.422,17.768,4849,0
20150306,17.847,17.847,17.58,17.58,404,0
20150310,17.669,17.669,17.639,17.639,1415,0
20150311,17.59,17.768,17.59,17.6,808,0
20150312,17.629,17.629,17.629,17.629,1212,0
20150313,17.768,17.768,17.768,17.768,504,0
20150320,17.758,17.778,17.758,17.768,4950,0
20150324,17.917,18.223,17.867,18.164,6263,0
20150325,18.045,18.174,17.946,18.115,3637,0
20150326,18.115,18.223,18.016,18.223,5253,0
20150330,17.808,17.808,17.768,17.768,3536,0
20150331,18.115,18.213,17.768,17.768,9699,0
20150401,18.184,18.213,17.788,18.115,2424,0
20150402,18.342,18.342,18.342,18.342,100,0
20150406,18.342,18.342,17.877,17.877,304,0
20150410,18.095,18.095,18.095,18.095,304,0
20150413,18.144,18.144,18.115,18.115,708,0
20150414,18.372,18.372,18.372,18.372,504,0
20150415,18.313,18.313,18.313,18.313,195,0
20150420,17.907,17.907,17.907,17.907,110,0
20150422,17.907,17.907,17.887,17.887,544,0
20150423,17.917,17.917,17.917,17.917,1717,0
20150424,17.917,17.917,17.917,17.917,708,0
20150427,17.917,17.917,17.917,17.917,404,0
20150430,17.917,18.045,17.917,18.045,15861,0
20150501,18.273,18.273,18.273,18.273,100,0
20150504,18.313,18.313,18.313,18.313,100,0
20150505,18.342,18.392,18.322,18.362,7274,0
20150506,18.352,18.352,18.313,18.313,708,0
20150514,18.41,18.41,18.31,18.31,14712,0
20150515,18.36,18.36,18.32,18.36,14359,0
20150518,18.459,18.459,18.37,18.37,503,0
20150519,18.36,18.36,18.36,18.36,100,0
20150520,17.824,17.824,17.824,17.824,100,0
20150521,17.814,17.983,17.814,17.814,303,0
20150526,17.873,17.963,17.873,17.873,871,0
20150527,17.814,18.102,17.665,17.873,15418,0
20150528,17.675,17.675,17.675,17.675,118,0
20150529,17.665,17.665,17.665,17.665,1209,0
20150603,17.665,17.665,17.665,17.665,100,0
20150604,18.35,18.36,17.863,18.042,1915,0
20150605,17.764,17.983,17.764,17.863,706,0
20150608,17.764,18.856,17.764,18.856,4031,0
20150609,17.873,17.873,17.873,17.873,330,0
20150611,18.4,18.4,18.4,18.4,316,0
20150615,19.788,19.788,18.607,18.846,3023,0
20150616,18.856,18.856,18.717,18.717,1713,0
20150617,18.607,19.303,18.607,18.856,7457,0
20150618,18.856,19.303,18.807,19.303,4232,0
20150619,19.303,19.303,18.717,18.717,11790,0
20150624,18.26,18.558,18.26,18.538,6650,0
20150625,17.993,17.993,17.993,17.993,100,0
20150626,17.963,17.963,17.963,17.963,605,0
20150629,17.754,17.754,17.665,17.665,1915,0
20150630,17.685,17.734,17.685,17.734,202,0
20150701,17.744,18.3,17.744,17.764,2217,0
20150702,17.764,17.913,17.764,17.913,202,0
20150706,17.715,17.724,17.715,17.724,303,0
20150707,17.843,17.863,17.814,17.824,1309,0
20150708,17.685,17.685,17.665,17.665,303,0
20150710,18.31,18.31,17.665,18.22,1915,0
20150714,17.764,18.112,17.764,18.112,745,0
20150715,18.21,18.28,18.21,18.28,225,0
20150728,17.695,17.695,17.695,17.695,202,0
20150730,17.834,17.834,17.834,17.834,100,0
20150803,17.834,17.834,17.834,17.834,100,0
20150812,17.861,17.861,17.861,17.861,100,0
20150813,17.921,17.921,17.921,17.921,100,0
20150818,18.409,18.906,17.861,18.607,8341,0
20150819,18.607,18.607,18.179,18.319,1005,0
20150825,18.856,18.876,17.761,18.448,2110,0
20150831,18.876,18.876,18.876,18.876,100,0
20150902,18.876,18.876,18.876,18.876,603,0
20150904,18.159,18.159,18.159,18.159,302,0
20150911,17.911,17.921,17.911,17.921,502,0
20150916,17.712,17.712,17.712,17.712,100,0
20150917,17.712,17.712,17.712,17.712,137,0
20150918,18.657,18.657,18.657,18.657,402,0
20150929,17.712,17.712,17.712,17.712,201,0
20150930,17.712,17.712,17.712,17.712,4020,0
20151009,18.269,18.409,18.269,18.409,201,0
20151013,18.409,18.409,17.921,17.921,201,0
20151015,18.409,18.409,18.409,18.409,704,0
20151022,17.712,18.409,17.712,18.409,3618,0
20151023,18.389,18.409,18.389,18.409,2010,0
20151026,17.851,18.179,17.851,18.179,201,0
20151028,18.399,18.409,18.399,18.409,6030,0
20151029,18.787,18.787,18.787,18.787,100,0
20151102,18.816,18.816,18.816,18.816,133,0
20151110,18.804,18.804,18.804,18.804,100,0
20151111,18.664,18.664,18.664,18.664,100,0
20151112,18.844,18.844,18.844,18.844,100,0
20151117,18.654,18.654,18.654,18.654,501,0
20151118,18.475,18.475,18.475,18.475,200,0
20151119,18.455,18.475,18.455,18.455,15839,0
20151120,18.405,18.405,18.405,18.405,100,0
20151123,18.894,18.894,18.894,18.894,501,0
20151124,18.554,18.554,18.215,18.295,3007,0
20151125,18.275,18.275,18.275,18.275,200,0
20151127,18.235,18.305,18.205,18.305,17743,0
20151130,18.854,18.854,18.854,18.854,100,0
20151211,18.255,18.255,18.255,18.255,100,0
20151214,18.654,18.654,18.654,18.654,110,0
20151215,18.904,18.904,18.904,18.904,100,0
20151216,18.255,18.904,18.255,18.854,802,0
20151217,18.854,18.854,18.854,18.854,100,0
20151218,18.884,18.884,18.594,18.854,2205,0
20151221,18.485,18.485,18.485,18.485,501,0
20151223,18.904,18.904,18.904,18.904,200,0
20151224,18.704,18.904,18.215,18.904,1013,0
20151230,18.904,18.904,18.584,18.624,1604,0
20151231,18.844,18.874,18.844,18.874,322,0
20160104,18.854,18.854,18.854,18.854,975,0
20160105,18.255,18.834,18.255,18.834,2205,0
20160106,18.265,18.265,18.265,18.265,200,0
20160107,18.704,18.944,18.704,18.909,3879,0
20160108,18.884,18.884,18.884,18.884,100,0
20160111,18.854,18.914,18.854,18.884,1204,0
20160112,18.914,19.951,18.914,19.153,5095,0
20160114,18.884,18.884,18.46,18.844,2506,0
20160115,18.953,18.953,18.953,18.953,100,0
20160119,18.953,19.203,18.953,19.203,902,0
20160120,19.343,19.343,19.343,19.343,100,0
20160121,19.213,19.213,19.213,19.213,100,0
20160125,18.704,18.854,18.654,18.674,1611,0
20160126,18.604,19.273,18.604,19.273,802,0
20160129,19.243,19.243,19.243,19.243,100,0
20160201,19.273,19.273,19.273,19.273,200,0
20160203,18.505,19.353,18.505,19.353,1372,0
20160223,19.35,19.35,19.35,19.35,655,0
20160229,19.2866,19.35,19.2866,19.35,1023,0
20160304,19.3499,19.3499,19.3499,19.3499,100,0
20160307,19.35,19.35,19.15,19.15,923,0
20160308,19.16,19.16,19.16,19.16,100,0
20160309,19.17,19.17,19.15,19.15,1200,0
20160310,19.15,19.15,19.15,19.15,1482,0
20160311,19.35,19.48,19.3,19.35,9592,0
20160314,19.58,19.58,19.58,19.58,328,0
20160315,19.37,19.575,19.35,19.35,1442,0
20160316,19.35,19.6,19.35,19.35,1168,0
20160317,19.2,19.69,19.2,19.6,1831,0
20160318,19.2,20.65,19.2,20.65,25260,0
20160321,20.47,20.5,20.101,20.5,7050,0
20160322,23.7539,23.7539,21.55,23.4,2033,0
20160324,22.73,22.73,22.73,22.73,281,0
20160328,22,22,21.56,21.56,1452,0
20160329,20.3,21.9099,20.3,20.58,410,0
20160330,20,20,20,20,151,0
20160331,20.9999,21,20,20,870,0
20160401,21.9099,21.9099,20.5,20.5,200,0
20160404,19.7,19.7,19.7,19.7,100,0
20160405,20.27,20.3,20.2501,20.3,300,0
20160406,20.6161,20.6161,20.55,20.55,776,0
20160407,19.56,19.56,19.56,19.56,100,0
20160408,19.99,19.99,19.62,19.62,500,0
20160411,19.6,20,19.6,19.75,3000,0
20160412,20.9999,20.9999,20.01,20.01,225,0
20160413,20.03,20.03,20.03,20.03,100,0
20160415,20.0001,20.0015,20.0001,20.0015,1664,0
