Date,Open,High,Low,Close,Volume,OpenInt
20081002,9.809,9.809,9.809,9.809,0,0
20081003,11.035,11.465,10.788,11.27,444442,0
20081006,11.27,11.28,10.788,11.28,305485,0
20081007,11.132,11.132,10.672,10.711,182527,0
20081008,10.788,10.788,10.484,10.691,71990,0
20081009,10.788,10.788,10.152,10.152,106331,0
20081010,10.152,10.348,9.809,10.053,84542,0
20081013,10.288,10.788,10.288,10.652,20845,0
20081014,10.788,10.788,10.592,10.691,53579,0
20081015,10.642,10.642,10.123,10.123,27021,0
20081016,10.582,10.582,10.063,10.113,20053,0
20081017,10.632,10.632,10.093,10.229,45433,0
20081020,10.504,10.582,10.162,10.249,6019,0
20081021,10.249,10.348,10.249,10.348,10600,0
20081022,10.348,10.348,10.249,10.249,10042,0
20081023,10.249,10.249,10.103,10.152,82026,0
20081024,10.103,10.152,9.954,10.043,34719,0
20081027,9.828,10.103,9.828,10.093,41931,0
20081028,10.103,10.103,9.809,10.024,50786,0
20081029,10.024,10.024,9.858,9.994,48738,0
20081030,10.024,10.123,10.004,10.043,52491,0
20081031,10.043,10.249,10.024,10.113,105388,0
20081103,10.152,10.172,10.123,10.152,39587,0
20081104,10.209,10.249,10.103,10.103,64861,0
20081105,10.201,10.219,10.113,10.113,10502,0
20081106,10.103,10.103,9.984,9.984,39789,0
20081107,9.974,10.103,9.954,10.103,18779,0
20081110,10.152,10.152,10.004,10.103,9379,0
20081111,9.984,10.181,9.984,10.103,10197,0
20081112,9.984,10.053,9.906,9.906,13582,0
20081113,9.858,10.053,9.858,10.053,5805,0
20081114,9.809,9.916,9.809,9.916,2344,0
20081117,9.809,10.083,9.809,10.053,6057,0
20081118,9.739,9.945,9.739,9.945,4909,0
20081119,9.71,10.043,9.71,9.809,7188,0
20081120,9.809,9.809,9.72,9.72,8055,0
20081121,9.71,9.799,9.632,9.729,39404,0
20081124,9.759,9.759,9.612,9.66,5423,0
20081125,9.65,9.66,9.612,9.612,52610,0
20081126,9.612,9.71,9.564,9.71,26098,0
20081128,9.71,9.71,9.612,9.612,1378,0
20081201,9.632,9.71,9.632,9.65,4655,0
20081202,9.612,9.71,9.612,9.66,8613,0
20081203,9.514,9.71,9.514,9.71,4145,0
20081204,9.66,9.66,9.612,9.612,7913,0
20081205,9.514,9.612,9.514,9.612,6372,0
20081208,9.7,9.7,9.66,9.66,3673,0
20081209,9.67,9.67,9.4851,9.4851,7392,0
20081210,9.514,9.514,9.4751,9.514,10440,0
20081211,9.564,9.7,9.564,9.7,7136,0
20081212,9.3569,9.68,9.3569,9.554,1427,0
20081215,9.68,9.7,9.4654,9.514,6424,0
20081216,9.544,9.544,9.544,9.544,662,0
20081218,9.514,9.564,9.514,9.554,12610,0
20081219,9.514,9.564,9.3864,9.3864,19458,0
20081222,9.3669,9.4654,9.3274,9.4259,5142,0
20081223,9.3374,9.3374,9.3178,9.3178,1427,0
20081224,9.3274,9.4654,9.3274,9.4456,2956,0
20081226,9.3963,9.4456,9.3766,9.4456,6093,0
20081229,9.3669,9.564,9.3669,9.416,32116,0
20081230,9.3669,9.564,9.3669,9.564,3568,0
20081231,9.564,9.592,9.514,9.564,14080,0
20090102,9.564,9.564,9.564,9.564,512,0
20090105,9.612,9.71,9.612,9.66,9686,0
20090106,9.69,9.69,9.524,9.612,20972,0
20090107,9.602,9.602,9.592,9.602,1019,0
20090108,9.564,9.7,9.564,9.7,1494,0
20090109,9.602,9.602,9.602,9.602,406,0
20090112,9.3864,9.534,9.3864,9.416,1530,0
20090113,9.3669,9.3669,9.3472,9.3669,15225,0
20090114,9.3178,9.3178,9.3178,9.3178,100,0
20090115,9.3274,9.534,9.3274,9.534,206,0
20090116,9.3274,9.534,9.3178,9.3374,7035,0
20090120,9.3274,9.524,9.3274,9.524,306,0
20090121,9.2785,9.3569,9.1705,9.3569,7341,0
20090122,9.4456,9.4456,9.4456,9.4456,918,0
20090123,9.2196,9.2294,9.2196,9.2294,537,0
20090126,9.3569,9.3864,8.8273,9.298,9068,0
20090128,8.9255,9.3079,8.9057,9.298,4028,0
20090129,9.298,9.298,9.298,9.298,206,0
20090130,9.0431,9.0431,8.8273,8.8469,28939,0
20090202,9.0431,9.0529,8.8273,8.8567,8792,0
20090203,8.9255,9.298,8.8861,9.1018,15638,0
20090204,9.2196,9.504,9.2196,9.504,14478,0
20090205,9.4358,9.554,9.3669,9.4654,23879,0
20090206,9.0823,9.514,9.0823,9.504,9388,0
20090210,9.2785,9.2785,9.2785,9.2785,100,0
20090211,9.2785,9.3178,9.2785,9.3178,4180,0
20090212,9.0823,9.544,9.0823,9.416,12097,0
20090213,9.2884,9.7,9.2884,9.7,77877,0
20090217,9.602,9.602,9.2785,9.4456,3639,0
20090218,9.3178,9.564,9.3178,9.3178,11557,0
20090219,9.4654,9.554,9.2686,9.4062,18863,0
20090220,9.249,9.564,9.1216,9.564,4561,0
20090223,9.3178,9.3178,9.1805,9.2196,103593,0
20090224,9.2196,9.416,9.2196,9.3178,2585,0
20090225,9.1216,9.1216,9.1216,9.1216,306,0
20090226,9.1313,9.1411,9.1313,9.1313,1019,0
20090227,9.2196,9.2196,9.1705,9.1805,8119,0
20090302,9.1805,9.416,9.1705,9.1705,4215,0
20090303,9.2196,9.3178,9.1705,9.3178,9931,0
20090304,9.2196,9.3178,9.2196,9.3178,3262,0
20090305,9.1805,9.1805,9.1805,9.1805,100,0
20090306,9.2196,9.2686,9.1216,9.1411,25074,0
20090309,9.1216,9.3178,9.0724,9.1313,13968,0
20090310,9.3079,9.3079,9.1705,9.1705,817,0
20090311,9.1216,9.3178,9.1216,9.3178,5578,0
20090312,9.0823,9.3178,9.0823,9.3178,46030,0
20090313,9.298,9.298,9.2196,9.2196,1551,0
20090316,9.2196,9.2884,9.2196,9.2393,13560,0
20090317,9.2393,9.416,9.2393,9.416,6424,0
20090318,9.416,9.504,9.151,9.4062,9731,0
20090319,9.3178,9.514,9.3178,9.514,111644,0
20090320,9.416,9.416,9.3963,9.416,2593,0
20090323,9.3669,9.416,9.3669,9.416,10012,0
20090324,9.3669,9.514,9.3669,9.514,23810,0
20090325,9.514,9.71,9.416,9.514,38428,0
20090326,9.504,9.809,9.504,9.809,45966,0
20090327,9.71,9.759,9.66,9.68,30693,0
20090330,9.68,9.68,9.66,9.66,8871,0
20090401,9.632,9.66,9.564,9.592,14252,0
20090402,9.544,9.799,9.524,9.7,527,0
20090403,9.729,9.799,9.66,9.7,5169,0
20090406,9.789,9.868,9.789,9.789,31913,0
20090407,9.809,9.868,9.759,9.759,13320,0
20090408,9.858,9.906,9.809,9.906,5403,0
20090409,9.906,10.278,9.858,10.249,70461,0
20090413,10.298,10.298,10.249,10.298,20165,0
20090414,10.298,10.447,10.298,10.397,9560,0
20090415,10.298,10.622,10.298,10.572,6863,0
20090416,10.494,10.533,10.338,10.367,6372,0
20090417,10.318,10.318,10.123,10.288,2855,0
20090420,10.073,10.073,10.073,10.073,100,0
20090421,10.582,10.652,10.563,10.652,3874,0
20090422,10.063,10.788,10.053,10.691,19841,0
20090423,10.78,10.788,10.592,10.622,26611,0
20090424,10.348,10.741,10.348,10.642,2039,0
20090427,10.642,10.77,10.642,10.77,4090,0
20090428,10.751,10.751,10.494,10.691,15596,0
20090429,10.77,10.78,10.691,10.741,2826,0
20090430,10.711,10.857,10.691,10.857,39490,0
20090501,10.857,10.867,10.788,10.867,2587,0
20090504,10.876,11.035,10.876,11.015,7964,0
20090505,11.025,11.035,11.025,11.035,1405,0
20090506,11.015,11.084,11.005,11.084,40387,0
20090507,11.084,11.21,11.084,11.21,24030,0
20090508,11.103,11.23,11.084,11.23,18934,0
20090511,11.23,11.27,11.084,11.084,23876,0
20090512,11.27,11.28,11.22,11.23,19835,0
20090513,11.28,11.28,11.103,11.28,68177,0
20090514,11.28,11.28,11.23,11.28,11406,0
20090515,11.28,11.28,11.24,11.26,24388,0
20090518,11.28,11.378,11.23,11.26,146321,0
20090519,11.358,11.475,11.19,11.456,41027,0
20090520,11.456,11.456,11.25,11.28,45894,0
20090521,11.427,11.427,11.28,11.427,12918,0
20090522,11.328,11.475,11.328,11.456,8055,0
20090526,11.475,11.524,11.151,11.151,165396,0
20090527,11.494,11.574,11.161,11.28,8671,0
20090528,11.093,11.514,11.084,11.28,7966,0
20090529,11.417,11.475,10.553,10.632,59558,0
20090601,10.886,11.574,10.818,11.28,11192,0
20090602,11.23,11.338,10.837,11.28,11037,0
20090603,10.857,11.446,10.602,11.28,20823,0
20090604,11.074,11.24,11.064,11.23,1676,0
20090605,11.054,11.28,11.054,11.28,2900,0
20090608,11.28,11.328,11.074,11.328,9008,0
20090609,11.132,11.456,11.132,11.456,9219,0
20090610,11.475,11.662,11.28,11.574,55300,0
20090611,11.574,11.672,11.28,11.672,11066,0
20090612,11.633,11.77,11.427,11.77,9103,0
20090615,11.534,11.868,11.378,11.868,9671,0
20090616,11.77,11.77,11.524,11.77,8146,0
20090617,11.77,11.917,11.751,11.917,18088,0
20090618,11.514,11.858,11.407,11.77,7618,0
20090619,11.662,11.77,11.407,11.77,4311,0
20090622,11.77,11.77,11.494,11.77,18703,0
20090623,11.652,11.77,11.574,11.652,19891,0
20090624,11.662,11.662,11.397,11.544,38473,0
20090625,11.574,11.868,11.388,11.868,62543,0
20090626,11.818,12.319,11.603,12.055,1253787,0
20090629,12.055,12.132,11.77,12.055,31015,0
20090630,11.388,11.947,11.388,11.711,30690,0
20090701,11.789,12.102,11.76,11.887,19657,0
20090702,11.858,11.868,11.574,11.77,15838,0
20090706,11.828,12.142,11.828,12.102,34568,0
20090707,12.132,12.161,11.77,11.77,35727,0
20090708,11.858,12.112,11.77,11.937,19428,0
20090709,12.055,12.112,11.828,11.828,6249,0
20090710,11.818,12.112,11.701,11.897,3763,0
20090713,11.917,12.112,11.77,12.112,12437,0
20090714,12.112,12.112,11.966,12.112,9455,0
20090715,12.112,12.112,11.828,12.084,17154,0
20090716,12.055,12.112,11.956,12.102,12450,0
20090717,12.112,12.112,11.917,12.045,13316,0
20090720,12.112,12.112,11.878,12.112,28112,0
20090721,12.112,12.112,11.947,12.112,7424,0
20090722,12.065,12.112,12.035,12.112,22466,0
20090723,12.045,12.211,12.045,12.211,18564,0
20090724,12.142,12.211,12.065,12.132,27945,0
20090727,12.025,12.161,12.025,12.161,7691,0
20090728,12.112,12.261,12.112,12.211,22118,0
20090729,12.211,12.211,12.075,12.112,3072,0
20090730,12.132,12.231,12.112,12.231,14967,0
20090731,12.142,12.211,12.142,12.191,22869,0
20090803,12.112,12.261,12.025,12.261,54431,0
20090804,12.241,12.261,12.201,12.261,7062,0
20090805,12.261,12.261,11.966,12.035,12016,0
20090806,11.976,12.211,11.808,11.927,14373,0
20090807,12.093,12.211,12.015,12.112,14607,0
20090810,11.996,12.251,11.947,12.161,10845,0
20090811,12.112,12.112,11.956,11.956,6770,0
20090812,12.005,12.251,12.005,12.211,12557,0
20090813,12.251,12.251,11.779,12.181,7321,0
20090814,12.122,12.161,11.789,11.927,14795,0
20090817,11.808,12.122,11.731,11.996,7044,0
20090818,12.025,12.132,11.947,12.093,5802,0
20090819,11.986,12.161,11.779,12.161,6049,0
20090820,11.937,12.161,11.937,12.161,3050,0
20090821,12.161,12.231,11.927,12.152,24405,0
20090824,12.161,12.231,11.947,12.093,6398,0
20090825,12.142,12.261,11.986,12.181,6493,0
20090826,12.201,12.261,12.084,12.261,5204,0
20090827,12.241,12.251,12.015,12.231,7162,0
20090828,12.231,12.231,11.77,11.779,6820,0
20090831,11.77,12.025,11.77,11.966,13079,0
20090901,11.858,12.093,11.77,11.818,24039,0
20090902,12.035,12.035,11.818,11.927,6332,0
20090903,11.937,12.045,11.848,11.996,9465,0
20090904,11.927,12.005,11.887,12.005,17543,0
20090908,12.005,12.015,11.77,11.897,14106,0
20090909,11.917,12.045,11.897,12.045,3174,0
20090910,12.005,12.065,11.996,12.065,4199,0
20090911,11.848,12.035,11.848,12.025,3030,0
20090914,11.868,12.035,11.828,11.887,8469,0
20090915,11.838,12.025,11.838,12.025,8338,0
20090916,12.035,12.065,11.887,12.065,23227,0
20090917,12.055,12.055,11.986,12.025,6004,0
20090918,12.045,12.221,11.779,12.191,32810,0
20090921,12.035,12.221,11.887,12.075,5668,0
20090922,12.201,12.201,12.015,12.152,7378,0
20090923,11.789,12.201,11.789,11.986,5718,0
20090924,12.055,12.201,11.887,12.122,93357,0
20090925,12.191,12.251,12.055,12.211,10777,0
20090928,12.211,12.406,12.161,12.261,22112,0
20090929,12.261,12.359,12.055,12.055,9854,0
20090930,12.102,12.152,11.868,11.937,15979,0
20091001,11.947,12.261,11.947,12.152,12620,0
20091002,12.075,12.152,11.868,11.986,7638,0
20091005,12.191,12.191,11.937,11.937,9268,0
20091006,12.015,12.161,12.015,12.161,2674,0
20091007,11.966,12.231,11.966,12.065,12318,0
20091008,12.152,12.152,11.937,11.947,5595,0
20091009,12.112,12.142,11.947,12.122,6084,0
20091012,12.161,12.161,11.818,11.986,7474,0
20091013,12.142,12.142,11.868,11.937,13476,0
20091014,11.937,12.152,11.937,12.093,8097,0
20091015,12.005,12.093,11.907,11.947,4017,0
20091016,11.956,12.112,11.789,11.868,18348,0
20091019,11.956,11.956,11.818,11.848,10424,0
20091020,11.828,12.055,11.818,11.818,6841,0
20091021,12.045,12.065,11.828,11.887,10954,0
20091022,11.917,12.055,11.878,12.055,4821,0
20091023,12.035,12.065,11.868,11.868,6664,0
20091026,11.868,11.897,11.789,11.798,5640,0
20091027,11.858,11.937,11.818,11.838,5363,0
20091028,11.887,12.015,11.818,11.828,8055,0
20091029,11.897,11.996,11.808,11.818,8845,0
20091030,11.808,11.868,11.77,11.779,20428,0
20091102,11.77,11.858,11.701,11.858,12628,0
20091103,11.818,11.986,11.741,11.986,44638,0
20091104,11.956,11.956,11.751,11.751,12193,0
20091105,11.818,12.045,11.818,12.005,9866,0
20091106,11.77,11.986,11.77,11.878,15615,0
20091109,11.947,11.966,11.828,11.966,9652,0
20091110,11.966,11.986,11.818,11.838,121336,0
20091111,11.907,12.025,11.808,11.897,35097,0
20091112,11.966,12.055,11.672,11.731,10120,0
20091113,11.77,11.947,11.77,11.947,12271,0
20091116,12.005,12.112,11.828,12.065,15376,0
20091117,12.055,12.093,11.868,12.055,33161,0
20091118,12.015,12.045,11.927,11.976,9158,0
20091119,12.015,12.035,11.966,11.986,44095,0
20091120,11.996,12.065,11.868,12.055,74209,0
20091123,12.065,12.065,11.966,12.045,11026,0
20091124,11.956,12.055,11.956,12.045,56397,0
20091125,11.917,12.045,11.917,12.045,13823,0
20091127,11.927,12.065,11.927,11.996,9812,0
20091130,11.956,12.112,11.927,12.093,23221,0
20091201,12.075,12.161,12.075,12.093,14038,0
20091202,12.161,12.161,11.976,12.132,16729,0
20091203,12.161,12.161,12.015,12.035,5144,0
20091204,12.152,12.171,12.015,12.112,11707,0
20091207,12.142,12.161,12.112,12.161,6646,0
20091208,12.093,12.211,12.015,12.102,28892,0
20091209,11.976,12.161,11.976,12.161,6663,0
20091210,12.161,12.161,12.035,12.045,4529,0
20091211,12.161,12.171,12.075,12.171,7022,0
20091214,12.152,12.152,11.947,12.112,21582,0
20091215,12.015,12.142,12.005,12.015,15740,0
20091216,12.075,12.152,12.015,12.035,10092,0
20091217,11.976,12.142,11.976,11.986,5545,0
20091218,12.045,12.132,12.015,12.102,41821,0
20091221,12.122,12.132,12.015,12.025,17605,0
20091222,11.947,12.025,11.947,11.996,13418,0
20091223,12.035,12.122,11.956,12.035,6589,0
20091224,11.976,12.035,11.976,12.035,2907,0
20091228,12.035,12.122,12.025,12.122,6644,0
20091229,12.152,12.261,12.093,12.171,13880,0
20091230,12.161,12.241,12.084,12.132,19339,0
20091231,12.161,12.161,11.947,11.956,14178,0
20100104,12.045,12.093,11.838,12.093,14550,0
20100105,11.868,11.917,11.828,11.897,11165,0
20100106,11.947,12.093,11.878,11.887,13796,0
20100107,11.897,12.035,11.878,11.956,10030,0
20100108,11.917,11.937,11.907,11.937,13808,0
20100111,11.996,12.005,11.838,11.907,15799,0
20100112,11.897,11.956,11.848,11.907,8346,0
20100113,11.956,11.956,11.868,11.878,19444,0
20100114,11.868,11.956,11.868,11.897,6445,0
20100115,11.956,11.956,11.838,11.868,19757,0
20100119,11.858,11.976,11.858,11.976,6700,0
20100120,11.907,11.966,11.828,11.828,5888,0
20100121,11.868,11.917,11.828,11.838,28920,0
20100122,11.858,11.917,11.818,11.897,17887,0
20100125,11.907,11.907,11.818,11.828,14398,0
20100126,11.818,11.848,11.818,11.818,8092,0
20100127,11.818,12.102,11.818,12.084,37901,0
20100128,11.966,12.084,11.966,12.025,22861,0
20100129,12.005,12.112,11.966,12.093,19122,0
20100201,12.075,12.142,11.887,12.112,16116,0
20100202,12.122,12.122,11.937,11.937,14499,0
20100203,11.937,11.966,11.887,11.917,16492,0
20100204,11.966,12.005,11.868,11.868,10604,0
20100205,11.868,11.956,11.848,11.956,7580,0
20100208,11.878,11.937,11.838,11.868,24984,0
20100209,11.917,12.065,11.868,11.927,19486,0
20100210,11.868,11.976,11.868,11.976,10520,0
20100211,11.927,12.015,11.927,12.015,46008,0
20100212,11.937,12.025,11.937,12.025,8282,0
20100216,12.015,12.015,11.917,11.996,8632,0
20100217,12.025,12.084,11.927,12.045,6918,0
20100218,12.065,12.084,12.035,12.084,5749,0
20100219,12.102,12.102,11.976,12.025,10183,0
20100222,12.112,12.122,12.045,12.122,3745,0
20100223,12.015,12.065,11.927,11.956,10717,0
20100224,12.015,12.015,11.937,12.015,8499,0
20100225,11.927,12.045,11.858,12.045,8822,0
20100226,12.015,12.055,11.878,11.956,17941,0
20100301,11.917,12.112,11.917,12.075,14761,0
20100302,12.112,12.112,11.858,12.015,69817,0
20100303,12.065,12.065,11.927,12.005,9913,0
20100304,12.055,12.084,12.015,12.084,7439,0
20100305,11.966,12.261,11.966,12.261,23108,0
20100308,12.221,12.379,12.084,12.261,10080,0
20100309,12.221,12.261,12.075,12.261,2261,0
20100310,12.221,12.406,12.221,12.406,51569,0
20100311,12.349,12.436,12.349,12.379,22267,0
20100312,12.455,12.594,12.339,12.339,13058,0
20100315,13.701,14.212,13.584,13.731,90807,0
20100316,13.741,13.771,13.672,13.721,26385,0
20100317,13.711,13.731,13.682,13.711,45123,0
20100318,13.721,13.721,13.701,13.701,10632,0
20100319,13.721,13.781,13.614,13.731,71127,0
20100322,13.731,13.781,13.711,13.781,10381,0
20100323,13.761,13.83,13.731,13.83,5865,0
20100324,13.741,13.868,13.741,13.811,12402,0
20100325,13.82,13.976,13.761,13.811,13751,0
20100326,13.898,13.928,13.711,13.849,11121,0
20100329,13.947,13.947,13.711,13.83,7482,0
20100330,13.908,13.908,13.781,13.898,5792,0
20100331,13.83,13.83,13.691,13.731,48894,0
20100401,13.721,13.751,13.701,13.751,7396,0
20100405,13.761,13.761,13.711,13.731,50920,0
20100406,13.672,13.731,13.672,13.711,64768,0
20100407,13.662,13.711,13.447,13.614,16242,0
20100408,13.604,13.662,13.594,13.604,7704,0
20100409,13.594,13.741,13.546,13.741,16287,0
20100412,13.721,13.741,13.633,13.643,14511,0
20100413,13.584,13.741,13.584,13.731,17734,0
20100414,13.711,13.751,13.497,13.741,10703,0
20100415,13.614,13.811,13.614,13.811,2818,0
20100416,13.781,13.781,13.584,13.643,13207,0
20100419,13.653,13.672,13.546,13.546,5999,0
20100420,13.574,13.731,13.574,13.701,5921,0
20100421,13.731,13.731,13.555,13.662,12901,0
20100422,13.574,13.791,13.507,13.781,13835,0
20100423,13.731,13.839,13.594,13.839,24492,0
20100426,13.82,13.839,13.653,13.82,6607,0
20100427,13.781,13.781,13.241,13.624,19496,0
20100428,13.643,13.918,13.594,13.791,7526,0
20100429,13.791,13.878,13.682,13.811,13011,0
20100430,13.849,13.849,13.574,13.604,15998,0
20100503,13.643,13.761,13.584,13.761,18327,0
20100504,13.731,13.761,13.271,13.614,53318,0
20100505,13.516,13.584,13.31,13.437,43101,0
20100506,13.437,13.682,12.869,13.153,29772,0
20100507,13.241,13.555,12.997,13.241,32401,0
20100510,13.457,13.467,13.203,13.467,62129,0
20100511,13.397,13.672,13.241,13.507,11410,0
20100512,13.467,13.614,13.358,13.614,31618,0
20100513,13.526,13.633,13.367,13.574,14366,0
20100514,13.348,13.643,12.997,13.594,15426,0
20100517,13.643,13.643,13.093,13.241,44021,0
20100518,13.3,13.407,12.505,13.329,35071,0
20100519,13.3,13.3,13.133,13.143,11377,0
20100520,12.997,13.222,12.712,12.749,23166,0
20100521,12.749,13.222,12.749,13.123,23017,0
20100524,13.143,13.183,12.879,13.083,17086,0
20100525,12.997,13.173,12.997,13.053,14381,0
20100526,13.31,13.467,13.163,13.31,68444,0
20100527,13.467,13.624,13.339,13.604,19225,0
20100528,13.516,13.624,13.29,13.377,21645,0
20100601,13.348,13.624,13.261,13.261,14310,0
20100602,13.358,13.487,13.241,13.339,21666,0
20100603,13.31,13.477,13.241,13.29,31295,0
20100604,13.133,13.3,13.133,13.251,41693,0
20100607,13.241,13.319,12.917,13.043,30874,0
20100608,13.123,13.339,13.043,13.31,23755,0
20100609,13.348,13.348,13.133,13.173,21805,0
20100610,13.31,13.339,13.241,13.329,20229,0
20100611,13.271,13.339,13.153,13.339,32428,0
20100614,13.339,13.339,12.889,13.083,23954,0
20100615,13.025,13.339,13.006,13.329,19888,0
20100616,13.043,13.261,13.043,13.063,6670,0
20100617,13.143,13.339,13.113,13.261,8630,0
20100618,13.339,13.339,13.043,13.093,33213,0
20100621,13.231,13.231,13.025,13.025,8825,0
20100622,13.093,13.093,12.849,12.859,13911,0
20100623,12.889,12.889,12.673,12.819,10716,0
20100624,12.799,13.153,12.643,12.789,47907,0
20100625,12.869,13.377,12.749,13.377,178554,0
20100628,13.329,13.427,13.015,13.073,49976,0
20100629,13.015,13.103,12.703,12.809,26030,0
20100630,12.839,12.839,12.663,12.663,12448,0
20100701,12.712,12.72,12.585,12.673,6465,0
20100702,12.693,12.739,12.495,12.683,21064,0
20100706,12.673,12.749,12.465,12.485,9920,0
20100707,12.565,13.063,12.475,13.063,53799,0
20100708,13.183,13.222,12.947,13.193,29021,0
20100709,13.173,13.193,13.093,13.193,10459,0
20100712,13.193,13.193,12.987,13.043,7004,0
20100713,13.183,13.183,13.043,13.123,19662,0
20100714,13.123,13.143,12.899,13.143,28368,0
20100715,13.173,13.173,12.917,13.034,11691,0
20100716,12.927,12.967,12.555,12.565,27160,0
20100719,12.271,12.535,12.102,12.485,16556,0
20100720,12.339,12.535,12.319,12.535,9167,0
20100721,12.29,12.604,12.29,12.369,9022,0
20100722,12.475,12.703,12.359,12.594,18944,0
20100723,12.525,12.967,12.3,12.643,12202,0
20100726,12.643,13.043,12.389,13.025,23603,0
20100727,13.123,13.123,12.505,13.073,26682,0
20100728,13.133,13.133,12.809,12.899,20191,0
20100729,13.034,13.123,12.879,13.015,11001,0
20100730,12.889,13.133,12.799,12.909,20213,0
20100802,12.879,13.043,12.879,12.987,13349,0
20100803,12.917,13.025,12.829,12.839,10195,0
20100804,12.859,13.034,12.729,12.849,11657,0
20100805,12.849,12.849,12.749,12.749,5030,0
20100806,12.749,12.947,12.653,12.909,15378,0
20100809,12.937,12.967,12.869,12.947,10771,0
20100810,12.899,12.899,12.712,12.712,10291,0
20100811,12.585,12.712,12.436,12.555,15969,0
20100812,12.426,12.653,12.426,12.604,19889,0
20100813,12.535,12.653,12.535,12.555,16208,0
20100816,12.555,12.799,12.555,12.789,12314,0
20100817,12.899,12.899,12.693,12.789,10919,0
20100818,12.703,12.947,12.703,12.947,14102,0
20100819,12.879,12.879,12.653,12.653,14835,0
20100820,12.585,12.779,12.555,12.749,15303,0
20100823,12.703,12.759,12.604,12.604,13635,0
20100824,12.525,12.643,12.505,12.555,9711,0
20100825,12.535,12.749,12.485,12.703,7922,0
20100826,12.729,12.829,12.712,12.789,12779,0
20100827,12.869,12.967,12.749,12.967,19859,0
20100830,12.957,12.987,12.739,12.749,17166,0
20100831,12.683,12.917,12.673,12.909,9878,0
20100901,12.997,12.997,12.899,12.967,14058,0
20100902,12.957,12.957,12.729,12.869,6079,0
20100903,12.849,13.063,12.849,13.063,14361,0
20100907,12.997,12.997,12.759,12.769,7211,0
20100908,12.869,12.997,12.613,12.997,8941,0
20100909,12.997,12.997,12.809,12.829,3216,0
20100910,12.829,12.987,12.829,12.947,5367,0
20100913,12.997,12.997,12.869,12.909,10023,0
20100914,12.909,12.997,12.839,12.889,51064,0
20100915,12.889,12.997,12.799,12.987,5500,0
20100916,12.937,12.977,12.909,12.909,4985,0
20100917,12.997,12.997,12.849,12.889,20316,0
20100920,12.997,12.997,12.869,12.997,26468,0
20100921,12.889,12.997,12.889,12.889,8953,0
20100922,12.849,12.987,12.809,12.917,12877,0
20100923,12.869,12.997,12.849,12.859,7470,0
20100924,12.957,13.083,12.899,13.083,14619,0
20100927,13.063,13.063,12.849,12.869,20468,0
20100928,12.927,12.947,12.899,12.947,10415,0
20100929,12.889,13.006,12.889,13.006,33872,0
20100930,13.073,13.123,12.977,13.123,8748,0
20101001,13.123,13.123,12.947,13.043,3737,0
20101004,12.997,13.043,12.799,12.829,29018,0
20101005,12.819,13.173,12.749,13.153,66236,0
20101006,13.083,13.183,13.006,13.083,14317,0
20101007,13.193,13.193,12.997,13.006,11048,0
20101008,12.749,13.163,12.749,13.133,6706,0
20101011,13.083,13.083,13.034,13.034,713,0
20101012,12.977,13.163,12.977,13.133,2304,0
20101013,13.113,13.163,13.006,13.133,11711,0
20101014,13.063,13.183,13.063,13.153,5286,0
20101015,13.241,13.241,13.173,13.203,19172,0
20101018,13.203,13.241,13.073,13.241,10452,0
20101019,13.143,13.241,13.133,13.163,9491,0
20101020,13.241,13.241,13.143,13.183,6027,0
20101021,13.241,13.241,13.006,13.163,14086,0
20101022,13.163,13.319,13.163,13.319,11854,0
20101025,13.329,13.437,13.319,13.427,7941,0
20101026,13.339,13.397,13.339,13.397,4196,0
20101027,13.329,13.526,13.241,13.3,34400,0
20101028,13.241,13.397,13.203,13.203,12096,0
20101029,13.261,13.339,13.173,13.173,20041,0
20101101,13.222,13.241,13.123,13.183,6254,0
20101102,13.241,13.467,13.241,13.457,9850,0
20101103,13.447,13.487,13.397,13.487,62522,0
20101104,13.487,13.507,13.417,13.467,23263,0
20101105,13.487,13.487,13.427,13.457,5059,0
20101108,13.457,13.477,13.358,13.457,5292,0
20101109,13.487,13.487,13.397,13.437,9073,0
20101110,13.477,13.487,13.241,13.427,11934,0
20101111,13.437,13.467,13.358,13.358,3577,0
20101112,13.28,13.3,13.063,13.203,10944,0
20101115,13.437,13.467,13.173,13.348,89196,0
20101116,13.329,13.397,13.222,13.241,7056,0
20101117,13.31,13.367,13.271,13.319,1969,0
20101118,13.319,13.487,13.241,13.417,27346,0
20101119,13.457,13.487,13.231,13.251,16909,0
20101122,13.231,13.487,13.231,13.319,2388,0
20101123,13.271,13.29,13.193,13.193,7284,0
20101124,13.213,13.417,13.213,13.417,10084,0
20101126,13.417,13.427,13.367,13.367,564,0
20101129,13.28,13.348,13.251,13.348,1795,0
20101130,13.348,13.467,13.251,13.358,4552,0
20101201,13.536,13.536,13.377,13.536,8468,0
20101202,13.536,13.536,13.437,13.487,3070,0
20101203,13.477,13.516,13.457,13.516,5314,0
20101206,13.367,13.536,13.339,13.487,2475,0
20101207,13.536,13.701,13.367,13.701,13188,0
20101208,13.721,13.721,13.574,13.633,5329,0
20101209,13.633,13.711,13.624,13.701,6369,0
20101210,13.721,13.721,13.624,13.721,10265,0
20101213,13.682,13.731,13.624,13.624,8549,0
20101214,13.711,13.711,13.427,13.584,3600,0
20101215,13.633,13.691,13.633,13.672,3792,0
20101216,13.682,13.83,13.477,13.771,13901,0
20101217,13.82,13.937,13.731,13.937,23966,0
20101220,13.967,13.967,13.839,13.888,8911,0
20101221,13.928,13.928,13.849,13.868,12315,0
20101222,13.928,13.928,13.761,13.83,12671,0
20101223,13.82,13.83,13.731,13.791,2079,0
20101227,13.898,13.898,13.82,13.82,3415,0
20101228,13.82,13.928,13.771,13.888,6561,0
20101229,13.928,13.947,13.928,13.947,1664,0
20101230,13.868,13.967,13.83,13.868,2696,0
20101231,13.868,13.868,13.555,13.555,5208,0
20110103,13.624,13.624,13.487,13.546,9446,0
20110104,13.604,13.604,13.133,13.133,29331,0
20110105,13.183,13.447,13.183,13.437,13132,0
20110106,13.3,13.3,13.213,13.241,20753,0
20110107,13.231,13.3,13.213,13.3,36687,0
20110110,13.261,13.377,13.241,13.339,7900,0
20110111,13.29,13.791,13.29,13.791,11222,0
20110112,13.731,13.731,13.682,13.721,2686,0
20110113,13.711,13.731,13.653,13.682,14140,0
20110114,13.682,13.83,13.682,13.791,7729,0
20110118,13.741,13.811,13.691,13.731,2146,0
20110119,13.721,13.721,13.367,13.377,6438,0
20110120,13.397,13.487,13.397,13.437,11680,0
20110121,13.437,13.546,13.437,13.497,5201,0
20110124,13.487,13.801,13.487,13.564,26494,0
20110125,13.507,13.731,13.507,13.711,19584,0
20110126,13.653,13.947,13.584,13.791,20376,0
20110127,13.937,13.937,13.643,13.691,3278,0
20110128,13.653,13.711,13.387,13.387,8508,0
20110131,13.497,13.604,13.497,13.536,16817,0
20110201,13.546,13.701,13.546,13.672,4931,0
20110202,13.604,13.711,13.604,13.653,2297,0
20110203,13.633,13.781,13.633,13.771,2635,0
20110204,13.731,13.967,13.682,13.957,15598,0
20110207,13.898,13.928,13.781,13.908,8812,0
20110208,13.878,13.937,13.771,13.937,16156,0
20110209,13.937,13.967,13.868,13.967,3336,0
20110210,13.839,14.123,13.839,14.123,11777,0
20110211,14.143,14.437,14.055,14.437,7015,0
20110214,14.418,14.526,14.281,14.389,1489,0
20110215,14.31,14.408,14.015,14.241,14658,0
20110216,14.29,14.29,14.241,14.29,1149,0
20110218,14.457,14.457,14.329,14.359,5081,0
20110222,14.222,14.232,14.123,14.163,14597,0
20110223,14.163,14.192,14.123,14.123,7173,0
20110224,14.123,14.173,14.065,14.123,17245,0
20110225,14.163,14.329,13.986,14.241,10540,0
20110228,14.123,14.241,14.115,14.241,5136,0
20110301,14.192,14.192,13.781,13.83,2407,0
20110302,13.868,13.898,13.691,13.711,1264,0
20110303,13.721,13.771,13.711,13.741,9857,0
20110304,13.741,13.771,13.682,13.711,2439,0
20110307,13.701,13.701,13.487,13.487,11959,0
20110308,13.526,13.682,13.526,13.682,3102,0
20110309,13.507,13.839,13.467,13.839,3473,0
20110310,13.721,13.721,13.497,13.526,7867,0
20110311,13.457,13.555,13.348,13.358,6753,0
20110314,13.241,13.358,13.241,13.251,6361,0
20110315,13.143,13.241,13.034,13.103,6235,0
20110316,13.193,13.203,12.997,12.997,10606,0
20110317,13.083,13.093,12.997,13.043,7651,0
20110318,13.053,13.213,13.053,13.213,16775,0
20110321,13.203,13.457,13.103,13.457,5576,0
20110322,13.447,13.447,13.367,13.367,3013,0
20110323,13.447,13.83,13.447,13.801,7021,0
20110324,13.82,13.967,13.791,13.967,15190,0
20110325,14.025,14.143,13.976,14.133,8657,0
20110328,14.095,14.133,14.095,14.095,6729,0
20110329,14.085,14.271,14.085,14.271,1233,0
20110330,14.398,14.614,14.369,14.565,17881,0
20110331,14.545,15.115,14.545,15.026,16008,0
20110401,15.3,15.516,15.144,15.241,14903,0
20110404,15.3,15.467,15.251,15.419,2677,0
20110405,15.419,15.439,15.135,15.439,8088,0
20110406,15.419,15.615,15.419,15.585,4201,0
20110407,15.595,15.683,15.565,15.624,3970,0
20110408,15.683,15.879,15.624,15.869,8964,0
20110411,15.763,15.763,15.261,15.419,11645,0
20110412,15.016,15.3,15.016,15.125,16932,0
20110413,15.703,15.703,15.144,15.193,5885,0
20110414,15.271,15.281,15.183,15.241,2440,0
20110415,15.055,15.31,15.055,15.261,9401,0
20110418,15.203,15.203,15.135,15.163,10182,0
20110419,15.232,15.241,15.144,15.163,2816,0
20110420,15.203,15.575,15.203,15.575,23710,0
20110421,15.565,15.643,15.526,15.643,8115,0
20110425,15.595,15.595,15.545,15.585,2243,0
20110426,15.545,15.653,15.545,15.653,12634,0
20110427,15.643,15.653,15.585,15.653,13438,0
20110428,15.634,15.683,15.634,15.683,9452,0
20110429,15.683,15.683,15.624,15.663,11265,0
20110502,15.663,15.713,15.419,15.419,24038,0
20110503,15.497,15.497,15.115,15.115,5553,0
20110504,15.223,15.223,14.673,14.673,27447,0
20110505,14.644,15.507,14.644,15.154,9137,0
20110506,15.163,15.163,14.673,14.712,6514,0
20110509,14.712,14.741,14.506,14.506,9818,0
20110510,14.653,14.771,14.644,14.771,6437,0
20110511,14.761,14.761,14.3,14.339,17862,0
20110512,14.31,14.565,14.222,14.565,11563,0
20110513,15.291,15.291,14.437,14.497,6098,0
20110516,14.427,14.467,14.123,14.123,31504,0
20110517,14.398,14.408,14.075,14.153,15026,0
20110518,14.251,14.349,14.115,14.222,11285,0
20110519,14.232,14.271,14.075,14.143,25677,0
20110520,14.123,14.271,14.123,14.163,13943,0
20110523,14.202,14.202,14.075,14.075,4156,0
20110524,14.085,14.105,14.025,14.025,14673,0
20110525,14.075,14.153,14.075,14.115,5133,0
20110526,14.123,14.222,14.055,14.222,10196,0
20110527,14.29,14.771,14.222,14.614,17830,0
20110531,14.712,14.85,14.565,14.85,12828,0
20110601,14.918,14.918,14.467,14.467,28280,0
20110602,14.545,14.545,14.143,14.281,10858,0
20110603,14.105,14.281,14.105,14.222,15995,0
20110606,14.202,14.261,14.025,14.025,23595,0
20110607,14.143,14.389,14.025,14.025,16476,0
20110608,14.859,14.859,13.791,13.928,30894,0
20110609,14.055,14.133,13.928,13.928,21473,0
20110610,13.928,13.986,13.731,13.839,42566,0
20110613,13.918,13.996,13.83,13.839,34294,0
20110614,13.947,14.123,13.928,13.976,20715,0
20110615,13.928,14.045,13.82,13.928,24061,0
20110616,14.025,14.447,13.976,14.232,43163,0
20110617,14.418,14.418,14.075,14.123,33512,0
20110620,14.153,14.31,14.095,14.133,16866,0
20110621,14.251,14.467,14.035,14.163,16018,0
20110622,14.105,14.526,13.976,14.085,20309,0
20110623,14.202,14.418,13.976,14.006,28817,0
20110624,14.173,14.467,13.937,14.055,817539,0
20110627,14.045,15.035,14.006,14.771,41825,0
20110628,14.281,14.938,14.202,14.634,18598,0
20110629,14.359,14.487,14.32,14.487,11827,0
20110630,14.869,14.918,14.427,14.506,10746,0
20110701,14.349,14.575,14.349,14.418,11951,0
20110705,14.948,14.948,14.29,14.359,7047,0
20110706,14.349,14.575,14.085,14.105,20494,0
20110707,14.192,14.418,14.115,14.212,16513,0
20110708,14.173,14.31,14.173,14.271,7543,0
20110711,14.173,14.222,14.075,14.075,7344,0
20110713,14.075,14.173,14.075,14.085,2855,0
20110714,14.183,14.183,14.075,14.115,3966,0
20110715,14.133,14.133,14.025,14.095,64405,0
20110718,14.115,14.115,14.015,14.015,2855,0
20110719,14.006,14.075,13.976,14.075,28363,0
20110720,14.105,14.634,14.105,14.369,12642,0
20110721,14.389,14.565,14.389,14.398,4889,0
20110722,14.163,14.339,13.976,13.976,19156,0
20110725,13.976,14.418,13.976,14.183,9647,0
20110726,13.976,14.369,13.976,14.359,9612,0
20110727,14.075,14.329,14.075,14.183,47404,0
20110728,14.133,14.281,14.133,14.281,36532,0
20110729,14.526,14.526,14.222,14.3,5537,0
20110801,14.222,14.408,14.222,14.241,2215,0
20110802,14.251,14.545,14.251,14.545,306,0
20110803,14.349,14.467,14.349,14.427,3721,0
20110804,14.192,14.32,14.192,14.212,4180,0
20110805,14.095,14.349,14.095,14.212,5478,0
20110808,13.781,14.095,13.526,13.898,19722,0
20110809,13.731,14.075,13.731,14.025,33289,0
20110810,13.937,13.957,13.928,13.928,8259,0
20110811,13.898,14.006,13.898,13.976,17563,0
20110812,14.408,14.408,13.751,13.839,48193,0
20110815,13.83,13.967,13.741,13.967,2340,0
20110816,13.898,14.055,13.898,13.937,4791,0
20110817,13.937,13.937,13.761,13.781,4766,0
20110818,13.497,13.781,13.487,13.781,2990,0
20110819,13.781,13.839,13.507,13.526,3685,0
20110822,13.967,13.967,13.584,13.761,30535,0
20110823,13.878,13.878,13.467,13.653,41747,0
20110824,13.594,13.82,13.574,13.82,4449,0
20110825,13.791,13.878,13.643,13.672,4791,0
20110826,13.633,13.868,13.633,13.643,4637,0
20110829,14.202,14.202,13.781,13.947,18629,0
20110830,13.928,13.928,13.928,13.928,1525,0
20110831,14.025,14.437,14.025,14.329,3922,0
20110901,13.928,13.957,13.928,13.928,938,0
20110902,14.075,14.075,13.791,13.839,1836,0
20110906,14.115,14.29,14.105,14.212,6590,0
20110907,14.212,14.467,13.967,14.339,10253,0
20110908,14.604,14.653,14.516,14.614,4806,0
20110909,14.467,14.585,14.427,14.497,13390,0
20110912,14.506,14.938,14.045,14.183,6980,0
20110913,14.015,14.869,14.015,14.418,2039,0
20110916,14.467,14.614,13.751,13.859,12690,0
20110919,13.849,14.369,13.849,13.957,3446,0
20110921,13.947,13.976,13.898,13.898,4906,0
20110922,13.653,14.045,13.633,13.859,4528,0
20110923,13.957,13.957,13.761,13.928,3805,0
20110926,13.771,14.222,13.751,13.771,3273,0
20110927,14.232,14.526,14.035,14.379,2142,0
20110928,14.3,14.31,14.143,14.212,3391,0
20110929,14.32,14.32,14.173,14.173,2014,0
20110930,14.133,14.232,14.133,14.202,1733,0
20111003,14.143,14.163,13.741,13.741,2298,0
20111004,13.741,13.811,13.741,13.741,5791,0
20111005,13.397,13.397,13.397,13.397,1224,0
20111006,13.996,13.996,13.437,13.574,56016,0
20111007,13.751,13.868,13.751,13.859,2757,0
20111010,13.633,13.662,13.633,13.662,306,0
20111011,13.682,14.212,13.682,14.045,1631,0
20111012,13.751,14.105,13.751,13.839,581,0
20111013,13.859,14.123,13.859,14.123,2039,0
20111014,14.143,14.173,14.075,14.075,1517,0
20111017,14.085,14.31,13.761,14.085,4184,0
20111018,14.192,14.457,14.123,14.261,3219,0
20111019,13.928,14.261,13.928,14.085,1280,0
20111020,13.771,14.261,13.771,14.241,6934,0
20111021,14.339,14.487,14.192,14.379,2016,0
20111024,14.173,14.506,13.957,14.183,5519,0
20111025,14.143,14.506,14.085,14.506,3576,0
20111026,14.143,14.398,14.143,14.398,464,0
20111027,14.692,14.712,14.232,14.585,3812,0
20111028,14.663,14.682,14.241,14.663,3060,0
20111031,14.565,14.673,14.418,14.418,3706,0
20111101,14.32,14.536,14.133,14.536,5082,0
20111102,14.555,14.555,14.555,14.555,206,0
20111103,14.614,14.712,14.251,14.712,6261,0
20111104,14.497,14.555,14.497,14.497,206,0
20111107,14.663,14.663,14.271,14.32,306,0
20111109,14.379,14.379,14.133,14.379,51996,0
20111110,14.379,14.614,14.379,14.614,2218,0
20111114,14.634,14.634,14.477,14.477,1285,0
20111115,14.497,14.899,14.497,14.731,19996,0
20111116,14.761,14.761,14.644,14.702,26916,0
20111118,14.751,14.751,14.751,14.751,306,0
20111121,14.516,14.634,14.516,14.575,1943,0
20111122,14.526,14.536,14.526,14.536,206,0
20111123,14.565,14.761,14.565,14.634,1032,0
20111125,14.741,14.761,14.712,14.761,12404,0
20111128,14.918,14.918,14.712,14.791,817,0
20111129,14.731,14.731,14.712,14.712,1021,0
20111130,14.928,14.928,14.811,14.918,1950,0
20111201,14.928,14.928,14.909,14.909,5194,0
20111202,14.731,14.731,14.712,14.712,1836,0
20111205,14.722,14.722,14.712,14.712,1019,0
20111206,14.731,14.909,14.731,14.859,749,0
20111207,14.899,14.909,14.811,14.811,2200,0
20111208,14.899,14.899,14.712,14.712,1047,0
20111212,14.702,14.859,14.702,14.859,1397,0
20111213,14.899,14.899,14.811,14.821,11262,0
20111214,14.811,14.811,14.801,14.801,3513,0
20111215,14.879,14.918,14.879,14.889,1671,0
20111216,14.781,14.928,14.781,14.928,2041,0
20111219,14.918,14.957,14.899,14.957,7237,0
20111220,15.055,15.193,15.016,15.135,3160,0
20111221,15.193,15.271,15.135,15.271,2956,0
20111222,15.135,15.135,15.045,15.045,446,0
20111223,14.771,15.065,14.771,15.065,1325,0
20111228,14.909,15.095,14.909,15.016,3027,0
20111229,15.016,15.016,14.84,14.879,1211,0
20111230,15.055,15.33,15.045,15.203,4345,0
20120103,15.232,15.389,15.203,15.389,5405,0
20120104,15.379,15.379,15.271,15.339,2448,0
20120105,15.349,15.349,15.349,15.349,100,0
20120106,15.251,15.379,14.948,15.251,16815,0
20120109,15.291,15.291,15.251,15.291,1050,0
20120110,15.33,15.33,15.223,15.271,1733,0
20120111,15.291,15.349,15.213,15.3,706,0
20120112,15.232,15.281,15.163,15.183,3002,0
20120113,15.33,15.33,15.203,15.33,1770,0
20120117,15.223,15.349,15.223,15.349,406,0
20120120,14.859,15.183,14.859,15.183,817,0
20120123,14.869,15.261,14.869,15.261,406,0
20120124,14.899,15.32,14.712,15.32,2928,0
20120125,15.085,15.261,15.085,15.261,356,0
20120126,15.419,15.449,15.399,15.429,5134,0
20120127,15.419,15.683,15.349,15.683,5913,0
20120130,15.643,15.663,15.585,15.643,999,0
20120131,15.516,15.653,15.516,15.653,406,0
20120201,15.634,15.673,15.634,15.663,5404,0
20120202,15.459,15.663,15.459,15.663,6730,0
20120203,15.487,15.663,15.487,15.663,5913,0
20120206,15.575,15.575,15.575,15.575,472,0
20120207,15.555,15.585,14.801,15.429,1785,0
20120208,15.565,15.605,15.497,15.605,9856,0
20120209,15.605,15.605,15.575,15.575,918,0
20120210,15.565,15.605,15.565,15.605,1250,0
20120213,15.497,15.605,15.497,15.605,2039,0
20120214,15.595,15.693,15.595,15.693,11586,0
20120215,15.683,15.683,15.565,15.673,6605,0
20120216,15.193,15.605,15.163,15.605,2549,0
20120217,15.429,16.173,15.429,16.173,14979,0
20120221,15.997,16.007,15.723,15.997,11115,0
20120222,16.085,16.085,15.987,16.067,1044,0
20120223,15.947,16.164,15.947,16.154,3317,0
20120224,16.085,16.154,16.085,16.104,406,0
20120227,16.173,16.173,16.075,16.164,3466,0
20120229,16.144,16.154,15.939,16.154,2017,0
20120301,16.114,16.144,15.939,15.939,692,0
20120302,15.919,16.134,15.919,15.967,2111,0
20120305,15.919,16.124,15.859,15.939,612,0
20120306,16.164,16.164,15.772,15.772,406,0
20120307,16.067,16.104,16.067,16.075,10545,0
20120308,16.085,16.281,16.085,16.104,8883,0
20120309,15.939,16.104,15.939,16.037,3132,0
20120312,16.085,16.36,15.997,16.233,1836,0
20120313,15.977,16.38,15.977,16.203,978,0
20120314,16.114,16.341,16.047,16.173,1631,0
20120315,16.047,16.38,16.047,16.183,705,0
20120316,16.291,16.38,16.095,16.36,2154,0
20120319,16.261,16.625,16.261,16.625,2650,0
20120320,16.585,16.585,16.527,16.537,3743,0
20120321,16.537,16.576,16.478,16.556,3418,0
20120322,16.566,16.566,16.566,16.566,206,0
20120323,16.556,16.625,16.281,16.36,4820,0
20120326,16.351,16.674,16.351,16.674,17029,0
20120327,16.664,17.106,16.615,16.831,11614,0
20120328,16.87,17.066,16.87,17.066,1427,0
20120329,17.106,17.106,16.713,16.988,5241,0
20120330,17.115,17.361,16.948,17.106,5917,0
20120402,17.145,17.164,16.988,17.145,5191,0
20120403,17.164,17.164,16.918,17.056,3756,0
20120404,16.948,17.066,16.654,16.909,10333,0
20120405,16.772,17.007,16.772,16.988,1068,0
20120409,16.811,17.047,16.144,16.144,12616,0
20120410,16.341,17.037,15.693,16.595,4079,0
20120411,16.537,16.918,15.947,16.821,2722,0
20120412,16.752,16.909,16.321,16.831,9798,0
20120413,16.851,16.9,16.654,16.811,3099,0
20120416,16.89,16.909,16.821,16.909,1631,0
20120417,16.87,16.87,16.183,16.331,10636,0
20120418,16.311,16.772,16.311,16.693,2762,0
20120419,16.527,16.831,16.428,16.576,12255,0
20120420,16.703,16.909,16.478,16.909,4153,0
20120423,16.723,16.909,16.723,16.909,3466,0
20120424,16.909,17.066,16.821,17.066,6767,0
20120425,17.066,17.066,16.566,17.066,4894,0
20120426,16.958,17.066,16.958,17.066,9702,0
20120427,17.056,17.066,16.87,17.047,19602,0
20120430,17.037,17.047,17.027,17.027,1019,0
20120501,17.056,17.066,16.978,17.066,3883,0
20120502,17.027,17.066,17.027,17.066,6671,0
20120503,17.047,17.047,16.801,16.997,4415,0
20120504,17.027,17.066,16.978,17.066,1501,0
20120507,17.096,17.096,16.978,17.056,2080,0
20120508,16.978,16.988,16.792,16.958,4330,0
20120509,16.772,16.918,16.752,16.801,4375,0
20120510,16.87,16.918,16.723,16.918,8891,0
20120511,16.664,16.918,16.566,16.918,11649,0
20120514,16.811,16.909,16.213,16.252,12615,0
20120515,16.409,16.703,16.389,16.418,5302,0
20120516,15.899,16.527,15.8,16.389,12395,0
20120517,16.625,16.693,16.154,16.223,9204,0
20120518,16.203,16.909,16.203,16.703,7475,0
20120521,16.811,16.811,16.605,16.605,6257,0
20120522,16.478,16.674,16.301,16.644,6734,0
20120523,16.615,16.684,16.576,16.674,8712,0
20120524,16.674,16.674,15.947,16.438,7398,0
20120525,16.291,16.634,16.164,16.37,4955,0
20120529,16.301,16.674,16.203,16.556,5759,0
20120530,16.605,16.674,16.193,16.468,10081,0
20120531,16.566,16.664,15.987,16.428,18483,0
20120601,16.233,16.428,16.233,16.428,1121,0
20120604,16.576,16.576,16.428,16.487,19463,0
20120605,16.537,16.664,16.261,16.664,12290,0
20120606,16.428,16.576,16.261,16.301,40228,0
20120607,16.399,16.497,16.281,16.321,7544,0
20120608,16.321,16.428,16.183,16.37,15920,0
20120611,16.321,16.438,15.859,16.311,14222,0
20120612,16.38,16.468,15.939,16.223,9851,0
20120613,16.478,16.478,16.017,16.428,6730,0
20120614,16.428,16.478,16.085,16.428,18595,0
20120615,16.351,16.576,16.154,16.38,18480,0
20120618,16.576,16.576,16.351,16.428,20151,0
20120619,16.527,16.664,16.183,16.664,16531,0
20120620,16.566,16.742,16.243,16.742,38551,0
20120621,16.654,16.772,16.114,16.537,41162,0
20120622,16.507,17.007,16.164,16.566,911463,0
20120625,16.409,16.418,15.84,15.84,23976,0
20120626,16.037,16.428,15.772,15.879,60868,0
20120627,15.987,16.811,15.987,16.585,32642,0
20120628,16.478,16.664,16.311,16.458,16127,0
20120629,16.733,16.958,16.615,16.801,25960,0
20120702,16.811,17.164,16.811,17.056,28977,0
20120703,16.997,17.056,16.851,17.017,11194,0
20120705,16.918,17.066,16.556,16.831,13943,0
20120706,16.693,16.918,16.674,16.752,12582,0
20120709,16.752,16.9,16.703,16.89,4721,0
20120710,16.909,16.918,16.782,16.918,12492,0
20120711,16.918,16.928,16.87,16.909,11992,0
20120712,16.89,16.909,16.674,16.909,19118,0
20120713,16.918,17.115,16.547,17.056,19999,0
20120716,17.056,17.056,16.938,16.978,6830,0
20120717,17.027,17.066,16.821,16.821,18575,0
20120718,16.841,17.007,16.841,17.007,6412,0
20120719,17.007,17.007,16.841,16.841,2559,0
20120720,16.723,16.9,16.487,16.537,9323,0
20120723,16.331,16.537,15.693,16.193,17566,0
20120724,15.213,16.164,15.213,15.899,13267,0
20120725,16.037,16.183,15.703,15.987,5800,0
20120726,16.154,16.556,15.997,16.37,8175,0
20120727,16.418,16.752,15.967,16.684,17723,0
20120730,16.693,16.801,16.448,16.497,9111,0
20120731,16.134,16.605,16.134,16.497,12096,0
20120801,16.478,16.595,15.977,15.987,18210,0
20120802,15.83,16.233,15.703,16.047,12661,0
20120803,15.997,16.86,15.997,16.595,13151,0
20120806,16.537,16.851,16.537,16.742,5951,0
20120807,16.831,16.831,16.723,16.811,11733,0
20120808,16.772,16.782,16.428,16.782,5737,0
20120809,16.733,16.801,16.478,16.782,2048,0
20120810,16.654,16.693,16.291,16.38,4446,0
20120813,16.821,16.831,16.674,16.831,9503,0
20120814,16.831,17.017,16.527,16.615,35358,0
20120815,16.723,16.958,16.713,16.938,5950,0
20120816,16.86,16.9,16.654,16.792,8240,0
20120817,16.703,16.841,16.674,16.841,17847,0
20120820,16.772,16.841,16.527,16.792,19180,0
20120821,16.723,16.86,16.595,16.595,3965,0
20120822,16.713,16.801,16.576,16.576,4280,0
20120823,16.576,16.762,16.507,16.605,7088,0
20120824,16.625,16.801,16.625,16.762,2265,0
20120827,16.762,16.762,16.654,16.654,2742,0
20120828,16.634,16.674,16.605,16.664,27196,0
20120829,16.664,16.674,16.664,16.674,2449,0
20120830,16.664,16.674,16.507,16.507,4400,0
20120831,16.644,16.674,16.585,16.674,5566,0
20120904,16.615,16.674,16.605,16.654,7274,0
20120905,16.674,16.674,16.117,16.399,13845,0
20120906,16.438,17.056,16.438,16.997,14807,0
20120907,17.066,17.066,16.841,17.007,6805,0
20120910,17.017,17.017,16.684,16.684,122883,0
20120911,16.674,16.811,16.674,16.811,2592,0
20120912,17.114,17.114,16.958,17.106,9212,0
20120913,17.066,17.106,16.988,17.066,14909,0
20120914,17.017,17.066,16.851,16.978,17574,0
20120917,17.017,17.066,16.88,17.037,9073,0
20120918,17.037,17.213,16.997,17.184,9365,0
20120919,17.213,17.675,17.203,17.675,10064,0
20120920,17.606,17.635,16.792,17.429,8116,0
20120921,17.724,17.771,17.606,17.771,44789,0
20120924,17.694,17.9,17.694,17.821,6352,0
20120925,17.9,17.999,17.88,17.929,8604,0
20120926,17.91,18.047,17.41,17.801,17907,0
20120927,17.861,17.939,17.449,17.919,5802,0
20120928,17.851,17.88,17.429,17.645,14814,0
20121001,17.743,18.009,17.743,17.949,7107,0
20121002,18.037,18.037,17.801,17.91,29971,0
20121003,17.939,17.949,17.719,17.841,6342,0
20121004,17.929,18.557,17.841,18.557,26900,0
20121005,18.547,18.823,18.283,18.626,25384,0
20121008,18.646,19.077,18.293,18.783,28030,0
20121009,18.813,18.813,17.752,17.781,7953,0
20121010,17.41,18.293,17.262,18.214,10431,0
20121011,18.303,18.537,17.704,18.194,5251,0
20121012,18.145,18.389,17.752,17.861,15673,0
20121015,17.88,18.214,17.88,18.105,3423,0
20121016,17.999,18.489,17.939,18.322,13389,0
20121017,17.969,18.509,17.969,18.253,1634,0
20121018,18.399,18.399,18.253,18.283,1714,0
20121019,18.175,18.429,17.714,18.125,23071,0
20121022,18.085,18.399,18.085,18.399,3891,0
20121023,18.379,18.379,18.155,18.155,2862,0
20121024,17.801,17.979,17.801,17.841,1714,0
20121025,17.959,18.636,17.959,18.509,1544,0
20121026,18.479,18.527,18.047,18.194,16484,0
20121031,18.723,18.733,18.115,18.547,23044,0
20121101,18.499,19.568,18.303,18.606,59277,0
20121102,18.693,18.693,17.743,17.743,19406,0
20121105,17.801,18.263,17.517,17.606,6323,0
20121106,17.685,17.861,17.507,17.841,21519,0
20121107,17.576,17.586,16.684,16.733,19441,0
20121108,16.752,17.017,16.458,16.517,18626,0
20121109,16.438,17.076,16.438,17.076,15856,0
20121112,17.086,17.164,17.056,17.056,2393,0
20121113,17.125,17.232,16.978,17.232,2016,0
20121114,17.38,17.38,16.918,16.948,12611,0
20121115,16.997,17.086,16.997,17.056,5397,0
20121116,17.135,17.331,17.007,17.106,16925,0
20121119,17.292,18.204,17.292,18.204,12036,0
20121120,18.047,18.263,17.91,17.91,2770,0
20121121,17.9,18.056,17.87,17.969,2236,0
20121123,17.685,18.095,17.675,18.037,3276,0
20121126,18.243,18.331,18.047,18.243,5589,0
20121127,18.037,18.145,18.009,18.018,3875,0
20121128,17.556,18.056,17.487,18.056,3010,0
20121129,18.204,18.233,17.675,17.969,4401,0
20121130,18.037,18.037,17.771,17.919,4376,0
20121203,17.999,17.999,17.752,17.929,9346,0
20121204,17.743,17.999,17.743,17.9,18380,0
20121205,18.037,18.037,17.752,17.88,22435,0
20121206,17.841,17.989,17.752,17.949,4177,0
20121207,17.851,18.009,17.811,17.831,9324,0
20121210,17.851,17.974,17.724,17.791,10203,0
20121211,17.851,17.999,17.841,17.939,9923,0
20121212,18.028,18.028,17.771,17.771,5734,0
20121213,17.841,17.851,17.596,17.791,13167,0
20121214,17.665,17.781,17.665,17.704,6154,0
20121217,17.781,17.999,17.781,17.929,10060,0
20121218,17.919,17.949,17.675,17.949,12705,0
20121219,18.009,18.028,17.821,17.939,13582,0
20121220,17.851,17.939,17.851,17.91,33199,0
20121221,17.989,18.018,17.851,17.88,17663,0
20121224,17.665,17.88,17.655,17.811,8941,0
20121226,17.88,17.88,17.675,17.801,9245,0
20121227,17.752,17.9,17.645,17.704,16372,0
20121228,17.625,17.801,17.366,17.42,40216,0
20121231,17.517,17.9,17.311,17.9,44808,0
20130102,17.9,18.439,17.831,18.155,34538,0
20130103,17.88,18.459,17.87,18.419,4653,0
20130104,18.557,18.723,18.527,18.713,10578,0
20130107,18.717,18.717,18.509,18.547,3879,0
20130108,18.509,18.557,18.293,18.469,9351,0
20130109,18.567,18.567,18.037,18.419,6437,0
20130110,18.527,18.675,18.509,18.665,6746,0
20130111,18.675,18.683,18.459,18.616,26686,0
20130114,18.765,18.832,18.677,18.832,6076,0
20130115,18.813,19.077,18.439,18.646,8577,0
20130116,18.606,18.606,18.537,18.537,952,0
20130117,18.351,18.567,18.293,18.567,2893,0
20130118,18.499,18.89,18.499,18.861,5380,0
20130122,18.399,18.793,18.399,18.793,5067,0
20130123,18.803,18.93,18.803,18.813,1887,0
20130124,18.87,18.93,18.723,18.733,1775,0
20130125,18.93,18.93,18.823,18.851,1356,0
20130128,18.557,18.88,18.509,18.88,3834,0
20130129,18.861,18.88,18.773,18.88,3800,0
20130130,18.841,18.851,18.841,18.841,3327,0
20130131,18.841,18.88,18.723,18.723,9482,0
20130201,18.683,18.88,18.675,18.88,3216,0
20130204,18.665,18.813,18.361,18.389,7854,0
20130205,18.591,18.591,18.469,18.518,1571,0
20130206,18.67,18.678,18.399,18.429,4245,0
20130207,18.379,18.399,17.91,18.155,13658,0
20130208,18.145,18.145,18.037,18.037,5269,0
20130211,18.085,18.125,18.085,18.085,1719,0
20130212,18.399,18.399,18.399,18.399,865,0
20130213,18.095,18.145,17.752,18.105,7611,0
20130214,18.145,18.145,18.125,18.135,2694,0
20130215,18.361,18.361,17.989,18.105,13537,0
20130219,18.145,18.145,18.125,18.135,4182,0
20130220,18.125,18.341,17.949,17.949,26217,0
20130221,18.009,18.322,17.949,18.185,5254,0
20130222,18.312,18.312,18.145,18.223,6141,0
20130225,18.194,18.194,17.929,17.989,9929,0
20130226,18.125,18.145,18.047,18.115,7697,0
20130227,18.115,18.194,17.861,18.125,7117,0
20130228,17.851,18.095,17.851,18.085,3775,0
20130301,17.9,18.419,17.861,18.419,3932,0
20130304,18.243,18.293,18.214,18.214,4111,0
20130305,18.379,18.636,18.379,18.469,4656,0
20130306,18.479,18.557,18.37,18.557,5317,0
20130307,18.459,18.577,18.379,18.439,1810,0
20130308,18.557,18.616,18.223,18.223,7668,0
20130311,18.204,18.204,17.856,18.018,6053,0
20130312,18.028,18.135,17.989,17.989,3863,0
20130313,18.223,18.223,18.223,18.223,918,0
20130314,18.145,18.145,17.959,18.095,5487,0
20130315,18.145,18.145,17.861,17.919,20356,0
20130318,17.42,18.293,17.42,18.037,7194,0
20130319,17.547,18.018,17.547,17.566,2410,0
20130320,17.734,18.125,17.734,18.125,2601,0
20130321,17.939,18.047,17.929,18.028,4648,0
20130322,18.047,18.253,18.047,18.253,4532,0
20130325,18.389,18.489,18.37,18.449,1968,0
20130326,18.547,18.547,18.351,18.399,2261,0
20130327,18.263,18.37,18.185,18.243,5081,0
20130328,18.389,18.389,17.958,18.253,5444,0
20130401,17.969,18.145,17.969,18.145,3803,0
20130402,17.929,18.135,17.9,17.91,9075,0
20130403,17.989,18.165,17.831,17.979,6666,0
20130404,17.9,18.185,17.704,18.185,4608,0
20130405,17.91,18.557,17.91,18.056,8312,0
20130408,18.145,18.263,17.979,18.263,5601,0
20130409,18.194,18.439,18.085,18.115,6052,0
20130410,18.018,18.273,17.771,18.273,4920,0
20130411,18.253,18.341,18.253,18.263,4163,0
20130412,18.243,18.341,18.214,18.322,5160,0
20130415,18.243,18.243,17.507,17.576,7051,0
20130416,17.704,18.165,17.704,17.979,4246,0
20130417,17.851,17.851,16.576,16.723,36342,0
20130418,16.9,17.155,16.9,16.968,7073,0
20130419,17.017,17.596,17.017,17.586,5619,0
20130422,17.174,17.566,17.174,17.566,2777,0
20130423,17.665,17.752,17.487,17.743,3670,0
20130424,18.028,18.032,17.752,18.018,2783,0
20130425,18.018,18.145,17.89,17.989,2865,0
20130426,17.959,18.125,17.841,17.919,3621,0
20130429,17.91,18.258,17.91,18.175,2231,0
20130430,18.194,18.194,16.86,17.752,16881,0
20130501,17.675,17.743,17.155,17.155,24195,0
20130502,17.272,17.714,17.272,17.685,9378,0
20130503,17.939,18.135,17.801,18.135,4096,0
20130506,18.066,18.085,17.989,18.085,1192,0
20130507,18.145,18.175,17.89,18.105,12850,0
20130508,18.095,18.145,17.949,18.095,4297,0
20130509,18.125,18.145,17.527,17.685,11315,0
20130510,17.724,17.831,17.724,17.831,801,0
20130513,17.799,17.801,17.472,17.586,4169,0
20130514,17.586,17.752,17.586,17.665,4882,0
20130515,17.586,17.635,17.331,17.439,1635,0
20130516,17.145,17.537,17.145,17.537,2218,0
20130517,17.576,17.752,17.155,17.645,6294,0
20130520,17.724,17.851,17.497,17.685,2987,0
20130521,17.665,17.989,17.576,17.771,4246,0
20130522,17.89,17.89,17.311,17.459,4778,0
20130523,17.371,17.771,17.371,17.596,7223,0
20130524,17.635,17.9,17.537,17.596,4600,0
20130528,17.851,18.105,17.341,17.547,15929,0
20130529,17.341,17.507,17.341,17.361,2584,0
20130530,17.791,17.791,17.547,17.547,2286,0
20130531,17.371,17.497,17.066,17.184,6444,0
20130603,17.184,17.734,17.076,17.459,29147,0
20130604,17.439,17.556,16.988,17.292,28297,0
20130605,17.252,17.487,17.066,17.096,8441,0
20130606,17.017,17.537,17.017,17.371,16951,0
20130607,17.449,17.791,17.213,17.449,54769,0
20130610,17.477,17.586,17.477,17.477,151778,0
20130611,17.468,17.527,17.301,17.301,5017,0
20130612,17.497,17.497,17.174,17.213,4672,0
20130613,17.193,17.939,17.164,17.939,17684,0
20130614,17.831,17.9,17.527,17.527,6566,0
20130617,17.724,18.145,17.724,17.919,29972,0
20130618,17.724,18.331,17.655,18.283,19621,0
20130619,17.801,18.056,17.734,17.866,10925,0
20130620,17.606,18.056,17.39,17.4,7962,0
20130621,17.497,18.115,17.497,18.115,25494,0
20130624,17.919,18.185,17.752,18.145,11066,0
20130625,18.341,18.341,17.949,18.283,9540,0
20130626,18.303,18.328,18.07,18.155,5721,0
20130627,18.263,18.341,17.979,18.322,10906,0
20130628,18.145,18.145,17.851,18.145,87667,0
20130701,18.233,18.243,17.752,18.145,13701,0
20130702,17.321,18.145,17.321,18.037,9022,0
20130703,18.047,18.331,17.91,18.204,6799,0
20130705,18.341,18.341,17.91,18.135,17752,0
20130708,18.204,18.204,18.056,18.056,10811,0
20130709,18.145,18.243,17.91,18.115,26584,0
20130710,18.047,18.145,17.861,18.105,17204,0
20130711,18.145,18.145,17.969,18.125,21300,0
20130712,18.075,18.37,17.939,18.223,3977,0
20130715,18.185,18.303,18.095,18.155,12822,0
20130716,18.155,18.243,18.095,18.115,13187,0
20130717,18.283,18.283,18.095,18.145,9025,0
20130718,18.145,18.331,18.145,18.312,5878,0
20130719,18.263,18.331,18.185,18.283,9273,0
20130722,18.214,18.331,18.095,18.115,10441,0
20130723,17.895,18.253,17.895,18.135,15416,0
20130724,18.253,18.322,18.135,18.145,12331,0
20130725,18.194,18.283,18.115,18.145,33357,0
20130726,17.999,18.312,17.989,18.085,17439,0
20130729,18.095,18.145,17.861,17.929,19796,0
20130730,18.075,18.233,17.939,17.949,11238,0
20130731,18.085,18.223,17.752,17.9,19207,0
20130801,17.989,18.204,17.861,17.929,11427,0
20130802,17.851,18.095,17.743,17.9,6271,0
20130805,17.781,18.075,17.665,18.047,8362,0
20130806,18.075,18.194,17.527,17.527,14959,0
20130807,17.665,17.88,17.625,17.851,8473,0
20130808,17.9,18.085,17.655,17.861,7720,0
20130809,17.88,18.115,17.87,17.87,4373,0
20130812,17.762,18.115,17.566,17.665,12791,0
20130813,17.645,17.694,17.331,17.477,5909,0
20130814,17.41,17.704,17.115,17.223,8771,0
20130815,17.076,17.292,16.742,16.918,17273,0
20130816,16.841,17.135,16.537,16.958,21674,0
20130819,16.918,17.135,16.752,16.88,13154,0
20130820,16.87,17.125,16.684,16.9,13722,0
20130821,16.713,16.948,16.713,16.792,4485,0
20130822,16.88,17.047,16.88,17.037,2924,0
20130823,17.086,17.321,17.017,17.184,8573,0
20130826,17.135,17.242,16.968,16.968,3863,0
20130827,16.89,16.988,16.703,16.733,41999,0
20130828,16.772,17.115,16.742,16.851,4149,0
20130829,17.135,17.145,17.135,17.145,2693,0
20130830,17.125,17.125,16.674,16.733,7554,0
20130903,16.9,16.997,16.684,16.772,6703,0
20130904,16.664,17.096,16.654,16.693,9524,0
20130905,16.772,16.821,16.625,16.811,3198,0
20130906,17.056,17.086,16.88,16.89,2418,0
20130909,16.968,17.232,16.968,17.232,11778,0
20130910,16.928,17.203,16.928,17.164,1927,0
20130911,17.115,17.41,16.928,17.164,16560,0
20130912,16.978,17.223,16.958,17.047,5638,0
20130913,17.106,17.213,16.89,17.135,4292,0
20130916,17.213,17.213,17.037,17.203,25812,0
20130917,17.193,17.193,17.135,17.193,6721,0
20130918,17.164,17.655,17.164,17.625,11271,0
20130919,17.361,17.468,17.232,17.311,2404,0
20130920,17.321,17.929,17.252,17.9,33666,0
20130923,17.851,17.949,17.781,17.87,15655,0
20130924,17.724,17.929,17.665,17.704,20390,0
20130925,17.9,17.929,17.685,17.811,16313,0
20130926,17.752,17.752,17.429,17.655,7341,0
20130927,17.645,17.762,17.507,17.576,2039,0
20130930,17.439,17.762,17.439,17.714,5352,0
20131001,17.752,17.88,17.487,17.655,8657,0
20131002,17.566,17.675,17.351,17.38,5881,0
20131003,17.193,17.371,17.047,17.184,9364,0
20131004,17.135,17.42,17.135,17.38,2039,0
20131007,17.213,17.537,16.988,17.066,8443,0
20131008,17.115,17.351,17.076,17.164,7035,0
20131009,17.086,17.193,16.938,17.174,13052,0
20131010,17.242,17.507,17.066,17.076,18251,0
20131011,17.086,17.252,17.007,17.203,9585,0
20131014,17.41,17.41,17.047,17.39,8361,0
20131015,17.331,17.41,17.321,17.341,9686,0
20131016,17.252,17.556,17.252,17.371,6537,0
20131017,17.232,17.351,17.184,17.272,11622,0
20131018,17.459,17.625,17.232,17.615,21676,0
20131021,17.704,17.791,17.429,17.497,14580,0
20131022,17.262,17.762,17.262,17.477,6015,0
20131023,17.439,17.714,17.439,17.517,7239,0
20131024,16.968,17.841,16.968,17.625,3976,0
20131025,17.724,17.724,17.361,17.4,5913,0
20131028,17.459,17.743,17.164,17.566,7035,0
20131029,17.576,18.085,17.556,17.999,12030,0
20131030,17.841,18.085,17.596,17.771,4791,0
20131031,17.88,18.075,17.468,17.821,3537,0
20131101,17.762,18.009,17.331,17.675,16313,0
20131104,17.685,17.9,17.321,17.724,18251,0
20131105,17.752,18.233,17.743,18.085,8000,0
20131106,18.223,18.783,18.223,18.469,34097,0
20131107,18.567,18.616,18.155,18.155,6859,0
20131108,18.175,18.527,18.175,18.303,5812,0
20131111,18.389,18.861,18.331,18.537,41700,0
20131112,18.537,18.861,18.389,18.399,5242,0
20131113,18.253,18.89,18.243,18.693,19812,0
20131114,18.626,18.634,18.37,18.37,27243,0
20131115,18.439,18.489,18.341,18.429,29262,0
20131118,18.587,18.713,18.479,18.557,1631,0
20131119,18.341,18.803,18.341,18.429,26611,0
20131120,18.449,18.636,18.449,18.537,2778,0
20131121,18.557,18.606,18.389,18.439,10197,0
20131122,18.439,18.723,18.303,18.479,15906,0
20131125,18.419,18.713,18.303,18.499,33544,0
20131126,18.537,18.683,18.293,18.449,17027,0
20131127,18.409,18.773,18.379,18.429,19780,0
20131129,18.389,18.626,18.356,18.616,31378,0
20131202,18.577,18.636,18.243,18.243,7850,0
20131203,18.303,18.626,18.243,18.469,16721,0
20131204,18.636,18.636,18.361,18.409,5395,0
20131205,18.273,18.469,18.263,18.341,9462,0
20131206,18.518,18.88,18.233,18.243,39049,0
20131209,18.439,18.527,18.341,18.469,14070,0
20131210,18.389,18.479,18.155,18.165,25081,0
20131211,18.165,18.194,18.105,18.145,11827,0
20131212,17.969,18.233,17.969,18.115,7953,0
20131213,18.105,18.293,17.999,18.155,5812,0
20131216,18.175,18.322,18.037,18.283,4588,0
20131217,18.243,18.327,18.047,18.194,7772,0
20131218,18.283,18.489,18.075,18.341,13052,0
20131219,18.399,18.489,18.293,18.303,4691,0
20131220,18.389,18.587,18.185,18.389,36806,0
20131223,18.509,18.763,18.303,18.596,10502,0
20131224,18.399,18.527,18.389,18.389,3188,0
20131226,18.389,18.389,18.253,18.379,24775,0
20131227,18.389,18.389,18.214,18.293,11316,0
20131230,18.293,18.389,18.293,18.379,4828,0
20131231,18.312,18.518,18.312,18.489,29300,0
20140102,18.361,18.439,18.243,18.361,6363,0
20140103,18.361,18.518,18.361,18.449,6055,0
20140106,18.518,18.606,18.389,18.547,11316,0
20140107,18.655,18.753,18.537,18.743,3874,0
20140108,18.655,18.733,18.499,18.518,5913,0
20140109,18.626,19.793,18.626,19.675,35583,0
20140110,19.695,20.862,19.695,20.548,3976,0
20140113,21.5,21.538,19.949,20.196,14376,0
20140114,20.225,20.225,19.645,19.911,12336,0
20140115,20.586,20.596,20.008,20.519,11586,0
20140116,20.411,20.431,20.166,20.263,2549,0
20140117,20.302,20.765,20.302,20.519,6118,0
20140121,20.616,21.069,20.616,20.95,5097,0
20140122,20.9,21.089,20.765,21.019,5913,0
20140123,20.685,21.264,20.685,20.95,2697,0
20140124,22.892,22.892,20.646,21.089,4566,0
20140127,23.05,23.05,20.852,21.578,6312,0
20140128,20.774,21.578,20.774,21.578,10401,0
20140129,20.519,20.852,19.959,20.842,7953,0
20140130,22.461,22.461,20.784,20.989,10502,0
20140131,20.695,20.695,19.488,19.763,12133,0
20140203,19.724,19.773,19.292,19.43,22987,0
20140204,19.421,19.606,19.371,19.449,14574,0
20140205,19.872,19.969,18.916,19.107,6000,0
20140206,19.174,19.793,18.88,19.037,10248,0
20140207,19.007,19.355,18.777,18.94,9984,0
20140210,18.9,18.93,18.753,18.92,5110,0
20140211,18.803,19.283,18.783,19.137,7840,0
20140212,19.371,19.793,19.274,19.655,21154,0
20140213,20.47,20.93,20.24,20.813,9088,0
20140214,20.596,20.872,19.528,19.783,4575,0
20140218,19.862,21.166,19.862,21.166,7952,0
20140219,20.999,21.049,19.763,20.196,21427,0
20140220,19.998,20.5,19.763,20.215,7263,0
20140221,20.342,20.458,20.107,20.215,12176,0
20140224,20.156,20.352,19.911,20.235,8661,0
20140225,20.539,20.548,20.067,20.186,4943,0
20140226,20.49,20.49,20.126,20.322,2832,0
20140227,20.48,20.48,20.141,20.391,2742,0
20140228,20.215,20.566,19.847,20.391,14761,0
20140303,20.176,20.352,19.812,20.117,3928,0
20140304,20.282,21.343,20.057,20.421,25834,0
20140305,20.292,20.548,19.959,20.008,7966,0
20140306,19.979,20.362,19.921,20.057,8236,0
20140307,19.832,20.421,19.832,20.342,3976,0
20140310,20.205,20.576,19.947,20.087,8405,0
20140311,19.882,20.362,19.616,20.097,14132,0
20140312,19.852,20.322,19.852,19.998,4217,0
20140313,19.969,20.302,19.802,20.117,36452,0
20140314,20.107,20.312,20.107,20.253,1761,0
20140317,20.312,20.416,20.018,20.352,3268,0
20140318,20.371,20.5,20.196,20.48,5327,0
20140319,20.551,21.091,20.401,20.852,11773,0
20140320,20.91,21.089,20.47,20.755,10773,0
20140321,20.89,21.098,20.616,20.804,16198,0
20140324,20.45,21.049,20.45,20.823,5607,0
20140325,20.695,21.518,20.576,21.009,11339,0
20140326,21.107,21.107,20.431,20.509,23043,0
20140327,20.539,20.616,20.215,20.263,9856,0
20140328,20.391,20.999,20.215,20.755,22855,0
20140331,20.636,20.804,20.5,20.586,19943,0
20140401,20.596,20.784,20.401,20.656,39716,0
20140402,20.725,20.862,20.263,20.695,26564,0
20140403,20.636,20.794,20.244,20.48,34052,0
20140404,20.576,20.576,20.302,20.312,29417,0
20140407,20.272,20.401,19.724,19.911,22084,0
20140408,20.028,20.253,19.998,20.057,11741,0
20140409,20.057,20.46,19.822,20.411,27003,0
20140410,20.586,20.588,19.695,19.949,31657,0
20140411,20.302,20.302,19.714,19.724,12405,0
20140414,19.959,19.959,19.714,19.724,10366,0
20140415,20.411,20.411,19.616,19.714,17509,0
20140416,19.744,19.93,19.616,19.734,7755,0
20140417,19.734,20.136,19.568,19.665,16941,0
20140421,19.675,20.077,19.665,19.763,6346,0
20140422,19.665,19.882,19.665,19.862,15509,0
20140423,19.773,20.048,19.665,19.862,12430,0
20140424,20.008,20.302,19.812,19.862,9843,0
20140425,19.773,20.067,19.411,19.43,13114,0
20140428,19.588,19.921,19.43,19.645,16079,0
20140429,19.744,20.263,19.665,19.822,15286,0
20140430,19.625,20.312,19.625,19.862,13795,0
20140501,19.882,20.067,19.773,19.939,23614,0
20140502,19.949,20.057,19.939,20.057,10842,0
20140505,19.812,19.959,19.783,19.921,13387,0
20140506,19.911,19.959,19.822,19.832,25782,0
20140507,19.793,19.93,19.606,19.753,18084,0
20140508,19.773,20.47,19.675,19.744,11558,0
20140509,19.665,20.391,19.665,20.018,20064,0
20140512,19.921,21.089,19.921,20.832,15245,0
20140513,20.606,20.755,20.539,20.705,23567,0
20140514,21.039,21.039,19.862,19.901,16636,0
20140515,19.892,20.117,19.872,19.921,26125,0
20140516,19.862,20.45,19.822,20.45,10261,0
20140519,20.302,20.5,20.028,20.263,12458,0
20140520,20.146,20.46,19.969,20.008,25538,0
20140521,20.018,20.292,19.695,19.979,27425,0
20140522,19.734,20.166,19.635,20.028,11677,0
20140523,20.048,20.431,19.793,20.352,16403,0
20140527,20.421,20.48,19.872,20.292,8804,0
20140528,20.5,20.596,20.302,20.401,13586,0
20140529,20.322,20.91,20.322,20.519,11237,0
20140530,20.322,20.616,20.225,20.253,11995,0
20140602,20.371,20.401,19.758,19.959,14072,0
20140603,19.921,20.332,19.714,19.753,27977,0
20140604,19.763,19.882,19.665,19.882,12257,0
20140605,19.714,20.509,19.714,20.302,15054,0
20140606,20.362,20.548,19.872,20.272,26439,0
20140609,20.362,20.735,19.921,20.292,11274,0
20140610,20.292,20.576,19.969,20.107,12745,0
20140611,19.939,20.45,19.714,19.822,11558,0
20140612,19.872,19.988,19.568,19.685,15894,0
20140613,19.714,20.038,19.635,19.675,14324,0
20140616,19.552,19.773,19.552,19.606,13973,0
20140617,19.812,19.862,19.482,19.862,15831,0
20140618,19.979,19.988,19.675,19.793,12336,0
20140619,19.675,19.901,19.625,19.802,23903,0
20140620,19.832,20.048,19.685,19.882,68688,0
20140623,19.872,20.057,19.862,19.901,36991,0
20140624,20.057,20.057,19.695,19.872,52579,0
20140625,19.773,20.097,19.744,19.949,29863,0
20140626,19.862,20.107,19.802,19.949,17127,0
20140627,20.057,20.725,19.911,20.606,863530,0
20140630,20.97,21.749,20.558,21.597,42157,0
20140701,21.44,22.068,21.44,21.872,39516,0
20140702,21.872,21.872,21.607,21.676,32932,0
20140703,21.804,21.862,20.921,21.814,7073,0
20140707,21.754,21.823,21.607,21.823,9053,0
20140708,21.823,21.823,21.48,21.637,13904,0
20140709,21.647,21.814,21.538,21.597,8811,0
20140710,21.343,21.823,21.343,21.597,14175,0
20140711,21.5,21.794,21.5,21.744,3862,0
20140714,21.823,21.823,21.43,21.49,12276,0
20140715,21.548,21.706,21.43,21.597,4082,0
20140716,21.872,21.872,21.725,21.725,3798,0
20140717,21.42,21.676,21.42,21.637,7194,0
20140718,21.676,22.019,21.597,22.019,9459,0
20140721,21.98,22.019,21.558,21.892,7847,0
20140722,21.96,22.019,21.696,21.97,12679,0
20140723,22.019,22.019,21.716,21.754,10309,0
20140724,21.862,21.976,21.578,21.921,7409,0
20140725,21.754,21.957,21.686,21.804,5162,0
20140728,21.764,21.95,21.627,21.95,12919,0
20140729,22.068,22.068,21.892,21.931,10181,0
20140730,22.068,22.068,21.706,21.872,8665,0
20140731,21.852,22.039,21.48,21.5,8483,0
20140801,21.568,21.892,21.514,21.872,12308,0
20140804,22.01,22.01,21.098,21.383,17246,0
20140805,21.343,21.527,21.283,21.402,8468,0
20140806,21.293,21.657,21.274,21.509,14022,0
20140807,21.45,21.589,21.195,21.234,3039,0
20140808,21.412,21.504,21.204,21.402,16633,0
20140811,21.283,21.44,21.283,21.373,7205,0
20140812,21.323,21.627,21.176,21.412,7787,0
20140813,21.46,21.46,21.264,21.323,8969,0
20140814,21.244,21.578,21.244,21.518,11693,0
20140815,21.578,21.578,21.204,21.293,6734,0
20140818,21.43,21.509,21.214,21.509,7291,0
20140819,21.44,21.518,21.254,21.518,9008,0
20140820,21.412,21.548,21.146,21.234,9792,0
20140821,21.195,21.42,21.166,21.333,16106,0
20140822,21.373,21.43,21.293,21.43,3853,0
20140825,21.45,21.46,21.195,21.45,7116,0
20140826,21.42,21.607,21.293,21.353,13130,0
20140827,21.303,21.754,21.166,21.293,16289,0
20140828,21.46,21.852,21.079,21.657,8755,0
20140829,21.676,21.911,21.343,21.911,14960,0
20140902,21.823,21.97,21.45,21.774,16287,0
20140903,21.754,21.804,21.587,21.637,10594,0
20140904,21.901,21.901,21.578,21.578,2945,0
20140905,21.528,21.716,21.392,21.42,5921,0
20140908,21.676,21.833,21.176,21.578,15124,0
20140909,21.706,21.725,21.45,21.716,18178,0
20140910,21.814,21.814,21.373,21.568,17107,0
20140911,21.578,21.911,21.578,21.744,5852,0
20140912,21.597,21.921,21.578,21.892,15039,0
20140915,21.744,21.882,21.587,21.774,11224,0
20140916,21.921,21.921,21.543,21.882,8433,0
20140917,21.892,22.019,21.774,21.97,14472,0
20140918,22.01,22.215,21.97,22.088,37802,0
20140919,22.088,22.215,22.068,22.215,15598,0
20140922,22.118,22.363,22.118,22.215,15203,0
20140923,22.196,22.49,22.118,22.186,88353,0
20140924,22.215,22.284,22.068,22.225,7959,0
20140925,22.166,22.274,21.824,22.098,4294,0
20140926,22.176,22.225,21.911,22.078,19493,0
20140929,22.118,22.264,22.068,22.166,10780,0
20140930,22.166,22.442,22.166,22.274,11315,0
20141001,22.363,22.508,22.039,22.294,13420,0
20141002,22.461,22.508,22.215,22.304,8382,0
20141003,22.508,22.706,22.412,22.637,42142,0
20141006,22.657,22.657,22.49,22.578,3040,0
20141007,22.716,22.756,22.461,22.598,9974,0
20141008,22.412,22.618,22.392,22.451,7457,0
20141009,22.451,22.637,22.323,22.442,7772,0
20141010,22.422,22.647,22.078,22.078,4396,0
20141013,21.98,22.019,21.676,22.01,13185,0
20141014,21.98,22.442,21.98,22.314,21241,0
20141015,22.176,22.333,21.99,22,4603,0
20141016,22.019,22.294,21.98,22.237,8894,0
20141017,22.264,22.392,22.005,22.205,8558,0
20141020,22.166,22.363,22.078,22.254,7695,0
20141021,22.363,22.363,22.118,22.343,8864,0
20141022,22.304,22.343,22.156,22.343,1972,0
20141023,22.363,22.657,22.343,22.451,9751,0
20141024,22.508,22.557,22.323,22.451,2557,0
20141027,22.461,22.558,22.353,22.432,6317,0
20141028,22.49,22.557,22.402,22.423,6285,0
20141029,22.412,22.422,22.306,22.323,3728,0
20141030,22.353,22.422,22.128,22.412,6860,0
20141031,22.294,22.422,22.234,22.353,5279,0
20141103,22.314,22.657,22.234,22.588,17069,0
20141104,22.518,22.647,22.392,22.647,6064,0
20141105,22.657,22.746,22.504,22.746,2125,0
20141106,22.657,22.697,22.451,22.451,6489,0
20141107,22.508,22.687,22.48,22.637,5514,0
20141110,22.508,22.687,22.314,22.392,11840,0
20141111,22.373,22.557,22.314,22.518,9391,0
20141112,22.461,22.461,22.314,22.402,36819,0
20141113,22.392,22.412,22.274,22.274,8206,0
20141114,22.333,22.363,22.225,22.314,2630,0
20141117,22.166,22.314,21.932,21.932,6495,0
20141118,21.901,22.304,21.363,22.274,8783,0
20141119,22.108,22.156,21.882,22.147,6674,0
20141120,21.734,22.118,21.734,22.068,6161,0
20141121,21.95,22.5,21.95,22.264,232522,0
20141124,22.244,22.756,22.019,22.756,7933,0
20141125,22.618,22.775,22.438,22.657,1144,0
20141126,22.687,22.784,22.363,22.706,7801,0
20141128,22.528,22.706,22.215,22.215,6450,0
20141201,22.098,22.548,22.068,22.304,9693,0
20141202,22.304,22.461,22.088,22.392,9699,0
20141203,22.422,22.538,22.314,22.538,2567,0
20141204,22.432,22.766,22.342,22.707,10537,0
20141205,22.776,22.776,22.618,22.717,4137,0
20141208,22.766,22.766,22.232,22.637,9675,0
20141209,22.332,22.804,22.243,22.647,7484,0
20141210,22.677,22.785,22.323,22.538,3099,0
20141211,22.697,22.697,22.442,22.627,3756,0
20141212,22.757,22.813,22.382,22.461,5416,0
20141215,22.392,22.568,22.195,22.508,5574,0
20141216,22.568,22.697,22.155,22.598,1741,0
20141217,22.785,22.794,22.524,22.677,8027,0
20141218,22.794,22.794,22.647,22.717,7693,0
20141219,22.687,22.766,22.48,22.687,11188,0
20141222,22.687,22.766,22.538,22.747,7827,0
20141223,22.451,22.766,22.451,22.647,5797,0
20141226,22.598,22.785,22.372,22.627,1228,0
20141229,22.657,22.794,22.412,22.697,10000,0
20141230,22.757,22.785,22.677,22.766,2710,0
20141231,22.657,22.843,22.568,22.568,1764,0
20150102,22.342,22.49,22.342,22.49,415,0
20150105,22.263,22.598,22.263,22.49,4028,0
20150106,22.538,22.588,22.422,22.48,3596,0
20150107,22.578,22.608,22.442,22.442,1279,0
20150108,22.313,22.528,22.304,22.528,2365,0
20150109,22.323,22.627,22.323,22.578,5089,0
20150112,22.362,22.461,22.362,22.392,1629,0
20150113,22.087,22.508,22.077,22.313,5880,0
20150114,22.303,22.422,22.273,22.313,2851,0
20150115,22.313,22.367,22.283,22.332,2966,0
20150116,22.567,22.567,22.422,22.518,3521,0
20150120,22.392,22.528,22.323,22.392,5294,0
20150121,22.313,22.392,22.146,22.263,5088,0
20150122,22.224,22.372,22.214,22.263,3252,0
20150123,22.303,22.332,21.899,21.899,4436,0
20150126,21.545,21.792,21.398,21.604,8993,0
20150127,21.978,22.057,21.644,21.939,5948,0
20150128,21.683,21.89,21.683,21.703,5494,0
20150129,21.555,21.772,21.427,21.427,3778,0
20150202,21.585,21.585,21.398,21.487,2162,0
20150203,21.104,21.575,20.779,21.477,3545,0
20150204,21.309,21.477,21.104,21.26,18135,0
20150205,21.369,21.418,21.369,21.408,1519,0
20150206,21.359,21.468,21.22,21.388,4551,0
20150209,21.428,21.448,21.23,21.438,3921,0
20150210,21.24,21.329,21.191,21.191,1113,0
20150211,21.033,21.22,20.737,21.083,21690,0
20150212,21.103,21.182,20.884,21.142,8866,0
20150213,21.152,21.24,20.974,21.142,6815,0
20150217,21.093,21.093,20.797,21.003,10439,0
20150218,20.983,21.093,20.807,20.974,13602,0
20150219,20.846,20.983,20.352,20.846,9583,0
20150220,20.827,20.924,20.534,20.787,8140,0
20150223,20.777,20.974,20.747,20.767,5725,0
20150224,21.289,21.354,20.974,21.073,6974,0
20150225,21.418,21.418,20.983,20.983,2847,0
20150226,20.964,21.162,20.894,21.023,3888,0
20150227,21.122,21.191,21.043,21.043,2195,0
20150302,21.033,21.27,20.974,21.142,1925,0
20150303,21.023,21.2,20.924,21.053,3850,0
20150304,20.954,21.152,20.954,21.152,3850,0
20150305,21.162,21.25,20.983,21.083,2129,0
20150306,21.083,21.438,21.083,21.22,1925,0
20150309,21.329,21.398,21.172,21.182,3141,0
20150310,21.063,21.21,21.063,21.112,9929,0
20150311,21.122,21.28,21.013,21.023,11450,0
20150312,21.083,21.191,20.884,20.884,3749,0
20150313,21.27,21.27,20.846,20.846,2736,0
20150316,20.727,20.944,20.668,20.767,4358,0
20150317,21.083,21.428,20.974,20.993,1520,0
20150318,20.934,20.974,20.767,20.914,6687,0
20150319,20.638,21.22,20.638,21.073,8206,0
20150320,21.28,21.28,20.797,20.797,5876,0
20150323,20.836,21.132,20.727,20.727,9221,0
20150324,20.866,21.053,20.737,20.974,3343,0
20150325,20.827,21.152,20.827,20.934,3951,0
20150326,21.182,21.182,20.875,20.875,3445,0
20150327,20.974,21.063,20.954,20.954,1722,0
20150330,20.894,21.053,20.135,20.914,15907,0
20150331,21.003,21.122,20.924,20.993,3889,0
20150401,21.24,21.24,20.914,20.944,2633,0
20150402,20.914,21.122,20.836,21.103,3647,0
20150406,20.757,21.103,20.757,20.974,4762,0
20150407,21.162,21.388,21.073,21.103,2715,0
20150408,21.122,21.2,21.103,21.191,3749,0
20150409,21.142,21.2,20.974,20.974,3626,0
20150410,20.836,21.319,20.836,20.974,4863,0
20150413,20.914,21.191,20.914,21.073,3343,0
20150414,21.132,21.22,21.122,21.21,6991,0
20150415,21.28,21.556,21.142,21.458,6174,0
20150416,21.488,21.635,21.478,21.576,12461,0
20150417,21.329,21.635,21.172,21.546,5978,0
20150420,21.526,21.674,21.349,21.349,4400,0
20150421,21.428,21.655,21.299,21.299,3688,0
20150422,21.428,21.428,21.388,21.388,2431,0
20150423,21.438,21.556,21.26,21.27,5370,0
20150424,20.727,21.546,20.727,21.418,4377,0
20150427,21.458,21.546,20.807,21.507,5572,0
20150428,21.615,21.615,20.884,21.299,18913,0
20150429,21.428,21.635,21.27,21.595,4458,0
20150430,21.22,21.625,21.22,21.369,4154,0
20150501,21.468,21.95,21.458,21.95,5674,0
20150504,21.556,21.901,21.556,21.872,11651,0
20150505,21.784,21.941,21.595,21.814,3039,0
20150506,21.714,22.07,21.714,21.97,3248,0
20150507,21.723,22.07,21.561,21.833,1620,0
20150508,22.03,22.287,21.683,22.08,7575,0
20150511,22.179,22.179,21.833,21.833,33430,0
20150512,21.99,22.08,21.882,22.03,7038,0
20150513,22.03,22.1,21.99,22.05,2322,0
20150514,22.11,22.12,22.03,22.04,8889,0
20150515,21.833,22.11,21.833,22.09,1056,0
20150518,22.06,22.199,21.98,22.199,5762,0
20150519,21.96,22.404,21.919,22.227,3170,0
20150520,22.208,22.208,22.208,22.208,203,0
20150521,21.95,22.327,21.95,22.03,22825,0
20150522,22.218,22.347,22.12,22.12,2122,0
20150526,21.872,22.257,21.872,21.97,1523,0
20150527,22.1,22.247,21.941,22.13,4342,0
20150528,22.179,22.267,22.179,22.218,1012,0
20150529,22.07,22.199,21.911,22.05,1313,0
20150601,22.313,22.313,21.99,22.169,1527,0
20150602,22.357,22.774,22.179,22.377,40102,0
20150603,22.476,22.644,22.247,22.504,2019,0
20150604,22.457,22.624,22.397,22.534,1616,0
20150605,22.584,22.624,22.397,22.614,2625,0
20150608,22.05,22.624,22.05,22.574,7171,0
20150609,22.574,22.764,22.387,22.694,3261,0
20150610,22.774,22.774,22.11,22.724,2290,0
20150611,22.754,22.774,22.514,22.724,3619,0
20150612,22.724,22.774,22.724,22.754,2122,0
20150615,22.774,22.774,22.554,22.674,4242,0
20150616,22.297,22.961,22.297,22.724,9392,0
20150617,22.277,22.764,22.277,22.714,7575,0
20150618,22.614,22.754,22.377,22.604,4444,0
20150619,23.268,24.179,23.011,24.159,104634,0
20150622,24.396,24.505,24.238,24.475,10808,0
20150623,24.654,24.723,24.308,24.615,18267,0
20150624,24.752,25.159,24.605,24.684,12221,0
20150625,24.752,25.249,24.752,25.129,9292,0
20150626,25.249,25.249,24.762,24.762,27977,0
20150629,24.971,25.099,24.922,24.961,16260,0
20150630,25.069,25.159,24.921,24.991,15330,0
20150701,25.039,25.089,24.812,24.952,11413,0
20150702,25.011,25.089,24.882,24.971,2222,0
20150706,24.952,25.02,24.902,25.02,5757,0
20150707,24.922,25.049,24.922,24.991,1717,0
20150708,24.852,25.039,24.812,24.842,8283,0
20150709,25.001,25.119,24.752,24.882,6867,0
20150710,25.001,25.001,24.694,24.802,6867,0
20150713,24.862,24.902,24.654,24.772,4444,0
20150714,25.089,25.089,24.386,24.723,6477,0
20150715,24.782,24.792,24.525,24.615,17138,0
20150716,25.139,25.139,24.485,24.713,3636,0
20150717,24.555,24.703,24.386,24.703,3636,0
20150720,24.664,24.703,24.485,24.485,2122,0
20150721,24.505,24.752,24.475,24.475,3232,0
20150722,24.555,24.555,24.495,24.555,2222,0
20150723,24.752,24.752,24.288,24.456,5454,0
20150724,24.515,24.635,24.218,24.218,1414,0
20150727,24.129,24.406,24.05,24.069,3030,0
20150728,24.238,24.238,24.031,24.031,1414,0
20150729,24.258,24.258,23.931,23.931,9192,0
20150730,23.743,24.099,23.555,23.951,6363,0
20150731,23.772,24.109,23.772,23.991,25249,0
20150803,22.831,23.981,22.457,23.782,7006,0
20150804,23.862,24.079,23.862,24.011,1818,0
20150805,24.109,24.703,23.961,24.495,9696,0
20150806,24.575,24.585,24.088,24.386,1851,0
20150807,24.485,24.495,23.442,23.989,13590,0
20150810,24.267,24.555,23.929,24.426,13288,0
20150811,24.277,24.763,24.201,24.227,950,0
20150812,24.197,24.465,24.049,24.138,2315,0
20150813,24.187,24.307,23.969,24.088,5336,0
20150814,24.585,24.823,23.979,24.635,5839,0
20150817,24.327,24.327,24.327,24.327,1107,0
20150818,24.337,24.337,24.307,24.337,806,0
20150819,24.168,24.465,23.909,24.178,5537,0
20150820,24.088,24.704,23.89,24.178,3221,0
20150821,24.088,24.515,23.969,24.237,49531,0
20150824,23.84,24.535,23.84,24.257,1253,0
20150825,24.665,24.753,24.049,24.277,1611,0
20150826,24.515,24.704,23.373,24.357,5436,0
20150827,24.813,24.813,24.337,24.337,1812,0
20150828,24.307,24.575,23.741,24.545,2819,0
20150831,24.337,25.131,24.337,24.943,2013,0
20150901,24.585,24.645,24.297,24.386,2617,0
20150902,24.675,24.675,24.585,24.635,3121,0
20150903,24.685,24.685,24.635,24.675,806,0
20150904,24.635,24.685,24.585,24.585,3020,0
20150908,24.724,24.724,24.297,24.436,5638,0
20150909,24.386,24.833,24.347,24.347,1309,0
20150910,24.456,24.585,24.337,24.505,2620,0
20150911,24.436,24.675,24.416,24.635,1711,0
20150914,24.675,24.833,24.515,24.833,4328,0
20150915,24.833,24.963,24.734,24.893,2819,0
20150916,24.983,25.579,24.983,25.379,19833,0
20150917,25.33,25.379,25.186,25.379,2748,0
20150918,25.33,25.717,25.211,25.697,16208,0
20150921,25.807,25.807,25.459,25.459,705,0
20150922,25.389,26.075,25.161,26.025,7147,0
20150923,26.025,26.025,25.33,25.817,9401,0
20150924,25.797,25.797,25.359,25.359,1700,0
20150925,25.827,26.035,25.151,25.429,1510,0
20150928,24.615,26.065,24.615,25.797,1269,0
20150929,25.588,26.214,25.33,25.727,8860,0
20150930,25.509,26.323,25.141,25.618,4832,0
20151001,26.035,26.035,25.638,25.847,2517,0
20151002,25.677,26.065,24.148,25.827,12282,0
20151005,25.956,26.035,24.803,25.946,588809,0
20151006,25.866,26.045,25.777,25.926,4328,0
20151007,25.926,25.926,24.953,25.687,9362,0
20151008,25.638,25.827,25.628,25.827,7249,0
20151009,25.827,26.065,25.3,26.065,9664,0
20151012,26.075,27.042,26.075,26.174,15307,0
20151013,26.343,26.343,25.121,25.598,7550,0
20151014,25.559,26.76,25.151,25.33,2718,0
20151015,25.598,26.522,25.598,25.886,15805,0
20151016,26.8,26.8,25.896,25.926,4430,0
20151019,25.648,26.196,25.529,25.529,7763,0
20151020,25.121,25.737,25.111,25.707,2215,0
20151021,25.707,25.817,25.121,25.737,2517,0
20151022,25.579,25.807,25.061,25.529,2013,0
20151023,25.638,25.797,25.111,25.628,3322,0
20151026,25.241,25.359,24.456,24.753,9967,0
20151027,24.823,25.569,24.783,25.409,13993,0
20151028,25.717,25.717,25.399,25.399,1812,0
20151029,25.349,25.409,25.151,25.32,2115,0
20151030,25.291,25.291,24.783,25.211,3524,0
20151102,25.091,25.459,24.983,25.339,10055,0
20151103,25.827,25.926,25.618,25.618,3121,0
20151104,25.827,25.827,25.339,25.499,11993,0
20151105,25.449,25.907,25.449,25.887,3814,0
20151106,25.897,25.907,25.798,25.897,5419,0
20151109,25.668,25.907,25.668,25.897,3058,0
20151110,25.858,25.947,25.858,25.867,2910,0
20151111,25.867,26.007,25.858,25.858,3412,0
20151112,25.858,25.997,25.758,25.977,4115,0
20151113,25.907,26.017,25.549,25.957,3312,0
20151116,25.897,26.156,25.897,25.917,12143,0
20151117,25.907,25.987,25.569,25.887,7125,0
20151118,26.396,26.396,25.897,25.897,6122,0
20151119,25.907,25.907,25.17,25.867,63426,0
20151120,25.887,25.887,25.658,25.818,2609,0
20151123,25.449,26.077,25.449,26.047,25993,0
20151124,25.997,26.097,25.957,26.097,17964,0
20151125,26.276,26.276,25.818,25.818,301,0
20151127,25.937,26.276,25.937,26.276,803,0
20151130,26.107,26.306,26.107,26.306,7527,0
20151201,26.306,26.306,25.987,26.266,3473,0
20151202,26.276,26.296,25.728,26.266,3791,0
20151203,25.14,26.306,25.09,26.176,2974,0
20151204,26.226,26.306,26.137,26.306,1907,0
20151207,26.256,26.306,25.877,26.007,1907,0
20151208,25.967,26.176,25.967,26.176,2381,0
20151209,25.848,26.296,25.409,25.917,4115,0
20151210,25.858,26.306,25.848,26.246,2208,0
20151211,25.977,26.296,24.811,25.798,6021,0
20151214,25.519,26.077,25.519,26.067,22884,0
20151215,24.911,26.296,24.911,25.708,4717,0
20151216,25.818,26.316,25.748,26.286,4215,0
20151217,26.326,26.326,25.887,26.326,3011,0
20151218,26.306,26.396,25.997,26.117,9735,0
20151221,26.366,26.406,25.728,26.326,3914,0
20151222,26.057,26.306,26.057,26.216,1917,0
20151224,26.226,26.226,26.226,26.226,469,0
20151228,26.236,26.306,25.977,25.977,1969,0
20151229,26.196,26.196,26.007,26.057,684,0
20151230,26.107,26.107,25.768,26.047,937,0
20151231,25.947,26.246,25.887,25.887,5942,0
20160104,25.708,26.296,25.708,26.122,2609,0
20160105,25.569,26.894,25.569,26.635,2485,0
20160106,26.804,26.804,26.196,26.729,4557,0
20160107,26.356,26.695,26.341,26.675,2214,0
20160108,26.675,26.804,26.585,26.695,6280,0
20160111,26.695,26.874,26.067,26.754,2773,0
20160112,26.889,26.894,26.555,26.714,4420,0
20160113,25.788,26.804,25.788,26.396,5993,0
20160114,26.595,26.595,25.959,26.037,3099,0
20160115,25.917,26.256,25.32,25.927,8699,0
20160119,26.107,26.137,24.203,24.981,14853,0
20160120,24.811,24.811,24.268,24.268,7559,0
20160121,21.214,24.363,21.214,24.323,5744,0
20160122,24.542,24.941,24.542,24.941,951,0
20160125,24.702,25.09,24.602,24.602,906,0
20160126,25.309,25.598,25.011,25.598,7608,0
20160127,25.608,25.838,25.359,25.559,1400,0
20160128,25.733,25.758,25.389,25.554,4250,0
20160129,25.778,25.808,25.419,25.419,3148,0
20160201,25.459,25.638,24.951,25.12,3284,0
20160202,25.05,25.379,25.008,25.02,1414,0
20160203,25.309,25.379,25.011,25.16,4836,0
20160204,25.31,25.42,25.25,25.3,3784,0
20160205,25.392,25.49,24.91,25,10267,0
20160208,24.67,25.7,23.76,24.15,4474,0
20160209,24.95,25.07,24.21,24.46,3156,0
20160210,24.64,24.71,24.12,24.5,3731,0
20160211,24.15,24.4,23.945,24.25,7112,0
20160212,24.33,24.49,23.9,24.12,6714,0
20160216,24.41,24.81,24.08,24.54,6407,0
20160217,25,25.13,24.28,24.84,5932,0
20160218,24.3001,24.72,24.3,24.52,4455,0
20160219,24.26,24.99,24.25,24.48,2628,0
20160222,24.73,24.9,24.35,24.79,5315,0
20160223,24.63,24.925,24.57,24.85,3867,0
20160224,24.79,25,24.6173,24.75,5291,0
20160225,25,25,25,25,1672,0
20160226,25.21,25.25,24.69,24.85,7415,0
20160229,25.05,25.15,24.4075,24.85,6978,0
20160301,24.8,25.25,24.8,25.15,8552,0
20160302,25.04,25.2,25.04,25.2,2139,0
20160303,25.055,25.35,25.055,25.35,15695,0
20160304,25.25,25.35,24.96,25.28,16048,0
20160307,25.35,25.73,25.19,25.36,5964,0
20160308,25.4,25.97,25.26,25.39,14319,0
20160309,25.37,26,25.37,26,9426,0
20160310,26.19,26.5,25.9,26.48,5965,0
20160311,26.5,26.74,26.46,26.46,6350,0
20160314,26.3,26.89,26.3,26.85,4260,0
20160315,26.84,26.9,26.53,26.9,7169,0
20160316,26.95,26.98,26.95,26.98,864,0
20160317,26.99,27,26.9,27,1513,0
20160318,26.95,27.1,26.69,26.69,8702,0
20160321,26.69,27.09,26.54,26.54,6633,0
20160322,26.81,27,26.58,26.7,7273,0
20160323,26.95,27.03,26.85,26.85,3366,0
20160324,26.99,27.25,26.84,26.99,12339,0
20160328,27,27.1,27,27.03,800,0
20160329,26.94,27.1,26.63,26.82,5777,0
20160330,26.94,27.0718,26.8782,26.99,5924,0
20160331,26.94,27,26.77,26.81,3834,0
20160401,26.75,27,26.51,26.6,7968,0
20160404,27.45,27.45,25.95,26.85,9229,0
20160405,26.7,26.93,26.49,26.83,4199,0
20160406,26.87,26.9,26.81,26.87,4031,0
20160407,26.79,27,26.65,27,12911,0
20160408,27,27.08,26.87,26.95,3446,0
20160411,26.9,27.13,26.81,27.03,4129,0
20160412,27.17,27.25,26.605,27.1,17160,0
20160413,27.13,27.233,27,27.09,12873,0
20160414,26.97,27.12,26.81,27.09,10993,0
20160415,27.25,27.46,27.01,27.01,7051,0
