Date,Open,High,Low,Close,Volume,OpenInt
20141107,20.1,20.75,19.61,20.49,4852946,0
20141110,20.3,21.6,20.1,20.67,246722,0
20141111,20.7,21.49,20.33,20.96,224725,0
20141112,20.75,21.25,20.55,20.9,144490,0
20141113,21.05,21.46,20.84,21.35,210113,0
20141114,21.5,22.71,21.02,22.21,204268,0
20141117,22.2,22.4,21.56,22.1,154335,0
20141118,21.85,22.85,21.77,22.69,157236,0
20141119,22.48,22.83,22.03,22.56,39494,0
20141120,22.56,22.69,21.76,22.6,183455,0
20141121,22.27,24,22.27,23.57,186140,0
20141124,23.46,24.3,23.01,23.99,163973,0
20141125,23.9,24.11,23.41,23.96,164881,0
20141126,24.08,24.37,23.69,24,108895,0
20141128,24.33,24.42,23.92,24.39,36531,0
20141201,24.35,24.75,23.06,24,196358,0
20141202,23.5,24.5,23.39,24.2,258778,0
20141203,24.29,25.325,23.9,24.99,145551,0
20141204,24.95,25.33,23.82,23.98,104520,0
20141205,24.63,24.85,23.05,23.56,77369,0
20141208,23.23,25.05,23.048,24.61,180278,0
20141209,24.29,25.17,24,24.94,148497,0
20141210,24.72,25.5,24.4,24.84,82763,0
20141211,24.57,25,24.02,24.15,58333,0
20141212,23.99,24.42,22.46,22.77,83746,0
20141215,22.84,24,22.77,23.45,153702,0
20141216,23.66,24,22.25,23.62,176023,0
20141217,23.77,24.07,22.63,23.83,183663,0
20141218,24.06,25.73,23.72,24.48,246720,0
20141219,24.37,25.59,24.37,24.88,1669886,0
20141222,24.96,25.5,23.464,25.13,171933,0
20141223,25.1,26.34,24.64,25.69,147237,0
20141224,26.28,26.28,25.45,26.13,57067,0
20141226,26.25,26.25,25.44,25.91,20358,0
20141229,26.2,26.85,25.58,26.655,74221,0
20141230,26.02,26.31,25.72,26.07,45553,0
20141231,25.8,26.04,25.31,25.69,47699,0
20150102,26,26,24.58,24.93,76305,0
20150105,24.86,25.69,24.43,25.13,77495,0
20150106,24.61,25.67,24.36,25.51,202127,0
20150107,25.5,25.92,24.99,25.6,120721,0
20150108,25.52,27.048,24.87,26.84,230327,0
20150109,26.53,27.92,26.27,27.33,55939,0
20150112,27.43,27.99,26.595,27.59,119810,0
20150113,27.59,28.73,26.59,26.9,128549,0
20150114,26.8,27.19,26.4,26.91,150248,0
20150115,27.36,27.98,26.745,26.88,123050,0
20150116,26.77,27.83,26.03,26.96,77947,0
20150120,28.276,28.276,26.04,26.14,72149,0
20150121,26.22,26.22,25.07,25.5,101414,0
20150122,25.1,25.465,24.39,24.58,198846,0
20150123,24.4,25.21,23.603,23.73,214188,0
20150126,23.91,25.01,23.57,24.85,145946,0
20150127,24.67,25.19,24.09,24.59,74171,0
20150128,24.23,25.01,24.09,24.7,119701,0
20150129,24.81,25,24.09,24.15,84379,0
20150130,24,25.81,23.25,23.3,56772,0
20150202,23.43,23.72,22.8,23.11,68629,0
20150203,23.14,23.371,22.51,23.03,247059,0
20150204,22.99,23.78,22.822,23.42,62475,0
20150205,23.41,24.1,23.41,23.94,74448,0
20150206,23.82,23.99,22.51,22.71,161490,0
20150209,22.71,23.01,22.53,22.63,82249,0
20150210,22.75,22.87,22.17,22.82,82345,0
20150211,22.66,22.935,22.54,22.68,127021,0
20150212,23.52,25.3,23.3,24.64,321583,0
20150213,24.75,25.402,24.12,24.19,100862,0
20150217,24.48,25.296,24.23,25.15,57466,0
20150218,25.3,25.49,24.74,24.83,41600,0
20150219,24.85,26.463,24.78,25.56,112489,0
20150220,25.67,25.77,25.252,25.61,52314,0
20150223,25.78,26.37,25.71,25.99,69314,0
20150224,27,28.41,26.5,27.93,234979,0
20150225,28.38,31.838,27.69,30.89,299953,0
20150226,31.02,31.2,29.76,30.51,120415,0
20150227,30.57,30.78,29.92,29.93,97486,0
20150302,29.79,30.21,29.35,29.98,97400,0
20150303,29.99,30.41,29.44,29.65,138500,0
20150304,29.6,30.46,29.05,29.49,104200,0
20150305,29.94,30.5,29.54,29.89,157900,0
20150306,29.65,30.93,29.47,30.28,111800,0
20150309,30.43,30.75,30.03,30.55,89800,0
20150310,30.08,30.66,30,30.41,94400,0
20150311,30.34,30.82,30.28,30.71,79900,0
20150312,30.94,32.29,30.53,31.89,115200,0
20150313,31.95,32.21,31.39,31.78,178300,0
20150316,32.05,32.67,31.81,31.98,91900,0
20150317,31.79,32.34,31.19,31.43,115200,0
20150318,31.22,32.87,31.22,32.12,191400,0
20150319,32.14,33.56,32.12,33.08,140400,0
20150320,33.38,33.47,32.71,32.92,212200,0
20150323,33,33.23,32.86,32.99,59700,0
20150324,32.99,33.2,32.69,32.99,66200,0
20150325,32.92,32.92,30.5,31.62,90800,0
20150326,31.44,32.7,30.91,32.01,74100,0
20150327,32.07,32.69,31.59,31.94,42600,0
20150330,32.25,32.7,31.98,32.57,60600,0
20150331,32.97,34.54,32.65,32.73,134200,0
20150401,32.51,32.62,31.64,32,81500,0
20150402,32.09,32.6,31.77,32.04,68700,0
20150406,31.92,32.4,31.3,31.76,69600,0
20150407,31.8,32.01,30.8,31.08,147955,0
20150408,31.19,32.17,31.18,32.1,138400,0
20150409,32.25,32.3,31.16,31.55,80804,0
20150410,31.8,32.19,30.72,31.64,154300,0
20150413,31.53,32.08,31.27,31.47,45500,0
20150414,31.8,31.8,31,31.42,107300,0
20150415,31.6,31.9,31.25,31.55,101149,0
20150416,31.34,31.76,30.66,31.69,93567,0
20150417,31.04,31.46,29.69,30.68,162200,0
20150420,30.82,31,30.14,30.53,57660,0
20150421,30.69,30.69,29.03,29.65,144177,0
20150422,29.55,30.1,29.12,29.64,161138,0
20150423,29.22,30.46,29.22,29.72,85800,0
20150424,29.85,30.64,29.38,30.12,76300,0
20150427,32.67,38.76,32.25,35.31,599400,0
20150428,35.64,36.81,35.32,36.58,268800,0
20150429,37.41,37.41,35.09,35.26,157000,0
20150430,35.26,35.79,33.28,33.54,166500,0
20150501,33.55,34.86,33.29,33.77,189100,0
20150504,34.1,35.85,34.1,35.29,107000,0
20150505,35.22,35.56,33.83,34.77,194400,0
20150506,34.4,35.32,32.39,32.54,527032,0
20150507,30.3,30.82,29.62,30.06,3217938,0
20150508,30.45,30.98,29.89,30.3,672700,0
20150511,30.58,32.29,30.34,32,1145000,0
20150512,31.97,32.63,31.371,32.26,598673,0
20150513,32.48,32.89,31.93,32.74,436700,0
20150514,32.84,33.84,32.37,33.28,494700,0
20150515,33.35,34.19,33.04,33.32,572572,0
20150518,33.19,33.63,32.54,33.24,453243,0
20150519,33.5,34.02,32.75,33.46,216700,0
20150520,33.35,33.94,33.21,33.69,238000,0
20150521,33.79,34.19,33.26,33.65,241100,0
20150522,33.7,34.31,33.45,33.91,276400,0
20150526,34.31,34.704,32.84,33.03,281439,0
20150527,33.35,34.9,32.96,34.7,536300,0
20150528,34.5,34.5,33.3,33.47,383260,0
20150529,33.49,34.71,33.26,34.59,470300,0
20150601,34.87,35.47,34.33,35.15,359500,0
20150602,35.08,36.16,34.67,35.92,392263,0
20150603,35.9,37.1,35.76,36.79,371000,0
20150604,36.74,36.9,35.21,36.21,319900,0
20150605,36.26,37.48,35.83,37.38,315800,0
20150608,37.45,37.59,36.54,37.11,251800,0
20150609,37.1,37.46,36.01,36.68,213430,0
20150610,36.91,38.08,36.91,37.44,435246,0
20150611,37.96,38.1,37.4,37.91,242737,0
20150612,37.67,37.86,37.41,37.65,107400,0
20150615,37.6,38.03,37.01,37.99,199100,0
20150616,38.26,38.73,37.8,38.01,382000,0
20150617,38.16,39.54,37.9,38.4,593400,0
20150618,38.69,39.44,38.12,38.45,508200,0
20150619,38.59,39.72,37.92,39.65,531900,0
20150622,40.34,41.17,39.56,41.04,407300,0
20150623,41.18,42.45,40.85,42.05,561693,0
20150624,41.82,42.22,39.21,40.02,583000,0
20150625,39.85,41.3,38.42,39.22,399000,0
20150626,39.42,39.95,38.43,38.96,825500,0
20150629,38.55,39.78,37.75,38.02,219700,0
20150630,38.02,40.24,37.94,40.12,326380,0
20150701,40.4,40.76,39.65,40.13,217800,0
20150702,40.24,40.24,38.42,39.93,167600,0
20150706,39.66,41,39.35,40.55,344300,0
20150707,40.59,40.85,39.44,40.69,168600,0
20150708,40.28,40.33,39.52,39.92,165200,0
20150709,40.49,40.75,39.76,39.88,246400,0
20150710,40.6,41.98,39.82,41.74,241100,0
20150713,42.13,42.29,41.73,41.95,178100,0
20150714,41.86,42.87,41.65,42.49,112987,0
20150715,42.59,42.98,41.91,42.28,214670,0
20150716,42.66,43.57,42.34,43.46,140900,0
20150717,43.6,44,42.33,43.14,117200,0
20150720,43.39,43.99,43,43.87,221100,0
20150721,44.02,44.02,40.61,41.8,366000,0
20150722,41.5,42.07,41.34,41.95,254200,0
20150723,42,42,40.38,40.52,358900,0
20150724,40.49,41.88,39.47,41.75,295600,0
20150727,41.65,43.25,40.85,41.5,241600,0
20150728,41.54,42.37,41.13,42.13,144200,0
20150729,42.15,43.68,41.83,43.16,247300,0
20150730,46,48.18,44,47.62,624600,0
20150731,48.44,50.13,47.31,50.03,414800,0
20150803,50.27,51.69,48.91,50.08,759699,0
20150804,50.25,50.85,49.53,49.77,334900,0
20150805,49.82,50.63,49.38,50.15,430700,0
20150806,50.1,50.25,46.82,48.57,363021,0
20150807,48.25,49.21,47.81,48.99,306900,0
20150810,49.55,50.28,48.27,49.31,306000,0
20150811,48.96,49.55,48,48.2,203039,0
20150812,43.65,45.17,43.63,44.9,3099800,0
20150813,45,45.4,44.25,44.25,989900,0
20150814,44.38,45.44,44.08,44.47,423700,0
20150817,44.67,44.94,43.87,44.45,989300,0
20150818,44.68,44.89,44.17,44.42,881800,0
20150819,44.15,44.68,43.69,43.88,491400,0
20150820,43.2,44.1,43.13,43.21,428300,0
20150821,42.56,43.92,41.82,42.36,1175100,0
20150824,39.71,41.53,37.53,39.96,587362,0
20150825,41.9,42.3,40.65,40.8,750900,0
20150826,41.99,41.99,40.6,41.73,394900,0
20150827,42.3,42.75,41.09,42.09,350900,0
20150828,41.84,42.21,41.39,42.01,351600,0
20150831,41.41,41.67,40.81,41.01,430300,0
20150901,40.97,42.16,40.88,40.98,837700,0
20150902,41.56,42.96,41.2,42.75,499700,0
20150903,43.11,43.47,42.13,42.34,311700,0
20150904,41.85,42.32,41.41,41.67,348200,0
20150908,42.7,43.22,41.8,43.1,389200,0
20150909,43.65,43.88,42.74,42.95,341400,0
20150910,42.72,44.69,42.72,44.52,286825,0
20150911,44.28,44.9,43.45,44.37,255300,0
20150914,44.71,46.41,44.41,45.76,590700,0
20150915,45.75,47.05,45.28,46.65,324100,0
20150916,47.01,47.12,45.86,46.45,172100,0
20150917,46.36,48.3,46.36,47.65,173500,0
20150918,47.19,48.02,47,47.57,266000,0
20150921,47.8,48.21,45.63,46.62,225200,0
20150922,45.98,46.36,45,45.69,227100,0
20150923,45.85,45.86,45.1,45.59,224200,0
20150924,45.44,45.64,43.6,44.69,175648,0
20150925,45.13,45.33,41.38,41.78,602200,0
20150928,41.17,41.5,38.3,39.3,640067,0
20150929,39.25,40.69,38.76,39.78,278700,0
20150930,40.44,40.83,39.31,40,290400,0
20151001,39.84,40.44,39.32,40.38,245400,0
20151002,40.33,42.25,39.96,42.22,419900,0
20151005,42.5,42.5,40.62,41.11,316006,0
20151006,40.8,41.28,38.61,38.73,477400,0
20151007,38.68,40.17,38.11,40.03,410600,0
20151008,40.5,41.92,38.32,39.24,261500,0
20151009,39.38,40.79,39.06,40.52,311900,0
20151012,40.55,40.62,39.28,40.32,209922,0
20151013,40.06,42.18,40.06,41.11,367800,0
20151014,41.2,42.02,39.8,40.25,201700,0
20151015,40.26,40.86,39.38,40.83,419400,0
20151016,40.88,42.72,40.88,42.25,266800,0
20151019,41.98,42.89,41.2,42.8,243300,0
20151020,42.65,43.148,41.13,42.06,131077,0
20151021,42.33,42.58,39.52,40.39,352100,0
20151022,40.55,40.55,37.97,38.24,412100,0
20151023,37.74,40.52,37.51,39.92,331300,0
20151026,40.09,40.6,39.29,39.56,205200,0
20151027,39.45,40.55,39.14,40.24,277500,0
20151028,40.09,41.05,38.94,39.98,447400,0
20151029,43.25,43.48,38.97,39.67,646800,0
20151030,39.79,41.84,39.27,41.71,624500,0
20151102,41.66,45.49,41.474,44.75,752147,0
20151103,44.51,44.71,43.1,43.8,286300,0
20151104,44.02,45.046,43.29,43.84,236825,0
20151105,43.8,44,42.82,43.64,202800,0
20151106,43.22,44.29,42.96,44.02,436700,0
20151109,44.08,46.45,44.08,45.5,415920,0
20151110,45.32,46.93,45.3,46.53,266600,0
20151111,47,47.28,45.8,46.01,239900,0
20151112,45.78,46.29,44.6,45,248400,0
20151113,45.01,46.16,44.37,44.73,223700,0
20151116,44.66,45.97,44.49,45.37,290800,0
20151117,45.87,47.18,44.93,46.48,539600,0
20151118,47.06,47.49,46.29,46.9,336000,0
20151119,47.88,48.8,46.12,46.79,494900,0
20151120,47.02,48.92,46.76,48.07,396900,0
20151123,48.5,49,47.85,48.2,445400,0
20151124,47.72,48.59,47.32,48.49,286500,0
20151125,48.41,49,47.99,48.82,128600,0
20151127,48.93,49.36,48.77,49.16,180400,0
20151130,49.41,49.7,47,47.3,381100,0
20151201,46.68,48.67,45.11,47.61,465453,0
20151202,45.15,45.7,43.25,43.38,2992623,0
20151203,43.68,45.71,43.55,43.86,1120275,0
20151204,44,45.9,43.8,45.49,969900,0
20151207,45.74,45.81,44.05,44.75,511500,0
20151208,44.6,45.7,44.6,45.52,664530,0
20151209,46,46,44.4,44.94,604900,0
20151210,45,45.64,44.25,44.82,394500,0
20151211,44.25,45.23,44.25,44.35,709200,0
20151214,44.32,45.5,44.07,45.32,777618,0
20151215,46,46.58,45.34,46.35,567600,0
20151216,46.82,48.24,46.43,48,558400,0
20151217,48.47,49.4,47.3,48.44,577900,0
20151218,48.26,48.84,47.39,47.5,1854400,0
20151221,48,48.86,47.53,48.12,276100,0
20151222,48.41,48.88,47.5,48.52,232093,0
20151223,48.66,49.99,48.56,49.07,345400,0
20151224,49.15,49.61,48.76,49.2,156258,0
20151228,48.94,49.61,48.83,49.13,447266,0
20151229,49.5,50.4,49.05,49.52,405313,0
20151230,49.5,49.69,48.88,49.44,192442,0
20151231,48.64,48.865,45.9,48.51,949351,0
20160104,48,48.13,46,46.61,805150,0
20160105,46.96,47.77,46.86,47.12,372305,0
20160106,46.67,47.5,46.25,47.23,337137,0
20160107,46.18,46.4624,45.38,45.61,464545,0
20160108,45.79,46.959,44.91,45.03,532063,0
20160111,45.13,45.93,43.76,45,564800,0
20160112,45.21,45.91,43.74,45.29,256697,0
20160113,45.48,45.48,41.38,42.21,492659,0
20160114,42.21,44.44,41.885,43.69,252778,0
20160115,42.39,43.43,42.1201,43.31,223798,0
20160119,43.94,44.37,42.37,42.88,375200,0
20160120,42.39,44.32,41.15,43.97,368440,0
20160121,44.24,45.1,43.22,43.48,339765,0
20160122,43.68,45.32,42.4411,45.24,403719,0
20160125,44.95,46.7218,44.33,44.99,336574,0
20160126,45.28,45.28,42.39,43.82,309424,0
20160127,43.77,43.89,40.78,41.42,341120,0
20160128,41.82,42.14,40.07,41.92,366226,0
20160129,42.01,42.97,41.1301,42.13,481344,0
20160201,41.56,41.6,39.49,41.21,603479,0
20160202,40.61,41.12,39.79,40.67,363679,0
20160203,40.8,40.8,38.1,38.87,545349,0
20160204,38.58,40.22,38.195,38.76,383727,0
20160205,38.48,39.827,36.51,36.87,484909,0
20160208,36.33,36.46,34.65,35.44,652612,0
20160209,34.68,37.46,34.19,36.65,453301,0
20160210,36.84,38.41,35.23,37.8,367863,0
20160211,37.04,38.661,36.76,38.31,427523,0
20160212,38.31,38.7,37.57,38.29,325109,0
20160216,38.74,39.57,38.1,38.93,330683,0
20160217,39.12,40.02,38.57,39.28,331852,0
20160218,39.37,40.09,38.65,39.01,295096,0
20160219,38.83,39.49,37.98,39.08,220401,0
20160222,39.91,40.69,39.55,39.66,274964,0
20160223,39.63,40.03,38.93,39.7,308117,0
20160224,39.33,40.425,38.28,40.05,538631,0
20160225,40.12,42.58,37.27,38.97,935065,0
20160226,39.01,41.04,39.01,39.95,456892,0
20160229,40.44,40.48,38.79,39.68,383395,0
20160301,40.09,41.39,39.53,41.33,393052,0
20160302,41.13,41.85,40.101,41.53,436599,0
20160303,41.65,41.67,38.64,39.46,564343,0
20160304,39.23,39.95,38.7,38.98,380148,0
20160307,39,40.65,38.62,40.04,304170,0
20160308,39.9,41.58,39.53,41.04,711015,0
20160309,41,42.18,40.67,40.92,557215,0
20160310,41.45,41.74,40.54,40.97,425718,0
20160311,41.2,42.92,40.75,42.26,644742,0
20160314,42.8,42.99,41.96,42.03,602930,0
20160315,41.7,42.4,40.31,40.7,560439,0
20160316,40.69,41.88,40,40.49,487993,0
20160317,40.2,40.44,39.28,40.27,773790,0
20160318,40.47,40.92,39.19,40.91,835846,0
20160321,40.62,40.92,40.08,40.24,425641,0
20160322,40,41.2,40,40.85,433890,0
20160323,40.78,40.78,39.79,39.95,397078,0
20160324,39.96,41.24,39.6701,40.46,315781,0
20160328,40.4,40.96,39.72,40.7,329963,0
20160329,40.48,41.43,40.1,40.94,515331,0
20160330,41.3,41.65,40.19,40.68,559065,0
20160331,40.82,41.82,40.56,41.21,448418,0
20160401,40.83,42.75,40.5,42.56,287560,0
20160404,42.46,43.16,42.13,42.74,355526,0
20160405,42.39,43.45,42.1,42.38,201797,0
20160406,42.43,44.43,42.43,44.35,326140,0
20160407,44.02,44.28,43.08,44.19,401194,0
20160408,44.51,44.51,43.855,44.12,367265,0
20160411,44.44,45.97,43.93,45.55,821646,0
20160412,45.26,48.36,45.085,47.37,2118474,0
20160413,47.56,48.79,46.52,48.48,1061313,0
20160414,48.69,49.6,47.36,48.53,1199601,0
20160415,48.09,49.62,47.7,49.31,731582,0
