Date,Open,High,Low,Close,Volume,OpenInt
20100823,15.252,15.252,15.189,15.224,2238,0
20100824,15.233,15.252,15.224,15.252,1119,0
20100825,15.27,15.27,15.126,15.126,669,0
20100826,15.224,15.233,15.011,15.047,6830,0
20100827,15.171,15.243,15.1,15.243,2238,0
20100830,15.1,15.162,15.001,15.143,42166,0
20100831,15.162,15.18,14.901,14.92,19030,0
20100901,14.966,14.992,14.966,14.992,839,0
20100902,15.047,15.171,15.047,15.152,562,0
20100903,15.118,15.118,14.983,15.082,12091,0
20100907,14.939,15.454,14.939,15.454,4163,0
20100908,15.454,15.519,15.325,15.491,3244,0
20100909,15.51,15.572,15.152,15.224,9624,0
20100910,15.18,15.297,15.134,15.243,7175,0
20100913,15.306,15.385,15.252,15.367,12160,0
20100914,15.233,15.233,14.974,15.162,5148,0
20100915,15.209,15.217,15.143,15.143,17302,0
20100916,15.189,15.482,15.143,15.482,11504,0
20100917,15.342,15.482,15.325,15.428,8788,0
20100920,15.385,15.42,15.109,15.109,5318,0
20100921,15.171,15.334,15.171,15.297,13206,0
20100922,15.279,15.279,15.209,15.233,1344,0
20100923,15.243,15.413,15.233,15.325,17305,0
20100924,15.394,15.394,15.233,15.306,4347,0
20100927,15.394,15.428,15.306,15.428,3348,0
20100928,15.446,15.528,15.342,15.42,28066,0
20100929,15.42,15.628,15.403,15.628,5483,0
20100930,15.761,15.761,15.672,15.761,1007,0
20101001,15.868,15.868,15.868,15.868,230,0
20101004,15.868,15.915,15.767,15.915,1230,0
20101005,15.824,15.824,15.761,15.761,3145,0
20101006,15.923,15.923,15.786,15.786,12469,0
20101007,15.786,15.833,15.767,15.805,19959,0
20101008,15.742,15.905,15.742,15.742,1670,0
20101011,15.767,15.905,15.725,15.896,8340,0
20101012,15.805,15.859,15.767,15.859,4702,0
20101013,15.905,15.967,15.896,15.967,7724,0
20101014,15.967,15.975,15.777,15.777,23618,0
20101015,15.777,15.859,15.777,15.859,3692,0
20101018,15.591,15.699,15.591,15.699,441,0
20101019,15.718,15.718,15.637,15.664,449979,0
20101020,15.564,15.751,15.564,15.751,7328,0
20101021,15.725,15.725,15.619,15.647,18269,0
20101022,15.637,15.949,15.637,15.949,3800,0
20101025,15.877,16.01,15.767,16.01,8449,0
20101026,15.877,15.877,15.691,15.777,2798,0
20101027,15.824,15.833,15.777,15.786,1007,0
20101028,15.805,15.896,15.734,15.734,1791,0
20101101,15.85,15.868,15.85,15.868,441,0
20101102,15.877,15.896,15.859,15.886,3859,0
20101103,15.859,15.859,15.85,15.859,895,0
20101104,15.84,16.01,15.84,16.01,2926,0
20101105,15.896,16.1,15.896,16.1,6830,0
20101108,16.046,16.1,16.046,16.1,3692,0
20101109,16.09,16.1,16.001,16.001,3918,0
20101110,16.1,16.1,16.09,16.1,340,0
20101111,16.081,16.145,16.046,16.145,6992,0
20101112,16.145,16.145,16.145,16.145,230,0
20101115,16.126,16.208,16.126,16.126,15454,0
20101116,16.126,16.126,15.992,16.037,2353,0
20101117,16.046,16.126,16.037,16.126,5139,0
20101118,16.126,16.126,16.118,16.126,3370,0
20101119,16.126,16.208,16.126,16.126,5148,0
20101122,16.126,16.378,16.081,16.081,10911,0
20101123,16.081,16.18,16.081,16.081,3244,0
20101124,16.081,16.208,16.081,16.208,5691,0
20101129,16.189,16.208,16.173,16.208,2703,0
20101130,16.081,16.081,16.081,16.081,1902,0
20101201,16.108,16.208,15.761,15.905,11914,0
20101202,15.824,16.154,15.824,15.992,2182,0
20101203,16.126,16.126,16.126,16.126,163,0
20101207,16.028,16.208,16.028,16.189,3918,0
20101208,16.09,16.234,16.081,16.081,29884,0
20101209,16.037,16.081,16.001,16.037,4545,0
20101210,16.108,16.145,16.108,16.145,895,0
20101213,16.037,16.1,15.761,16.1,2460,0
20101214,15.992,15.992,15.777,15.992,6265,0
20101215,16.118,16.126,16.028,16.028,4600,0
20101216,15.949,16.028,15.923,15.931,4158,0
20101217,15.949,16.252,15.886,16.224,6905,0
20101220,16.26,16.475,16.217,16.217,7324,0
20101221,16.406,16.456,16.189,16.324,11624,0
20101222,16.252,16.307,16.224,16.307,1119,0
20101223,16.406,16.475,16.307,16.307,5597,0
20101227,16.439,16.439,16.439,16.439,230,0
20101228,16.351,16.351,16.199,16.342,3189,0
20101229,16.388,16.528,16.369,16.528,1119,0
20101230,16.662,16.662,16.18,16.18,3022,0
20101231,16.359,16.637,16.359,16.528,1230,0
20110103,16.637,16.662,16.576,16.576,12288,0
20110104,16.645,16.662,16.359,16.359,4644,0
20110105,16.493,16.654,16.439,16.619,7612,0
20110106,16.475,16.654,16.307,16.502,5564,0
20110107,16.446,16.611,16.439,16.475,14548,0
20110110,16.485,16.485,16.485,16.485,340,0
20110111,16.446,16.446,16.439,16.439,3580,0
20110112,16.51,16.654,16.439,16.645,13320,0
20110113,16.619,16.734,16.619,16.734,9624,0
20110114,16.734,16.805,16.725,16.805,5262,0
20110118,16.914,17.085,16.734,17.022,122627,0
20110119,17.102,17.188,16.905,17.066,39338,0
20110120,17.112,17.188,16.905,17.188,14568,0
20110121,17.197,17.636,17.154,17.279,4644,0
20110124,17.279,17.279,17.179,17.179,2238,0
20110125,17.112,17.207,17.076,17.093,2521,0
20110126,17.197,17.197,17.014,17.03,3135,0
20110127,17.085,17.233,17.085,17.102,895,0
20110128,17.331,17.423,17.279,17.288,1119,0
20110131,17.279,17.288,17.269,17.288,2363,0
20110201,17.406,17.772,17.406,17.772,17014,0
20110202,17.645,17.781,17.645,17.781,3209,0
20110203,17.804,17.859,17.547,17.859,3580,0
20110204,17.859,18.004,17.85,17.868,21603,0
20110207,17.957,18.305,17.95,18.229,35373,0
20110208,18.221,18.27,18.211,18.221,16632,0
20110209,18.086,18.315,18.021,18.315,20882,0
20110210,18.229,18.451,18.076,18.229,14470,0
20110211,18.192,18.229,18.192,18.229,1230,0
20110214,18.406,18.513,18.368,18.505,6334,0
20110215,18.523,18.523,18.368,18.495,15430,0
20110216,18.495,18.523,18.451,18.469,10930,0
20110218,18.549,18.576,18.495,18.576,4422,0
20110222,18.576,18.576,18.495,18.531,7612,0
20110223,18.558,18.576,18.441,18.568,6772,0
20110224,18.505,18.601,18.414,18.495,80892,0
20110225,18.568,18.576,18.549,18.576,2684,0
20110228,18.646,18.719,18.638,18.665,8880,0
20110301,18.601,18.773,18.592,18.755,1902,0
20110302,18.737,18.851,18.423,18.693,11038,0
20110303,18.745,18.841,18.727,18.798,2872,0
20110304,18.896,18.941,18.851,18.941,2126,0
20110307,18.896,18.978,18.808,18.808,7051,0
20110308,18.888,19.032,18.763,18.763,26274,0
20110309,18.896,18.959,18.888,18.896,9624,0
20110310,18.808,18.834,18.693,18.824,6740,0
20110311,18.693,18.727,18.305,18.675,4075,0
20110314,18.711,18.773,18.711,18.773,9092,0
20110315,18.755,18.755,18.727,18.755,2123,0
20110316,18.763,18.773,18.719,18.719,5837,0
20110317,18.763,18.878,18.719,18.763,6357,0
20110318,18.763,18.869,18.675,18.675,5372,0
20110321,18.773,18.808,18.619,18.619,5255,0
20110322,18.79,18.79,18.601,18.601,986,0
20110323,18.737,18.763,18.592,18.763,5590,0
20110324,18.815,18.912,18.773,18.904,3232,0
20110325,18.922,18.922,18.601,18.763,5063,0
20110328,18.815,18.815,18.619,18.79,6940,0
20110329,18.798,18.941,18.798,18.922,2084,0
20110330,18.808,18.808,18.727,18.727,1378,0
20110331,18.86,19.192,18.86,19.102,183108,0
20110401,19.327,19.433,19.264,19.369,7905,0
20110404,19.343,19.414,19.209,19.218,11079,0
20110405,19.319,19.565,19.311,19.565,23297,0
20110406,19.479,19.701,19.45,19.565,7141,0
20110407,19.53,19.701,19.53,19.701,3805,0
20110408,19.836,20.273,19.256,20.173,79634,0
20110411,20.155,20.623,20.147,20.531,44663,0
20110412,20.407,20.557,20.355,20.495,274095,0
20110413,20.417,20.594,20.417,20.426,127593,0
20110414,20.426,20.575,20.147,20.46,29674,0
20110415,20.727,20.727,20.318,20.389,12842,0
20110418,20.192,20.273,20.005,20.147,7833,0
20110419,20.12,20.22,19.746,20.22,15394,0
20110420,20.101,20.273,20.014,20.228,63349,0
20110421,20.192,20.327,20.032,20.084,10521,0
20110425,20.12,20.147,19.969,20.023,14764,0
20110426,20.155,20.383,20.111,20.327,30431,0
20110427,20.228,20.365,20.228,20.273,9072,0
20110428,20.327,20.346,20.282,20.3,13543,0
20110429,20.346,20.374,20.291,20.374,27663,0
20110502,20.291,20.374,20.254,20.374,10323,0
20110503,20.374,20.374,20.12,20.246,17207,0
20110504,20.129,20.192,20.129,20.192,8705,0
20110505,20.236,20.236,19.812,20.075,15129,0
20110506,20.084,20.46,20.075,20.451,25446,0
20110509,20.443,20.443,20.246,20.246,13001,0
20110510,20.282,20.327,20.282,20.327,4925,0
20110511,20.383,20.383,20.192,20.228,10238,0
20110512,20.202,20.417,20.202,20.417,7644,0
20110513,20.389,20.46,20.389,20.451,15048,0
20110516,20.522,20.522,20.273,20.451,12348,0
20110517,20.417,20.495,20.417,20.495,27126,0
20110518,20.417,20.505,20.389,20.443,31228,0
20110519,20.505,20.505,20.383,20.495,5587,0
20110520,20.531,20.539,20.407,20.505,2395,0
20110523,20.355,20.531,20.282,20.46,6318,0
20110524,20.522,20.522,20.3,20.383,29663,0
20110525,20.374,20.383,20.066,20.318,12651,0
20110526,20.309,20.443,20.183,20.443,7559,0
20110527,20.434,20.522,20.434,20.495,5753,0
20110531,20.531,20.531,20.21,20.21,20758,0
20110601,20.337,20.505,20.228,20.273,18031,0
20110602,20.273,20.434,20.236,20.346,7947,0
20110603,20.309,20.46,20.291,20.417,5796,0
20110606,20.383,20.522,20.291,20.522,17450,0
20110607,20.434,20.46,20.337,20.337,6101,0
20110608,20.346,20.383,20.228,20.3,5430,0
20110609,20.451,20.451,20.346,20.417,4346,0
20110610,20.346,20.407,20.337,20.355,7471,0
20110613,20.374,20.417,20.291,20.374,7196,0
20110614,20.407,20.434,20.327,20.327,8008,0
20110615,20.434,20.47,20.282,20.383,37909,0
20110616,20.374,20.374,20.291,20.318,14543,0
20110617,20.3,20.337,20.282,20.327,3244,0
20110620,20.46,20.46,20.309,20.365,795,0
20110621,20.389,20.808,20.389,20.665,11120,0
20110622,20.655,20.727,20.522,20.522,7192,0
20110623,20.451,20.665,20.374,20.585,11640,0
20110624,20.487,20.585,20.374,20.557,8635,0
20110627,20.631,20.631,20.443,20.443,5217,0
20110628,20.451,20.495,20.246,20.355,9077,0
20110629,20.318,20.451,20.21,20.246,17527,0
20110630,20.202,20.22,20.192,20.202,98441,0
20110701,20.111,20.273,20.111,20.228,8421,0
20110705,20.165,20.165,20.056,20.12,13195,0
20110706,20.101,20.21,20.101,20.101,14776,0
20110707,20.101,20.291,20.101,20.273,17045,0
20110708,20.228,20.365,20.147,20.273,5331,0
20110711,20.3,20.3,20.228,20.228,6859,0
20110712,20.084,20.155,20.075,20.075,13034,0
20110713,20.22,20.246,20.066,20.101,8651,0
20110714,20.084,20.101,19.996,20.048,7755,0
20110715,19.986,20.075,19.71,19.888,19880,0
20110718,19.836,19.836,19.209,19.655,18735,0
20110719,19.655,19.793,19.627,19.793,10397,0
20110720,19.793,19.793,19.701,19.793,2149,0
20110721,19.871,19.88,19.793,19.793,3554,0
20110722,19.82,19.88,19.812,19.82,18910,0
20110725,19.923,19.923,19.389,19.521,22372,0
20110726,19.479,19.565,19.479,19.521,4634,0
20110727,19.487,19.487,19.352,19.424,8916,0
20110728,19.389,19.627,19.256,19.627,3918,0
20110729,19.209,19.495,19.209,19.495,3805,0
20110801,19.53,19.655,19.46,19.479,9287,0
20110802,19.547,19.601,19.45,19.487,10644,0
20110803,19.433,19.53,19.302,19.504,7051,0
20110804,19.593,19.593,19.311,19.46,8506,0
20110805,19.442,19.442,18.763,18.763,12983,0
20110808,18.727,18.727,17.69,17.736,11079,0
20110809,17.736,18.156,17.359,18.086,5420,0
20110810,18.12,18.12,18.086,18.095,5597,0
20110811,17.957,18.261,17.957,18.138,7612,0
20110812,18.33,18.665,18.095,18.183,5584,0
20110815,18.321,18.675,18.321,18.675,3188,0
20110816,18.727,18.896,18.486,18.486,12328,0
20110817,18.619,18.693,18.486,18.693,2353,0
20110818,18.558,18.576,18.441,18.531,1791,0
20110819,18.33,18.54,18.244,18.531,5357,0
20110822,18.423,18.665,17.868,18.244,2994,0
20110823,18.156,18.513,18.067,18.261,6823,0
20110824,18.368,18.495,18.166,18.27,11975,0
20110825,18.396,18.406,18.315,18.315,895,0
20110826,18.211,18.358,17.967,18.305,3692,0
20110829,18.423,18.459,18.423,18.423,4252,0
20110830,18.368,18.377,18.236,18.315,1566,0
20110831,18.486,18.486,18.339,18.414,6830,0
20110901,18.287,18.387,18.166,18.387,2910,0
20110902,18.358,18.368,18.183,18.358,4925,0
20110906,18.451,18.495,18.451,18.495,4307,0
20110907,18.684,18.808,18.684,18.808,5511,0
20110908,18.841,19.111,18.815,19.111,6259,0
20110909,18.878,18.896,18.441,18.549,8955,0
20110912,18.486,18.486,18.229,18.261,6931,0
20110913,18.229,18.315,18.138,18.315,11438,0
20110914,18.321,18.321,17.996,18.27,9402,0
20110915,18.576,18.763,18.414,18.763,8098,0
20110916,18.737,18.834,18.54,18.584,7614,0
20110919,18.459,18.869,18.459,18.763,3174,0
20110920,18.781,18.896,18.763,18.86,8700,0
20110921,18.896,19.014,18.896,18.969,4639,0
20110922,18.896,18.896,18.523,18.54,5622,0
20110923,18.558,18.808,18.54,18.808,5669,0
20110926,18.628,18.628,18.095,18.138,15595,0
20110927,18.261,18.675,18.244,18.656,6336,0
20110928,18.568,18.568,18.174,18.406,2563,0
20110929,18.297,18.628,18.297,18.628,3412,0
20110930,18.798,18.841,18.584,18.584,9287,0
20111003,18.459,18.459,17.967,17.967,4475,0
20111004,17.736,17.736,17.197,17.593,1737,0
20111005,17.306,17.423,17.197,17.423,4252,0
20111006,17.269,17.781,17.269,17.781,6556,0
20111007,17.914,18.013,17.664,17.664,1457,0
20111010,17.923,18.049,17.876,18.013,1902,0
20111011,18.004,18.166,18.004,18.049,2879,0
20111012,18.076,18.174,18.057,18.057,3056,0
20111013,18.004,18.095,18.004,18.004,2910,0
20111014,17.885,18.086,17.832,18.057,4587,0
20111017,17.868,17.996,17.763,17.868,1829,0
20111018,17.933,18.095,17.914,18.095,4810,0
20111019,18.183,18.183,18.166,18.183,2798,0
20111020,18.057,18.252,18.057,18.244,2910,0
20111021,18.279,18.321,18.261,18.315,2575,0
20111024,18.297,18.358,18.297,18.349,5708,0
20111025,18.252,18.451,17.804,17.804,16890,0
20111026,17.85,18.067,17.788,17.885,15833,0
20111027,18.183,18.531,18.174,18.315,3359,0
20111028,18.321,18.358,17.986,18.339,7378,0
20111031,18.387,18.406,18.305,18.315,19095,0
20111101,18.423,18.495,18.076,18.396,4422,0
20111102,18.495,18.54,18.368,18.54,8616,0
20111103,18.584,18.584,18.406,18.584,3077,0
20111104,18.584,18.763,18.505,18.505,5262,0
20111107,18.628,18.638,18.495,18.638,1649,0
20111108,18.763,18.851,18.745,18.851,6250,0
20111109,18.628,18.763,18.315,18.315,8360,0
20111110,18.54,18.592,17.933,18.451,9498,0
20111111,18.377,18.609,18.377,18.513,5299,0
20111114,18.406,18.477,18.297,18.358,10984,0
20111115,18.486,18.486,18.315,18.451,13553,0
20111116,18.279,18.387,18.27,18.387,9438,0
20111117,18.183,18.349,17.859,18.013,9779,0
20111118,17.868,17.868,17.69,17.822,9627,0
20111121,17.781,17.797,17.745,17.797,2760,0
20111122,17.709,17.957,17.709,17.868,8576,0
20111123,17.822,17.914,17.813,17.868,3692,0
20111125,17.868,17.868,17.868,17.868,100,0
20111128,17.986,18.004,17.788,17.832,1902,0
20111129,17.859,17.868,17.727,17.813,4587,0
20111130,17.859,17.933,17.575,17.933,9734,0
20111201,17.781,17.94,17.754,17.94,1344,0
20111202,17.664,17.763,17.488,17.69,3301,0
20111205,17.69,18.192,17.611,18.192,10761,0
20111206,18.111,18.568,18.095,18.297,3189,0
20111207,18.166,18.244,18.166,18.229,3253,0
20111208,18.095,18.095,17.95,17.957,2238,0
20111209,17.85,17.957,17.7,17.727,2945,0
20111212,17.727,17.736,17.34,17.601,6883,0
20111213,17.601,17.859,17.469,17.859,15356,0
20111214,18.086,18.095,17.868,18.095,2238,0
20111215,17.736,18.396,17.7,17.797,7614,0
20111216,17.868,18.755,17.868,18.004,9962,0
20111219,18.279,18.531,17.868,18.138,3664,0
20111220,18.095,18.321,17.859,17.876,3974,0
20111221,17.933,18.004,17.7,17.7,4325,0
20111222,18.221,18.221,17.709,18.049,4341,0
20111223,17.876,18.13,17.85,18.049,3527,0
20111227,18.004,18.004,17.996,17.996,1230,0
20111228,17.822,17.895,17.645,17.895,10122,0
20111229,17.601,17.868,17.601,17.62,8275,0
20111230,17.469,17.682,17.469,17.682,1145,0
20120103,17.7,17.95,17.69,17.94,2744,0
20120104,18.111,18.111,18.03,18.049,1902,0
20120105,18.12,18.349,18.12,18.349,1566,0
20120106,18.104,18.763,18.104,18.675,2078,0
20120110,18.719,19.163,18.396,18.86,5538,0
20120111,18.693,18.693,18.406,18.638,895,0
20120112,18.451,18.656,18.192,18.441,2182,0
20120113,18.192,18.888,18.192,18.737,3692,0
20120117,18.912,18.912,18.745,18.912,1176,0
20120118,18.869,19.442,18.869,19.433,5148,0
20120119,19.521,19.521,19.04,19.283,11473,0
20120120,18.978,19.398,18.949,19.319,2238,0
20120124,19.319,19.319,19.032,19.209,1923,0
20120125,19.237,19.369,19.209,19.369,1791,0
20120126,19.209,19.335,19.154,19.335,5774,0
20120127,19.311,19.379,19.302,19.379,3221,0
20120130,19.369,19.398,19.369,19.398,2353,0
20120131,19.209,19.433,19.163,19.335,30267,0
20120201,19.274,19.433,19.237,19.433,1457,0
20120203,19.565,19.565,19.335,19.495,4925,0
20120206,19.609,19.609,19.584,19.584,1557,0
20120207,19.609,19.793,19.442,19.793,10559,0
20120208,19.793,19.96,19.487,19.746,11893,0
20120209,19.765,20.005,19.547,19.557,9843,0
20120210,19.209,19.209,19.209,19.209,2736,0
20120213,19.274,19.327,19.264,19.311,4141,0
20120214,19.327,19.343,19.274,19.343,7884,0
20120215,19.274,19.45,19.228,19.302,9921,0
20120216,19.283,19.487,19.283,19.487,1119,0
20120217,19.352,19.389,19.343,19.343,991,0
20120221,19.389,19.389,19.389,19.389,1230,0
20120222,19.479,19.618,19.311,19.335,5557,0
20120223,19.495,19.495,19.302,19.302,2515,0
20120224,19.389,19.389,19.302,19.302,4010,0
20120227,19.302,19.302,19.302,19.302,100,0
20120228,19.389,19.674,19.389,19.664,4755,0
20120229,19.746,19.932,19.655,19.655,13870,0
20120301,19.836,19.932,19.765,19.765,1791,0
20120302,19.774,19.793,19.692,19.793,5122,0
20120305,19.729,19.729,19.575,19.701,4302,0
20120306,19.746,19.864,19.701,19.854,4443,0
20120307,19.565,19.942,19.565,19.942,3232,0
20120308,19.88,19.942,19.655,19.942,5162,0
20120309,19.854,19.923,19.738,19.923,7861,0
20120312,19.914,19.932,19.914,19.932,2460,0
20120313,19.914,19.95,19.793,19.923,6717,0
20120314,19.932,20.005,19.765,19.923,8621,0
20120315,19.942,20.005,19.774,19.836,6890,0
20120316,19.864,19.942,19.82,19.914,7587,0
20120319,19.828,20.005,19.646,19.812,19931,0
20120320,19.636,19.746,19.46,19.627,18776,0
20120321,19.495,19.871,19.424,19.871,8968,0
20120322,19.942,19.979,19.646,19.88,12396,0
20120323,19.871,20.005,19.871,19.88,5597,0
20120326,19.655,20.075,19.655,19.755,18927,0
20120327,19.836,19.836,19.746,19.746,845,0
20120328,19.746,19.746,19.609,19.729,7822,0
20120329,19.601,19.774,19.601,19.774,839,0
20120330,19.802,19.88,19.802,19.871,1679,0
20120402,19.864,20.623,19.854,19.96,7669,0
20120403,19.846,19.914,19.746,19.765,6210,0
20120404,19.905,19.914,19.682,19.905,3918,0
20120405,19.905,20.014,19.888,20.014,5539,0
20120409,19.942,20.12,19.923,19.932,5637,0
20120410,19.864,19.864,19.846,19.846,2226,0
20120411,19.898,20.075,19.655,19.774,8728,0
20120412,20.005,20.183,19.932,19.969,7500,0
20120413,20.092,20.165,19.846,20.056,23536,0
20120416,20.147,20.21,19.969,19.969,10940,0
20120417,20.056,20.137,19.969,19.969,3543,0
20120418,19.942,20.056,19.923,19.932,1846,0
20120419,20.101,20.21,19.969,20.056,8537,0
20120420,20.056,20.374,20.056,20.346,9937,0
20120423,20.273,20.327,20.101,20.327,6378,0
20120424,20.202,20.398,20.192,20.202,4534,0
20120425,20.355,20.398,20.282,20.398,5883,0
20120426,20.192,20.487,20.192,20.22,3000,0
20120427,20.327,20.327,20.202,20.236,1174,0
20120430,20.192,20.254,20.111,20.111,6932,0
20120501,20.129,20.594,20.129,20.549,12414,0
20120502,20.539,20.631,20.383,20.46,8728,0
20120503,20.487,20.505,20.46,20.505,2413,0
20120504,20.327,20.631,20.318,20.327,4925,0
20120507,20.129,20.3,20.101,20.12,20312,0
20120508,20.101,20.487,20.101,20.282,11034,0
20120509,20.129,20.531,20.101,20.282,18973,0
20120510,20.12,20.192,19.923,20.014,5802,0
20120511,20.092,20.246,19.593,20.246,24979,0
20120514,19.888,20.327,19.828,20.246,10689,0
20120515,20.236,20.46,20.101,20.327,10906,0
20120516,20.355,20.355,19.618,19.618,2070,0
20120517,20.092,20.092,19.793,19.793,3473,0
20120518,19.802,19.836,19.442,19.609,3929,0
20120521,19.414,20.434,19.414,19.601,4560,0
20120522,19.674,20.092,19.45,19.45,2402,0
20120523,19.609,19.609,19.093,19.319,5059,0
20120524,19.145,20.327,19.102,19.182,3737,0
20120525,19.137,19.495,19.137,19.424,2484,0
20120529,19.433,19.674,19.433,19.565,6002,0
20120530,19.487,19.655,19.192,19.487,4077,0
20120531,19.636,19.655,19.433,19.433,3273,0
20120601,19.45,19.636,19.379,19.636,4347,0
20120604,19.593,19.932,19.433,19.932,3745,0
20120605,19.793,19.905,19.495,19.864,12311,0
20120606,20.084,20.183,19.327,19.469,9092,0
20120607,19.487,20.056,19.487,19.996,2225,0
20120608,19.986,19.996,19.701,19.701,2014,0
20120611,19.746,19.932,19.746,19.88,3485,0
20120612,19.836,19.836,19.389,19.746,3521,0
20120613,19.701,20.155,19.701,20.155,3946,0
20120614,19.71,20.101,19.701,19.871,5318,0
20120615,19.969,20.192,19.655,19.701,9197,0
20120618,19.655,19.655,19.655,19.655,952,0
20120619,19.682,19.898,19.655,19.701,3918,0
20120620,19.755,20.005,19.479,19.479,10311,0
20120621,19.738,19.88,19.682,19.682,1119,0
20120622,19.96,19.969,19.793,19.793,2190,0
20120625,19.854,19.888,19.006,19.023,6739,0
20120626,19.914,20.183,19.88,20.183,4592,0
20120627,20.282,20.374,19.914,20.014,6043,0
20120628,20.056,20.101,20.056,20.101,1473,0
20120629,20.056,20.101,19.846,20.084,1420,0
20120702,20.075,20.505,19.888,20.505,16873,0
20120703,20.505,20.745,20.495,20.684,23399,0
20120705,20.684,20.818,20.655,20.818,9345,0
20120706,20.837,21.068,20.549,21.068,16209,0
20120709,20.147,21.076,20.137,21.076,10969,0
20120710,21.068,21.076,20.7,20.996,9678,0
20120711,21.068,21.068,20.383,20.684,21852,0
20120712,20.952,20.952,20.309,20.771,9593,0
20120713,20.91,20.927,20.365,20.754,31073,0
20120716,20.901,20.91,20.417,20.417,19475,0
20120717,20.727,21.068,20.478,20.827,23420,0
20120718,20.901,20.952,20.7,20.952,7610,0
20120719,20.91,20.952,20.91,20.91,6196,0
20120720,20.882,20.943,20.575,20.727,10121,0
20120723,21.024,21.024,20.549,20.727,7240,0
20120724,20.727,20.873,20.576,20.745,16523,0
20120725,20.727,20.901,20.487,20.674,11835,0
20120726,20.549,20.845,20.549,20.692,13034,0
20120727,20.692,20.927,20.595,20.837,7105,0
20120730,20.641,20.818,20.522,20.754,13319,0
20120731,20.641,20.79,20.641,20.7,5225,0
20120801,20.79,20.79,20.557,20.745,30840,0
20120802,20.549,20.59,20.47,20.557,12955,0
20120803,20.549,20.762,20.549,20.549,3692,0
20120806,20.762,20.762,20.539,20.613,49592,0
20120807,20.549,20.684,20.549,20.557,24946,0
20120808,20.762,20.788,20.487,20.549,14302,0
20120809,20.443,20.684,20.443,20.604,9849,0
20120810,20.754,20.79,20.549,20.594,4970,0
20120813,20.549,20.699,20.417,20.505,16291,0
20120814,20.771,20.818,20.443,20.531,22732,0
20120815,20.631,20.641,20.47,20.47,15556,0
20120816,20.495,20.631,20.47,20.505,14250,0
20120817,20.594,20.623,20.47,20.567,14029,0
20120820,20.623,20.623,20.505,20.513,15091,0
20120821,20.631,20.996,20.505,20.709,29495,0
20120822,20.837,21.059,20.771,20.978,11457,0
20120823,20.771,21.076,20.771,20.818,9816,0
20120824,21.068,21.076,20.863,20.903,11801,0
20120827,20.709,20.91,20.709,20.808,3580,0
20120828,20.8,20.996,20.709,20.727,7363,0
20120829,20.684,20.943,20.566,20.919,16547,0
20120830,20.692,20.692,20.505,20.575,6943,0
20120831,20.46,20.781,20.46,20.733,3864,0
20120904,20.684,20.863,20.487,20.827,16913,0
20120905,20.873,20.873,20.684,20.692,5238,0
20120906,20.837,20.892,20.575,20.8,7938,0
20120907,20.845,20.892,20.8,20.845,2358,0
20120910,20.845,20.845,20.655,20.655,5036,0
20120911,20.845,20.91,20.754,20.827,10764,0
20120912,20.873,20.886,20.684,20.684,3554,0
20120913,20.873,20.952,20.718,20.919,5086,0
20120914,20.901,20.987,20.718,20.79,3494,0
20120917,20.79,20.978,20.79,20.91,2460,0
20120918,20.91,20.91,20.818,20.818,2033,0
20120919,20.91,20.996,20.863,20.996,3407,0
20120920,20.91,21.067,20.827,20.943,2967,0
20120924,20.818,21.14,20.709,21.14,11392,0
20120925,21.068,21.147,20.969,21.14,3135,0
20120926,20.837,21.151,20.818,20.961,4353,0
20120927,21.05,21.111,21.014,21.104,2070,0
20120928,21.086,21.144,20.927,21.068,1958,0
20121001,21.024,21.209,21.006,21.209,8433,0
20121002,20.952,21.236,20.952,21.236,2844,0
20121003,21.253,21.253,21.05,21.094,2830,0
20121004,21.176,21.253,21.176,21.219,5259,0
20121005,21.253,21.253,21.176,21.219,8973,0
20121008,21.176,21.299,21.176,21.294,9582,0
20121009,21.28,21.28,21.209,21.28,8656,0
20121010,21.147,21.278,21.121,21.277,5609,0
20121011,21.28,21.29,21.14,21.236,9599,0
20121012,21.13,21.262,21.13,21.262,3342,0
20121015,21.176,21.253,21.014,21.121,13977,0
20121016,21.299,21.299,21.104,21.144,6644,0
20121017,21.094,21.29,21.094,21.157,3189,0
20121018,21.192,21.409,21.192,21.409,18711,0
20121019,21.4,21.436,21.384,21.436,3252,0
20121022,21.436,21.436,21.299,21.299,1230,0
20121023,21.157,21.436,21.157,21.427,8754,0
20121024,21.436,21.436,21.28,21.315,10719,0
20121025,21.436,21.436,21.299,21.436,3772,0
20121026,21.4,21.4,21.4,21.4,895,0
20121031,21.4,21.4,21.274,21.308,4168,0
20121101,21.4,21.837,21.4,21.83,20536,0
20121102,21.738,21.738,21.245,21.658,9418,0
20121105,21.612,21.711,21.548,21.548,8388,0
20121106,21.497,21.622,21.471,21.622,4712,0
20121107,21.576,21.622,21.567,21.622,8220,0
20121108,21.531,21.686,21.527,21.686,1240,0
20121109,21.531,21.548,21.262,21.4,4071,0
20121112,21.583,21.703,21.531,21.558,7599,0
20121113,21.576,21.837,21.531,21.802,11052,0
20121114,21.54,21.757,21.476,21.476,8981,0
20121115,21.47,21.48,21.391,21.48,3935,0
20121116,21.703,21.757,21.64,21.748,50144,0
20121119,21.558,21.748,21.308,21.308,8180,0
20121120,21.515,21.531,21.337,21.523,3436,0
20121121,21.48,21.531,21.384,21.531,3813,0
20121126,21.445,21.445,21.157,21.157,5205,0
20121127,21.209,21.531,21.209,21.308,13590,0
20121128,21.327,21.531,21.29,21.531,4422,0
20121129,21.272,21.409,21.272,21.4,1857,0
20121130,21.4,21.445,21.4,21.445,2820,0
20121203,21.523,21.531,21.445,21.445,21242,0
20121204,21.417,21.488,21.417,21.488,2374,0
20121205,21.496,21.515,21.417,21.417,12166,0
20121206,21.488,21.523,21.488,21.488,7037,0
20121207,21.445,21.445,21.308,21.308,4952,0
20121210,21.356,21.459,21.356,21.4,1593,0
20121211,21.384,21.523,21.384,21.523,1679,0
20121212,21.317,21.337,21.28,21.28,3982,0
20121213,21.308,21.308,21.193,21.193,2982,0
20121214,21.184,21.356,21.184,21.337,8057,0
20121217,21.327,21.417,21.094,21.201,4439,0
20121218,21.192,21.308,20.147,20.808,20780,0
20121219,20.781,20.971,20.771,20.863,5019,0
20121220,21.042,21.111,20.873,21.094,3359,0
20121221,20.863,21.262,20.863,21.262,6379,0
20121224,20.996,20.996,20.337,20.641,15856,0
20121226,20.641,20.881,20.623,20.736,7575,0
20121227,20.79,20.996,20.771,20.781,9709,0
20121228,21.05,21.28,20.808,20.873,8416,0
20121231,21.006,21.076,20.736,20.973,3805,0
20130102,21.076,21.427,20.727,21.427,10904,0
20130103,21.393,21.393,20.919,20.919,4259,0
20130104,21.147,21.427,21.147,21.272,4045,0
20130107,21.417,21.531,21.346,21.531,8395,0
20130108,21.417,21.548,21.417,21.427,3864,0
20130109,21.445,21.837,21.445,21.723,9712,0
20130110,21.884,21.884,21.79,21.875,5711,0
20130111,21.884,21.912,21.835,21.912,1896,0
20130114,21.563,21.79,21.563,21.79,1731,0
20130115,21.875,21.875,21.875,21.875,1991,0
20130116,21.866,21.959,21.663,21.959,11066,0
20130117,21.7,21.717,21.572,21.608,4236,0
20130118,21.608,21.654,21.579,21.654,3179,0
20130122,21.579,21.579,21.476,21.476,2397,0
20130123,21.441,21.654,21.422,21.654,13273,0
20130124,21.527,21.903,21.527,21.903,4372,0
20130125,21.827,21.835,21.627,21.762,14699,0
20130128,21.725,21.859,21.725,21.844,1304,0
20130129,21.844,21.922,21.835,21.912,5960,0
20130130,21.799,21.875,21.799,21.875,2007,0
20130131,21.899,21.899,21.79,21.79,4494,0
20130201,21.893,21.94,21.893,21.94,2394,0
20130204,21.926,21.959,21.814,21.814,3460,0
20130205,21.931,21.959,21.79,21.959,4771,0
20130206,21.912,21.95,21.799,21.827,7177,0
20130207,21.95,22.004,21.922,22.004,15313,0
20130208,21.844,21.986,21.844,21.986,892,0
20130211,21.968,21.986,21.968,21.968,1237,0
20130212,22.05,22.05,22.02,22.02,388,0
20130213,21.959,22.05,21.959,22.05,5002,0
20130214,22.067,22.067,22.004,22.004,3664,0
20130215,22.004,22.05,21.893,21.893,4330,0
20130219,22.04,22.076,21.94,22.067,4000,0
20130220,22.067,22.094,22.067,22.094,8857,0
20130221,21.94,22.103,21.94,22.094,5139,0
20130222,22.112,22.22,22.098,22.22,5258,0
20130225,22.121,22.266,22.004,22.266,9795,0
20130226,22.14,22.266,22.14,22.266,5225,0
20130227,22.266,22.301,22.06,22.157,11499,0
20130228,22.301,22.301,22.184,22.193,4113,0
20130301,22.193,22.193,21.835,22.13,3557,0
20130304,22.193,22.193,21.959,22.05,6956,0
20130305,22.05,22.05,21.912,22.05,6891,0
20130306,22.193,22.193,22.14,22.193,3108,0
20130307,22.157,22.229,22.15,22.15,4113,0
20130308,22.21,22.229,22.076,22.076,3714,0
20130311,22.229,22.229,22.067,22.179,11444,0
20130312,22.146,22.146,22.146,22.146,450,0
20130313,22.116,22.26,21.943,22.251,11077,0
20130314,22.025,22.269,21.828,22.26,6316,0
20130315,21.845,22.296,21.828,22.205,7748,0
20130318,22.196,22.296,22.106,22.287,3113,0
20130319,22.296,22.296,22.287,22.296,5089,0
20130320,22.296,22.296,22.124,22.143,3094,0
20130321,22.016,22.116,22.016,22.07,1767,0
20130322,22.048,22.232,22.048,22.223,9202,0
20130325,21.876,22.232,21.86,22.232,5838,0
20130326,22.214,22.296,22.053,22.188,26015,0
20130328,22.054,22.069,22.054,22.069,977,0
20130401,22.007,22.296,21.851,22.068,3732,0
20130402,22.296,22.296,22.17,22.17,1441,0
20130403,22.287,22.287,22.035,22.116,2592,0
20130404,22.278,22.296,22.258,22.296,2579,0
20130405,22.161,22.161,22.161,22.161,4209,0
20130408,22.287,22.287,22.069,22.069,3772,0
20130409,22.044,22.116,21.851,21.979,7405,0
20130410,22.289,22.369,21.852,21.99,10488,0
20130411,22.089,22.145,22.067,22.145,2482,0
20130412,22.271,22.434,22.212,22.212,2311,0
20130415,22.172,22.396,22.153,22.153,1907,0
20130416,22.271,22.271,22.145,22.189,10428,0
20130417,22.28,22.28,22.126,22.189,1687,0
20130418,22.434,22.597,22.163,22.553,9515,0
20130419,22.369,22.369,22.369,22.369,772,0
20130422,22.18,22.515,22.18,22.469,1159,0
20130423,22.215,22.215,22.172,22.189,6250,0
20130424,22.162,22.28,22.026,22.28,12426,0
20130425,22.189,22.396,22.189,22.396,1545,0
20130426,22.525,22.525,22.189,22.189,3062,0
20130429,22.262,22.28,22.026,22.28,9550,0
20130430,22.453,22.453,22.234,22.234,971,0
20130501,22.262,22.268,22.262,22.268,1104,0
20130502,22.271,22.28,22.189,22.189,2206,0
20130503,22.252,22.28,22.234,22.28,1213,0
20130506,22.243,22.362,22.243,22.362,1269,0
20130507,22.396,22.487,22.271,22.271,3753,0
20130508,22.198,22.215,22.198,22.206,3336,0
20130509,22.506,22.515,22.369,22.515,2651,0
20130510,22.566,22.585,22.345,22.53,3964,0
20130513,22.301,22.529,22.284,22.481,2843,0
20130514,22.492,22.52,22.429,22.464,2904,0
20130515,22.301,22.449,22.256,22.257,4522,0
20130516,22.383,22.392,22.383,22.383,1496,0
20130517,22.383,22.407,22.266,22.266,1630,0
20130520,22.275,22.381,22.266,22.381,1936,0
20130521,22.266,22.319,22.266,22.319,1725,0
20130522,22.392,22.556,22.301,22.319,5356,0
20130523,22.301,22.301,22.301,22.301,1101,0
20130524,22.31,22.31,22.301,22.301,1318,0
20130528,22.483,22.492,22.31,22.319,3081,0
20130529,22.301,22.301,21.984,21.984,18566,0
20130530,21.993,22.03,21.89,22.03,7543,0
20130531,22.003,22.011,21.84,21.848,4634,0
20130603,21.766,21.864,20.623,21.695,32767,0
20130604,21.176,22.248,21.176,21.467,18068,0
20130605,21.804,21.804,21.166,21.431,19344,0
20130606,21.467,21.71,21.467,21.493,5449,0
20130607,21.528,21.909,21.528,21.711,7090,0
20130610,21.84,21.984,21.711,21.711,11062,0
20130611,21.711,22.03,21.283,21.422,11899,0
20130612,21.307,21.917,21.171,21.428,16982,0
20130613,21.215,21.773,21.205,21.773,6078,0
20130614,21.783,21.878,21.355,21.562,4737,0
20130617,21.708,21.898,21.654,21.736,5614,0
20130618,21.571,22.107,21.571,21.755,11650,0
20130619,21.635,22.101,21.635,21.664,6065,0
20130620,21.562,22.066,21.384,21.384,10221,0
20130621,21.401,21.464,21.189,21.298,5645,0
20130624,21.189,21.198,21.026,21.106,12309,0
20130625,21.198,21.326,21.115,21.326,4708,0
20130626,21.401,21.917,21.215,21.454,6633,0
20130627,21.464,21.74,21.232,21.499,6512,0
20130628,21.774,22.032,21.774,21.985,2460,0
20130701,21.746,21.793,21.499,21.508,3811,0
20130702,21.837,21.853,21.83,21.851,1975,0
20130703,21.764,21.793,21.499,21.499,2886,0
20130705,21.764,21.764,21.472,21.472,2038,0
20130708,21.508,21.7,20.38,21.162,31206,0
20130709,21.518,21.518,21.07,21.425,3805,0
20130710,21.217,21.377,21.063,21.173,5331,0
20130711,21.695,21.857,21.262,21.731,9242,0
20130712,21.695,21.94,21.28,21.475,8004,0
20130715,21.227,21.758,21.227,21.262,1302,0
20130716,21.403,21.412,21.309,21.412,1357,0
20130717,21.63,21.95,21.272,21.393,21713,0
20130718,21.403,21.534,21.29,21.534,4813,0
20130719,21.52,21.528,21.483,21.52,1750,0
20130722,21.52,21.667,21.404,21.667,6335,0
20130723,21.457,21.677,21.341,21.677,3239,0
20130724,21.648,21.712,21.648,21.677,1201,0
20130725,21.667,21.695,21.318,21.687,2416,0
20130729,21.677,21.677,21.327,21.403,6013,0
20130730,21.272,21.63,21.262,21.625,9270,0
20130731,21.318,21.318,21.252,21.261,6868,0
20130801,21.449,21.449,21.207,21.217,6451,0
20130802,21.574,21.648,21.144,21.173,12793,0
20130805,21.127,21.217,21.127,21.173,6251,0
20130806,21.357,21.502,21.262,21.262,882,0
20130807,21.304,21.329,21.304,21.329,985,0
20130808,21.475,21.483,21.416,21.421,2305,0
20130809,21.431,21.492,21.431,21.483,1547,0
20130812,21.383,21.417,21.203,21.203,2959,0
20130813,21.339,21.339,21.231,21.258,1418,0
20130814,21.432,21.508,21.335,21.335,1451,0
20130815,21.417,21.702,21.169,21.268,12856,0
20130816,21.348,21.417,21.348,21.4,1385,0
20130819,21.391,21.408,21.141,21.141,6494,0
20130820,21.112,21.417,21.104,21.104,6565,0
20130821,21.122,21.141,21.004,21.141,10220,0
20130822,21.159,21.159,21.014,21.014,763,0
20130823,21.095,21.324,20.83,20.896,10673,0
20130826,21.059,21.248,20.958,20.984,3738,0
20130827,21.013,21.208,20.967,21.208,4666,0
20130828,21.095,21.446,21.004,21.296,4840,0
20130829,21.152,21.184,20.831,20.905,8916,0
20130830,21.016,21.291,21.007,21.281,5627,0
20130903,21.187,21.187,20.727,20.82,8680,0
20130904,20.877,20.994,20.638,20.638,8871,0
20130905,20.673,20.877,20.499,20.653,2617,0
20130906,21.073,21.073,20.727,20.772,1425,0
20130909,20.915,20.958,20.82,20.83,9069,0
20130910,21.141,21.141,20.772,20.82,9244,0
20130911,21.163,21.163,20.711,20.86,8160,0
20130912,20.988,21.358,20.694,20.804,13697,0
20130913,20.934,20.961,20.641,20.641,6911,0
20130916,21.323,21.323,20.701,20.757,7264,0
20130917,20.88,20.943,20.612,20.655,8859,0
20130918,20.9,20.9,20.748,20.748,6849,0
20130919,20.89,21.026,20.711,20.757,12623,0
20130920,20.748,20.795,20.555,20.795,6523,0
20130923,20.748,20.951,20.508,20.804,10439,0
20130924,20.934,20.988,20.748,20.765,11628,0
20130925,20.813,21.016,20.665,20.665,7608,0
20130926,20.563,20.804,20.518,20.518,14996,0
20130927,20.527,20.655,20.527,20.612,2174,0
20130930,20.737,20.841,20.416,20.471,9854,0
20131001,20.492,20.918,20.492,20.685,10146,0
20131002,20.89,20.89,20.399,20.428,14856,0
20131003,20.474,20.842,20.474,20.804,6952,0
20131004,20.765,21.163,20.711,21.007,7232,0
20131007,20.934,21.08,20.73,20.988,5936,0
20131008,20.951,21.245,20.813,20.813,6739,0
20131009,21.136,21.388,20.925,21.33,7473,0
20131010,21.388,21.469,21.208,21.263,7152,0
20131011,21.46,21.559,21.339,21.339,10289,0
20131014,21.227,21.46,21.227,21.339,1841,0
20131015,21.433,21.54,21.153,21.423,16677,0
20131016,21.405,21.595,21.349,21.486,4332,0
20131017,21.414,21.652,21.026,21.163,10616,0
20131018,21.46,21.469,21.052,21.227,10338,0
20131021,21.272,21.359,21.208,21.31,9531,0
20131022,21.423,21.45,21.227,21.245,2489,0
20131023,21.349,21.486,21.217,21.369,4442,0
20131024,21.235,21.585,21.199,21.428,16395,0
20131025,21.469,21.54,21.433,21.505,2056,0
20131028,21.54,21.625,21.31,21.469,759,0
20131029,21.359,21.7,21.359,21.478,6930,0
20131030,21.469,21.889,21.263,21.423,14731,0
20131031,21.847,21.863,21.569,21.773,2165,0
20131101,21.569,21.585,21.569,21.585,219,0
20131105,21.736,21.847,21.569,21.585,4547,0
20131106,21.672,21.672,21.396,21.536,649,0
20131107,21.486,21.486,21.486,21.486,330,0
20131108,21.783,22.714,21.54,21.54,5417,0
20131111,21.793,21.793,21.746,21.746,976,0
20131112,21.563,21.657,21.544,21.657,972,0
20131113,21.6,21.696,21.6,21.638,34529,0
20131114,21.633,21.687,21.633,21.687,7657,0
20131115,21.826,22.241,21.638,21.687,4206,0
20131118,21.657,21.835,21.657,21.816,2048,0
20131119,22.102,22.15,21.741,21.797,6476,0
20131120,22.001,22.067,21.759,22.029,3481,0
20131121,21.696,21.963,21.696,21.868,4639,0
20131122,21.868,21.981,21.769,21.981,2806,0
20131125,21.835,21.851,21.712,21.759,2158,0
20131126,21.712,21.844,21.712,21.712,1080,0
20131127,21.963,21.963,21.797,21.797,218,0
20131129,21.844,21.963,21.839,21.868,1402,0
20131202,21.844,21.963,21.759,21.826,3994,0
20131203,21.868,21.925,21.731,21.731,1185,0
20131204,21.826,21.844,21.816,21.816,1402,0
20131205,21.779,22.037,21.779,21.876,2158,0
20131206,21.86,22.019,21.844,22.019,5718,0
20131209,22.01,22.057,21.895,22.047,1511,0
20131210,22.037,22.057,21.876,21.915,3994,0
20131211,21.967,22.051,21.631,21.937,6239,0
20131212,21.669,22.022,21.669,21.985,2366,0
20131213,21.781,21.937,21.631,21.853,6132,0
20131216,21.937,22.022,21.705,22.022,5485,0
20131217,21.846,21.871,21.791,21.8,5012,0
20131218,21.688,21.846,21.688,21.8,3823,0
20131219,21.754,21.754,21.754,21.754,1613,0
20131220,21.754,21.846,21.679,21.844,1642,0
20131223,21.679,22.032,21.679,21.688,7960,0
20131224,21.85,21.85,21.631,21.631,716,0
20131226,21.853,21.853,21.669,21.669,1937,0
20131227,21.846,21.888,21.846,21.846,2798,0
20131230,21.772,21.846,21.762,21.846,917,0
20131231,21.985,21.985,21.527,21.862,1077,0
20140102,21.853,22.004,21.853,21.879,2366,0
20140103,21.853,22.051,21.853,21.928,1613,0
20140106,21.898,22.199,21.862,21.967,4194,0
20140107,21.862,22.012,21.853,22.012,3689,0
20140108,22.012,22.106,21.937,22.097,8285,0
20140109,22.097,22.144,21.898,21.975,355857,0
20140110,21.966,22.189,21.966,22.143,3647,0
20140113,22.143,22.143,21.869,22.143,6006,0
20140114,22.189,22.189,21.907,22.068,2575,0
20140115,21.798,22.106,21.798,22.106,11790,0
20140116,22.105,22.179,22.011,22.031,7724,0
20140117,22.05,22.171,21.936,22.05,7935,0
20140121,21.973,22.134,21.973,21.983,2360,0
20140122,22.161,22.161,21.956,22.05,2680,0
20140123,22.05,22.124,21.808,21.907,6905,0
20140124,21.887,22.021,21.696,21.907,5793,0
20140127,21.817,22.051,21.817,21.86,1517,0
20140128,21.973,22.115,21.973,22.068,1179,0
20140129,22.068,22.086,21.845,21.983,3109,0
20140130,21.946,22.114,21.845,22.114,3096,0
20140131,22.114,22.114,22.104,22.104,749,0
20140203,22.096,22.143,22.086,22.105,4068,0
20140204,22.179,22.179,22.096,22.161,6190,0
20140205,22.143,22.161,21.845,21.917,2415,0
20140206,21.846,21.917,21.732,21.826,4547,0
20140207,21.836,22.021,21.836,21.836,13413,0
20140210,21.735,21.735,21.735,21.735,542,0
20140211,21.927,22.068,21.752,21.752,4764,0
20140212,22.035,22.035,21.661,21.813,6526,0
20140213,21.864,21.998,21.794,21.848,3100,0
20140214,21.764,21.921,21.764,21.921,2267,0
20140218,21.755,22.007,21.755,21.969,8218,0
20140219,21.978,22.026,21.822,21.978,3048,0
20140220,22.026,22.056,21.911,22.055,9852,0
20140221,22.007,22.064,21.921,21.932,4020,0
20140224,22.091,22.11,21.96,22.101,3173,0
20140225,22.064,22.064,22.014,22.014,1071,0
20140227,22.016,22.203,22.016,22.203,4362,0
20140228,22.016,22.194,22.016,22.157,5761,0
20140303,22.24,22.24,21.998,21.998,3745,0
20140304,22.157,22.297,22.149,22.287,10767,0
20140305,22.148,22.287,22.138,22.287,9116,0
20140306,22.287,22.297,22.241,22.287,15803,0
20140307,22.24,22.342,22.24,22.342,10087,0
20140310,21.978,22.398,21.978,22.342,12462,0
20140311,22.37,22.408,22.37,22.38,6815,0
20140312,22.401,22.441,22.401,22.43,2514,0
20140313,22.443,22.45,22.401,22.404,7921,0
20140314,22.421,22.545,22.421,22.545,10229,0
20140317,22.545,22.59,22.525,22.553,14678,0
20140318,22.59,22.671,22.252,22.326,10914,0
20140319,22.486,22.495,22.271,22.271,8510,0
20140321,22.476,22.545,22.476,22.545,3436,0
20140324,22.299,22.535,22.272,22.348,6231,0
20140325,22.495,22.691,22.437,22.486,46137,0
20140326,22.691,22.918,22.495,22.681,16748,0
20140327,22.572,22.864,22.572,22.864,20063,0
20140328,22.617,22.824,22.617,22.824,11735,0
20140331,22.59,22.873,22.525,22.873,38085,0
20140401,22.873,22.918,22.567,22.837,12303,0
20140402,22.814,22.814,22.731,22.804,2979,0
20140403,22.909,22.909,22.655,22.795,11432,0
20140404,22.9,22.9,22.572,22.758,20979,0
20140407,22.515,22.795,22.431,22.701,17681,0
20140408,22.609,22.776,22.609,22.691,10043,0
20140409,22.676,22.732,22.676,22.732,2476,0
20140410,22.755,22.821,22.755,22.773,1398,0
20140411,22.763,22.801,22.755,22.801,3487,0
20140414,22.726,22.896,22.726,22.83,15240,0
20140415,22.736,22.887,22.736,22.876,6425,0
20140416,22.914,22.988,22.905,22.925,13245,0
20140417,22.85,22.988,22.85,22.978,45559,0
20140421,22.896,22.988,22.879,22.988,23144,0
20140422,22.914,22.978,22.896,22.896,14967,0
20140423,22.977,22.978,22.896,22.927,3655,0
20140424,22.896,22.978,22.716,22.82,37236,0
20140425,22.82,22.82,22.82,22.82,424,0
20140428,22.782,22.924,22.726,22.879,47393,0
20140429,22.969,22.97,22.81,22.902,4173,0
20140430,22.83,22.85,22.791,22.791,9260,0
20140501,22.763,22.934,22.763,22.934,28183,0
20140502,22.735,22.942,22.735,22.896,4408,0
20140505,22.772,22.97,22.755,22.914,14477,0
20140506,22.716,22.84,22.622,22.806,13898,0
20140507,22.879,22.924,22.745,22.745,3010,0
20140508,22.801,22.951,22.801,22.951,5153,0
20140509,22.745,22.903,22.745,22.782,2384,0
20140512,23.051,23.097,22.918,23.059,6646,0
20140513,23.059,23.137,22.865,22.874,21931,0
20140514,22.983,22.983,22.721,22.835,8581,0
20140515,22.993,22.993,22.835,22.835,5690,0
20140516,22.892,22.892,22.835,22.874,779,0
20140519,22.91,22.921,22.874,22.874,5877,0
20140520,23.112,23.112,22.874,22.965,3791,0
20140521,22.929,22.947,22.825,22.825,7174,0
20140522,22.974,22.974,22.67,22.73,2517,0
20140523,22.647,22.835,22.645,22.663,1286,0
20140527,22.768,22.796,22.663,22.663,7127,0
20140528,22.68,22.749,22.68,22.73,3563,0
20140529,22.805,22.805,22.674,22.73,6303,0
20140530,22.73,22.73,22.73,22.73,212,0
20140602,22.91,22.91,22.91,22.91,400,0
20140603,22.768,22.91,22.768,22.91,3684,0
20140604,22.777,22.892,22.777,22.786,3737,0
20140605,22.883,23.003,22.883,23.003,6060,0
20140606,23.003,23.004,22.938,22.938,8888,0
20140609,22.786,22.923,22.786,22.901,8319,0
20140610,22.777,22.865,22.777,22.865,1485,0
20140611,22.783,22.981,22.783,22.964,3161,0
20140612,22.843,22.908,22.843,22.908,2908,0
20140613,22.857,22.919,22.794,22.794,2144,0
20140616,22.793,22.793,22.774,22.774,1125,0
20140617,22.871,22.972,22.842,22.842,8363,0
20140618,22.972,22.972,22.774,22.89,5483,0
20140619,22.812,23.011,22.812,22.936,1874,0
20140620,22.908,22.925,22.842,22.852,1356,0
20140623,23.039,23.049,22.899,22.945,530,0
20140624,22.832,22.936,22.793,22.936,1903,0
20140625,23.029,23.066,23.029,23.066,1876,0
20140626,23.058,23.058,22.927,22.927,2301,0
20140627,23.029,23.076,22.93,23.058,7176,0
20140630,23.115,23.115,23.076,23.105,6450,0
20140701,23.02,23.228,22.936,22.936,5212,0
20140702,22.871,23.144,22.871,22.991,2642,0
20140703,23.001,23.011,23.001,23.011,448,0
20140707,22.945,23.077,22.936,23.077,3954,0
20140708,22.991,23.02,22.793,22.812,7103,0
20140709,22.832,22.852,22.832,22.852,3977,0
20140710,22.805,23.014,22.805,22.915,15519,0
20140711,22.995,23.129,22.995,23.053,4245,0
20140714,23.015,23.288,23.015,23.264,11477,0
20140715,23.055,23.279,23.055,23.262,3432,0
20140716,23.288,23.376,23.122,23.149,5718,0
20140717,23.338,23.338,23.033,23.033,9702,0
20140718,23.229,23.229,23.056,23.069,1316,0
20140721,23.199,23.199,23.199,23.199,100,0
20140722,23.199,23.212,23.199,23.212,866,0
20140723,23.242,23.416,23.166,23.233,3631,0
20140724,23.194,23.327,23.194,23.236,4918,0
20140725,23.181,23.271,23.181,23.242,735,0
20140728,23.043,23.184,23.043,23.061,8434,0
20140729,23.175,23.175,23.08,23.09,6315,0
20140730,23.09,23.203,23.023,23.203,1687,0
20140731,23.148,23.271,23.005,23.271,6828,0
20140801,23.053,23.194,23.053,23.147,1075,0
20140804,23.047,23.156,23.047,23.156,1264,0
20140805,23.09,23.715,23.033,23.087,8360,0
20140806,23.074,23.165,23.074,23.165,631,0
20140807,23.271,23.271,23.262,23.262,735,0
20140808,23.252,23.279,23.242,23.279,1923,0
20140811,23.242,23.288,23.07,23.07,2952,0
20140812,23.324,23.324,23.146,23.277,3679,0
20140813,23.392,23.421,23.238,23.354,3047,0
20140814,23.324,23.363,23.075,23.104,37360,0
20140815,23.065,23.466,23.057,23.114,10863,0
20140818,23.189,23.218,23.17,23.17,5320,0
20140819,23.18,23.449,23.094,23.104,4785,0
20140820,23.248,23.248,23.104,23.114,1073,0
20140821,23.124,23.284,23.104,23.143,13840,0
20140822,23.208,23.208,23.119,23.199,2952,0
20140825,23.208,23.284,23.114,23.114,5242,0
20140826,23.114,23.126,23.114,23.124,1525,0
20140827,23.218,23.33,23.218,23.275,2649,0
20140828,23.303,23.303,23.258,23.258,532,0
20140829,23.304,23.408,23.268,23.268,4854,0
20140902,23.561,23.561,23.161,23.248,3049,0
20140903,23.228,23.382,23.18,23.218,10878,0
20140904,23.228,23.344,23.161,23.17,5229,0
20140905,23.258,23.402,23.256,23.324,9896,0
20140908,23.275,23.421,23.268,23.284,16409,0
20140909,23.284,23.421,23.284,23.334,13828,0
20140910,23.493,23.493,23.303,23.313,13402,0
20140911,23.313,23.474,23.303,23.333,13425,0
20140912,23.313,23.411,23.217,23.224,9054,0
20140915,23.353,23.401,23.256,23.313,16252,0
20140916,23.323,23.552,23.303,23.323,26825,0
20140917,23.429,23.493,23.266,23.401,24499,0
20140918,23.266,23.517,23.266,23.381,21435,0
20140919,23.391,23.522,23.283,23.333,15390,0
20140922,23.323,23.448,23.308,23.371,4093,0
20140923,23.362,23.522,23.333,23.522,33973,0
20140924,23.395,23.439,23.395,23.439,2931,0
20140925,23.323,23.333,23.303,23.303,5605,0
20140926,23.332,23.418,23.259,23.323,18439,0
20140929,23.197,23.429,23.197,23.216,2106,0
20140930,23.206,23.429,23.206,23.343,9232,0
20141001,23.313,23.421,23.216,23.421,17279,0
20141002,23.397,23.397,23.262,23.381,2868,0
20141003,23.374,23.374,23.226,23.226,1363,0
20141006,23.362,23.411,23.362,23.411,1262,0
20141007,23.411,23.474,23.293,23.439,8012,0
20141008,23.415,23.474,23.415,23.474,3563,0
20141009,23.557,23.624,23.424,23.624,93318,0
20141010,23.502,23.728,23.488,23.701,136273,0
20141013,23.517,23.63,23.507,23.547,1461,0
20141014,23.634,23.634,23.585,23.585,2033,0
20141015,23.585,23.7,23.537,23.7,7824,0
20141016,23.566,23.585,23.547,23.585,4545,0
20141017,23.595,23.595,23.557,23.557,207,0
20141020,23.453,23.7,23.453,23.653,6429,0
20141021,23.7,23.728,23.537,23.566,8448,0
20141022,23.718,23.718,23.566,23.663,1889,0
20141023,23.634,23.7,23.527,23.527,1390,0
20141024,23.527,23.564,23.527,23.537,3976,0
20141027,23.537,23.68,23.517,23.537,1461,0
20141028,23.527,23.637,23.395,23.637,76872,0
20141029,23.68,23.718,23.581,23.581,102771,0
20141030,23.7,23.7,23.595,23.595,1437,0
20141031,23.507,23.595,23.395,23.498,4300,0
20141103,23.547,23.585,23.46,23.585,3501,0
20141104,23.488,23.488,23.488,23.488,4381,0
20141105,23.415,23.68,23.395,23.651,21936,0
20141106,23.641,23.641,23.589,23.634,3370,0
20141107,23.634,23.68,23.634,23.66,1148,0
20141110,23.68,23.68,23.488,23.528,4954,0
20141111,23.557,23.69,23.488,23.527,3550,0
20141112,23.715,23.725,23.619,23.619,1366,0
20141113,23.66,23.66,23.66,23.66,206,0
20141114,23.591,23.813,23.533,23.666,10470,0
20141117,23.705,23.705,23.523,23.533,1722,0
20141118,23.495,23.505,23.495,23.505,1057,0
20141119,23.494,23.494,23.494,23.494,1195,0
20141120,23.523,23.591,23.484,23.484,3844,0
20141121,23.42,23.591,23.42,23.562,2578,0
20141124,23.696,23.764,23.572,23.572,12042,0
20141126,23.601,23.715,23.601,23.715,316,0
20141128,23.592,23.592,23.592,23.592,1041,0
20141201,23.764,23.764,23.601,23.647,1401,0
20141202,23.601,23.601,23.601,23.601,206,0
20141203,23.61,23.705,23.466,23.475,5144,0
20141204,23.503,23.562,23.439,23.449,2538,0
20141205,23.503,23.513,23.503,23.513,1842,0
20141208,23.449,23.666,23.429,23.523,3526,0
20141209,23.523,23.54,23.439,23.439,2077,0
20141210,23.618,23.637,23.618,23.637,205,0
20141211,23.601,23.601,23.426,23.5,4299,0
20141212,23.454,23.454,23.387,23.446,11420,0
20141215,23.387,23.454,23.387,23.407,2013,0
20141216,23.387,23.387,23.387,23.387,1038,0
20141217,23.387,23.599,22.228,23.407,4299,0
20141218,23.599,23.782,23.319,23.782,5128,0
20141219,23.608,23.684,23.271,23.279,5595,0
20141222,23.481,23.5,23.378,23.5,3387,0
20141223,23.407,23.569,23.329,23.339,5243,0
20141224,23.329,23.407,23.222,23.407,5525,0
20141226,23.329,23.51,23.231,23.51,27443,0
20141229,23.359,23.559,23.192,23.559,17869,0
20141230,23.359,23.488,23.359,23.488,2282,0
20141231,23.349,23.5,23.279,23.407,11631,0
20150102,23.329,23.694,23.329,23.51,44512,0
20150105,23.446,23.546,23.446,23.454,3389,0
20150106,23.359,23.599,23.303,23.599,16312,0
20150107,23.473,23.599,23.473,23.599,1191,0
20150108,23.599,23.599,23.454,23.454,4973,0
20150109,23.454,23.589,23.454,23.569,1348,0
20150112,23.48,23.48,23.47,23.47,775,0
20150113,23.47,23.588,23.385,23.424,9351,0
20150114,23.722,23.732,23.415,23.47,5411,0
20150115,23.573,23.573,23.397,23.525,1721,0
20150116,23.415,23.644,23.415,23.598,6004,0
20150120,23.598,23.663,23.454,23.663,15601,0
20150121,23.663,23.663,23.568,23.568,2170,0
20150122,23.539,23.539,23.539,23.539,1084,0
20150123,23.561,23.561,23.549,23.549,1033,0
20150126,23.568,23.578,23.454,23.476,4908,0
20150127,23.529,23.558,23.476,23.558,1550,0
20150128,23.529,23.529,23.405,23.415,5784,0
20150130,23.509,23.509,23.461,23.461,1368,0
20150202,23.385,23.489,23.385,23.489,1291,0
20150203,23.509,23.509,23.374,23.48,2157,0
20150204,23.489,23.489,23.395,23.395,1628,0
20150205,23.395,23.395,23.357,23.357,3614,0
20150206,23.443,23.443,23.395,23.395,837,0
20150210,23.434,23.47,23.434,23.47,1033,0
20150212,23.384,23.587,23.384,23.384,2624,0
20150213,23.384,23.414,23.37,23.414,1433,0
20150217,23.507,23.507,23.355,23.356,2026,0
20150218,23.396,23.46,23.335,23.394,3339,0
20150219,23.453,23.469,23.404,23.404,2270,0
20150220,23.325,23.335,23.267,23.325,6959,0
20150223,23.355,23.41,23.345,23.404,5250,0
20150224,23.325,23.394,23.285,23.285,12972,0
20150225,23.345,23.345,23.172,23.247,6814,0
20150226,23.227,23.305,23.227,23.305,2466,0
20150227,23.305,23.305,23.217,23.275,4681,0
20150302,23.081,23.355,23.081,23.355,3294,0
20150303,23.11,23.257,23.11,23.257,2469,0
20150304,23.275,23.423,23.13,23.423,4427,0
20150305,23.374,23.423,23.217,23.217,2368,0
20150309,23.217,23.488,23.207,23.315,17602,0
20150310,23.325,23.548,23.315,23.335,6896,0
20150311,23.572,23.582,23.419,23.562,1027,0
20150312,23.35,23.669,23.35,23.611,6057,0
20150313,23.448,23.582,23.389,23.562,2668,0
20150316,23.36,23.379,23.35,23.379,717,0
20150317,23.562,23.611,23.409,23.448,4620,0
20150318,23.474,23.649,23.474,23.474,8521,0
20150319,23.428,23.428,23.221,23.221,717,0
20150320,23.399,23.543,23.399,23.399,2052,0
20150323,23.456,23.562,23.419,23.562,3182,0
20150325,23.523,23.592,23.523,23.562,1128,0
20150326,23.483,23.483,23.409,23.409,413,0
20150327,23.553,23.572,23.409,23.428,2362,0
20150330,23.438,23.503,23.438,23.503,1437,0
20150331,23.503,23.562,23.503,23.562,1223,0
20150401,23.572,23.885,23.562,23.669,12113,0
20150402,23.419,23.757,23.419,23.448,3797,0
20150406,23.483,23.533,23.438,23.474,614,0
20150407,23.572,23.572,23.419,23.448,4412,0
20150408,23.428,23.572,23.399,23.474,1643,0
20150409,23.779,23.779,23.484,23.484,1437,0
20150410,23.631,23.679,23.483,23.582,1945,0
20150413,23.777,23.777,23.503,23.503,1331,0
20150414,23.679,23.679,23.503,23.533,4198,0
20150415,23.631,23.659,23.503,23.533,6274,0
20150416,23.669,23.669,23.533,23.626,2255,0
20150417,23.728,23.728,23.631,23.669,3072,0
20150420,23.689,23.689,23.629,23.629,716,0
20150421,23.533,23.649,23.533,23.649,1125,0
20150422,23.669,23.679,23.543,23.679,11571,0
20150423,23.669,23.679,23.582,23.631,1228,0
20150424,23.679,23.679,23.679,23.679,101,0
20150427,23.562,23.562,23.474,23.503,7578,0
20150428,23.582,23.611,23.582,23.582,715,0
20150429,23.503,23.503,23.503,23.503,312,0
20150430,23.388,23.659,23.388,23.503,4198,0
20150501,23.503,23.669,23.388,23.388,6759,0
20150504,23.437,23.582,23.388,23.483,11571,0
20150505,23.388,23.621,23.349,23.621,4198,0
20150506,23.443,23.581,23.437,23.437,9319,0
20150507,23.62,23.62,23.378,23.445,1331,0
20150508,23.562,23.562,23.418,23.418,820,0
20150511,23.582,23.582,23.418,23.437,8398,0
20150512,23.377,23.546,23.329,23.546,14836,0
20150513,23.543,23.543,23.359,23.359,5829,0
20150514,23.456,23.65,23.447,23.456,9407,0
20150515,23.573,23.583,23.456,23.491,5850,0
20150518,23.447,23.621,23.418,23.621,4869,0
20150519,23.427,23.612,23.427,23.612,6237,0
20150520,23.533,23.612,23.378,23.378,5726,0
20150521,23.378,23.465,23.378,23.465,1023,0
20150522,23.474,23.573,23.398,23.563,4601,0
20150526,23.573,23.573,23.289,23.337,25791,0
20150527,23.493,23.593,23.483,23.583,7461,0
20150528,23.563,23.583,23.427,23.573,5546,0
20150529,23.593,23.593,23.483,23.553,612,0
20150601,23.593,23.593,23.418,23.513,6840,0
20150602,23.378,23.523,23.378,23.474,6410,0
20150603,23.523,23.543,23.359,23.378,6440,0
20150604,23.359,23.493,23.359,23.493,4397,0
20150605,23.329,23.465,23.329,23.418,6340,0
20150608,23.493,23.493,23.368,23.447,6440,0
20150609,23.465,23.483,23.427,23.427,5003,0
20150610,23.566,23.576,23.516,23.575,1071,0
20150611,23.615,23.663,23.516,23.516,9134,0
20150612,23.516,23.516,23.421,23.477,4999,0
20150615,23.516,23.576,23.516,23.576,1735,0
20150616,23.516,23.635,23.506,23.635,6531,0
20150617,23.596,23.605,23.596,23.596,2246,0
20150618,23.605,23.605,23.605,23.605,100,0
20150619,23.516,23.653,23.516,23.536,2039,0
20150622,23.576,23.615,23.506,23.506,8470,0
20150623,23.605,23.605,23.506,23.596,4886,0
20150624,23.516,23.596,23.516,23.596,5205,0
20150625,23.752,23.752,23.536,23.605,920,0
20150626,24.281,24.281,23.586,23.586,1735,0
20150630,23.663,23.663,23.556,23.556,2520,0
20150701,23.615,23.713,23.566,23.615,4183,0
20150702,23.663,23.663,23.663,23.663,100,0
20150706,23.566,23.596,23.43,23.43,5612,0
20150707,23.596,23.635,23.401,23.468,7043,0
20150708,23.458,23.526,23.458,23.477,2449,0
20150709,23.643,23.643,23.468,23.516,5103,0
20150710,23.616,23.616,23.557,23.587,817,0
20150713,23.654,23.654,23.478,23.557,2139,0
20150714,23.478,23.644,23.43,23.43,10650,0
20150715,23.401,23.547,23.095,23.312,11983,0
20150716,23.517,23.517,23.352,23.352,4381,0
20150717,23.145,23.302,23.066,23.292,1019,0
20150720,23.105,23.213,23.105,23.203,3057,0
20150721,23.174,23.243,23.164,23.164,1222,0
20150722,23.066,23.076,22.83,23.076,1835,0
20150723,22.968,22.968,22.84,22.84,200,0
20150724,22.92,22.968,22.92,22.968,3362,0
20150727,22.92,23.135,22.281,22.791,16096,0
20150728,22.91,23.017,22.84,22.978,2139,0
20150729,22.625,23.037,22.625,23.037,509,0
20150731,22.91,22.92,22.91,22.92,3974,0
20150803,23.076,23.076,22.92,22.92,1325,0
20150804,23.017,23.017,22.84,22.89,4789,0
20150805,23.017,23.017,22.635,22.733,2139,0
20150806,22.986,23.193,22.986,23.193,3950,0
20150807,22.772,22.91,22.635,22.635,2242,0
20150810,22.733,23.115,22.733,23.115,200,0
20150811,22.773,22.791,22.656,22.656,944,0
20150812,22.614,23.154,22.368,22.624,10781,0
20150813,22.624,23.105,22.624,22.86,3967,0
20150814,22.682,22.83,22.476,22.83,711,0
20150817,22.91,22.91,22.644,22.81,2644,0
20150818,22.87,22.87,22.536,22.86,2441,0
20150819,22.89,22.9,22.722,22.81,2135,0
20150820,22.732,22.9,22.732,22.88,3459,0
20150821,22.939,22.939,22.614,22.672,3560,0
20150824,22.486,22.722,22.309,22.309,3122,0
20150825,22.211,22.211,21.749,21.829,8340,0
20150826,22.083,22.083,21.709,21.739,4373,0
20150827,21.896,21.896,21.896,21.896,308,0
20150828,21.779,22.26,21.779,22.26,1323,0
20150831,21.906,22.181,21.906,22.181,1729,0
20150901,21.829,21.935,21.819,21.926,2135,0
20150902,21.984,21.984,21.876,21.935,1729,0
20150903,22.201,22.201,22.201,22.201,100,0
20150904,21.779,22.201,21.779,21.945,1627,0
20150908,22.546,22.546,21.945,22.074,2543,0
20150909,22.004,22.338,21.974,22.024,1323,0
20150910,22.326,22.804,22.326,22.48,947,0
20150911,22.431,22.431,22.431,22.431,407,0
20150914,22.588,22.588,22.588,22.588,307,0
20150915,22.924,22.924,22.175,22.5,3349,0
20150916,22.559,22.559,22.559,22.559,407,0
20150917,22.302,22.883,22.273,22.411,2843,0
20150918,22.067,23.317,22.067,23.317,1829,0
20150921,22.165,22.411,22.145,22.411,1929,0
20150922,22.361,22.361,22.361,22.361,100,0
20150923,22.993,22.993,22.993,22.993,407,0
20150924,23.032,23.032,22.51,22.811,5801,0
20150925,22.884,22.884,22.292,22.48,1929,0
20150928,22.46,22.785,22.322,22.559,3252,0
20150929,22.824,22.824,22.361,22.361,4873,0
20150930,22.559,22.559,22.017,22.067,6701,0
20151001,21.918,21.938,21.465,21.465,2436,0
20151002,21.051,21.821,20.934,21.11,3858,0
20151005,21.426,21.524,21.199,21.199,2324,0
20151006,21.378,21.821,21.19,21.771,9846,0
20151007,21.554,21.868,21.554,21.682,8020,0
20151008,21.721,21.771,21.721,21.771,1422,0
20151009,21.816,22.107,21.816,22.107,812,0
20151013,21.816,22.259,21.706,22.259,5268,0
20151014,22.2,22.21,21.577,21.577,1013,0
20151015,22.16,22.16,21.538,21.538,1318,0
20151016,21.568,21.577,21.568,21.577,607,0
20151020,22.11,22.21,21.716,21.884,3340,0
20151021,21.883,22.012,21.826,22.012,3141,0
20151022,22.2,22.447,22.2,22.407,10535,0
20151023,22.407,22.407,22.279,22.279,2736,0
20151027,22.308,22.308,22.308,22.308,200,0
20151028,22.259,22.614,22.259,22.575,4863,0
20151029,22.279,22.279,21.617,21.617,1013,0
20151030,21.736,22.15,21.518,21.726,12055,0
20151102,22.11,22.387,21.806,22.387,11831,0
20151103,22.447,22.594,21.845,22.21,7092,0
20151104,22.22,22.594,22.22,22.405,2787,0
20151105,22.23,22.506,22.072,22.072,3141,0
20151106,22.466,22.466,22.072,22.16,1519,0
20151109,22.16,22.16,22.16,22.16,100,0
20151110,22.544,22.544,22.544,22.544,505,0
20151111,22.385,22.385,22.256,22.256,1111,0
20151112,22.484,22.534,22.395,22.524,2021,0
20151113,22.355,22.484,22.355,22.484,810,0
20151116,22.445,22.652,22.445,22.652,2326,0
20151117,22.514,22.82,22.504,22.514,2730,0
20151118,22.573,22.573,22.256,22.256,6470,0
20151119,22.75,22.75,22.355,22.474,4144,0
20151120,22.563,22.681,22.405,22.554,12030,0
20151123,22.554,22.93,22.554,22.91,22746,0
20151124,22.88,22.88,22.723,22.723,1863,0
20151125,22.9,22.9,22.9,22.9,200,0
20151127,22.9,22.9,22.75,22.75,1516,0
20151130,22.583,22.9,22.583,22.9,1718,0
20151201,22.8,22.9,22.8,22.9,2225,0
20151202,22.89,22.89,22.643,22.652,3034,0
20151203,22.573,22.791,22.554,22.554,2689,0
20151204,22.632,22.632,22.455,22.632,6269,0
20151207,22.455,22.544,21.96,22.009,4853,0
20151208,22.453,22.573,22.165,22.554,19147,0
20151209,22.355,22.534,22.276,22.276,1516,0
20151210,22.331,22.708,22.331,22.501,5347,0
20151211,22.481,22.481,22.331,22.331,1009,0
20151214,22.341,22.341,21.905,22.13,8775,0
20151215,22.301,22.301,22.055,22.301,2824,0
20151216,22.173,22.431,22.153,22.301,9887,0
20151217,22.301,22.371,22.301,22.321,8474,0
20151218,22.233,22.243,22.223,22.243,2421,0
20151221,22.301,22.401,22.252,22.252,6256,0
20151222,22.183,22.301,22.153,22.301,4973,0
20151223,22.351,22.351,22.203,22.203,1513,0
20151224,22.203,22.351,22.193,22.213,3642,0
20151228,22.153,22.243,22.103,22.173,7465,0
20151229,22.243,22.243,22.011,22.065,2356,0
20151230,22.055,22.183,22.055,22.103,3632,0
20151231,22.243,22.301,22.025,22.027,2573,0
20160104,22.168,22.208,21.985,21.985,6810,0
20160105,22.055,22.257,21.905,21.955,8099,0
20160106,21.955,21.955,21.955,21.955,858,0
20160107,21.955,21.955,21.817,21.817,6832,0
20160108,21.757,21.905,21.757,21.875,5980,0
20160111,21.757,21.875,21.677,21.677,2763,0
20160112,21.574,21.83,21.574,21.73,856,0
20160113,21.75,21.75,21.641,21.641,1938,0
20160114,21.725,21.979,21.65,21.979,5009,0
20160115,21.8,21.948,21.8,21.829,3475,0
20160119,21.998,22.197,21.878,21.978,4833,0
20160120,21.82,21.82,21.147,21.546,11081,0
20160122,22.167,22.247,21.938,22.187,10738,0
20160125,22.098,22.147,21.898,21.898,2416,0
20160126,22.098,22.202,21.928,21.928,403,0
20160127,21.928,22.023,21.898,22.02,2769,0
20160128,21.962,22.133,21.898,21.998,9671,0
20160129,22.266,22.266,22.038,22.098,1787,0
20160201,21.988,22.075,21.988,22.075,200,0
20160202,21.979,22.166,21.979,21.998,2027,0
20160203,22.345,22.345,22.048,22.325,10460,0
20160204,22.151,22.197,22.098,22.197,3424,0
20160205,22.289,22.295,22.137,22.295,5091,0
20160208,22.233,22.233,21.65,21.75,9481,0
20160209,21.67,21.813,21.263,21.432,9698,0
20160210,21.508,21.608,20.996,21.13,5134,0
20160211,21.155,21.663,20.364,20.943,5911,0
20160212,21.32,21.36,20.872,21.05,2135,0
20160216,21.28,21.399,21.15,21.3,3732,0
20160217,21.698,21.698,21.35,21.35,7480,0
20160218,21.38,21.399,21.3,21.301,1492,0
20160219,21.34,21.552,21.25,21.26,4024,0
20160222,21.768,21.768,21.398,21.608,3275,0
20160223,21.598,21.598,21.1,21.3,20554,0
20160224,20.991,21.35,20.991,21.35,9162,0
20160225,21.24,21.628,21.24,21.628,6159,0
20160226,22.066,22.364,21.896,21.896,1406,0
20160229,21.578,22.255,21.578,22.246,8714,0
20160301,22.183,22.574,22.096,22.355,4219,0
20160302,22.394,22.394,22.394,22.394,502,0
20160303,22.218,22.394,22.066,22.344,2311,0
20160304,22.252,22.592,22.252,22.404,2160,0
20160307,22.634,22.634,22.506,22.634,3315,0
20160308,22.842,22.852,22.354,22.604,6229,0
20160309,22.58,22.842,22.58,22.759,3115,0
20160310,22.843,22.873,22.713,22.817,940,0
20160311,22.903,22.943,22.903,22.943,1454,0
20160314,22.943,22.943,22.831,22.943,1616,0
20160315,22.93,23.142,22.879,23.142,9343,0
20160316,23.003,23.192,22.953,23.142,19923,0
20160317,23.182,23.193,23.132,23.172,17306,0
20160318,23.252,23.252,23.122,23.202,64411,0
20160321,23.212,23.302,23.192,23.242,14987,0
20160322,23.232,23.302,23.142,23.202,8758,0
20160323,23.242,23.242,23.167,23.242,2606,0
20160324,23.037,23.037,23.033,23.033,617,0
20160328,23.196,23.242,23.192,23.242,6739,0
20160329,23.203,23.545,23.176,23.545,26122,0
20160330,23.358,23.358,23.166,23.257,7022,0
20160331,23.264,23.761,23.192,23.581,9449,0
20160401,23.531,23.591,23.352,23.591,3526,0
20160404,23.262,23.422,22.354,23.412,12125,0
20160405,23.431,23.431,23.38,23.402,2707,0
20160406,23.351,23.631,23.351,23.631,7118,0
20160407,23.442,23.691,23.289,23.352,9709,0
20160408,23.362,23.561,23.362,23.561,1654,0
20160411,23.481,23.601,23.481,23.601,1854,0
20160412,23.51,23.675,23.4406,23.4597,7880,0
20160413,23.5,23.5,23.407,23.407,1100,0
20160414,23.4999,23.4999,23.37,23.37,2530,0
20160415,23.438,23.5,23.41,23.41,5950,0
