Date,Open,High,Low,Close,Volume,OpenInt
20131227,10,10,10,10,2000,0
20131231,20,20,20,20,450,0
20140102,10,20,10,20,26100,0
20140103,20,20,13,15,61630,0
20140106,15,15.25,15,15,320981,0
20140107,16,17,15,15,59826,0
20140108,17.5,18,16,17,51088,0
20140109,17.5,17.75,17.1,17.5,159875,0
20140110,17.5,20,17.5,18,157091,0
20140113,18.4,18.5,18.2,18.2,5000,0
20140114,19.25,19.25,18,18.1,14800,0
20140115,18.8,19,18,18.2,105424,0
20140116,18.21,18.65,18.21,18.31,8668,0
20140117,18.35,19,18.35,19,5020,0
20140121,19.5,20,19.16,20,7456,0
20140122,20,20,20,20,7544,0
20140123,20,20,20,20,2510,0
20140124,19.8,19.8,19.8,19.8,2000,0
20140127,20,20,19,19,7900,0
20140128,18.75,19.5,18.75,19,81194,0
20140129,19,20,19,19,7800,0
20140130,18.9,19,18.9,19,1875,0
20140131,18.5,19.93,18,19.4,679600,0
20140203,19.5,20,18.8,20,126874,0
20140204,19.5,19.5,18.7,19,162556,0
20140205,19.75,19.75,18,18.46,57897,0
20140206,18.81,18.98,16.75,16.89,219522,0
20140207,17.83,17.83,15.8,16.795,60027,0
20140210,17.01,17.45,16.6,16.98,79774,0
20140211,16.6,17,16.512,16.77,110200,0
20140212,16.94,17.015,16.65,16.99,48400,0
20140213,16.79,17,16.79,16.99,41317,0
20140214,16.86,17,16.51,16.8,40258,0
20140218,16.66,17,16.5,16.88,33665,0
20140219,16.95,17,16.631,16.78,39047,0
20140220,16.75,16.85,16.25,16.3,42572,0
20140221,16.48,16.48,16.14,16.24,17078,0
20140224,16.29,16.91,16.29,16.77,57654,0
20140225,16.74,16.85,16.39,16.67,39522,0
20140226,16.85,16.9,16.38,16.49,81191,0
20140227,16.5,16.6,16.29,16.59,67429,0
20140228,16.39,17.37,15.9,16.23,40290,0
20140303,16,17.575,16,16.98,69611,0
20140304,16.93,18.19,16.92,17.6,70856,0
20140305,17.7,18.4,16.34,17.44,132337,0
20140306,17.8,18.58,17.598,18.3,91182,0
20140307,18.36,19.5,18,19.12,92661,0
20140310,19.5,19.78,18.75,19.59,83174,0
20140311,19.75,20.5,19.6,20.09,128805,0
20140312,20.29,20.97,19.26,20.25,100456,0
20140313,20.3,21.264,19.85,20.25,87001,0
20140314,20.24,20.503,19.32,20,73029,0
20140317,19.67,20.467,17.75,18.28,130170,0
20140318,18.26,19.49,18.06,19.4,158035,0
20140319,19.36,19.66,19.01,19.39,84916,0
20140320,19.31,20,19.31,19.78,59373,0
20140321,19.8,19.8,17.3,18.56,510355,0
20140324,17.36,19.135,17.36,18.98,43316,0
20140325,19.04,19.04,18.11,18.73,81669,0
20140326,18.81,18.99,17.7,17.92,51500,0
20140327,16.631,18.915,16.02,18.7,25027,0
20140328,18.3,19,18.29,18.59,17942,0
20140331,18.85,18.88,17.95,18.18,65273,0
20140401,18.27,19,16.11,19,39433,0
20140402,18.62,19.2,18.59,19,52949,0
20140403,18.95,18.99,17.71,18.42,43398,0
20140404,18.3,19,16.98,17.05,66173,0
20140407,17.12,17.89,15.95,17.49,53376,0
20140408,17.51,17.51,16.1,16.5,43410,0
20140409,16.643,18.61,16.643,18.36,50203,0
20140410,18.43,19,17.99,18.26,65512,0
20140411,18,18,16.89,17.49,46407,0
20140414,17.5,18.2,16.67,16.87,42677,0
20140415,15.78,16.92,15.78,16.21,44441,0
20140416,16.8,16.9,15.28,15.72,41637,0
20140417,17.29,17.29,15.71,16.15,43977,0
20140421,16.1,16.625,15.46,16.1,61335,0
20140422,15.5,16.1,15.46,15.77,65551,0
20140423,16.14,16.58,15.75,16.25,55496,0
20140424,16.34,16.91,15.92,16.31,39023,0
20140425,16.69,16.69,16,16.22,41326,0
20140428,16.27,17.36,16.01,16.95,116578,0
20140429,17.03,17.257,16.27,16.54,81323,0
20140430,16.48,16.93,16.42,16.7,24039,0
20140501,16.66,16.862,16.41,16.5,62160,0
20140502,16.41,16.6,15.65,16.08,59175,0
20140505,15.83,15.95,15.16,15.58,35683,0
20140506,15.58,15.93,15.185,15.75,37316,0
20140507,15.7,16.13,15.33,15.42,38207,0
20140508,15.21,16.46,15.175,16.27,40806,0
20140509,16.2,16.87,15.75,15.95,44691,0
20140512,15.87,16.33,15.54,15.8,57987,0
20140513,15.77,16.11,14.95,15.35,88169,0
20140514,15.19,15.9,15.05,15.77,40657,0
20140515,15.77,16.2,15.55,15.95,105100,0
20140516,15.9,16.04,15.78,15.81,54155,0
20140519,15.67,16.12,15.17,15.55,66726,0
20140520,15.51,15.6,14.76,15.03,34366,0
20140521,15.1,15.5,14.7,14.87,89980,0
20140522,14.93,15.14,14.92,15.01,40622,0
20140523,15,15.33,14.55,15.25,56623,0
20140527,15,15.19,14.84,14.98,67963,0
20140528,14.94,15.29,14.535,14.88,47178,0
20140529,15.06,15.45,14.77,15,67064,0
20140530,15.09,15.48,14.65,15.15,150555,0
20140602,15.15,15.23,14.95,14.99,52763,0
20140603,14.9,15.44,14.74,14.91,68950,0
20140604,15.15,16.65,14.86,16.37,78284,0
20140605,16.42,16.98,15.13,16.52,92300,0
20140606,16.58,16.89,16,16.31,29922,0
20140609,16.01,17.35,16.01,16.64,43699,0
20140610,16.56,16.8,15.67,16.79,23600,0
20140611,16.51,16.895,16.51,16.82,26992,0
20140612,16.85,16.85,16.6,16.76,44688,0
20140613,15.75,17,15.75,16.89,28735,0
20140616,16.93,17.108,16.23,16.73,75061,0
20140617,16.34,16.88,16.1,16.81,36224,0
20140618,16.85,19.32,16.76,18.28,203176,0
20140619,17.12,18.8,17.12,18.52,164596,0
20140620,18.61,19.6,17.99,19.26,201374,0
20140623,18.87,19.1,16.14,18.95,142692,0
20140624,18.81,18.81,17.63,17.79,89638,0
20140625,17.53,18.02,16.81,17.17,106913,0
20140626,16.84,17.61,16.7,17.39,52208,0
20140627,17.18,18.01,16.45,17.15,2285233,0
20140630,17.26,17.26,16.3,16.86,130449,0
20140701,16.66,17.14,16.19,16.97,96230,0
20140702,16.9,17.24,16.65,17.17,66000,0
20140703,17.18,17.18,16.76,16.95,18501,0
20140707,16.9,17.24,16.49,16.91,52696,0
20140708,16.82,17,16.08,16.16,63160,0
20140709,16.18,16.18,15.54,15.91,13974,0
20140710,15.54,15.71,14.79,15.13,53728,0
20140711,15.06,15.44,14.535,15.26,59476,0
20140714,14.62,15.36,14.62,15.27,65638,0
20140715,15.22,15.26,14.98,15.09,59869,0
20140716,15.15,15.2,14.04,14.31,198833,0
20140717,14.22,14.75,14.108,14.32,88138,0
20140718,14.17,14.68,14.12,14.4,131302,0
20140721,14.31,14.38,14.011,14.25,70565,0
20140722,14.22,14.5,14.17,14.33,71654,0
20140723,14.26,14.51,14.181,14.3,43213,0
20140724,14.46,14.56,14.12,14.17,49370,0
20140725,14.06,14.29,13.5,13.72,51951,0
20140728,13.71,14.56,13.26,13.34,26917,0
20140729,13.31,14.2,13.31,13.86,35769,0
20140730,13.96,14.86,13.9,14.79,55780,0
20140731,14.62,14.97,14.35,14.49,25755,0
20140801,14.55,14.92,14,14.78,42410,0
20140804,14.88,16.5,14.88,15.86,65010,0
20140805,16.462,16.462,14.78,15.34,68406,0
20140806,15.23,16.216,14.62,15.23,26495,0
20140807,16.224,16.224,14.1,14.33,14711,0
20140808,14.26,15.54,14.26,15.27,37785,0
20140811,15.36,16,15.36,15.88,54365,0
20140812,15.77,16.63,15.69,15.98,102195,0
20140813,15.98,17.98,15.98,17.69,62489,0
20140814,17.64,18.99,17.42,18.19,51910,0
20140815,18.51,19.77,18.015,18.38,62337,0
20140818,18.96,18.96,17.65,17.99,123372,0
20140819,18.09,18.09,16.59,17.29,73244,0
20140820,16.61,17.59,15.22,15.55,118626,0
20140821,15.51,15.55,14.515,14.97,69367,0
20140822,14.59,15.806,14.59,15.62,212140,0
20140825,15.61,16.26,15.61,15.9,28954,0
20140826,15.77,15.91,15.08,15.19,80094,0
20140827,15.1,15.31,14.67,14.83,34031,0
20140828,14.75,14.9,14.24,14.31,28281,0
20140829,14.35,14.44,13.901,14.22,51917,0
20140902,14.19,14.59,13.8,14.44,69742,0
20140903,14.99,15.2,14.25,14.31,30791,0
20140904,14.79,14.92,14.37,14.63,7520,0
20140905,14.53,14.8,14.48,14.68,9057,0
20140908,14.78,15,14.58,14.72,31815,0
20140909,14.95,14.95,14.17,14.22,15882,0
20140910,14.11,14.8,14.11,14.62,21508,0
20140911,14.76,15,14.52,14.79,26714,0
20140912,14.75,14.8,14.27,14.29,15954,0
20140915,14.65,15.35,13.94,14.22,78361,0
20140916,14.16,14.35,14.03,14.13,26498,0
20140917,14.1,14.51,14.03,14.14,26423,0
20140918,14.21,14.68,14.2,14.45,52113,0
20140919,14.47,14.76,13.58,13.79,115439,0
20140922,13.74,13.97,13.1,13.12,56341,0
20140923,13.03,13.68,12.67,13.08,35450,0
20140924,13.43,13.88,13.43,13.76,19445,0
20140925,13.6,14,13.12,13.21,29294,0
20140926,13.24,14.73,13.24,14.47,30279,0
20140929,14.26,14.54,13.93,14.51,28008,0
20140930,14.45,14.9,13.65,13.71,83831,0
20141001,13.75,14.23,13.52,13.61,50044,0
20141002,14.323,14.323,13.37,14.07,31535,0
20141003,14.2,15,13.75,14.79,67796,0
20141006,15,15,14.6,14.84,36492,0
20141007,14.68,15.06,14.3,14.5,33621,0
20141008,14.51,15,14.16,14.99,42136,0
20141009,14.92,14.99,14.31,14.54,23041,0
20141010,14.37,14.88,14.33,14.34,34802,0
20141013,14.37,15,14.37,14.72,37440,0
20141014,14.52,14.77,14.09,14.57,77151,0
20141015,14.36,15,14.06,14.96,49870,0
20141016,14.71,16.11,14.71,16.05,44318,0
20141017,15.96,16.47,15.37,15.88,44113,0
20141020,15.73,16.358,15.46,16.04,33863,0
20141021,16.09,17.275,15.01,15.25,50520,0
20141022,15.21,15.465,15.14,15.19,20004,0
20141023,15.39,15.52,14.85,14.89,41839,0
20141024,14.94,14.98,14.65,14.75,15619,0
20141027,14.64,15.116,14.51,14.92,13494,0
20141028,14.96,15.5,14.89,15.38,40674,0
20141029,15.2,15.2,14.864,15.02,20761,0
20141030,15.1,15.16,14.91,15.1,29252,0
20141031,15.49,15.78,14.83,15.5,46376,0
20141103,15.2,15.488,14.688,15.16,38888,0
20141104,15.01,15.6,15.01,15.06,28816,0
20141105,15.45,15.45,14.77,15.19,21829,0
20141106,15.28,15.5,15,15.47,41043,0
20141107,15.46,15.46,15.08,15.26,29350,0
20141110,15.23,15.77,14.92,15.74,45045,0
20141111,15.68,15.68,15.13,15.55,46942,0
20141112,15.29,15.44,15.01,15.2,42343,0
20141113,15.04,15.315,15.03,15.24,23700,0
20141114,15.25,15.25,14.94,15.15,14777,0
20141117,14.84,14.94,13.9,13.96,26976,0
20141118,14.09,14.44,14.09,14.37,18699,0
20141119,14.28,14.89,14.25,14.47,15235,0
20141120,14.45,14.88,14.45,14.8,12483,0
20141121,15.1,15.1,14.677,14.82,35128,0
20141124,15.07,15.14,14.826,15.12,12827,0
20141125,15.2,15.418,14.96,14.99,17051,0
20141126,14.9,15.38,14.9,15.19,25252,0
20141128,15.15,15.18,14.35,14.37,22025,0
20141201,14.5,15.45,14.41,15.34,206846,0
20141202,15.42,15.55,14.92,15.45,16789,0
20141203,15.41,16.43,15.383,16.35,21433,0
20141204,16.29,16.55,15.775,16.3,15204,0
20141205,16.28,16.76,16.28,16.67,12665,0
20141208,16.88,17.24,16.67,16.98,36765,0
20141209,16.77,16.96,16.2,16.81,83569,0
20141210,16.67,16.9,16.3,16.3,76896,0
20141211,16.56,16.81,16.08,16.26,20330,0
20141212,15.85,16.19,15.69,15.79,24459,0
20141215,15.7,16.06,15.44,15.67,30671,0
20141216,15.38,15.99,15.38,15.75,28196,0
20141217,15.51,17,15.46,16.88,45690,0
20141218,17,17.55,16.89,17.31,62815,0
20141219,17.16,17.316,16.5,16.73,91867,0
20141222,16.69,17.19,16.52,17.03,25642,0
20141223,17.7,18,16.99,17.83,27149,0
20141224,17.97,18,17.57,17.99,8230,0
20141226,17.99,19,17.87,18.96,18088,0
20141229,18.91,18.94,18.03,18.91,26420,0
20141230,18.96,18.96,17.9,18,38402,0
20141231,18.16,18.24,17.58,17.65,31395,0
20150102,17.91,17.91,17.36,17.57,25383,0
20150105,17.32,17.7,17.32,17.38,33002,0
20150106,17.67,17.69,16.73,16.78,32868,0
20150107,16.87,16.87,16.29,16.45,23148,0
20150108,16.62,17.7,16.53,17.37,57536,0
20150109,17.24,17.28,16.88,16.96,15552,0
20150112,17.1,18.855,17.1,18.11,89853,0
20150113,18.01,18.35,16.82,18.13,42434,0
20150114,17.95,20.896,17.95,20.35,89759,0
20150115,21.562,21.562,19.29,19.47,50790,0
20150116,18.85,21.57,18.85,21.45,42732,0
20150120,21.38,22.33,19.69,20.19,133885,0
20150121,20.3,21.2,19.35,19.63,208124,0
20150122,19.32,20.47,19.243,19.93,61738,0
20150123,20.25,20.25,19.81,19.83,38889,0
20150126,19.8,20.59,19.26,20.51,48683,0
20150127,20.27,20.865,20.05,20.29,38076,0
20150128,20.62,20.62,19.78,19.82,55972,0
20150129,19.83,20.62,19.71,20.51,45730,0
20150130,20.26,20.28,19.36,19.42,55340,0
20150202,19.73,20.2,19.22,19.99,45155,0
20150203,20,20.08,19.62,19.97,22593,0
20150204,19.91,19.91,18.94,19,33549,0
20150205,19.07,19.14,18.83,18.99,37752,0
20150206,19,19.69,18.84,18.89,30128,0
20150209,18.75,19.3,18.5,18.52,14853,0
20150210,18.75,19.22,18.64,19.1,16722,0
20150211,18.99,19.75,18.85,19.68,35631,0
20150212,20.67,22.63,20.2,22.08,110440,0
20150213,22.2,24.81,22.01,24.53,93666,0
20150217,26.02,26.88,24.19,25.58,66324,0
20150218,25.71,30.72,25.69,28.57,212792,0
20150219,28.62,28.7,25.59,26.38,107716,0
20150220,26.48,26.48,25.23,25.65,75044,0
20150223,26.15,26.15,25.13,25.54,92711,0
20150224,25.41,28.5,24.02,24.31,66417,0
20150225,24.32,26.529,24.2,26,74825,0
20150226,25.88,26.09,25.34,25.99,30785,0
20150227,26,26.29,24.5,24.85,74771,0
20150302,24.95,26,24.95,25.93,49000,0
20150303,25.89,26.24,25.39,25.73,26500,0
20150304,24.52,25.1,23.55,24.2,80500,0
20150305,24,25.24,23.7,24.73,138200,0
20150306,24.45,24.5,23.39,23.8,1511500,0
20150309,24.32,24.54,23.83,24.22,330400,0
20150310,23.78,26,23.07,24.46,563400,0
20150311,24.76,24.97,24.16,24.7,184000,0
20150312,24.92,25.09,22.86,23.15,209500,0
20150313,24.13,24.17,22.74,23.48,371500,0
20150316,23.7,24.47,23.02,24,416900,0
20150317,24.33,25.74,23.67,24.49,528100,0
20150318,24.35,24.69,24.1,24.57,243200,0
20150319,24.57,27.06,24.2,26.34,422400,0
20150320,27.55,28.95,26.35,27.64,1403800,0
20150323,27.62,28.68,26.09,27.5,425500,0
20150324,27.33,28.62,27,27.89,222800,0
20150325,27.98,29.02,26.22,26.64,278600,0
20150326,26.44,27.32,24.32,25.08,320100,0
20150327,25.2,25.95,24.87,25.28,198900,0
20150330,25.55,25.58,24.34,24.73,241400,0
20150331,24.6,24.69,23.71,23.88,429500,0
20150401,23.69,24.16,22.7,24.16,203000,0
20150402,23.98,24.5,23.53,23.68,96000,0
20150406,23.49,24.17,23.17,23.43,81500,0
20150407,23.74,24.91,23.47,24.16,148055,0
20150408,24.07,24.58,23.96,24.28,158200,0
20150409,24.28,24.45,22.8,23.83,179399,0
20150410,24.02,24.1,23.26,23.98,87700,0
20150413,24.14,24.17,22.94,23.02,196100,0
20150414,23.8,24.89,23.54,24.81,765200,0
20150415,25,25.16,23.9,24.45,188366,0
20150416,24.18,25.22,24.18,24.95,334130,0
20150417,24.58,24.59,23.39,24.36,208900,0
20150420,24.64,25.2,24.21,24.38,347272,0
20150421,24.9,25.05,24.27,24.59,108906,0
20150422,24.5,24.83,23.12,23.78,227283,0
20150423,24.68,24.7,23.57,23.97,93700,0
20150424,24.05,24.06,22.34,22.71,135500,0
20150427,23,23.13,20.49,21.03,279800,0
20150428,21,21.3,19.86,20.64,213800,0
20150429,20.51,20.75,20.03,20.47,154600,0
20150430,20.48,21.23,20.25,20.45,279100,0
20150501,20.72,21.68,20.56,21.48,229000,0
20150504,21.8,22.81,21.46,22.16,265400,0
20150505,22.15,22.52,20.64,21.02,268000,0
20150506,22.8,23.22,21.06,21.37,337385,0
20150507,21.14,22.17,20.88,21.86,144948,0
20150508,22.21,22.52,21.56,21.91,123600,0
20150511,22,23.26,21.92,22.82,195500,0
20150512,23.04,23.04,22.105,22.8,119967,0
20150513,22.81,23.06,22.27,22.4,90400,0
20150514,22.57,23.4,22.02,23.18,116700,0
20150515,23.07,23.44,22.54,22.91,125716,0
20150518,23.22,24.61,23.045,24.17,194176,0
20150519,24.11,24.74,23.4,24.26,171500,0
20150520,24.3,24.7,23.2,24.35,184500,0
20150521,24.18,25.13,24.08,24.74,326900,0
20150522,24.95,25.77,24.73,24.99,157000,0
20150526,24.85,24.86,24,24.21,170002,0
20150527,24.23,26.14,24.13,25.89,211000,0
20150528,25.75,26.99,25.75,26.62,211561,0
20150529,26.45,27.23,26.01,26.25,353400,0
20150601,26.59,27.01,25.8,26.58,238900,0
20150602,26.46,27.306,26.32,26.77,229030,0
20150603,26.77,27.12,26.74,26.88,222900,0
20150604,26.84,27.5,26.7,26.99,216600,0
20150605,26.98,27.39,26.28,27.19,193300,0
20150608,27.12,27.62,26.62,27.2,138600,0
20150609,27.68,28.23,26.86,28.15,259125,0
20150610,28.12,28.25,27,27.87,163413,0
20150611,27.83,28.419,27.49,28.33,188792,0
20150612,28.22,28.76,28.05,28.46,210200,0
20150615,28.4,28.46,25.99,26.33,293800,0
20150616,26.44,26.77,26.3,26.58,211000,0
20150617,26.86,27.91,26.51,27.22,303700,0
20150618,27.44,29,27.24,27.31,298700,0
20150619,27.42,30.52,27.17,29.84,467100,0
20150622,30.98,33.9,30.02,33.42,745800,0
20150623,33.75,35.45,33.1,33.25,552615,0
20150624,33,34.36,31.7,31.95,279000,0
20150625,32,32.85,31.05,31.92,131000,0
20150626,32,32.05,31.01,31.77,301000,0
20150629,31.51,31.93,30.47,30.94,212600,0
20150630,31.24,32,30.67,31.95,176186,0
20150701,32,32.5,31.1,31.46,208100,0
20150702,31.8,31.8,29.78,31.15,279500,0
20150706,30.46,34.48,30.33,34.18,398100,0
20150707,33.55,34.45,32.49,33.71,372200,0
20150708,33.36,34.29,32.17,32.98,330200,0
20150709,33.51,34.17,32.67,33.06,358100,0
20150710,33.52,36.17,33.25,34.76,699500,0
20150713,35.49,37,34.82,35.8,385200,0
20150714,35.5,36.67,35.37,35.54,322971,0
20150715,34,37.81,33.46,35.96,608020,0
20150716,35.99,37.08,35.3,36.31,289000,0
20150717,35.95,36.5,32.79,33.37,591500,0
20150720,34,34.04,28.72,30.1,1280400,0
20150721,28.85,30.35,28.6,28.95,400300,0
20150722,28.95,31.17,28.29,30.71,519200,0
20150723,30.4,30.78,29.52,29.63,300600,0
20150724,29.64,30.54,29.06,29.15,207200,0
20150727,28.77,29.43,28.16,28.52,336600,0
20150728,28.82,31.51,28.4,31.22,446100,0
20150729,31.17,31.45,28.97,29.42,394200,0
20150730,29.2,30.12,28.33,29.33,202600,0
20150731,29.54,31.08,28.5,29.1,714600,0
20150803,29.21,30.59,29.2,29.58,391264,0
20150804,29.6,29.82,28.48,29.18,277800,0
20150805,29.29,30.95,28.76,29,324400,0
20150806,31.5,32.4,30.055,31.43,533531,0
20150807,31.19,31.33,29.55,30.98,245900,0
20150810,31.31,31.99,30.29,30.6,355900,0
20150811,30.23,32.28,29.83,30.33,451090,0
20150812,29.85,31.45,29.23,31.11,400400,0
20150813,31.04,31.71,29.56,29.8,442200,0
20150814,29.87,30.6,28.87,29.57,343300,0
20150817,29.54,31.68,29.41,31.44,510800,0
20150818,31.44,31.72,30.13,30.23,353100,0
20150819,30,30.75,29.19,29.86,326300,0
20150820,29.45,30.16,28.37,28.45,422800,0
20150821,27.58,30.3,27.25,28.5,589900,0
20150824,27.25,28.06,21.19,25.85,650969,0
20150825,27,27.31,25.47,25.63,671100,0
20150826,26.49,26.52,24.44,25.98,708700,0
20150827,26.28,27.7,25.34,25.96,442600,0
20150828,25.7,27.06,25.47,26.96,435500,0
20150831,26.56,27.99,26.43,26.79,476700,0
20150901,26.15,27.9,25.83,27.07,920500,0
20150902,27.5,27.98,25.42,27.35,1089500,0
20150903,27.61,28.58,26.12,26.47,528200,0
20150904,26.06,27.36,26.04,27.12,316300,0
20150908,27.54,27.74,26.39,27.54,265100,0
20150909,27.84,27.84,25.31,25.43,283500,0
20150910,25.5,26.4,25.21,26.24,259386,0
20150911,26.03,26.46,25.65,26.23,192200,0
20150914,26.16,26.94,25.72,26.7,285900,0
20150915,26.66,26.95,25.62,26.11,208100,0
20150916,42.4,49.75,42.02,48.79,13802700,0
20150917,51.03,58.81,49.28,58.62,4833300,0
20150918,56,60.79,53.99,55.6,4948100,0
20150921,55.88,57.22,50.04,50.85,1860500,0
20150922,48.02,50.83,44.81,44.95,2290900,0
20150923,45.95,49.37,45.16,47.86,6519100,0
20150924,47.86,48,44.21,46.84,1429702,0
20150925,47,47.82,41.27,41.31,1210400,0
20150928,41.27,41.27,35.185,37.04,1997270,0
20150929,37.47,41.39,36.3,37.5,1572100,0
20150930,38.4,40.71,37.55,40.04,1685100,0
20151001,39.55,41.92,38.48,39.41,1015500,0
20151002,38.54,43.59,37.75,43.25,1198300,0
20151005,42.77,44.57,41.17,43.32,697120,0
20151006,43.04,43.04,38.2,39.42,686000,0
20151007,39.73,42.11,38.04,41.83,678000,0
20151008,41.63,42.75,40.6,42.13,716900,0
20151009,41.81,44.94,40.8,43.85,642700,0
20151012,43.41,45.95,42.53,44.65,594573,0
20151013,44.87,45.67,41.32,41.69,697000,0
20151014,41.87,42.76,38.32,41.39,989200,0
20151015,41.2,43.07,40.91,42.98,907500,0
20151016,42.92,43.52,41.69,43.45,312100,0
20151019,43.2,45.41,42.31,43.92,252900,0
20151020,43.62,44.67,41.86,43.37,366703,0
20151021,43.67,44.44,41.18,42.84,426400,0
20151022,42.98,44.46,41.75,43.34,614900,0
20151023,44.19,47.81,43.58,46.82,614000,0
20151026,47.11,48.16,46.04,47.21,436600,0
20151027,47.24,50.18,47.06,49.37,477400,0
20151028,49.67,52.96,48.5,52.78,612300,0
20151029,52.39,54.77,50.58,51.44,590300,0
20151030,51.19,52.5,46.9,47.85,1503200,0
20151102,48,52.98,47.24,52.49,573372,0
20151103,52.15,54.13,51.11,53.15,580000,0
20151104,53.41,54.07,51.22,52.68,332917,0
20151105,52.05,53.77,49.9,52.82,586200,0
20151106,53.34,53.65,48.52,51.04,809100,0
20151109,51.11,51.89,50.06,51.5,595973,0
20151110,51.08,56.6,50.76,55.69,832600,0
20151111,56.28,56.28,51.8,52.73,298500,0
20151112,52,52,48.09,48.6,496200,0
20151113,48.45,49.92,47.75,48.71,513900,0
20151116,48.97,50.99,47.29,49.12,307000,0
20151117,49.52,50.66,47.87,49.47,273100,0
20151118,49.5,51.99,49.08,51.74,251200,0
20151119,52.22,52.84,50.8,51.56,226100,0
20151120,51.82,54.06,51.41,52.21,375100,0
20151123,52,57.01,52,55.6,464400,0
20151124,55.04,57.74,54.59,57.46,317100,0
20151125,57.18,58.86,57.18,58.28,590500,0
20151127,58.07,59.96,57.72,58.76,213500,0
20151130,59.47,59.76,52.35,53.33,499300,0
20151201,53.59,55.75,52.15,55.72,493493,0
20151202,55.63,57.165,54.14,55.22,505953,0
20151203,55.23,56.12,53.15,54.01,333756,0
20151204,54,57.04,53.91,56.9,451800,0
20151207,56.94,57.82,51.16,52.02,471500,0
20151208,51.67,55.83,51.52,54.77,411365,0
20151209,54.42,54.93,51.73,52.24,376300,0
20151210,52.1,55.47,51.8,55.39,406300,0
20151211,54.35,55.26,52.6,53.52,372600,0
20151214,53.44,53.44,49.43,50.76,434855,0
20151215,51.38,53.25,50.95,53.14,475000,0
20151216,53.58,56.24,52.29,56.07,276100,0
20151217,56.11,56.63,53.99,54.6,337700,0
20151218,53.93,55.76,53.69,53.91,1172700,0
20151221,54.59,54.59,52.64,53.9,172200,0
20151222,54.28,54.28,51.36,52.66,312614,0
20151223,52.45,55.62,52.37,54.47,209000,0
20151224,54.62,55.02,53.68,54.51,92343,0
20151228,54.41,56.475,54.02,56.39,210307,0
20151229,57.28,57.55,54.91,55.76,323499,0
20151230,55.32,56.758,54.02,55.21,183667,0
20151231,54.65,55.2,53.73,53.79,142114,0
20160104,52.9,53.99,51.23,53.63,452184,0
20160105,53.91,55.35,53.45,54.32,296997,0
20160106,53.32,54.32,48.304,49.21,496837,0
20160107,48.05,48.28,46.5126,47.42,350480,0
20160108,47.73,53.04,43.88,45.35,456604,0
20160111,46.03,46.145,42.1601,42.84,487446,0
20160112,43.4,45.48,40.8001,42.96,357563,0
20160113,42.91,46.36,39.37,40.23,408001,0
20160114,40.36,44.4,39.3101,43.48,473805,0
20160115,41.41,47.18,41.04,45.41,525672,0
20160119,46.03,46.26,43.53,44.6,596700,0
20160120,43.69,46.33,42.24,44.43,355180,0
20160121,44.21,44.705,41.25,41.58,457450,0
20160122,42.91,44.22,40.19,42.56,330640,0
20160125,42.07,43.8,41,41.74,323475,0
20160126,42.14,42.71,40.17,41.59,175827,0
20160127,41.53,42.1,38.01,39.04,371541,0
20160128,39.6,40.06,36.34,37.54,311335,0
20160129,37.59,39.09,35.2784,37.08,499611,0
20160201,36.62,37.3,35.14,36.25,431314,0
20160202,35.54,36.16,32.4,32.57,541795,0
20160203,33.32,33.797,30.37,32.4,638795,0
20160204,32.14,35.47,31.12,32.61,516627,0
20160205,32.11,32.595,28.52,28.6,554232,0
20160208,27.22,28,24.8384,25.84,955620,0
20160209,25.16,28.629,25.16,26.52,592221,0
20160210,26.59,28.56,25.96,26.1,481725,0
20160211,25.49,27.25,24.58,26.61,429050,0
20160212,27.4,27.65,25.58,26.19,489868,0
20160216,26.83,28.48,26.265,27.9,568282,0
20160217,28.99,31.778,27.8,30.51,852481,0
20160218,30.77,31.04,29.6,29.85,470455,0
20160219,29.53,31.04,26.76,30.47,448533,0
20160222,31.08,33.27,30.4701,32.56,413177,0
20160223,33.12,34.03,29.42,30.06,645124,0
20160224,29.5,30.73,28.04,30.18,766694,0
20160225,30.4,32.64,27.44,27.71,982514,0
20160226,27.99,31.21,27.52,30.4,918021,0
20160229,30.11,30.395,27.85,28.12,794994,0
20160301,28.87,29.83,27.31,29.82,1055340,0
20160302,29.82,31.521,29.27,31.22,1024730,0
20160303,31.11,31.49,30.08,30.73,404389,0
20160304,30.85,31.1931,28.98,29.27,498328,0
20160307,29.12,31.98,28.63,31.57,521315,0
20160308,31.43,31.5654,29.38,29.47,410318,0
20160309,29.65,29.88,27.26,27.82,552412,0
20160310,28.21,29.57,26.02,26.84,608891,0
20160311,27.19,27.77,26.3,27.64,552366,0
20160314,27.61,28.33,26.88,27.71,427005,0
20160315,27.21,27.5791,25.07,26.06,515287,0
20160316,25.9,26.69,24.68,25.25,346238,0
20160317,25.09,25.89,23.08,23.6,834060,0
20160318,23.79,24.4,22.41,24.16,1293155,0
20160321,24.39,27.01,24.39,26.15,792744,0
20160322,25.8,28.23,25.61,27.26,755505,0
20160323,27.31,27.59,25.734,26.22,506286,0
20160324,25.96,25.96,24.35,25.58,608129,0
20160328,25.89,27.79,25.89,26.06,466137,0
20160329,25.95,28.64,25.6105,28.52,530220,0
20160330,28.84,29.18,27.4,27.7,478494,0
20160331,27.7,28.77,26.91,27.8,463721,0
20160401,27.44,28.5417,27.13,28.25,353344,0
20160404,28.26,30.95,28.26,30.52,577641,0
20160405,30.01,31.22,29.26,30.25,476659,0
20160406,30.45,34.87,30.45,34.45,949633,0
20160407,34.42,35.73,33.97,34.8,673590,0
20160408,35.5,35.8793,33.38,34.28,432621,0
20160411,34.81,34.81,32.86,33.06,339314,0
20160412,32.93,33.67,32.12,33.38,255618,0
20160413,33.5,34.6,32.8801,34.36,259116,0
20160414,34.42,36.15,33.92,35.51,372316,0
20160415,35.29,36.11,34.99,35.34,346001,0
