Date,Open,High,Low,Close,Volume,OpenInt
20150416,11.75,12.33,11.08,11.2,2805801,0
20150417,11.06,11.36,11,11.1,180100,0
20150420,11.25,11.25,11.039,11.125,25713,0
20150421,11.11,11.218,11,11.06,117747,0
20150422,11.04,11.16,10.99,11.05,100800,0
20150423,11.16,11.16,11,11.09,16800,0
20150424,11,11.16,11,11.05,8500,0
20150427,11.08,11.12,10.9,11,150100,0
20150428,11,11.72,11,11,111500,0
20150429,11.01,11.41,10.95,11.1,82700,0
20150430,11.11,11.11,11,11.04,17200,0
20150501,11.08,11.44,11.08,11.33,87600,0
20150504,11.38,11.45,11.18,11.24,38300,0
20150505,11.3,11.36,11.02,11.3,17100,0
20150506,11.221,11.37,11.221,11.35,15148,0
20150507,11.28,11.55,11.28,11.395,8958,0
20150508,11.44,12.2,11.44,12.05,139600,0
20150511,12.48,12.74,12.18,12.5,90700,0
20150512,12.51,12.6,11,11.58,44462,0
20150513,11.55,12.36,11.55,12.15,44900,0
20150514,12.1,12.85,11.91,12.45,12700,0
20150515,12.52,12.61,12.13,12.5,12525,0
20150518,12.37,12.55,12.05,12.05,30058,0
20150519,12,12.24,11.18,11.48,118400,0
20150520,11.38,11.55,11.18,11.52,88200,0
20150521,11.4,11.88,11.4,11.87,34600,0
20150522,11.75,11.97,11.26,11.7,81700,0
20150526,11.66,12.04,11.26,11.85,55918,0
20150527,11.9,11.9,11.27,11.41,13600,0
20150528,11.27,11.99,11.25,11.53,108746,0
20150529,11.34,12.65,11.29,12.32,85000,0
20150601,12.04,13.88,11.93,12.94,97400,0
20150602,13.19,13.26,12.25,13.09,50367,0
20150603,12.6,13.82,12.43,13.12,260100,0
20150604,13.07,14.83,12.99,14.38,114100,0
20150605,14.34,14.79,13.32,14.24,288200,0
20150608,14.39,15.59,13.86,14.67,228500,0
20150609,14.82,14.82,14.26,14.58,19090,0
20150610,14.69,17.91,14.69,15.74,46172,0
20150611,16.01,16.47,15.5,15.73,39779,0
20150612,16.36,17,16.12,16.51,34900,0
20150615,16.81,17.95,15.1,16.75,141400,0
20150616,16.99,17,16.16,16.27,117200,0
20150617,16.27,18.75,16.12,18.38,361300,0
20150618,18.34,19.26,18.3,19.05,150000,0
20150619,19.25,19.35,18.15,18.25,322000,0
20150622,18.35,20.08,18.35,19.56,116100,0
20150623,19.29,19.82,19,19.51,28548,0
20150624,19.49,19.49,18.27,18.31,16500,0
20150625,18.67,19.04,18.04,18.29,32600,0
20150626,18.14,19.11,18.14,18.92,67700,0
20150629,18.9,19.07,18.26,18.31,13700,0
20150630,18.46,18.66,18.01,18.37,35900,0
20150701,18.16,18.36,17.07,17.8,83500,0
20150702,17.76,18.32,17.07,17.79,31800,0
20150706,17.75,17.95,17.25,17.53,43300,0
20150707,17.35,17.41,17.1,17.16,48200,0
20150708,17.15,17.91,17.11,17.23,89000,0
20150709,17.45,18.51,17.11,18.03,29800,0
20150710,18.16,18.51,17.8,17.95,18900,0
20150713,18.27,18.75,17.99,18.57,20600,0
20150714,18.55,19.11,18.13,19.11,9492,0
20150715,19.07,19.12,18.06,18.2,27778,0
20150716,18.11,19.04,17.84,19,8900,0
20150717,19.03,19.12,18.31,18.54,32600,0
20150720,18.55,19.3,17.7,17.93,70200,0
20150721,18,18.83,17.5,18.1,53400,0
20150722,17.98,18.29,17.77,17.84,14000,0
20150723,17.9,18.16,17.76,17.97,41000,0
20150724,17.94,17.94,17.52,17.59,5500,0
20150727,17.5,17.66,14.94,17.04,52200,0
20150728,17.15,18.25,16.5,17.06,50500,0
20150729,17,17.24,16.14,16.49,66900,0
20150730,16.53,17.02,16.18,16.48,34800,0
20150731,16.51,17.5,16.5,16.82,26500,0
20150803,16.92,17.11,15.72,15.97,59721,0
20150804,16.02,16.22,15.27,15.71,25400,0
20150805,15.65,16.36,15.65,15.79,11400,0
20150806,15.62,16.415,15.22,16,35284,0
20150807,15.78,17,15.58,16.34,73700,0
20150810,15.76,16.84,15.75,16,38800,0
20150811,15.91,16.162,15.8,16.1,19671,0
20150812,16.17,16.31,15.48,15.86,91500,0
20150813,17.26,19.94,15.64,17.04,131200,0
20150814,21,26.15,18.8,21.45,890000,0
20150817,21.45,23.9,20.2,23.04,224600,0
20150818,22.73,22.93,21,22.27,91100,0
20150819,21.83,23.02,21,21.25,58100,0
20150820,21.23,21.58,20.13,20.52,59600,0
20150821,20.69,20.95,18.68,20.2,63600,0
20150824,19,20,14.6,18.61,72240,0
20150825,19.04,20.32,17.8,19.02,38600,0
20150826,19.3,20.2,18.68,19.11,54000,0
20150827,19.42,20.33,18.82,19.64,38800,0
20150828,19.54,20.2,19.01,19.42,82600,0
20150831,19.24,20.19,19.01,19.61,65500,0
20150901,19.28,20.19,18.42,20.08,37300,0
20150902,20.25,20.25,19.04,20.05,28300,0
20150903,19.79,20.98,18.91,20.72,37800,0
20150904,19.59,21.18,19.59,20.45,29600,0
20150908,20.67,22.41,20.67,21.37,79500,0
20150909,21.66,21.66,20.2,20.65,83400,0
20150910,20.8,22.362,20.71,21.87,37798,0
20150911,21.7,22.4,21.7,22.13,69000,0
20150914,22.18,22.78,21.75,22.12,179900,0
20150915,22.43,22.94,21.83,22.42,54000,0
20150916,22.57,22.57,21.34,22.31,84400,0
20150917,22.34,22.78,20.88,22.28,56900,0
20150918,22.68,24.22,22.13,23.63,238300,0
20150921,23.79,24.4,22.5,22.75,36300,0
20150922,22.32,23.27,22.18,22.39,40600,0
20150923,22.51,22.51,21.66,22.3,58400,0
20150924,22.15,22.5,20.63,21.77,61598,0
20150925,21.71,22.26,19.2,20.57,54100,0
20150928,20.24,20.24,17.19,18.39,85114,0
20150929,18.26,22.19,17.48,18.17,80000,0
20150930,18.75,19.66,18.4,19.38,133800,0
20151001,19.28,19.78,18.49,18.8,33500,0
20151002,18.5,19.45,18.32,19.32,32200,0
20151005,19.4,19.88,18.61,19.27,34889,0
20151006,19.27,19.27,18.35,19.14,53700,0
20151007,19.15,19.45,18.53,19.14,29600,0
20151008,17.76,19.42,16.26,19.01,105100,0
20151009,19.08,19.25,18.57,18.83,28800,0
20151012,18.96,19.11,18.155,18.27,34160,0
20151013,18.12,18.24,17.03,17.28,51700,0
20151014,17.31,17.32,16.31,16.58,25900,0
20151015,16.49,18.33,16.3,18.12,69900,0
20151016,18.24,21.3,16.62,17.31,216200,0
20151019,16.89,16.89,15.85,16.5,162600,0
20151020,16.5,16.51,15.19,15.28,45127,0
20151021,15.4,15.41,14.56,14.67,69100,0
20151022,14.77,14.85,12.79,13.53,514900,0
20151023,13.6,15.2,13.6,14.89,78800,0
20151026,14.75,15.09,14.05,14.61,30600,0
20151027,14.57,14.76,14.19,14.63,105100,0
20151028,14.64,15.72,14.48,15.53,63700,0
20151029,15.64,17,15.6,16.06,80800,0
20151030,16.07,16.48,15.64,16.35,59500,0
20151102,15.875,17.55,15.875,17.09,71982,0
20151103,17,17.49,15.98,17,50000,0
20151104,16.85,17.49,16.5,17.13,43331,0
20151105,17.12,17.12,16.42,16.83,53200,0
20151106,16.29,16.98,16.01,16.35,30800,0
20151109,16.35,16.62,16.01,16.35,43845,0
20151110,16.2,16.6,15.23,15.93,62400,0
20151111,15.94,16.22,15.28,15.65,47700,0
20151112,16,16.01,14.99,15.28,22100,0
20151113,15.16,15.35,14.01,14.28,39100,0
20151116,14.22,14.41,13.55,14.25,44700,0
20151117,13.77,14.38,13.47,13.95,73100,0
20151118,13.94,14.43,13.21,14.16,42600,0
20151119,14.5,14.5,13.55,14.12,25600,0
20151120,14.13,15.35,14.01,15.12,28400,0
20151123,15.31,15.77,15,15.54,46300,0
20151124,15.57,16.5,15.26,16.41,52600,0
20151125,16.23,16.99,15.6,16.8,41300,0
20151127,17,17.32,16.56,16.68,20300,0
20151130,16.81,17.5,16.5,17.32,53600,0
20151201,17.42,17.615,16.64,16.79,27853,0
20151202,16.69,17.08,16.49,16.68,18044,0
20151203,17.01,17.49,17.01,17.34,23641,0
20151204,17.5,17.71,16.74,16.96,34400,0
20151207,16.84,18,16.5,16.61,35300,0
20151208,16.35,17.29,16.35,16.71,48406,0
20151209,16.36,16.92,15.99,16.84,37100,0
20151210,16.46,16.92,16.05,16.19,15300,0
20151211,16.08,16.77,16.05,16.31,40200,0
20151214,16.44,18,16.44,17.93,81353,0
20151215,17.9,18.6,17.74,18.14,63300,0
20151216,18.41,19.5,18.41,19.5,50800,0
20151217,19.23,19.6,17.18,18.88,57000,0
20151218,18.99,20.6,18.65,19.31,452100,0
20151221,19.26,19.99,16.64,18.86,40700,0
20151222,18.87,18.87,17.4,18.46,27966,0
20151223,17.81,18.72,17.81,18.67,10300,0
20151224,18.67,19.33,18.39,19.31,64243,0
20151228,19.1,19.84,19.04,19.04,73671,0
20151229,19.45,19.53,18.79,19.09,43483,0
20151230,19.59,19.99,18.88,19.06,45240,0
20151231,19.02,19.92,18.83,19.86,54130,0
20160104,19.72,19.72,18.18,18.43,60570,0
20160105,18.5,18.51,18,18.15,59692,0
20160106,17.97,18.01,17.12,17.12,14690,0
20160107,17,17.21,16.16,16.36,32185,0
20160108,16.57,16.58,16,16.23,29388,0
20160111,17,17.07,15.44,16.49,88780,0
20160112,16.52,17.64,15.4,16.38,40405,0
20160113,16.2,16.4,15.61,15.91,53563,0
20160114,15.92,17.49,14.16,15.92,85754,0
20160115,15.25,16.05,15.01,15.71,34321,0
20160119,15.98,16.1,14.93,15.39,55100,0
20160120,15.06,15.81,14.26,15.7,39777,0
20160121,15.62,16.625,15.58,15.99,33738,0
20160122,16.12,17.43,15.71,15.78,31921,0
20160125,15.8,16.98,14.78,15.13,65881,0
20160126,15.28,15.75,14.68,15.4,29231,0
20160127,15.38,15.79,15.01,15.06,29319,0
20160128,15.01,15.11,14.42,14.88,53565,0
20160129,14.77,16.04,14.56,15.09,121207,0
20160201,15.09,15.38,13.616,14.98,77133,0
20160202,15.27,15.27,14.08,14.43,28320,0
20160203,14.47,14.99,13.75,14.82,26879,0
20160204,14.48,15.4,14.45,14.87,16486,0
20160205,14.75,15,14.32,14.35,52767,0
20160208,14.31,14.31,11.27,11.48,90634,0
20160209,11.25,11.25,10.16,10.51,118809,0
20160210,11,13.14,11,12.67,229439,0
20160211,12.87,12.92,12.25,12.62,69005,0
20160212,12.99,14.21,12.32,13.96,50702,0
20160216,14.25,15.87,14.19,15.72,76754,0
20160217,15.76,16,15.43,15.69,43192,0
20160218,15.9099,15.9099,14.72,15.04,27444,0
20160219,15.21,15.66,14.46,15.57,45406,0
20160222,16,16.28,14.99,16.22,90742,0
20160223,16.33,17,16.19,17,98077,0
20160224,16.94,17.38,16.11,17.23,160543,0
20160225,17.14,17.95,16.41,16.87,98895,0
20160226,17.08,17.24,16.02,16.38,37183,0
20160229,16.55,16.9001,16.2,16.31,35383,0
20160301,16.57,16.58,15.91,16.25,76628,0
20160302,16.25,16.43,15.91,16.26,65206,0
20160303,15.436,16.62,15.436,15.69,345172,0
20160304,15.7,15.78,13.99,14.715,76488,0
20160307,14.71,15.45,14.51,14.62,61498,0
20160308,14.51,14.55,13.5,13.53,93580,0
20160309,14.13,14.23,12.8701,13.95,82670,0
20160310,13.96,14.13,13.52,13.87,62846,0
20160311,14.19,14.51,13.86,14.05,59821,0
20160314,13.99,15.04,13.99,14.72,53996,0
20160315,14.655,14.72,13.05,13.83,92194,0
20160316,14.05,14.05,12.8101,13.51,56321,0
20160317,13.33,13.65,12.75,13.48,59473,0
20160318,13.59,14.97,13.07,14.45,169528,0
20160321,14.41,14.95,14.36,14.63,37565,0
20160322,14.1201,15.32,14.1201,15.09,46909,0
20160323,15.5,15.5,14.33,14.63,41599,0
20160324,14.63,15.602,14.32,15.25,85694,0
20160328,16.33,16.34,14.64,14.67,52286,0
20160329,14.75,14.99,14.26,14.81,64679,0
20160330,14.7,15.4,14.53,14.99,160824,0
20160331,15.15,15.705,14.26,14.5,93350,0
20160401,14.43,15.84,14.28,15.31,115936,0
20160404,15.683,16.67,15.19,16.06,72506,0
20160405,16,16.39,15.615,16.27,24034,0
20160406,16.34,19.75,16.2,18.68,371131,0
20160407,19.24,19.24,18.28,18.48,159772,0
20160408,18.92,18.92,17.53,17.93,95888,0
20160411,17.87,18.88,17.59,18.38,46112,0
20160412,18.53,19.48,17.7441,18.18,192749,0
20160413,18.32,18.89,17.665,18.1,78671,0
20160414,18.26,18.26,17.81,18.03,35817,0
20160415,18.18,18.55,17.84,18.46,57188,0
