Date,Open,High,Low,Close,Volume,OpenInt
20050301,18.329,18.329,17.861,18.329,3125,0
20050302,20.584,21.62,20.584,21.62,9905,0
20050303,21.716,21.716,18.895,18.895,11520,0
20050304,21.427,21.427,19.364,20.68,61510,0
20050307,21.427,21.427,20.68,20.68,63345,0
20050309,20.957,20.957,20.211,20.211,7556,0
20050310,20.861,21.151,20.861,21.151,16890,0
20050311,21.244,21.244,21.151,21.151,7556,0
20050314,21.244,21.244,21.244,21.244,14598,0
20050316,21.524,21.524,21.524,21.524,5212,0
20050321,21.151,21.331,21.151,21.331,24606,0
20050322,21.331,21.994,21.331,21.994,4765,0
20050323,21.054,21.054,21.054,21.054,51639,0
20050330,20.68,20.68,20.68,20.68,4797,0
20050404,20.391,20.391,20.391,20.391,1042,0
20050405,20.391,20.391,20.391,20.391,1718,0
20050406,20.391,20.391,20.391,20.391,1042,0
20050407,20.211,20.391,20.211,20.391,24209,0
20050408,20.391,20.391,20.391,20.391,8833,0
20050411,20.584,20.584,20.565,20.565,8705,0
20050414,20.68,21.151,20.68,21.151,32320,0
20050418,21.074,21.074,21.074,21.074,1564,0
20050419,21.151,21.151,21.151,21.151,16242,0
20050502,21.151,21.151,21.151,21.151,60885,0
20050504,21.427,21.427,21.427,21.427,1042,0
20050505,21.427,21.427,21.427,21.427,12510,0
20050506,21.244,21.62,21.244,21.62,3910,0
20050511,21.244,21.244,21.244,21.244,2606,0
20050513,21.427,21.427,21.427,21.427,2521,0
20050516,21.427,21.62,21.427,21.62,5547,0
20050520,21.62,21.62,21.62,21.62,4484,0
20050523,21.62,21.62,21.62,21.62,2274,0
20050525,21.62,21.62,21.62,21.62,15637,0
20050602,21.62,21.62,21.62,21.62,1176,0
20050608,21.62,21.62,21.62,21.62,2087,0
20050609,21.62,21.62,21.62,21.62,11730,0
20050610,21.8,21.994,21.62,21.62,4274,0
20050614,21.62,21.62,21.62,21.62,4170,0
20050617,22.271,22.271,22.091,22.091,19880,0
20050622,22.224,22.224,22.224,22.224,10427,0
20050701,22.367,22.367,22.367,22.367,1042,0
20050725,22.656,22.656,22.656,22.656,1042,0
20050726,22.656,22.656,22.609,22.609,2087,0
20050729,22.367,22.367,22.367,22.367,15879,0
20050803,22.176,22.176,22.176,22.176,5589,0
20050804,22.176,22.367,22.176,22.367,2366,0
20050808,22.367,22.367,22.367,22.367,1042,0
20050817,22.367,22.464,22.271,22.367,75125,0
20050819,22.367,22.464,22.271,22.271,97482,0
20050824,22.271,22.271,22.271,22.271,2188,0
20050829,22.367,22.367,22.367,22.367,32320,0
20050909,22.367,22.367,22.367,22.367,23404,0
20050914,22.837,22.837,22.464,22.464,70562,0
20050915,22.464,22.464,22.464,22.464,11468,0
20050916,22.464,22.464,22.464,22.464,10427,0
20050919,22.464,23.597,22.464,23.03,45843,0
20050920,24.066,24.066,24.066,24.066,5212,0
20050921,24.353,24.353,24.353,24.353,1919,0
20050923,24.066,24.066,23.03,23.03,10427,0
20050927,25.016,25.016,25.016,25.016,1042,0
20050928,25.956,25.956,25.956,25.956,1042,0
20050929,25.956,27.845,25.956,27.845,5736,0
20050930,28.217,28.217,28.217,28.217,1042,0
20051005,26.424,26.424,26.424,26.424,1042,0
20051013,26.424,26.424,26.424,26.424,12510,0
20051017,24.066,24.066,23.691,23.691,3125,0
20051018,23.221,23.221,23.221,23.221,1042,0
20051019,23.597,23.597,23.597,23.597,1042,0
20051025,24.256,24.919,23.691,23.691,4170,0
20051031,24.919,24.919,24.919,24.919,2346,0
20051101,23.883,23.883,23.883,23.883,2087,0
20051104,23.883,23.883,23.5,23.5,2087,0
20051108,23.597,23.597,23.597,23.597,2378,0
20051122,24.545,24.545,24.545,24.545,2087,0
20051123,23.597,23.597,23.597,23.597,2087,0
20051129,24.545,24.545,23.883,23.883,4170,0
20051130,24.353,24.545,24.353,24.545,2087,0
20051206,23.97,23.97,23.97,23.97,2087,0
20051216,22.656,22.656,22.656,22.656,1824,0
20051222,22.176,22.367,22.176,22.367,4170,0
20060103,22.656,22.656,22.656,22.656,2087,0
20060106,22.176,22.176,22.176,22.176,1042,0
20060109,21.994,21.994,21.994,21.994,1042,0
20060113,20.767,20.957,20.767,20.957,2087,0
20060125,20.767,20.957,20.767,20.861,20726,0
20060127,20.861,20.861,20.861,20.861,1544,0
20060130,21.235,21.235,21.235,21.235,2087,0
20060131,21.235,21.706,20.957,21.61,10165,0
20060201,20.861,20.861,20.767,20.767,2606,0
20060209,20.767,20.767,20.767,20.767,1042,0
20060214,20.767,20.813,20.767,20.813,2815,0
20060215,20.767,20.767,20.767,20.767,1042,0
20060223,21.706,21.994,20.909,21.331,6516,0
20060224,22.091,22.091,22.091,22.091,1042,0
20060227,23.597,23.597,23.597,23.597,1042,0
20060320,22.367,22.367,22.367,22.367,20850,0
20060321,22.464,22.464,22.367,22.367,12510,0
20060322,22.561,22.656,22.561,22.656,21633,0
20060323,22.656,22.656,22.656,22.656,1042,0
20060328,22.367,22.367,22.367,22.367,15637,0
20060329,22.464,22.464,21.898,21.898,8474,0
20060331,22.464,22.464,21.994,22.271,10687,0
20060403,23.127,23.127,23.127,23.127,4639,0
20060405,23.127,23.127,22.656,22.656,38054,0
20060406,23.127,23.127,23.03,23.03,37532,0
20060411,22.749,22.817,22.749,22.749,16681,0
20060421,22.656,22.656,22.656,22.656,3910,0
20060424,22.656,22.656,22.656,22.656,1042,0
20060427,22.656,22.656,22.656,22.656,2087,0
20060501,22.512,22.512,22.512,22.512,52130,0
20060502,22.656,22.656,22.318,22.318,34977,0
20060505,22.656,22.656,22.656,22.656,1042,0
20060518,21.706,21.706,21.706,21.706,1857,0
20060525,22.176,22.176,22.176,22.176,2087,0
20060526,22.176,22.176,22.176,22.176,1042,0
20060607,21.427,21.688,21.427,21.688,2087,0
20060612,21.189,21.189,21.189,21.189,1772,0
20060613,21.688,21.688,21.476,21.476,3389,0
20060621,21.235,21.235,21.235,21.235,2087,0
20060623,21.235,21.235,21.074,21.074,6259,0
20060630,20.861,21.235,20.861,20.957,3699,0
20060705,21.235,21.235,21.235,21.235,1042,0
20060706,20.767,20.767,20.767,20.767,1105,0
20060710,20.767,20.767,20.767,20.767,2087,0
20060714,20.767,20.767,20.767,20.767,2667,0
20060724,19.912,19.912,19.815,19.815,2346,0
20060725,19.815,19.815,19.815,19.815,1042,0
20060727,19.815,19.815,19.815,19.815,7484,0
20060728,19.636,19.636,19.636,19.636,2087,0
20060802,19.729,19.729,19.729,19.729,1042,0
20060804,19.636,19.636,19.636,19.636,1042,0
20060817,17.936,18.407,17.936,18.262,6259,0
20060821,18.407,18.407,17.936,17.936,8342,0
20060822,17.648,17.648,17.648,17.648,2087,0
20060823,17.457,17.936,17.457,17.936,32320,0
20060825,17.842,17.842,17.842,17.842,1564,0
20060828,17.553,17.553,17.553,17.553,1042,0
20060829,17.842,17.842,17.842,17.842,2137,0
20060830,17.842,17.842,17.842,17.842,26063,0
20060831,17.936,17.936,17.745,17.745,13262,0
20060901,17.842,17.936,17.842,17.842,31047,0
20060905,17.745,17.842,17.745,17.842,13553,0
20060907,17.936,17.936,17.936,17.936,1303,0
20060913,17.936,17.936,17.936,17.936,2087,0
20060918,17.936,17.936,17.936,17.936,3125,0
20060920,17.936,17.936,17.936,17.936,2087,0
20060921,17.936,17.936,17.936,17.936,5212,0
20060922,17.936,17.936,17.936,17.936,5212,0
20060925,17.936,17.936,17.936,17.936,18245,0
20060926,17.648,17.648,17.648,17.648,2087,0
20060928,17.457,17.648,17.457,17.648,3125,0
20060929,17.13,17.13,17.083,17.13,6259,0
20061005,16.652,16.652,16.652,16.652,1042,0
20061006,16.652,16.795,16.652,16.795,4693,0
20061010,16.891,16.891,16.891,16.891,2606,0
20061011,16.891,16.891,16.891,16.891,1042,0
20061012,16.891,16.891,16.891,16.891,30757,0
20061013,16.891,16.891,16.891,16.891,5212,0
20061018,16.891,16.891,16.891,16.891,2087,0
20061019,16.891,17.13,16.891,17.13,48479,0
20061020,16.985,16.985,16.985,16.985,2087,0
20061023,17.083,17.083,17.083,17.083,4170,0
20061025,17.266,17.361,17.266,17.361,50045,0
20061026,17.696,17.745,17.553,17.553,5419,0
20061030,17.842,17.936,17.745,17.745,5796,0
20061031,18.31,18.599,18.032,18.599,26063,0
20061101,18.599,18.599,18.599,18.599,1042,0
20061107,22.768,22.768,22.768,22.768,1042,0
20061109,20.87,20.87,20.87,20.87,1042,0
20061110,20.87,20.87,20.87,20.87,1042,0
20061215,20.87,20.87,20.87,20.87,1042,0
20061218,21.82,22.013,21.351,21.82,21111,0
20061226,23.529,23.72,23.529,23.72,5212,0
20061229,23.815,25.149,23.72,25.149,4170,0
20070109,24.189,24.189,23.72,23.72,2606,0
20070110,22.768,23.221,22.768,23.221,2087,0
20070111,22.768,22.768,22.768,22.768,1042,0
20070112,22.768,23.72,22.768,23.72,14598,0
20070116,23.72,24.198,23.72,24.198,3733,0
20070119,23.25,23.72,23.25,23.72,3125,0
20070123,23.72,24.669,23.72,24.669,3125,0
20070125,23.815,23.815,23.815,23.815,1251,0
20070130,22.58,22.58,22.58,22.58,1042,0
20070131,22.768,23.72,22.58,22.58,11989,0
20070202,23.911,24.669,23.911,24.669,2451,0
20070205,23.911,23.911,23.911,23.911,2606,0
20070206,25.149,25.149,25.149,25.149,1042,0
20070207,25.33,25.33,24.765,24.842,6259,0
20070226,24.669,24.669,24.669,24.669,1042,0
20070305,22.768,22.768,22.768,22.768,2087,0
20070307,24.285,24.285,24.285,24.285,1564,0
20070313,24.009,24.009,24.009,24.009,3231,0
20070315,22.963,22.963,22.963,22.963,1042,0
20070316,23.72,23.72,23.72,23.72,2087,0
20070319,23.72,23.72,23.72,23.72,1042,0
20070321,24.009,24.009,24.009,24.009,1042,0
20070323,23.059,23.059,23.059,23.059,5212,0
20070328,24.106,24.106,24.106,24.106,1042,0
20070330,24.198,24.198,24.198,24.198,1666,0
20070405,25.379,25.379,25.379,25.379,4388,0
20070412,26.09,26.09,26.09,26.09,1042,0
20070413,26.665,26.665,26.665,26.665,1042,0
20070416,27.135,27.517,27.135,27.517,5212,0
20070419,28.469,28.469,28.469,28.469,5212,0
20070424,30.838,30.838,30.838,30.838,1564,0
20070425,31.691,31.691,31.691,31.691,1564,0
20070426,31.691,31.691,31.317,31.317,4430,0
20070427,31.546,31.594,31.317,31.317,3636,0
20070502,29.416,29.416,29.416,29.416,1042,0
20070503,28.469,28.469,28.469,28.469,1042,0
20070508,27.989,27.989,27.517,27.517,6259,0
20070510,26.137,26.137,26.137,26.137,1042,0
20070511,26.282,26.282,26.282,26.282,1564,0
20070515,27.989,27.989,27.989,27.989,1042,0
20070522,27.989,27.989,27.989,27.989,1042,0
20070525,26.856,26.856,26.856,26.856,2087,0
20070530,26.856,26.856,26.856,26.856,1094,0
20070531,27.039,27.23,27.039,27.23,6150,0
20070601,26.694,26.694,26.694,26.694,1042,0
20070608,26.856,26.856,26.856,26.856,2087,0
20070611,27.23,27.23,27.23,27.23,1564,0
20070614,27.087,27.087,27.087,27.087,1042,0
20070615,27.087,27.087,27.087,27.087,2087,0
20070625,27.039,27.039,27.039,27.039,2087,0
20070626,27.039,27.087,27.039,27.087,3083,0
20070627,26.579,26.665,26.579,26.665,2606,0
20070702,27.613,27.613,27.613,27.613,4430,0
20070703,28.678,28.678,28.469,28.469,8342,0
20070711,28.469,28.565,28.469,28.565,3678,0
20070717,29.514,29.514,29.514,29.514,1042,0
20070723,29.983,30.453,29.983,30.272,13033,0
20070725,30.368,30.368,30.368,30.368,1042,0
20070730,29.416,29.416,29.416,29.416,1042,0
20070731,29.416,29.416,29.416,29.416,3125,0
20070801,30.176,30.176,30.176,30.176,14263,0
20070802,30.176,33.541,30.176,30.368,5526,0
20070803,33.541,33.541,32.737,32.833,4857,0
20070807,32.17,32.737,32.17,32.257,9644,0
20070808,32.257,32.257,31.786,31.786,2087,0
20070809,31.317,31.317,31.317,31.317,1196,0
20070815,29.888,29.888,29.888,29.888,1042,0
20070820,29.416,29.416,29.416,29.416,1042,0
20070822,30.176,30.176,30.176,30.176,1303,0
20070827,31.317,31.317,31.317,31.317,1824,0
20070828,31.499,31.499,31.499,31.499,2087,0
20070829,31.499,31.499,31.48,31.499,4847,0
20070830,31.499,31.499,31.317,31.317,10863,0
20070910,31.594,31.594,31.317,31.317,7036,0
20070911,29.888,29.888,29.888,29.888,1042,0
20070926,28.469,28.469,28.276,28.276,3336,0
20070928,28.469,28.469,28.469,28.469,1042,0
20071026,26.876,26.876,26.876,26.876,2087,0
20071105,26.09,26.09,26.09,26.09,2087,0
20071115,25.188,28.469,25.149,26.76,9383,0
20071203,24.88,24.88,24.88,24.88,1042,0
20071206,23.345,23.345,23.345,23.345,1042,0
20071210,20.497,21.351,20.497,21.351,8863,0
20071212,22.58,23.201,22.58,22.768,8342,0
20071214,21.015,21.015,21.015,21.015,1042,0
20071220,20.851,20.851,20.593,20.593,5212,0
20071221,20.4,20.4,19.835,19.835,6409,0
20071226,20.115,20.115,20.115,20.115,3125,0
20071227,20.353,21.716,20.353,21.716,3389,0
20071231,21.161,21.161,21.161,21.161,1042,0
20080102,23.432,23.432,23.432,23.432,1792,0
20080109,19.922,19.922,18.972,19.166,8863,0
20080110,20.4,28.421,20.4,23.529,20071,0
20080111,21.254,21.254,21.254,21.254,1042,0
20080114,21.351,21.351,21.351,21.351,1042,0
20080122,20.738,20.738,20.738,20.738,2087,0
20080131,20.87,20.87,20.87,20.87,2087,0
20080201,20.87,20.87,19.922,19.922,8131,0
20080204,19.922,19.97,19.922,19.922,18225,0
20080205,19.922,19.922,19.922,19.922,2087,0
20080214,19.922,19.922,19.922,19.922,2087,0
20080220,19.451,19.451,19.451,19.451,1042,0
20080226,20.87,20.87,20.87,20.87,1042,0
20080227,20.87,20.87,20.87,20.87,1042,0
20080228,21.351,21.351,20.87,20.87,6259,0
20080311,20.4,20.4,20.4,20.4,2087,0
20080314,20.4,20.4,20.4,20.4,1042,0
20080318,20.69,20.69,20.69,20.69,2087,0
20080320,20.87,21.064,20.87,20.87,3806,0
20080324,20.87,20.87,19.922,20.87,4170,0
20080325,19.922,20.87,19.922,20.87,42882,0
20080403,21.351,21.351,21.351,21.351,3125,0
20080404,22.676,22.676,22.676,22.676,1042,0
20080415,22.768,22.768,22.768,22.768,1042,0
20080418,24.48,24.48,24.48,24.48,1042,0
20080421,24.575,24.575,23.72,23.72,3495,0
20080422,23.815,23.815,23.345,23.345,644,0
20080423,24.382,24.382,22.866,24.198,2097,0
20080424,23.72,23.72,23.432,23.72,961,0
20080425,23.72,23.72,23.72,23.72,100,0
20080428,23.72,23.72,23.72,23.72,1802,0
20080429,23.72,23.72,23.72,23.72,441,0
20080501,24.198,24.198,24.198,24.198,523,0
20080502,24.198,24.669,23.72,24.669,1261,0
20080505,24.669,24.669,24.669,24.669,523,0
20080506,25.055,25.62,25.055,25.62,3485,0
20080507,25.62,25.62,25.62,25.62,1379,0
20080508,25.62,26.57,25.62,26.57,4776,0
20080509,26.57,26.57,26.57,26.57,2346,0
20080513,26.09,26.09,25.62,25.62,7196,0
20080515,25.62,25.956,25.525,25.62,3093,0
20080516,26.09,26.09,26.09,26.09,1042,0
20080520,26.56,26.57,26.56,26.57,421,0
20080521,26.57,26.57,26.09,26.09,760,0
20080522,26.282,26.282,26.09,26.09,3754,0
20080523,26.09,26.09,26.003,26.09,11520,0
20080527,26.09,26.185,26.003,26.09,8863,0
20080528,26.1,26.1,26.09,26.09,2087,0
20080529,26.665,26.665,26.665,26.665,172,0
20080530,26.665,26.665,26.665,26.665,1156,0
20080602,26.856,26.856,26.856,26.856,1094,0
20080603,26.856,26.856,26.003,26.57,17431,0
20080604,27.039,28.373,27.039,28.276,8121,0
20080605,27.517,27.517,27.039,27.039,1564,0
20080606,27.039,27.039,26.07,26.09,28796,0
20080609,26.09,26.57,25.62,26.119,13003,0
20080611,26.09,26.1,26.09,26.09,5526,0
20080612,26.09,26.09,26.042,26.09,3125,0
20080613,26.09,26.09,26.09,26.09,941,0
20080616,27.327,27.517,26.57,26.57,7381,0
20080617,26.282,26.282,26.282,26.282,523,0
20080618,26.665,26.856,26.665,26.665,162,0
20080619,26.09,26.09,26.09,26.09,152,0
20080620,26.09,26.09,26.09,26.09,1042,0
20080623,26.09,26.119,26.09,26.09,4898,0
20080624,26.119,26.119,26.09,26.119,4170,0
20080625,26.1,26.1,26.09,26.09,2606,0
20080626,26.09,26.09,26.09,26.09,2087,0
20080627,26.09,26.09,26.09,26.09,3326,0
20080630,26.09,26.09,26.09,26.09,1888,0
20080701,26.09,26.282,26.003,26.282,16587,0
20080702,26.09,26.09,26.09,26.09,1314,0
20080707,25.62,25.62,25.149,25.149,2013,0
20080708,25.149,25.149,25.149,25.149,233,0
20080709,25.149,25.149,25.149,25.149,1115,0
20080711,26.282,26.282,26.282,26.282,100,0
20080714,26.282,26.282,26.282,26.282,453,0
20080718,26.282,26.282,26.282,26.282,20,0
20080723,25.812,25.812,25.62,25.62,100,0
20080724,25.149,25.149,23.72,23.72,1303,0
20080725,24.382,24.382,24.382,24.382,523,0
20080728,24.669,24.669,23.72,23.72,815,0
20080729,23.72,23.72,23.72,23.72,233,0
20080730,23.72,23.72,22.493,22.493,1594,0
20080731,22.493,24.198,22.493,24.198,1031,0
20080808,23.911,24.198,23.72,24.198,5673,0
20080811,24.106,24.198,24.106,24.198,1042,0
20080812,24.198,24.198,24.198,24.198,1042,0
20080813,24.009,24.198,24.009,24.198,6715,0
20080819,24.198,24.198,24.198,24.198,463,0
20080820,24.198,24.198,24.198,24.198,203,0
20080821,24.198,24.198,24.106,24.198,1929,0
20080825,26.09,26.09,26.09,26.09,203,0
20080826,24.198,24.198,24.009,24.198,3336,0
20080829,26.09,26.09,26.09,26.09,3646,0
20080903,25.149,25.149,24.198,24.198,2137,0
20080905,24.198,24.198,24.198,24.198,60,0
20080908,24.198,24.198,24.198,24.198,1824,0
20080909,24.669,24.669,24.198,24.198,30,0
20080910,24.198,24.669,24.198,24.198,2409,0
20080911,24.669,26.57,24.198,24.198,431,0
20080915,24.198,24.198,24.198,24.198,1042,0
20080916,24.198,24.198,24.106,24.198,30453,0
20080917,24.198,24.198,24.152,24.198,8956,0
20080918,23.72,23.72,19.922,20.87,12740,0
20080919,21.302,25.62,21.302,21.351,1196,0
20080922,21.543,22.298,21.543,22.013,3043,0
20080924,21.351,21.351,21.351,21.351,533,0
20080925,21.351,21.37,21.351,21.351,5139,0
20080926,21.351,21.351,21.351,21.351,1042,0
20080929,21.351,21.351,21.302,21.351,36355,0
20080930,19.922,22.768,17.553,22.768,11751,0
20081001,19.922,22.58,19.922,20.211,4327,0
20081002,19.451,19.451,17.553,17.553,3646,0
20081003,17.553,18.032,17.083,18.032,4734,0
20081006,17.648,17.648,15.653,15.653,8342,0
20081007,15.653,17.648,15.653,17.648,574,0
20081008,17.266,17.266,17.266,17.266,317,0
20081009,17.169,20.144,16.881,16.881,4067,0
20081010,21.006,21.006,16.785,16.785,3200,0
20081013,19.201,19.201,17.842,17.842,1513,0
20081014,17.842,17.842,17.745,17.842,1389,0
20081015,19.182,19.182,19.182,19.182,182,0
20081016,16.688,16.785,16.307,16.307,5202,0
20081017,16.307,16.307,15.346,16.307,3984,0
20081020,17.169,17.457,16.307,17.169,6056,0
20081021,17.169,17.169,17.169,17.169,2087,0
20081022,16.307,17.169,16.307,17.169,624,0
20081023,16.21,16.21,16.21,16.21,1042,0
20081024,15.922,15.922,13.811,13.908,3013,0
20081028,15.826,17.842,15.346,15.346,100,0
20081029,16.307,16.307,16.307,16.307,80,0
20081031,14.675,16.595,14.675,16.595,674,0
20081103,16.019,16.019,14.675,15.826,1084,0
20081104,15.826,16.307,15.826,16.307,2389,0
20081105,16.113,16.307,16.019,16.307,2117,0
20081106,16.307,16.307,15.346,16.307,473,0
20081107,15.443,15.443,15.346,15.443,664,0
20081110,14.388,14.388,14.388,14.388,258,0
20081111,12.949,13.43,11.223,13.43,7154,0
20081112,12.564,12.564,12.564,12.564,203,0
20081113,13.43,13.43,12.949,13.43,3880,0
20081114,15.346,15.346,15.346,15.346,40,0
20081117,12.47,12.47,11.989,11.989,2346,0
20081118,11.509,11.509,11.509,11.509,317,0
20081119,11.509,11.509,11.509,11.509,2087,0
20081120,11.029,11.509,11.029,11.077,5202,0
20081121,11.029,11.126,11.029,11.029,9539,0
20081124,11.509,14.388,11.509,14.388,3410,0
20081128,11.077,13.908,11.077,13.899,140,0
20081201,12.47,12.47,12.47,12.47,50,0
20081202,12.373,12.373,12.373,12.373,1042,0
20081203,12.949,12.949,12.949,12.949,1042,0
20081208,13.43,13.43,13.43,13.43,473,0
20081209,13.43,13.43,13.43,13.43,203,0
20081210,13.43,13.43,11.989,11.989,6359,0
20081212,12.47,12.47,12.086,12.086,1053,0
20081216,12.47,13.43,12.47,13.43,4367,0
20081222,12.949,12.949,12.949,12.949,1940,0
20081224,12.47,12.47,11.998,12.017,19181,0
20081226,12.017,12.017,11.989,11.989,4170,0
20081229,11.989,11.989,11.989,11.989,120,0
20081230,12.47,12.47,11.989,11.989,7196,0
20081231,12.037,12.47,11.989,12.47,2294,0
20090105,13.43,13.43,12.564,12.564,2253,0
20090106,12.949,12.949,12.949,12.949,152,0
20090107,12.949,12.949,12.949,12.949,421,0
20090109,15.346,15.346,12.949,12.949,1961,0
20090114,14.869,14.869,14.869,14.869,10,0
20090120,14.388,14.388,14.388,14.388,930,0
20090123,13.43,13.43,13.43,13.43,1564,0
20090126,16.785,16.785,14.388,14.388,294,0
20090128,16.785,16.785,13.476,15.346,2137,0
20090129,14.388,14.388,14.388,14.388,152,0
20090130,14.436,15.346,14.388,15.346,2137,0
20090202,14.339,14.339,13.908,13.908,3125,0
20090204,14.359,14.388,14.359,14.388,20,0
20090205,14.388,14.388,13.43,13.43,2815,0
20090206,14.378,14.388,14.378,14.388,421,0
20090209,14.388,14.388,14.388,14.388,182,0
20090213,14.388,14.388,14.388,14.388,80,0
20090218,13.908,13.908,13.43,13.43,1824,0
20090220,12.47,13.908,12.47,13.908,3785,0
20090223,12.422,12.442,12.422,12.442,8926,0
20090224,13.899,13.899,13.43,13.43,203,0
20090225,13.908,14.378,13.908,13.908,1359,0
20090226,12.422,12.422,12.422,12.422,258,0
20090227,12.442,13.43,12.442,12.442,2869,0
20090302,12.422,12.442,12.422,12.442,835,0
20090304,12.949,12.949,11.944,11.944,1594,0
20090305,11.989,12.47,11.989,12.47,2606,0
20090306,12.949,12.949,11.989,12.47,1261,0
20090309,11.989,11.989,11.989,11.989,1326,0
20090310,11.989,12.949,11.989,12.949,624,0
20090311,11.989,11.989,11.989,11.989,130,0
20090312,12.949,12.949,12.949,12.949,421,0
20090313,11.998,12.47,11.989,11.989,14314,0
20090316,12.949,12.949,12.949,12.949,1461,0
20090317,11.989,11.989,9.782,11.749,5629,0
20090319,10.753,11.989,10.753,11.989,1752,0
20090323,13.188,13.43,12.47,13.43,8946,0
20090325,12.949,12.949,12.949,12.949,1042,0
20090327,11.029,13.43,11.029,13.43,2075,0
20090331,11.989,13.43,11.989,13.43,10508,0
20090401,13.236,13.236,13.236,13.236,100,0
20090402,11.989,12.949,11.989,12.707,4430,0
20090403,11.509,13.43,11.509,13.43,1064,0
20090407,13.42,13.43,12.47,13.43,3125,0
20090408,13.43,13.43,13.43,13.43,9853,0
20090409,13.43,13.43,13.43,13.43,644,0
20090413,11.509,13.43,11.509,13.236,2606,0
20090416,12.949,12.949,11.605,11.605,533,0
20090417,11.998,13.43,11.998,12.707,2501,0
20090423,12.949,12.949,12.277,12.564,574,0
20090427,12.277,12.662,12.277,12.662,4170,0
20090429,12.662,12.662,12.662,12.662,835,0
20090430,12.662,12.662,12.662,12.662,90,0
20090501,12.662,12.662,12.277,12.604,2679,0
20090505,13.046,13.046,12.949,12.949,2815,0
20090507,13.046,13.046,13.046,13.046,674,0
20090508,13.43,13.43,13.43,13.43,50,0
20090511,12.949,12.949,12.949,12.949,1042,0
20090512,12.949,13.14,12.949,13.14,1146,0
20090513,13.43,13.43,13.43,13.43,1042,0
20090514,13.14,13.14,13.14,13.14,1042,0
20090518,12.707,13.43,12.707,13.14,2441,0
20090519,13.14,13.14,13.14,13.14,1042,0
20090520,13.14,13.14,13.14,13.14,724,0
20090521,12.47,13.43,12.47,13.43,553,0
20090527,12.949,13.43,12.949,13.43,1564,0
20090601,13.43,13.43,13.43,13.43,1513,0
20090602,13.14,13.14,12.949,12.949,1186,0
20090603,13.43,14.859,13.333,13.43,10374,0
20090604,13.43,14.859,13.43,14.859,272,0
20090605,14.869,14.869,14.869,14.869,203,0
20090608,14.869,14.869,13.908,14.859,724,0
20090615,13.716,13.908,13.236,13.811,4639,0
20090618,13.62,13.62,12.959,13.62,7185,0
20090622,12.662,13.43,12.662,13.236,4306,0
20090623,12.949,12.959,12.564,12.564,5662,0
20090624,12.479,12.949,12.479,12.949,1982,0
20090626,13.236,13.43,13.236,13.43,2501,0
20090629,13.716,13.716,12.662,13.236,1084,0
20090630,12.662,13.43,12.662,13.43,3545,0
20090702,12.756,12.756,12.662,12.707,9936,0
20090707,12.662,12.681,11.989,11.989,17777,0
20090710,12.104,12.104,12.104,12.104,120,0
20090714,12.756,12.756,12.756,12.756,3646,0
20090715,12.104,12.104,12.104,12.104,2087,0
20090717,12.182,12.182,12.182,12.182,624,0
20090720,12.47,12.564,12.47,12.47,3856,0
20090721,12.47,12.564,12.086,12.564,12040,0
20090722,12.852,12.852,12.756,12.756,2378,0
20090724,12.756,12.756,12.756,12.756,2087,0
20090727,12.949,13.333,12.949,13.333,3125,0
20090728,13.43,13.43,13.43,13.43,120,0
20090729,13.62,13.811,13.43,13.811,782,0
20090730,13.43,13.908,13.43,13.908,4201,0
20090731,12.949,14.388,12.949,14.388,1564,0
20090803,15.346,15.346,12.978,13.046,5589,0
20090810,13.908,13.908,13.908,13.908,152,0
20090812,13.879,13.908,12.949,12.949,5839,0
20090818,12.499,12.852,12.499,12.852,223,0
20090819,12.949,12.949,12.949,12.949,1337,0
20090820,12.949,12.949,12.949,12.949,50,0
20090821,13.046,13.046,13.046,13.046,152,0
20090824,12.499,12.499,12.104,12.163,7556,0
20090825,12.949,12.949,12.949,12.949,1042,0
20090826,12.182,12.47,12.182,12.47,3389,0
20090827,12.47,13.43,12.47,12.998,10279,0
20090828,13.43,13.43,12.949,12.949,4745,0
20090902,13.43,13.43,13.43,13.43,100,0
20090903,12.229,13.236,12.229,12.325,3190,0
20090904,12.277,12.613,12.277,12.613,2253,0
20090908,12.47,12.47,12.47,12.47,1461,0
20090909,12.613,12.613,12.613,12.613,4170,0
20090910,13.43,13.43,13.43,13.43,1420,0
20090914,12.517,12.517,12.517,12.517,390,0
20090915,12.564,12.949,12.564,12.564,1146,0
20090916,12.574,12.574,12.574,12.574,2087,0
20090917,13.14,13.14,12.564,12.564,1146,0
20090918,13.236,13.236,13.236,13.236,50,0
20090921,12.564,12.564,12.517,12.517,1166,0
20090922,12.517,12.949,12.517,12.949,1146,0
20090923,12.564,12.564,12.517,12.517,2563,0
20090924,13.14,13.14,13.14,13.14,1042,0
20090925,13.43,13.43,13.14,13.14,1409,0
20091001,12.574,13.43,12.479,13.43,1337,0
20091002,12.574,12.574,12.574,12.574,2501,0
20091007,13.4,13.4,13.4,13.4,368,0
20091008,12.949,12.949,12.949,12.949,294,0
20091009,12.949,13.131,12.949,13.131,421,0
20091013,13.14,13.14,13.14,13.14,152,0
20091014,12.949,13.43,12.949,13.43,431,0
20091015,13.008,13.008,12.949,12.949,1730,0
20091016,12.949,12.949,12.949,12.949,182,0
20091019,12.949,12.949,12.949,12.949,704,0
20091020,12.949,12.949,12.949,12.949,2753,0
20091021,13.333,13.333,13.333,13.333,100,0
20091022,12.564,13.43,12.564,13.43,3231,0
20091026,12.756,12.756,12.756,12.756,1216,0
20091027,12.756,12.756,12.756,12.756,1042,0
20091028,13.333,13.43,12.949,13.43,6349,0
20091029,13.43,13.43,13.43,13.43,1094,0
20091102,12.949,14.194,12.949,14.194,2409,0
20091103,12.949,13.43,12.949,12.949,1676,0
20091104,12.949,12.949,12.949,12.949,2137,0
20091105,14.194,14.194,14.194,14.194,10,0
20091106,12.998,13.43,12.998,13.43,390,0
20091109,13.43,14.504,13.43,14.504,5171,0
20091112,14.484,14.484,14.484,14.484,2087,0
20091113,13.629,13.629,13.056,13.056,2097,0
20091116,14.388,14.388,13.064,13.908,7089,0
20091117,13.43,14.388,13.43,13.446,4284,0
20091118,13.446,13.62,13.236,13.236,7630,0
20091119,13.43,13.43,13.236,13.236,1544,0
20091123,13.43,13.43,13.43,13.43,1042,0
20091124,13.168,13.43,13.168,13.43,2087,0
20091125,13.43,13.43,13.43,13.43,1042,0
20091127,13.4,13.43,13.4,13.43,523,0
20091130,13.43,13.43,13.43,13.43,1053,0
20091202,13.056,13.056,13.056,13.056,1156,0
20091203,13.43,13.43,13.43,13.43,40,0
20091204,13.43,14.185,13.43,14.185,2710,0
20091207,13.43,13.43,13.43,13.43,1094,0
20091209,13.43,13.43,13.43,13.43,203,0
20091211,13.056,13.43,13.056,13.43,4460,0
20091216,13.333,13.43,13.333,13.43,2461,0
20091217,13.43,13.43,13.43,13.43,203,0
20091221,13.43,13.43,13.43,13.43,1420,0
20091222,13.43,14.185,13.236,14.185,3231,0
20091223,13.056,13.43,13.056,13.43,2264,0
20091224,13.43,14.185,13.43,14.185,6259,0
20091228,13.43,14.859,13.43,14.388,2869,0
20091229,14.484,14.484,13.908,13.908,60,0
20091230,14.388,14.484,14.388,14.484,2107,0
20091231,14.388,14.388,13.908,13.908,3168,0
20100104,13.62,13.62,13.62,13.62,3263,0
20100105,13.629,14.378,13.629,14.378,2209,0
20100106,13.629,13.629,13.62,13.62,2346,0
20100107,13.43,13.62,13.43,13.62,2087,0
20100108,13.62,13.62,13.43,13.62,1359,0
20100111,13.525,13.62,13.476,13.62,3545,0
20100112,13.908,13.908,13.43,13.525,3125,0
20100113,13.236,13.62,13.236,13.62,2188,0
20100114,13.43,13.62,13.43,13.62,2087,0
20100115,13.62,13.62,13.43,13.43,4170,0
20100119,13.236,13.43,13.14,13.43,3699,0
20100120,13.149,13.43,13.14,13.43,4400,0
20100121,13.43,13.43,13.43,13.43,2087,0
20100122,13.43,13.43,13.236,13.236,1303,0
20100125,13.43,13.43,13.056,13.056,4495,0
20100126,13.149,13.149,13.14,13.14,3454,0
20100127,13.43,13.43,13.14,13.14,60,0
20100129,13.14,13.14,13.14,13.14,4473,0
20100201,13.42,13.43,13.42,13.43,2586,0
20100203,13.43,13.43,12.978,12.978,3231,0
20100204,12.978,12.978,12.949,12.949,3125,0
20100205,12.949,13.43,12.949,12.949,2264,0
20100208,12.949,12.998,12.852,12.852,6160,0
20100209,12.949,12.949,12.949,12.949,3667,0
20100210,11.989,11.989,11.989,11.989,152,0
20100211,12.229,12.47,11.989,11.989,5629,0
20100212,12.373,12.47,12.373,12.47,2087,0
20100216,13.43,13.43,12.47,13.43,6931,0
20100217,13.43,13.43,12.978,13.046,13936,0
20100218,13.43,14.004,13.43,14.004,4587,0
20100219,13.525,13.525,13.43,13.43,3125,0
20100222,13.236,13.236,13.236,13.236,60,0
20100223,13.43,13.43,13.43,13.43,4170,0
20100224,13.236,13.43,13.236,13.236,7474,0
20100225,13.43,13.43,13.236,13.236,1094,0
20100226,13.236,13.236,13.064,13.064,258,0
20100301,13.064,13.236,13.046,13.236,9833,0
20100302,13.14,13.14,12.852,12.852,1730,0
20100303,12.756,12.852,12.662,12.662,6684,0
20100305,12.662,12.949,12.662,12.756,9695,0
20100308,12.662,13.14,12.662,13.14,9016,0
20100309,12.662,13.046,12.662,12.852,7015,0
20100310,13.43,13.716,12.852,13.716,13576,0
20100311,13.716,13.908,12.949,13.811,7901,0
20100312,14.1,15.443,13.43,14.869,14013,0
20100315,14.484,14.484,13.908,13.908,10677,0
20100316,13.908,13.908,13.908,13.908,1042,0
20100317,14.388,14.388,13.918,14.388,5473,0
20100318,14.869,15.346,14.579,15.346,13522,0
20100319,15.346,15.346,14.869,15.25,10915,0
20100322,15.346,15.826,15.346,15.346,4378,0
20100323,15.297,15.346,14.896,15.346,7619,0
20100324,15.346,16.688,15.346,16.595,8017,0
20100325,16.307,16.595,15.443,16.595,4847,0
20100326,16.307,16.307,15.73,16.113,8761,0
20100329,16.113,16.307,15.826,16.307,5974,0
20100330,15.826,16.113,15.826,15.826,4420,0
20100331,16.307,16.307,15.826,16.307,6237,0
20100401,15.922,16.307,15.922,16.307,3699,0
20100405,16.307,16.595,16.113,16.307,7341,0
20100406,16.307,16.595,15.826,16.595,3243,0
20100407,16.113,16.307,15.826,15.826,12083,0
20100408,16.307,18.703,15.826,16.307,4466,0
20100409,16.785,16.785,16.307,16.785,1987,0
20100412,17.266,17.266,16.833,16.833,2828,0
20100413,17.024,17.024,16.356,16.737,3454,0
20100414,16.546,16.546,16.546,16.546,1420,0
20100415,16.546,16.672,16.546,16.555,866,0
20100416,16.546,16.672,16.4,16.4,4936,0
20100419,16.4,16.546,16.297,16.546,2501,0
20100420,16.546,16.546,16.307,16.307,2013,0
20100421,16.307,16.307,16.113,16.113,4536,0
20100422,16.162,16.307,16.162,16.307,3495,0
20100423,16.211,16.308,16.211,16.308,755,0
20100426,16.21,16.356,16.162,16.307,9022,0
20100427,15.826,16.307,15.826,16.307,3646,0
20100428,16.307,16.595,16.21,16.506,5266,0
20100429,16.516,16.595,16.307,16.546,4952,0
20100430,16.546,16.546,16.356,16.356,1271,0
20100503,16.785,16.785,16.307,16.307,3253,0
20100504,16.307,16.307,14.869,14.869,9711,0
20100505,15.012,16.067,15.012,15.826,3125,0
20100506,15.443,15.587,14.484,14.484,9409,0
20100507,14.869,15.346,14.869,15.346,6284,0
20100510,15.211,15.346,15.202,15.346,1196,0
20100511,15.346,15.346,15.012,15.25,2102,0
20100512,15.25,15.25,15.021,15.021,3389,0
20100513,15.059,15.346,14.963,14.963,4420,0
20100514,15.155,15.155,14.963,14.963,1887,0
20100517,15.155,15.155,14.869,15.155,919,0
20100518,14.869,15.297,14.869,14.869,3392,0
20100519,14.869,14.869,14.869,14.869,1420,0
20100520,14.869,15.059,14.771,14.771,1666,0
20100521,14.771,14.915,14.579,14.579,6737,0
20100524,14.484,14.869,14.484,14.771,4378,0
20100525,14.675,14.675,14.388,14.388,3886,0
20100526,14.869,15.346,14.869,15.297,7551,0
20100527,16.595,18.129,15.059,17.745,11784,0
20100528,17.266,19.666,15.366,19.422,14107,0
20100601,20.507,20.507,17.794,19.182,12188,0
20100602,17.59,19.598,17.59,19.559,16227,0
20100603,18.636,20.361,18.581,20.361,20487,0
20100604,18.703,20.095,18.703,19.383,9548,0
20100607,19.863,20.861,19.729,20.813,49877,0
20100608,21.084,21.084,19.863,20.488,20015,0
20100609,21.351,21.486,21.025,21.142,14233,0
20100610,22.052,22.052,20.468,21.103,33411,0
20100611,21.103,21.103,20.813,21.094,11883,0
20100614,21.103,21.341,20.43,21.132,19916,0
20100615,21.341,21.869,21.216,21.678,19892,0
20100616,20.996,21.322,20.575,21.084,6518,0
20100617,21.103,21.427,20.729,21.427,8427,0
20100618,21.341,21.341,20.286,20.286,27184,0
20100621,20.353,21.094,19.308,20.43,10605,0
20100622,21.064,21.515,20.709,21.103,6755,0
20100623,21.312,21.678,20.767,21.39,6973,0
20100624,21.581,23.49,21.571,23.462,21329,0
20100625,23.635,28.449,23.588,26.522,918442,0
20100628,25.207,25.553,21.772,22.233,41271,0
20100629,22.081,22.233,19.853,20.125,17821,0
20100630,20.063,21.091,19.849,20.868,11474,0
20100701,20.89,21.591,20.861,21.408,14709,0
20100702,21.591,21.591,20.305,21.015,14692,0
20100706,21.179,22.233,21.179,21.418,7607,0
20100707,21.39,21.581,20.182,20.957,40792,0
20100708,23.635,23.795,20.575,20.928,28037,0
20100709,20.918,20.918,20.144,20.221,18849,0
20100712,20.277,20.277,19.211,19.211,6471,0
20100713,19.25,19.636,18.281,18.599,19039,0
20100714,18.223,18.416,17.563,17.869,18440,0
20100715,17.832,18.11,17.333,17.774,10492,0
20100716,17.784,18.129,16.833,17.044,18075,0
20100719,16.843,16.843,15.701,16.297,19319,0
20100720,15.844,16.307,15.394,16.268,35141,0
20100721,16.307,16.307,15.854,15.922,10808,0
20100722,16.113,16.419,15.883,16.4,16776,0
20100723,16.336,18.1,15.873,18.023,21604,0
20100726,18.223,18.223,17.063,17.638,19937,0
20100727,17.764,18.129,17.381,17.879,10674,0
20100728,17.784,17.784,17.266,17.409,10969,0
20100729,18.223,18.223,16.795,17.813,6031,0
20100730,17.514,17.842,16.93,17.495,9200,0
20100802,18.061,22.148,17.553,20.899,23950,0
20100803,21.197,21.82,20.154,21.189,42254,0
20100804,21.668,21.668,20.526,21.235,9827,0
20100805,21.045,21.045,19.231,19.702,7784,0
20100806,18.703,20.008,18.032,18.512,13315,0
20100809,18.703,20.623,18.232,19.777,65360,0
20100810,19.598,20.526,18.703,18.703,67259,0
20100811,18.484,18.484,17.745,17.745,18789,0
20100812,17.581,17.975,16.785,16.785,8891,0
20100813,16.785,16.785,16.307,16.307,10691,0
20100816,16.228,17.217,16.228,16.824,6975,0
20100817,16.968,18.464,16.968,17.907,9714,0
20100818,16.881,18.194,16.785,17.735,6410,0
20100819,17.619,17.619,15.826,15.826,14724,0
20100820,15.826,17.447,15.826,16.268,14910,0
20100823,16.459,16.459,15.356,15.394,14443,0
20100824,15.346,16.047,15.346,15.577,15194,0
20100825,15.577,16.833,15.463,16.094,7940,0
20100826,16.142,16.228,15.5,15.854,3281,0
20100827,16,16.077,15.384,16.077,4812,0
20100830,15.854,17.842,15.826,16.085,16165,0
20100831,16.114,17.162,15.683,15.75,9903,0
20100901,16.028,16.708,15.797,16.585,11808,0
20100902,16.604,17.14,16.067,16.968,5106,0
20100903,17.266,17.266,16.258,16.959,5796,0
20100907,16.911,16.93,16.162,16.162,4717,0
20100908,16.419,16.419,15.691,15.826,6885,0
20100909,15.711,15.941,15.663,15.663,2926,0
20100910,16.181,16.383,15.682,15.816,3295,0
20100913,15.981,16.833,15.463,16.833,14692,0
20100914,16.862,18.944,16.862,17.59,33808,0
20100915,17.706,18.944,17.361,18.713,20697,0
20100916,18.627,18.992,18.436,18.713,11947,0
20100917,18.992,18.992,18.551,18.808,24561,0
20100920,18.789,19.173,18.789,19.107,13019,0
20100921,19.117,19.117,18.502,18.502,8277,0
20100922,18.426,18.426,17.897,17.994,5923,0
20100923,17.861,18.032,17.39,17.39,5095,0
20100924,17.553,18.12,17.323,18.12,12997,0
20100927,18.129,18.339,17.266,18.139,3721,0
20100928,18.271,18.617,17.755,18.617,5492,0
20100929,18.542,19.173,18.378,19.173,5413,0
20100930,19.177,19.313,18.842,19.313,14316,0
20101001,19.666,19.853,17.648,17.897,46005,0
20101004,17.774,18.08,17.476,17.476,9650,0
20101005,17.745,18.223,17.745,18.214,13307,0
20101006,18.232,18.713,18.003,18.407,13775,0
20101007,18.589,18.818,17.907,18.636,3999,0
20101008,18.464,18.78,18.204,18.542,13517,0
20101011,18.581,18.713,18.1,18.416,17429,0
20101012,18.214,19.182,18.214,19.166,23872,0
20101013,19.182,19.383,18.905,19.137,20962,0
20101014,19.173,19.578,19.156,19.49,18602,0
20101015,19.568,20.144,19.156,19.471,39185,0
20101018,19.646,21.103,19.646,20.526,24585,0
20101019,20.239,20.239,19.441,19.636,10671,0
20101020,19.863,20.144,19.72,20.057,7101,0
20101021,20.125,20.134,19.636,19.692,7172,0
20101022,19.702,20.125,19.702,20.085,9922,0
20101025,20.144,20.144,19.374,19.739,11572,0
20101026,19.559,19.902,19.383,19.805,6306,0
20101027,19.805,19.902,19.412,19.539,11795,0
20101028,19.786,19.786,19.156,19.211,9532,0
20101029,19.369,19.871,19.225,19.407,12641,0
20101101,19.402,19.568,19.05,19.05,5767,0
20101102,19.374,19.646,19.137,19.345,17730,0
20101103,19.441,19.902,19.374,19.902,10851,0
20101104,20.144,21.39,19.666,21.39,25518,0
20101105,21.427,21.908,21.142,21.716,16372,0
20101108,21.61,22.032,20.938,21.292,13596,0
20101109,21.045,21.772,20.729,20.767,14501,0
20101110,20.134,21.917,19.618,21.562,16553,0
20101111,21.351,22.666,21.351,22.435,16077,0
20101112,22.186,23.691,21.81,23.279,17927,0
20101115,23.51,23.874,23.127,23.403,28369,0
20101116,23.288,23.403,21.82,21.955,20578,0
20101117,22.013,22.11,21.006,21.81,23349,0
20101118,22.176,22.205,21.879,22.062,12740,0
20101119,22.1,22.233,21.82,22.138,16186,0
20101122,21.898,22.541,21.63,22.062,2764,0
20101123,21.782,22.158,21.782,22.042,6473,0
20101124,21.791,22.062,21.734,22.042,12259,0
20101126,21.839,22.013,21.725,21.879,4039,0
20101129,21.668,22.013,21.197,21.917,8030,0
20101130,21.032,22.128,20.858,20.916,100271,0
20101201,21.351,22.205,21.351,22.052,17180,0
20101202,22.052,22.128,21.341,22.062,4160,0
20101203,22.062,22.281,22.003,22.242,9196,0
20101206,22.11,23.02,22.11,22.963,6494,0
20101207,23.02,23.529,22.541,23.529,11418,0
20101208,23.625,23.883,23.625,23.74,1181,0
20101209,23.854,23.979,22.298,23.979,8996,0
20101210,23.901,23.979,23.672,23.931,23287,0
20101213,23.901,24.48,23.901,24.411,16210,0
20101214,24.642,24.688,23.653,24.688,20151,0
20101215,24.678,25.647,24.678,25.075,20222,0
20101216,25.141,25.897,24.939,25.887,25439,0
20101217,25.773,26.405,25.235,26.1,35308,0
20101220,26.272,26.512,25.773,26.512,6327,0
20101221,26.512,26.53,26.347,26.53,19862,0
20101222,26.377,27.327,25.515,27.183,22031,0
20101223,26.856,26.856,26.234,26.626,14017,0
20101227,26.856,26.992,26.377,26.972,10392,0
20101228,26.934,26.934,26.636,26.847,5204,0
20101229,26.834,26.834,26.428,26.708,5204,0
20101230,26.736,27.216,26.736,27.092,21650,0
20101231,27.23,27.809,27.191,27.528,30788,0
20110103,27.807,28.545,27.527,27.912,40908,0
20110104,28.295,28.295,27.623,27.7,23384,0
20110105,27.49,27.798,26.856,27.72,24327,0
20110106,27.72,27.72,27.537,27.642,17149,0
20110107,27.671,27.671,26.944,27.24,16384,0
20110110,27.105,27.337,26.751,26.944,14438,0
20110111,26.934,27.115,26.155,26.731,13920,0
20110112,26.972,26.972,26.712,26.79,7515,0
20110113,26.684,26.847,26.175,26.463,12038,0
20110114,25.966,27.72,25.966,27.415,18811,0
20110118,27.375,27.73,26.31,26.512,6386,0
20110119,26.904,26.904,25.897,25.897,33412,0
20110120,24.623,25.763,23.5,24.076,76095,0
20110121,25.197,25.686,24.401,24.688,18424,0
20110124,24.842,24.87,23.979,24.372,17293,0
20110125,24.189,24.87,23.999,24.431,10545,0
20110126,24.46,25.695,24.46,25.695,16085,0
20110127,25.486,25.686,23.03,23.558,26541,0
20110128,23.854,24.698,21.331,21.331,29931,0
20110131,21.552,23.592,21.34,21.581,31211,0
20110201,21.601,22.091,21.264,21.64,16407,0
20110202,21.447,22.798,21.399,22.405,6593,0
20110203,22.512,22.768,22.062,22.405,4644,0
20110204,22.281,22.425,21.292,21.698,11831,0
20110207,21.571,21.668,21.103,21.254,7772,0
20110208,21.122,21.706,21.122,21.706,13594,0
20110209,21.65,21.65,21.226,21.457,4845,0
20110210,21.235,21.457,21.235,21.447,8885,0
20110211,21.226,22.347,21.226,21.534,10314,0
20110214,21.908,22.081,21.772,21.772,5410,0
20110215,22.464,22.73,22.298,22.464,11498,0
20110216,22.484,22.924,22.484,22.924,13289,0
20110218,23.02,23.183,23.02,23.183,12666,0
20110222,22.561,22.817,22.062,22.128,14052,0
20110223,22.885,22.885,21.716,21.762,12689,0
20110224,21.869,22.242,21.254,21.524,18775,0
20110225,21.254,21.879,21.254,21.659,7607,0
20110228,21.809,22.07,21.686,22.07,6103,0
20110301,22.041,22.041,20.783,20.974,9529,0
20110302,21.091,21.416,20.014,20.34,33214,0
20110303,21.638,21.638,20.32,20.668,8757,0
20110304,20.757,20.757,20.191,20.191,7001,0
20110307,20.449,20.449,19.412,19.441,20845,0
20110308,19.656,20.343,19.646,20.333,16128,0
20110309,20.239,21.466,20.239,21.341,9158,0
20110310,20.954,20.954,20.121,20.207,11572,0
20110311,20.092,20.111,19.898,19.976,14186,0
20110314,19.815,20.144,19.51,19.568,9793,0
20110315,19.231,19.318,19.002,19.031,15864,0
20110316,19.059,19.364,19.011,19.041,17199,0
20110317,19.726,20.668,19.726,20.61,10864,0
20110318,20.755,21.091,20.475,20.706,20800,0
20110321,20.726,21.11,20.726,21.11,11254,0
20110322,21.349,22.298,21.233,22.175,11804,0
20110323,21.78,22.954,21.78,22.768,18054,0
20110324,23.021,23.241,21.751,22.261,26392,0
20110325,22.434,22.464,21.964,21.983,6001,0
20110328,21.925,23.202,21.771,22.675,26181,0
20110329,22.454,22.73,22.337,22.703,10106,0
20110330,22.675,22.964,22.561,22.827,14425,0
20110331,22.993,22.993,22.578,22.757,7272,0
20110401,22.759,22.954,22.512,22.512,10810,0
20110404,22.866,23.05,22.695,22.827,5821,0
20110405,22.703,23.05,22.703,22.711,11840,0
20110406,22.993,23.05,22.28,22.599,11059,0
20110407,22.808,22.808,21.696,21.705,12269,0
20110408,22.021,22.021,20.706,20.83,25360,0
20110411,20.83,20.83,20.131,20.131,5610,0
20110412,20.111,20.111,19.216,19.216,18082,0
20110413,19.313,19.613,19.313,19.398,51427,0
20110414,19.35,19.898,19.35,19.792,12574,0
20110415,19.496,20.169,19.216,19.515,34634,0
20110418,19.255,19.505,18.631,18.708,26275,0
20110419,18.89,18.89,18.45,18.603,17825,0
20110420,19.026,19.197,18.717,19.142,23606,0
20110421,19.323,19.642,19.206,19.389,10263,0
20110425,20.292,20.301,19.359,19.782,2296,0
20110426,20.024,20.311,19.594,20.063,9729,0
20110427,19.898,20.33,19.889,20.197,15028,0
20110428,20.649,21.003,20.6,21.003,7332,0
20110429,21.119,21.139,20.876,21.139,8858,0
20110502,20.936,21.186,20.668,20.697,6743,0
20110503,20.004,20.6,19.398,19.398,12372,0
20110504,19.294,19.594,18.939,18.939,15680,0
20110505,19.255,19.398,18.977,19.113,16253,0
20110506,19.956,19.966,18.939,19.045,10202,0
20110509,18.909,19.206,18.822,18.949,6664,0
20110510,19.226,19.811,19.084,19.554,17483,0
20110511,19.389,19.801,19.389,19.545,6441,0
20110512,19.389,19.661,19.389,19.466,9715,0
20110513,19.889,19.889,19.535,19.604,3662,0
20110516,19.689,19.689,19.35,19.35,10859,0
20110517,19.466,19.594,19.152,19.187,7746,0
20110518,19.389,19.447,19.206,19.379,11723,0
20110519,19.206,19.535,19.206,19.313,14308,0
20110520,19.333,19.594,19.084,19.093,13798,0
20110523,19.036,19.036,18.688,18.708,26639,0
20110524,18.765,18.775,18.459,18.497,24604,0
20110525,18.382,19.265,18.382,18.459,4707,0
20110526,18.468,18.939,18.246,18.929,7649,0
20110527,18.929,19.206,18.9,19.132,4823,0
20110531,19.379,19.496,18.975,19.496,21556,0
20110601,19.623,19.623,19.016,19.064,13299,0
20110602,19.064,19.35,19.016,19.016,4418,0
20110603,18.727,19.661,18.727,18.88,13739,0
20110606,19.236,19.265,19.016,19.016,14449,0
20110607,19.301,19.311,18.819,18.819,15395,0
20110608,18.791,19.042,18.724,18.753,7918,0
20110609,18.966,18.974,18.772,18.772,1802,0
20110610,18.727,19.236,18.727,18.977,5514,0
20110613,18.9,19.113,18.516,18.546,8800,0
20110614,18.756,18.812,18.546,18.785,9015,0
20110615,18.785,19.177,18.44,18.45,13141,0
20110616,18.446,18.819,18.446,18.819,5363,0
20110617,18.906,19.204,18.262,18.311,27157,0
20110620,18.314,18.556,18.114,18.256,9747,0
20110621,18.43,18.556,18.056,18.536,14132,0
20110622,18.333,18.669,18.179,18.382,5960,0
20110623,18.214,18.809,18.214,18.446,3602,0
20110624,18.465,22.986,18.465,21.082,162880,0
20110627,20.649,21.369,20.206,21.33,52330,0
20110628,21.13,21.994,20.878,21.551,34144,0
20110629,21.551,21.551,21.13,21.244,5556,0
20110630,21.252,21.707,21.061,21.698,7167,0
20110701,21.168,21.752,21.159,21.475,22466,0
20110705,21.561,22.092,21.013,21.253,4577,0
20110706,21.32,21.917,20.974,21.82,12713,0
20110707,21.791,22.158,21.59,22.023,13289,0
20110708,21.725,22.062,21.494,21.542,10086,0
20110711,21.456,21.61,20.149,20.196,12495,0
20110712,20.283,21.369,20.264,20.935,7741,0
20110713,20.916,21.398,20.802,21.178,11866,0
20110714,21.879,21.879,20.659,21.013,13899,0
20110715,21.023,21.494,21.023,21.494,10891,0
20110718,21.475,21.859,20.916,21.514,7935,0
20110719,21.649,22.149,21.35,21.908,24916,0
20110720,21.639,22.359,21.639,21.706,6844,0
20110721,21.917,22.771,21.917,22.696,27366,0
20110722,22.658,22.83,21.791,22.495,4139,0
20110725,22.272,22.272,21.639,21.908,4862,0
20110726,22.062,22.427,21.639,21.917,20706,0
20110727,21.888,21.888,20.206,20.629,21690,0
20110728,21.178,21.35,20.273,20.697,51125,0
20110729,20.644,20.702,19.369,19.938,18043,0
20110801,19.714,20.348,19.233,19.543,32773,0
20110802,19.506,19.92,19.359,19.369,10662,0
20110803,19.484,19.975,19.283,19.897,14331,0
20110804,19.753,20.887,18.801,18.801,22962,0
20110805,19.042,19.714,18.801,19.283,18557,0
20110808,18.858,19.762,17.792,17.792,82800,0
20110809,18.369,18.532,17.195,18.281,29458,0
20110810,17.792,18.252,16.937,17.311,42997,0
20110811,18.07,19.129,17.07,18.791,20166,0
20110812,18.878,19.194,18.252,18.772,8817,0
20110815,18.782,19.014,18.052,18.809,6868,0
20110816,18.599,18.984,16.772,17.773,24402,0
20110817,17.994,18.003,17.147,17.157,9440,0
20110818,16.743,17.176,16.176,16.454,25420,0
20110819,16.351,16.82,16.061,16.195,9538,0
20110822,16.733,16.733,15.994,16.321,7900,0
20110823,16.051,17.484,15.916,17.33,16226,0
20110824,16.983,17.214,16.983,17.127,4205,0
20110825,16.733,17.272,16.351,16.351,9435,0
20110826,16.321,17.282,16.321,17.157,6716,0
20110829,17.224,17.734,17.041,17.714,9350,0
20110830,17.32,17.608,16.946,17.57,5021,0
20110831,17.96,17.96,16.84,16.879,9002,0
20110901,16.878,17.301,15.868,16.071,14811,0
20110902,16.967,16.967,14.977,15.566,8540,0
20110906,15.111,15.554,14.465,14.842,16434,0
20110907,15.42,15.842,15.236,15.506,16528,0
20110908,15.862,16.317,15.16,15.16,17261,0
20110909,15.242,17.272,13.627,14.646,32555,0
20110912,15.203,16.214,13.742,16.107,13875,0
20110913,16.127,16.282,15.397,16.214,16817,0
20110914,16.59,16.723,16.195,16.714,14426,0
20110915,16.414,16.878,15.714,16.405,7798,0
20110916,16.557,16.557,16.181,16.498,25059,0
20110919,16.107,16.424,14.742,15.916,7564,0
20110920,15.945,16.424,15.465,15.503,8700,0
20110921,15.051,16.272,14.099,14.272,13946,0
20110922,14.588,14.993,13.858,14.099,29575,0
20110923,15.246,16.346,13.136,13.925,51747,0
20110926,14.907,14.907,13.887,14.704,8377,0
20110927,15.282,15.436,15.051,15.436,14343,0
20110928,15.872,16.026,14.427,14.427,11729,0
20110929,14.696,14.986,13.609,14.128,12784,0
20110930,13.979,14.288,13.64,13.736,15298,0
20111003,14.185,15.216,13.462,13.462,23987,0
20111004,13.462,14.427,12.982,14.389,37965,0
20111005,14.456,14.456,13.502,14.204,8489,0
20111006,14.417,15.352,14.138,15.352,19792,0
20111007,15.39,15.727,14.032,14.407,25470,0
20111010,14.389,16.297,14.389,16.297,19890,0
20111011,15.901,16.383,15.901,16.383,8222,0
20111012,16.44,16.479,16.171,16.479,11235,0
20111013,16.576,16.576,16.365,16.576,9945,0
20111014,16.674,16.943,16.634,16.943,20902,0
20111017,16.962,16.962,16.356,16.507,14943,0
20111018,16.624,16.865,16.4,16.826,15129,0
20111019,16.855,16.865,15.612,15.94,13494,0
20111020,16.615,16.615,15.651,16.076,6288,0
20111021,16.596,16.865,16.449,16.865,17826,0
20111024,16.826,16.962,16.527,16.962,13470,0
20111025,16.287,17.047,15.95,16.209,14623,0
20111026,16.826,16.826,15.641,16.74,15086,0
20111027,17.288,17.356,16.874,17.356,50596,0
20111028,17.328,17.529,17.192,17.347,15177,0
20111031,16.435,17.345,16.155,16.716,14551,0
20111101,16.093,17.337,14.647,14.908,11820,0
20111102,15.381,16.768,14.872,16.44,23369,0
20111103,16.778,17.087,16.102,17.067,10363,0
20111104,16.869,17.092,16.744,16.928,3463,0
20111107,16.816,16.816,16.102,16.586,5384,0
20111108,16.74,17.077,16.375,16.788,8157,0
20111109,17.028,17.107,15.747,15.901,17436,0
20111110,16.336,16.336,14.956,15.824,10063,0
20111111,15.804,16.681,15.469,16.654,9806,0
20111114,16.517,17.107,15.94,16.489,11281,0
20111115,16.4,16.933,15.574,15.891,11224,0
20111116,15.641,16.383,15.322,15.42,7854,0
20111117,15.535,15.564,15.322,15.487,13712,0
20111118,15.439,16.112,15.439,15.727,7930,0
20111121,15.42,15.901,15.322,15.322,8004,0
20111122,15.352,15.804,15.352,15.42,7456,0
20111123,15.322,15.362,14.705,14.763,23453,0
20111125,14.715,14.976,14.524,14.687,7887,0
20111128,15.197,15.535,14.936,15.526,15913,0
20111129,15.516,15.516,14.803,15.035,3687,0
20111130,15.42,16.369,15.401,16.369,27890,0
20111201,16.297,16.375,15.371,15.371,12594,0
20111202,15.737,16.132,15.332,16.036,4320,0
20111205,15.679,16.056,15.679,16.056,12725,0
20111206,16.078,16.31,16.039,16.31,14369,0
20111207,15.952,16.31,15.942,16.203,6076,0
20111208,15.788,15.788,15.131,15.141,7217,0
20111209,15.556,15.72,15.131,15.595,14304,0
20111212,15.322,15.708,15.322,15.479,18920,0
20111213,15.487,15.679,15.226,15.226,7889,0
20111214,15.062,15.16,14.956,14.986,7999,0
20111215,15.216,16.307,14.966,16.287,12009,0
20111216,15.836,16.521,15.643,16.521,24002,0
20111219,15.814,16.084,15.39,15.39,7782,0
20111220,15.891,16.73,15.777,16.73,17476,0
20111221,16.576,16.576,15.584,15.785,5134,0
20111222,16.154,16.33,15.576,16.029,9060,0
20111223,15.962,16.105,15.806,16.029,4388,0
20111227,15.923,16.34,15.779,16.049,9551,0
20111228,15.671,15.739,15.247,15.276,14888,0
20111229,15.489,16.231,15.461,16.231,8915,0
20111230,16.069,16.331,15.933,16.331,9882,0
20120103,16.648,17.217,16.648,17.139,11306,0
20120104,16.869,16.938,16.61,16.821,4088,0
20120105,16.821,16.869,16.821,16.869,2117,0
20120106,16.782,17.256,16.61,17.159,16959,0
20120109,16.414,17.159,16.174,16.483,8865,0
20120110,16.744,17.294,16.212,17.294,6534,0
20120111,17.294,17.294,16.821,17.033,6005,0
20120112,16.967,17.381,16.33,17.169,6572,0
20120113,16.792,17.139,16.58,16.908,8193,0
20120117,16.105,17.294,16.105,17.042,13995,0
20120118,17.275,17.275,16.423,17.129,21771,0
20120119,16.501,17.129,16.501,17.023,7493,0
20120120,16.928,17.139,16.772,17.101,13037,0
20120123,16.694,17.187,16.694,17.072,7705,0
20120124,16.984,17.381,16.984,17.381,9695,0
20120125,17.294,17.478,17.169,17.362,5139,0
20120126,17.149,17.381,17.149,17.342,10048,0
20120127,17.333,17.381,17.187,17.381,5135,0
20120130,17.139,17.574,17.139,17.362,20366,0
20120131,17.384,17.443,17.316,17.365,7145,0
20120201,17.381,17.574,17.217,17.458,20619,0
20120202,17.574,18.317,17.41,18.317,11117,0
20120203,18.424,18.809,18.096,18.781,20737,0
20120206,18.683,18.733,18.173,18.327,6063,0
20120207,18.376,18.376,18.008,18.008,2401,0
20120208,18.346,18.346,17.592,17.97,6503,0
20120209,18.239,18.317,17.97,18.21,3286,0
20120210,17.641,18.106,17.641,17.95,2450,0
20120213,18.23,18.278,17.67,17.96,6108,0
20120214,17.863,18.317,17.863,17.902,3768,0
20120215,18.22,18.22,17.545,17.545,11327,0
20120216,18.048,18.058,17.197,17.998,5591,0
20120217,18.106,18.154,17.797,17.912,9396,0
20120221,17.883,18.096,17.592,17.719,3417,0
20120222,17.641,17.863,17.583,17.602,2992,0
20120223,17.699,17.98,17.555,17.98,8166,0
20120224,17.99,18.191,17.902,17.96,5511,0
20120227,17.836,18.125,17.602,17.99,3348,0
20120228,18.173,18.636,18.173,18.636,12291,0
20120229,18.266,18.635,17.714,17.714,9282,0
20120301,17.41,17.748,16.754,16.772,13643,0
20120302,17.374,17.374,15.972,15.972,14868,0
20120305,15.923,16.59,15.923,16.473,9686,0
20120306,16.512,16.736,16.175,16.435,13044,0
20120307,16.493,16.65,16.271,16.522,5187,0
20120308,16.601,16.891,16.601,16.881,5142,0
20120309,16.802,17.139,16.511,16.714,12072,0
20120312,16.849,16.849,16.394,16.734,5378,0
20120313,16.57,17.052,16.57,17.052,11886,0
20120314,17.207,17.207,16.744,16.879,9568,0
20120315,16.821,17.187,16.812,17.187,7913,0
20120316,17.149,17.323,16.889,16.889,18937,0
20120319,16.638,17.284,16.638,17.266,7806,0
20120320,17.121,17.381,17.121,17.284,10915,0
20120321,16.849,17.207,16.849,16.908,12738,0
20120322,16.638,16.782,16.29,16.414,9285,0
20120323,16.464,16.92,16.184,16.92,28425,0
20120326,17.111,17.121,16.782,17.072,17823,0
20120327,17.023,17.42,16.792,17.304,10017,0
20120328,17.352,17.352,16.28,16.443,21319,0
20120329,16.405,17.035,16.311,16.502,7660,0
20120330,16.611,16.686,16.262,16.311,24188,0
20120402,16.194,16.562,16.194,16.562,10255,0
20120403,16.736,16.746,16.291,16.435,9017,0
20120404,16.64,16.64,16.069,16.069,19496,0
20120405,16.097,16.175,16.03,16.097,9329,0
20120409,15.893,15.893,15.053,15.053,16617,0
20120410,15.15,15.391,14.995,15.303,28121,0
20120411,15.48,16.572,15.293,16.522,16254,0
20120412,16.213,16.814,16.213,16.764,11355,0
20120413,16.552,16.552,15.719,16.135,21548,0
20120416,16.155,16.291,15.671,15.903,10202,0
20120417,15.962,16.444,15.575,16.271,16258,0
20120418,16.088,16.271,15.719,15.749,10468,0
20120419,15.836,16.36,15.16,15.16,9105,0
20120420,15.874,15.962,15.546,15.903,24125,0
20120423,15.575,15.992,15.43,15.507,17014,0
20120424,15.44,15.962,15.44,15.962,4893,0
20120425,16.079,16.311,15.943,16.213,11675,0
20120426,16.069,16.369,15.992,16.281,4196,0
20120427,15.962,16.252,15.962,16.242,8470,0
20120430,16.145,16.301,15.893,16.262,9652,0
20120501,16.311,16.444,15.962,15.992,12315,0
20120502,15.903,16.012,15.44,15.634,8106,0
20120503,15.556,15.913,15.44,15.797,13537,0
20120504,15.806,16.213,15.507,15.507,14078,0
20120507,15.488,15.779,15.48,15.653,5260,0
20120508,15.527,16.125,15.527,15.826,9360,0
20120509,15.874,15.953,15.594,15.594,10404,0
20120510,15.759,15.865,15.585,15.671,2336,0
20120511,15.488,15.729,15.236,15.382,13684,0
20120514,15.44,15.44,15.206,15.236,14330,0
20120515,15.372,15.653,15.313,15.401,7813,0
20120516,15.517,15.517,15.15,15.15,5411,0
20120517,15.255,15.313,14.395,14.434,9372,0
20120518,14.472,14.935,14.405,14.532,11031,0
20120521,14.55,15.372,14.55,15.313,8142,0
20120522,15.313,15.47,14.87,14.916,7565,0
20120523,14.88,15.246,14.512,14.975,9382,0
20120524,14.965,15.323,14.841,14.916,5366,0
20120525,14.995,15.236,14.665,14.742,9057,0
20120529,14.965,14.995,14.665,14.732,7892,0
20120530,14.625,14.995,14.625,14.801,6272,0
20120531,14.908,14.975,14.752,14.889,14460,0
20120601,14.762,14.898,14.532,14.752,21369,0
20120604,14.752,14.995,14.502,14.56,8500,0
20120605,14.528,14.886,14.401,14.478,16264,0
20120606,14.508,14.728,14.129,14.556,19420,0
20120607,14.69,14.808,14.293,14.45,16160,0
20120608,14.366,14.791,14.346,14.607,5419,0
20120611,14.831,14.831,13.66,13.707,16595,0
20120612,14.075,14.124,13.853,13.95,12146,0
20120613,13.97,14.027,13.746,13.833,11504,0
20120614,13.93,14.124,13.843,14.095,12117,0
20120615,13.965,14.43,13.965,14.274,42633,0
20120618,14.414,14.414,13.833,13.892,33137,0
20120619,13.998,14.366,13.912,14.326,18739,0
20120620,14.346,14.366,13.707,14.095,18272,0
20120621,14.144,14.346,13.892,14.229,33469,0
20120622,14.235,14.982,13.945,14.837,148682,0
20120625,14.55,14.841,14.395,14.395,5717,0
20120626,14.55,14.713,14.249,14.615,24331,0
20120627,14.556,14.748,14.44,14.748,14084,0
20120628,14.661,14.661,14.322,14.352,7625,0
20120629,14.752,15.7,14.615,15.69,25840,0
20120702,15.688,18.217,15.408,18.217,28279,0
20120703,17.074,17.896,17.074,17.413,28223,0
20120705,17.095,17.095,16.483,16.696,9934,0
20120706,16.434,16.64,15.991,16.281,6415,0
20120709,16.784,17.279,16.193,16.746,4923,0
20120710,16.901,16.93,16.532,16.542,17635,0
20120711,16.669,16.861,16.473,16.659,11134,0
20120712,16.492,16.794,16.231,16.63,15942,0
20120713,16.669,17.434,16.62,17.434,13242,0
20120716,17.385,17.434,16.977,17.27,12383,0
20120717,17.346,17.444,16.901,17.356,9978,0
20120718,17.385,17.444,16.804,17.444,9417,0
20120719,17.444,17.444,16.794,16.794,9603,0
20120720,16.571,17.172,16.571,16.591,7843,0
20120723,16.571,17.016,16.251,16.394,8152,0
20120724,16.434,16.901,15.872,16.33,10728,0
20120725,16.696,16.794,16.058,16.33,5227,0
20120726,16.706,16.901,16.562,16.669,4058,0
20120727,16.424,17.26,16.424,17.055,10264,0
20120730,17.016,17.327,16.784,16.784,2365,0
20120731,16.794,17.366,16.746,17.346,11807,0
20120801,17.366,17.434,16.34,16.35,18962,0
20120802,16.068,16.31,15.786,15.834,7989,0
20120803,16.532,17.279,16.33,17.006,8406,0
20120806,16.959,17.434,16.959,17.376,11251,0
20120807,17.385,17.424,16.871,17.152,10991,0
20120808,16.977,17.25,16.911,17.006,4354,0
20120809,16.94,17.23,16.851,17.201,6699,0
20120810,17.152,17.25,16.843,16.843,6190,0
20120813,16.921,17.2,16.241,16.386,8705,0
20120814,16.522,16.755,15.824,16.35,5324,0
20120815,16.144,16.679,16.105,16.659,5985,0
20120816,16.502,17.055,16.265,17.045,4841,0
20120817,16.93,17.191,16.517,17.191,9689,0
20120820,16.977,17.201,16.949,17.201,4185,0
20120821,17.201,17.444,17.191,17.23,13528,0
20120822,17.162,17.201,16.736,16.736,1996,0
20120823,16.706,17.434,16.706,17.045,6049,0
20120824,17.055,17.25,16.843,17.123,2533,0
20120827,17.25,17.434,17.24,17.434,5213,0
20120828,17.317,17.444,17.201,17.444,7455,0
20120829,17.444,17.54,17.307,17.444,12397,0
20120830,17.317,17.424,17.065,17.075,1892,0
20120831,17.297,17.54,17.123,17.181,4269,0
20120904,17.24,17.444,17.181,17.376,5182,0
20120905,17.424,17.578,17.152,17.22,9877,0
20120906,17.434,17.463,17.22,17.463,21191,0
20120907,17.444,17.444,17.424,17.444,7391,0
20120910,17.356,17.744,17.271,17.744,15233,0
20120911,17.444,17.444,16.833,17.346,15315,0
20120912,17.444,17.444,17.385,17.414,2659,0
20120913,17.434,17.684,17.025,17.675,18297,0
20120914,17.684,17.684,17.201,17.444,12938,0
20120917,17.26,17.734,17.26,17.694,12383,0
20120918,17.477,18.412,17.477,18.334,8524,0
20120919,18.324,18.402,17.578,17.607,10714,0
20120920,17.463,18.113,17.453,17.54,8239,0
20120921,17.869,18.615,17.803,18.615,31210,0
20120924,18.227,18.394,17.773,18.093,12442,0
20120925,18.188,18.442,17.946,17.956,18439,0
20120926,18.054,18.314,17.366,17.376,15226,0
20120927,17.684,17.694,17.25,17.675,7620,0
20120928,17.51,17.946,17.444,17.861,11841,0
20121001,17.627,17.927,17.54,17.684,13082,0
20121002,17.684,17.684,17.307,17.395,8169,0
20121003,17.48,18.606,17.48,18.412,20124,0
20121004,18.452,18.936,18.452,18.936,7228,0
20121005,18.936,18.936,18.48,18.732,4619,0
20121008,18.781,19.035,18.529,18.848,10743,0
20121009,18.878,19.031,18.549,18.712,6943,0
20121010,18.8,19.321,18.8,19.286,17377,0
20121011,19.286,20.558,19.187,20.47,27555,0
20121012,20.392,21.461,20.268,21.295,30838,0
20121015,21.305,21.52,20.749,21.384,35768,0
20121016,21.461,22.246,20.878,22.18,44509,0
20121017,22.044,22.75,21.557,22.482,33908,0
20121018,22.276,23.879,21.364,22.432,46978,0
20121019,22.276,22.908,21.364,22.608,42987,0
20121022,22.656,23.18,21.578,22.393,22836,0
20121023,22.2,22.294,21.044,22.044,20740,0
20121024,21.637,22.054,21.044,21.364,25246,0
20121025,21.657,22.18,21.657,21.839,5411,0
20121026,21.384,22.054,21.246,21.799,3844,0
20121031,21.889,21.889,21.132,21.819,12908,0
20121101,21.471,22.501,20.984,22.064,41320,0
20121102,22.141,22.149,20.984,21.162,16911,0
20121105,21.217,21.724,20.896,21.199,8411,0
20121106,21.266,21.349,21.171,21.325,2941,0
20121107,21.354,21.593,20.18,20.18,31521,0
20121108,20.054,20.362,18.966,18.966,15813,0
20121109,19.122,19.877,18.771,19.499,8330,0
20121112,19.529,19.985,19.277,19.39,2570,0
20121113,19.177,19.713,19.177,19.277,4664,0
20121114,19.382,19.48,18.452,18.499,41635,0
20121115,18.452,19.277,18.023,18.092,8268,0
20121116,18.422,18.432,17.383,17.985,16270,0
20121119,18.082,18.519,17.906,18.48,13350,0
20121120,18.683,18.808,18.314,18.373,12724,0
20121121,18.529,19.122,18.324,19.092,12441,0
20121123,18.809,18.917,18.432,18.499,8310,0
20121126,18.393,18.393,17.955,18.082,13560,0
20121127,18.122,18.354,17.791,18.295,15113,0
20121128,18.519,18.732,18.402,18.732,5415,0
20121129,18.848,19.112,18.848,18.956,6097,0
20121130,19.044,19.092,18.295,18.858,6457,0
20121203,17.935,18.255,17.801,18.082,36743,0
20121204,18.159,18.432,18.062,18.178,5780,0
20121205,18.314,18.995,18.314,18.8,6505,0
20121206,18.934,18.934,18.252,18.457,3553,0
20121207,18.613,19.09,18.613,18.964,3615,0
20121210,18.954,19.033,18.69,18.983,5041,0
20121211,19.033,19.36,18.934,19.351,12351,0
20121212,19.225,19.342,18.778,18.983,10915,0
20121213,18.973,18.973,18.551,18.758,3370,0
20121214,18.826,19.061,18.487,18.778,6619,0
20121217,18.453,19.351,18.453,19.16,11791,0
20121218,18.586,19.13,18.556,19.13,36567,0
20121219,19.334,19.36,19.215,19.334,18083,0
20121220,19.12,19.459,19.12,19.459,15037,0
20121221,19.459,19.459,19.14,19.36,46656,0
20121224,19.409,19.409,18.049,18.049,18653,0
20121226,18.302,18.715,18.242,18.467,7648,0
20121227,18.546,18.582,18.302,18.302,2480,0
20121228,18.467,18.648,18.292,18.409,3705,0
20121231,18.477,18.983,18.302,18.866,29277,0
20130102,19.409,19.459,19.061,19.409,30362,0
20130103,19.36,19.439,18.983,19.235,14417,0
20130104,19.351,20.918,19.1,20.869,17316,0
20130107,20.628,20.918,20.541,20.82,8736,0
20130108,20.676,20.859,20.22,20.658,13933,0
20130109,20.569,20.918,20.569,20.918,8202,0
20130110,20.696,20.903,20.696,20.812,5178,0
20130111,20.82,20.971,20.725,20.725,22316,0
20130114,20.676,21.405,20.676,21.317,15305,0
20130115,18.71,20.859,18.71,19.837,24247,0
20130116,19.518,20.725,19.518,20.628,14965,0
20130117,20.667,21.405,19.965,21.268,12882,0
20130118,21.287,21.287,20.52,20.745,9661,0
20130122,20.83,21.57,20.83,21.211,27592,0
20130123,21.503,21.503,20.947,21.134,23104,0
20130124,21.124,21.405,21.072,21.307,8244,0
20130125,21.405,21.405,20.501,20.784,7718,0
20130128,20.725,21.307,20.725,21.307,9437,0
20130129,21.357,21.793,21.211,21.523,16483,0
20130130,21.59,21.803,20.432,20.598,25932,0
20130131,20.598,21.307,20.598,21.164,14667,0
20130201,21.211,21.533,21.211,21.352,19544,0
20130204,21.164,21.182,19.342,19.712,20462,0
20130205,20.373,20.392,19.77,20.092,5537,0
20130206,19.779,20.471,19.459,20.191,13528,0
20130207,20.238,20.238,19.469,19.538,4001,0
20130208,19.508,20.529,19.508,19.703,8054,0
20130211,19.837,20.014,19.474,19.684,17182,0
20130212,19.935,19.965,19.399,19.518,14226,0
20130213,19.409,19.646,18.262,18.34,35675,0
20130214,18.156,18.292,18,18.098,561808,0
20130215,18.147,18.282,18,18.232,124501,0
20130219,18.242,18.944,18.203,18.876,124228,0
20130220,18.846,19.656,18.68,19.169,107284,0
20130221,19.176,19.37,18.973,19.15,33232,0
20130222,19.285,19.459,18.487,19.389,49330,0
20130225,19.235,19.419,18.69,18.7,33411,0
20130226,18.836,19.429,18.72,19.342,51204,0
20130227,19.314,19.693,19.13,19.16,28027,0
20130228,19.186,19.304,18.69,19.176,195622,0
20130301,18.787,19.304,18.546,18.806,31345,0
20130304,18.69,19.12,18.586,18.866,20930,0
20130305,18.973,19.205,18.671,19.169,20205,0
20130306,19.11,19.11,18.924,18.964,9638,0
20130307,18.973,19.351,18.876,19.13,19798,0
20130308,19.334,19.608,19.033,19.215,42312,0
20130311,19.081,19.449,18.905,19.186,17496,0
20130312,19.081,19.245,18.526,18.556,18161,0
20130313,18.586,19.324,18.36,18.409,51594,0
20130314,18.409,18.58,18.029,18.156,39508,0
20130315,18.203,18.487,17.863,18.098,124169,0
20130318,17.931,18.595,17.931,18.457,33901,0
20130319,18.4,18.604,18.282,18.419,12269,0
20130320,18.642,18.816,18.469,18.68,11639,0
20130321,18.487,18.576,18.302,18.526,15871,0
20130322,18.516,18.586,18.487,18.516,7378,0
20130325,18.526,18.642,18,18.272,53045,0
20130326,18.457,18.487,18.292,18.487,7743,0
20130327,18.4,18.586,18.256,18.566,25954,0
20130328,18.613,18.816,18.613,18.797,49168,0
20130401,18.876,19.196,18.768,19.14,76807,0
20130402,19.36,19.703,18.904,18.914,59009,0
20130403,19.071,19.459,18.39,18.39,25704,0
20130404,18.659,18.854,18.426,18.787,16070,0
20130405,18.485,19.205,18.446,18.584,29193,0
20130408,18.864,19.089,18.455,18.824,22561,0
20130409,18.874,19.109,18.574,18.963,21221,0
20130410,19.011,19.175,18.796,18.834,22137,0
20130411,18.864,18.972,18.426,18.757,22057,0
20130412,18.824,18.824,18.574,18.718,13494,0
20130415,18.524,18.63,17.586,17.665,48844,0
20130416,18.026,18.135,17.813,17.87,46107,0
20130417,17.87,18.259,16.758,17.257,51621,0
20130418,17.247,18.601,16.964,17.977,48213,0
20130419,18.036,18.426,17.928,18.23,30275,0
20130422,18.145,18.387,17.724,18.026,25278,0
20130423,17.987,18.318,17.967,18.154,29019,0
20130424,18.22,18.368,17.987,18.259,17295,0
20130425,18.269,18.514,18.191,18.426,10172,0
20130426,18.397,18.611,18.23,18.23,14445,0
20130429,18.328,18.64,18.328,18.592,8938,0
20130430,18.544,18.544,17.909,18.163,37225,0
20130501,18.135,18.338,17.616,18.036,46420,0
20130502,18.085,18.514,18.085,18.436,9173,0
20130503,18.514,18.718,18.075,18.659,21159,0
20130506,18.584,18.8,18.299,18.601,18154,0
20130507,18.574,18.834,18.574,18.804,32650,0
20130508,18.796,19.011,18.62,19.002,49648,0
20130509,19.011,19.06,18.62,18.923,29114,0
20130510,18.864,19.099,18.814,18.972,7214,0
20130513,18.933,19.109,18.692,19.099,9139,0
20130514,19.08,19.089,18.824,19.041,15513,0
20130515,18.923,19.099,18.777,18.992,19658,0
20130516,18.874,19.002,18.767,18.972,22239,0
20130517,18.992,19.254,18.864,19.159,36760,0
20130520,19.254,19.399,19.185,19.185,10354,0
20130521,19.323,19.37,19.205,19.205,7287,0
20130522,19.224,19.468,18.824,18.874,21237,0
20130523,18.64,19.002,18.584,18.678,14065,0
20130524,18.62,19.011,18.62,18.963,8524,0
20130528,19.293,19.313,19.119,19.303,19792,0
20130529,19.109,19.109,18.698,18.903,31560,0
20130530,18.953,18.963,18.864,18.943,12841,0
20130531,18.75,19.171,18.721,18.946,22227,0
20130603,19.139,19.139,18.864,18.963,43568,0
20130604,18.963,19.05,18.728,18.874,32326,0
20130605,18.864,19.07,18.499,18.592,18186,0
20130606,18.62,18.688,18.554,18.688,24894,0
20130607,18.767,18.982,18.688,18.982,17900,0
20130610,19.011,19.205,18.524,18.854,14999,0
20130611,18.738,19.741,18.718,19.588,63238,0
20130612,19.693,20.24,19.647,20.093,53765,0
20130613,20.065,20.23,19.656,19.829,35855,0
20130614,19.848,19.931,19.703,19.731,25723,0
20130617,19.976,20.221,19.608,19.838,24749,0
20130618,19.867,20.172,19.829,20.055,17006,0
20130619,20.201,20.23,20.045,20.103,13634,0
20130620,19.897,20.123,19.77,19.995,30936,0
20130621,20.065,20.143,19.598,19.858,57246,0
20130624,19.528,19.877,19.089,19.168,22874,0
20130625,19.341,19.468,18.544,18.64,41125,0
20130626,18.708,19.012,18.601,18.923,22465,0
20130627,19.119,19.986,18.864,19.976,34016,0
20130628,20.025,20.307,19.636,20.24,93987,0
20130701,20.123,20.989,20.123,20.872,49486,0
20130702,20.959,21.428,20.81,21.252,20928,0
20130703,21.056,21.416,20.996,21.221,12449,0
20130705,21.388,21.796,21.145,21.796,16222,0
20130708,21.886,21.973,20.626,20.996,48783,0
20130709,20.996,21.24,20.665,20.897,23982,0
20130710,20.82,21.24,20.178,20.734,33121,0
20130711,20.859,20.966,20.05,20.937,38754,0
20130712,20.839,21.046,20.557,20.606,7899,0
20130715,20.518,21.125,20.449,20.976,34623,0
20130716,21.076,21.486,20.754,21.318,21290,0
20130717,21.288,21.288,20.754,20.792,29419,0
20130718,20.587,20.996,20.44,20.744,31634,0
20130719,20.606,20.754,20.528,20.724,20444,0
20130722,20.685,20.917,20.656,20.792,18587,0
20130723,20.765,21.476,20.765,21.318,21485,0
20130724,21.298,21.535,21.221,21.278,48885,0
20130725,21.212,21.632,21.135,21.212,37930,0
20130726,21.066,21.368,20.754,20.811,33452,0
20130729,20.849,21.218,20.695,21.125,9425,0
20130730,21.24,21.699,21.24,21.582,34505,0
20130731,21.563,22.209,21.563,21.914,37713,0
20130801,22.111,22.169,21.729,21.993,19099,0
20130802,21.876,22.012,21.582,21.747,7125,0
20130805,21.661,21.953,21.304,21.856,10371,0
20130806,21.747,21.944,21.416,21.777,16091,0
20130807,21.612,21.806,21.249,21.652,21371,0
20130808,21.71,21.973,21.259,21.368,26617,0
20130809,21.397,21.886,21.232,21.866,22471,0
20130812,21.71,21.953,21.535,21.876,11574,0
20130813,21.767,21.914,21.661,21.816,15437,0
20130814,21.535,21.796,20.996,21.505,26258,0
20130815,21.328,21.328,20.509,20.656,42578,0
20130816,20.518,21.202,20.44,20.509,57299,0
20130819,21.036,21.221,19.552,19.651,35001,0
20130820,19.756,20.675,19.582,20.079,26844,0
20130821,20,20.763,19.931,20.292,20708,0
20130822,20.331,21.249,20.331,21.164,25305,0
20130823,21.086,21.486,21.086,21.397,23786,0
20130826,21.076,21.632,21.016,21.259,15149,0
20130827,21.016,21.446,20.889,21.23,30056,0
20130828,21.174,21.622,20.927,21.278,33876,0
20130829,21.046,22.169,20.744,22.14,39566,0
20130830,21.977,21.977,20.831,21.223,43590,0
20130903,21.368,21.486,20.538,20.744,28371,0
20130904,21.145,21.318,20.646,21.23,19928,0
20130905,21.446,21.747,21.212,21.563,12576,0
20130906,21.691,22.581,21.026,22.101,57731,0
20130909,22.227,22.333,21.338,22.067,31860,0
20130910,22.333,22.452,21.7,21.963,44604,0
20130911,21.924,22.246,21.896,22.179,34977,0
20130912,22.179,22.94,22.15,22.472,86026,0
20130913,22.581,22.97,22.581,22.97,41471,0
20130916,22.95,23.438,22.872,23.243,49841,0
20130917,23.369,24.756,23.319,24.405,75927,0
20130918,24.415,25.09,23.995,24.834,40304,0
20130919,24.667,24.952,23.477,24.375,45806,0
20130920,24.465,25.51,24.142,25.293,62373,0
20130923,25.166,25.578,24.746,25.539,44049,0
20130924,25.42,26.367,25.351,25.919,48601,0
20130925,26.105,26.172,25.099,25.108,17612,0
20130926,25.196,25.578,24.612,24.893,18840,0
20130927,24.707,25.683,24.707,25.293,23652,0
20130930,25.419,25.419,24.94,25.117,13803,0
20131001,25.128,25.664,25.001,25.147,23756,0
20131002,25.196,25.5,24.707,24.736,21932,0
20131003,25.097,25.097,24.149,24.313,17498,0
20131004,24.214,24.94,24.214,24.91,15722,0
20131007,24.656,24.979,24.362,24.472,11514,0
20131008,24.472,25.116,24.13,24.392,24436,0
20131009,24.519,24.94,24.101,24.214,14213,0
20131010,24.529,25.049,24.303,24.871,29649,0
20131011,24.784,25.878,24.784,25.878,47033,0
20131014,26.075,26.622,25.977,26.534,31696,0
20131015,26.406,26.739,26.115,26.291,40080,0
20131016,26.396,26.779,25.839,25.839,32003,0
20131017,25.811,26.281,25.419,26.046,21984,0
20131018,26.261,26.261,25.878,26.115,28223,0
20131021,26.055,26.301,25.692,25.977,26481,0
20131022,25.987,26.505,25.801,26.455,17637,0
20131023,26.406,26.799,25.898,26.425,23004,0
20131024,26.425,26.594,25.967,26.182,44420,0
20131025,26.367,26.406,25.918,26.133,45295,0
20131028,26.455,26.455,26.036,26.172,31081,0
20131029,26.367,26.739,25.839,26.115,65744,0
20131030,25.948,26.544,25.928,26.075,23925,0
20131031,26.192,26.212,25.301,25.761,18783,0
20131101,25.918,26.301,24.802,25.106,48259,0
20131104,25.097,25.479,24.549,24.774,51327,0
20131105,25.029,25.059,24.725,24.93,14724,0
20131106,25.069,25.204,24.589,25.088,14887,0
20131107,25.252,25.252,23.747,24.158,24437,0
20131108,24.13,25.39,24.13,24.372,16870,0
20131111,24.412,25.097,24.022,24.274,42841,0
20131112,24.139,24.452,23.325,23.63,33128,0
20131113,23.592,24.744,22.846,23.325,45397,0
20131114,23.257,23.765,22.945,23.512,15559,0
20131115,23.454,23.765,22.515,23.171,44987,0
20131118,23.18,23.296,22.738,22.995,48771,0
20131119,22.945,24.012,22.347,23.601,43352,0
20131120,23.601,23.942,22.995,23.572,28914,0
20131121,23.687,24.012,23.404,23.747,21984,0
20131122,23.747,24.012,23.542,23.864,27503,0
20131125,23.756,24.158,23.464,23.992,27503,0
20131126,23.942,24.599,23.824,24.121,35378,0
20131127,24.061,25.154,24.061,24.881,42107,0
20131129,25.069,25.811,25.069,25.772,23716,0
20131202,25.839,26.142,24.842,24.842,32003,0
20131203,24.891,25.146,24.343,24.638,31389,0
20131204,24.412,24.93,24.343,24.599,21164,0
20131205,24.402,24.675,24.149,24.609,11452,0
20131206,24.725,24.999,23.982,24.149,31696,0
20131209,24.091,24.499,22.738,23.277,61448,0
20131210,22.347,23.601,22.347,23.228,38853,0
20131211,22.905,23.053,22.565,22.747,18917,0
20131212,22.757,23.082,22.738,22.905,13599,0
20131213,23.043,23.238,22.692,22.915,21984,0
20131216,22.945,23.454,22.796,23.444,15849,0
20131217,23.375,23.375,22.701,22.975,12270,0
20131218,22.975,23.287,22.701,23.152,18568,0
20131219,23.267,23.385,22.955,22.975,16052,0
20131220,23.072,26.789,23.072,26.613,463887,0
20131223,26.301,26.387,25.987,26.319,80774,0
20131224,26.182,26.416,26.182,26.301,31775,0
20131226,26.463,26.532,26.043,26.443,15826,0
20131227,26.562,26.562,26.102,26.268,16418,0
20131230,26.385,26.385,25.808,26.13,16394,0
20131231,26.199,26.552,25.955,26.043,38594,0
20140102,25.974,26.395,25.718,25.955,24341,0
20140103,26.052,26.385,25.788,25.925,20793,0
20140106,25.974,26.355,25.827,25.845,51562,0
20140107,26.072,26.345,25.817,25.955,37540,0
20140108,25.905,26.062,25.689,25.905,23178,0
20140109,25.935,26.423,25.925,26.345,23178,0
20140110,26.414,26.845,26.159,26.845,55850,0
20140113,25.278,25.699,24.095,25.005,83621,0
20140114,24.857,24.857,23.768,23.858,58608,0
20140115,23.838,24.209,22.769,22.968,92229,0
20140116,22.749,23.192,21.958,22.468,105370,0
20140117,22.468,22.507,22.135,22.194,39922,0
20140121,22.135,22.74,22.135,22.319,52073,0
20140122,22.408,22.478,22.261,22.428,59740,0
20140123,22.339,22.478,22.277,22.339,40499,0
20140124,22.184,22.468,21.8,21.958,46253,0
20140127,22.087,22.478,21.84,21.86,54684,0
20140128,21.949,22.077,21.733,21.84,40434,0
20140129,21.566,22.037,20.469,20.715,96488,0
20140130,20.85,21.498,20.705,21.281,45058,0
20140131,20.978,21.469,20.312,20.341,50746,0
20140203,21.429,22.74,19.649,20.38,153547,0
20140204,20.39,21.147,20.176,20.686,27057,0
20140205,20.666,20.666,19.832,20.274,50645,0
20140206,20.793,20.793,19.95,20.088,35254,0
20140207,20.118,20.705,19.871,20.187,33521,0
20140210,20.225,20.597,19.921,20.568,41353,0
20140211,20.686,20.87,20.49,20.705,28565,0
20140212,20.793,20.798,20.548,20.637,68503,0
20140213,20.578,21.018,20.41,20.87,38724,0
20140214,20.86,21.117,20.479,20.588,25499,0
20140218,20.568,21.108,20.568,21.068,23787,0
20140219,20.929,20.929,20.518,20.568,29562,0
20140220,20.657,21.194,20.568,20.909,29787,0
20140221,21.048,21.098,20.666,20.735,52552,0
20140224,20.812,20.978,20.627,20.812,32696,0
20140225,20.863,20.934,20.607,20.637,15138,0
20140226,20.725,20.725,20.4,20.597,40859,0
20140227,20.617,20.696,20.499,20.597,24971,0
20140228,20.87,20.87,20.538,20.627,39933,0
20140303,20.588,20.774,20.518,20.676,27814,0
20140304,20.899,22.037,20.86,21.281,55341,0
20140305,21.301,21.537,21.204,21.429,19897,0
20140306,21.409,21.683,20.939,21.586,18136,0
20140307,21.88,22.869,21.86,22.418,26932,0
20140310,22.418,22.869,22.281,22.703,25223,0
20140311,21.82,22.694,21.518,21.81,43298,0
20140312,21.791,21.939,21.429,21.9,15679,0
20140313,22.007,22.077,21.449,21.498,57419,0
20140314,21.459,21.685,20.939,21.616,27650,0
20140317,21.646,22.448,21.616,22.096,26765,0
20140318,23.451,23.451,22.135,23.211,29289,0
20140319,23.27,23.348,22.73,23.095,39945,0
20140320,22.958,23.181,22.586,22.789,24579,0
20140321,22.958,22.958,22.096,22.223,73462,0
20140324,22.898,22.898,22.047,22.184,37822,0
20140325,22.232,22.684,21.636,21.751,42682,0
20140326,21.968,22.428,21.088,22.204,70656,0
20140327,22.389,22.684,22.087,22.184,60479,0
20140328,22.299,22.626,22.214,22.369,21273,0
20140331,22.606,22.626,22.164,22.214,51016,0
20140401,22.389,22.389,22.037,22.204,45522,0
20140402,22.379,22.428,21.988,22.126,35458,0
20140403,22.074,22.153,21.701,21.739,19002,0
20140404,21.758,21.822,21.044,21.104,66437,0
20140407,21.2,21.435,20.701,21.123,36759,0
20140408,21.514,21.583,21.24,21.504,22701,0
20140409,21.485,22.337,21.387,22.172,37130,0
20140410,22.103,22.307,21.633,21.711,34888,0
20140411,21.563,21.563,21.143,21.191,28684,0
20140414,21.2,21.337,21.094,21.143,29390,0
20140415,21.123,21.455,20.885,21.191,11264,0
20140416,20.166,21.887,20.166,21.544,31396,0
20140417,21.143,22.004,21.143,21.907,34344,0
20140421,21.633,22.565,21.633,22.436,96876,0
20140422,22.436,22.828,22.222,22.788,51764,0
20140423,22.709,22.709,22.448,22.682,34905,0
20140424,21.865,22.897,21.865,22.682,26854,0
20140425,22.682,22.748,22.486,22.682,32131,0
20140428,22.682,23.25,22.416,22.653,44643,0
20140429,22.858,22.977,22.594,22.719,29887,0
20140430,22.614,22.739,22.416,22.535,57609,0
20140501,22.377,22.466,21.748,22.143,61632,0
20140502,22.249,22.515,22.182,22.269,46645,0
20140505,22.212,22.416,21.239,21.847,84490,0
20140506,21.692,21.73,21.445,21.662,36923,0
20140507,21.529,21.778,21.529,21.701,17607,0
20140508,21.682,21.807,21.21,21.287,33429,0
20140509,21.133,21.229,20.368,21.074,52172,0
20140512,21.398,21.73,20.957,21.73,63142,0
20140513,21.603,21.653,21.514,21.534,29296,0
20140514,21.682,21.682,21.074,21.248,27952,0
20140515,21.337,21.337,20.573,20.855,32890,0
20140516,20.808,21.038,20.681,20.855,12175,0
20140519,20.954,21.405,20.691,21.239,14903,0
20140520,20.789,21.425,20.789,21.133,36539,0
20140521,21.113,21.648,20.857,21.415,27340,0
20140522,21.405,22.525,21.405,22.496,26241,0
20140523,22.525,23.24,22.307,22.357,69115,0
20140527,22.644,22.788,22.352,22.486,28066,0
20140528,22.545,22.778,21.857,22.387,71824,0
20140529,22.337,22.798,22.07,22.758,24715,0
20140530,22.848,23.055,22.644,22.957,41837,0
20140602,22.788,22.858,22.024,22.486,69413,0
20140603,22.476,22.828,22.034,22.034,34853,0
20140604,22.387,22.506,21.758,21.837,32351,0
20140605,22.123,22.798,22.044,22.788,20930,0
20140606,22.987,23.006,22.327,22.506,24874,0
20140609,22.396,23.006,22.233,22.739,30753,0
20140610,23.016,23.24,22.624,22.858,56470,0
20140611,22.887,22.887,22.456,22.624,48781,0
20140612,22.653,22.758,22.446,22.545,43335,0
20140613,22.604,22.788,22.337,22.525,43590,0
20140616,22.565,22.907,22.515,22.798,28875,0
20140617,22.701,22.858,22.182,22.545,44862,0
20140618,22.545,22.848,22.367,22.594,73083,0
20140619,22.709,22.729,22.357,22.466,35940,0
20140620,22.634,22.758,22.456,22.565,64897,0
20140623,22.584,22.662,22.367,22.496,23430,0
20140624,22.327,22.653,22.054,22.074,58811,0
20140625,22.034,22.259,21.504,21.887,75956,0
20140626,21.827,21.936,21.277,21.778,36568,0
20140627,21.583,22.202,21.567,21.692,168661,0
20140630,21.797,22.113,21.377,21.553,56519,0
20140701,21.553,22.565,21.465,22.406,48410,0
20140702,22.501,22.824,22.117,22.254,34285,0
20140703,22.292,22.461,22.225,22.362,10436,0
20140707,22.382,22.382,21.821,21.861,26435,0
20140708,21.782,22.167,21.261,22.078,35999,0
20140709,22.147,22.147,21.762,21.94,16145,0
20140710,21.517,21.626,21.33,21.399,35922,0
20140711,21.33,21.537,21.33,21.438,18289,0
20140714,21.656,21.782,21.35,21.576,17539,0
20140715,21.546,21.546,20.837,21.261,32232,0
20140716,21.155,21.28,20.896,21.145,24573,0
20140717,21.086,21.33,20.712,20.752,31826,0
20140718,20.683,21.461,20.673,21.38,24708,0
20140721,21.184,21.34,21.046,21.184,12617,0
20140722,21.537,21.626,21.232,21.497,37539,0
20140723,21.478,21.861,21.478,21.76,16485,0
20140724,21.792,21.989,21.066,21.566,27973,0
20140725,21.507,21.636,21.026,21.35,34943,0
20140728,21.37,21.626,21.106,21.184,19304,0
20140729,21.36,21.743,21.096,21.656,26632,0
20140730,21.801,22.012,21.646,21.792,17850,0
20140731,21.724,21.831,21.676,21.676,40262,0
20140801,21.801,21.801,21.261,21.497,50729,0
20140804,21.546,21.616,20.966,21.212,63053,0
20140805,21.135,21.203,20.742,20.781,18656,0
20140806,20.613,21.35,20.613,21.28,36488,0
20140807,21.31,21.556,20.956,21.527,14991,0
20140808,21.497,21.851,21.35,21.705,22105,0
20140811,21.861,22.362,21.448,22.274,22414,0
20140812,22.097,22.302,21.949,21.989,12504,0
20140813,21.998,22.362,21.998,22.362,14867,0
20140814,22.51,22.609,22.187,22.471,14892,0
20140815,22.362,22.609,21.821,22.028,21121,0
20140818,22.197,22.56,22.008,22.312,14463,0
20140819,22.264,22.599,22.127,22.431,10963,0
20140820,22.147,22.264,21.969,22.058,31732,0
20140821,22.068,22.068,21.724,21.762,24195,0
20140822,21.811,22.599,21.743,22.471,30447,0
20140825,22.451,22.784,22.451,22.609,25261,0
20140826,22.742,23.021,22.589,22.953,35466,0
20140827,23.1,23.247,23.1,23.198,8820,0
20140828,23.16,24.084,23.16,23.67,35773,0
20140829,23.749,23.866,23.593,23.816,35066,0
20140902,23.816,24.209,23.523,23.816,19961,0
20140903,23.886,24.055,23.602,23.631,14118,0
20140904,23.786,23.935,23.621,23.621,14325,0
20140905,23.593,23.836,23.593,23.806,13359,0
20140908,23.836,24.397,23.593,24.318,51661,0
20140909,24.328,24.525,23.866,23.866,54212,0
20140910,24.575,24.712,23.593,24.525,83935,0
20140911,24.525,24.575,24.089,24.545,55038,0
20140912,24.545,24.575,24.064,24.18,40112,0
20140915,24.318,24.318,23.689,24.199,38468,0
20140916,24.035,24.328,23.985,24.229,20900,0
20140917,24.298,24.328,23.732,24.124,60039,0
20140918,24.142,24.234,23.886,24.094,83922,0
20140919,24.142,24.328,23.631,24.094,68868,0
20140922,23.876,24.064,23.394,24.005,34228,0
20140923,23.856,23.935,23.454,23.689,64234,0
20140924,23.67,23.786,23.503,23.729,38425,0
20140925,23.602,23.689,23.08,23.543,30294,0
20140926,23.375,23.749,23.375,23.709,25328,0
20140929,23.345,23.796,23.345,23.796,20788,0
20140930,23.573,23.836,23.237,23.286,38877,0
20141001,23.11,23.473,22.903,23.002,50897,0
20141002,22.968,23.479,22.709,23.175,22208,0
20141003,23.539,23.539,22.997,23.272,16613,0
20141006,23.017,23.617,22.849,23.519,29729,0
20141007,23.292,23.509,22.839,22.869,13169,0
20141008,22.888,23.893,22.719,23.686,33587,0
20141009,23.745,23.745,22.633,23.627,43214,0
20141010,23.627,23.902,23.282,23.589,44481,0
20141013,23.479,23.952,23.361,23.41,35916,0
20141014,23.617,24.032,23.617,23.813,39183,0
20141015,23.589,24.121,23.095,24.052,29372,0
20141016,23.637,24.101,23.207,23.992,25222,0
20141017,24.139,24.543,23.39,23.666,22625,0
20141020,23.519,23.902,23.499,23.883,27319,0
20141021,23.515,24.475,23.515,24.286,21656,0
20141022,24.276,24.316,23.735,24.169,17994,0
20141023,24.326,24.553,23.823,24.286,37006,0
20141024,24.336,24.336,23.695,24.306,25242,0
20141027,24.276,24.475,23.972,24.375,13887,0
20141028,24.385,24.622,24.206,24.603,35587,0
20141029,24.553,25.548,24.13,24.583,89664,0
20141030,23.843,24.622,23.843,24.593,33505,0
20141031,25.114,25.31,24.533,25.271,28521,0
20141103,25.114,25.704,24.867,24.867,65592,0
20141104,25.026,25.34,24.174,25.271,11267,0
20141105,25.39,25.556,24.622,24.622,44251,0
20141106,24.68,25.104,24.543,24.769,38848,0
20141107,24.739,24.917,24.306,24.71,37540,0
20141110,24.779,25.212,24.749,25.124,32783,0
20141111,25.095,25.33,24.759,25.124,21567,0
20141112,25.036,25.452,24.937,25.33,21295,0
20141113,25.31,25.32,25.144,25.173,22523,0
20141114,25.203,25.36,24.966,25.36,20649,0
20141117,25.37,25.409,24.966,25.409,32515,0
20141118,25.4,25.509,25.223,25.223,10681,0
20141119,25.548,25.548,24.818,24.966,20891,0
20141120,24.966,25.39,24.966,25.232,11642,0
20141121,25.606,25.606,24.828,24.828,19924,0
20141124,24.986,25.32,24.907,25.104,14732,0
20141125,25.173,25.31,24.867,25.281,41534,0
20141126,25.173,25.4,24.887,25.066,51768,0
20141128,25.32,25.833,25.006,25.261,37751,0
20141201,25.124,25.261,24.435,24.72,25479,0
20141202,24.739,25.3,24.72,24.956,19514,0
20141203,25.092,25.092,24.67,24.897,31461,0
20141204,24.877,25.076,24.365,24.877,29599,0
20141205,24.818,25.281,24.69,24.897,22243,0
20141208,25.183,25.449,24.485,25.056,25059,0
20141209,25.066,25.597,24.543,25.35,52545,0
20141210,25.213,25.213,24.622,24.68,22310,0
20141211,24.651,25.066,24.435,24.622,35237,0
20141212,24.286,24.67,24.091,24.226,28383,0
20141215,24.226,24.465,23.676,23.803,31770,0
20141216,23.902,24.101,23.823,23.932,28550,0
20141217,24.081,24.405,23.193,24.111,50484,0
20141218,24.246,24.779,24.101,24.72,26516,0
20141219,24.563,24.632,24.002,24.513,55402,0
20141222,24.603,24.603,24.187,24.543,19139,0
20141223,24.543,25.124,23.893,25.006,18532,0
20141224,24.991,25.405,24.833,25.158,9086,0
20141226,25.051,25.276,24.764,25.011,21294,0
20141229,24.872,25.266,24.872,25.091,9461,0
20141230,24.961,25.168,24.764,24.971,11184,0
20141231,24.961,25.149,24.577,24.646,20395,0
20150102,24.616,24.764,24.23,24.527,34524,0
20150105,24.27,24.616,24.084,24.498,32936,0
20150106,24.469,24.498,23.698,23.945,30809,0
20150107,24.2,24.23,23.471,23.896,50242,0
20150108,24.114,24.142,23.748,24.064,15091,0
20150109,23.945,24.162,23.214,23.224,25786,0
20150112,23.077,23.264,22.683,22.74,40414,0
20150113,19.781,23.087,19.752,21.251,180547,0
20150114,21.242,21.833,20.955,21.607,71291,0
20150115,21.498,22.445,20.383,20.64,82938,0
20150116,20.551,20.61,19.585,19.752,96091,0
20150120,19.821,20.63,19.545,20.353,169906,0
20150121,20.217,20.6,20.018,20.117,76450,0
20150122,20.117,20.531,19.91,20.383,115512,0
20150123,20.442,21.154,20.107,21.035,102637,0
20150126,21.154,21.429,20.955,21.31,26055,0
20150127,21.3,21.39,20.784,21.3,51309,0
20150128,21.104,21.3,20.965,21.055,36899,0
20150129,21.055,21.489,20.779,21.37,48196,0
20150130,21.124,22.2,20.353,20.521,45363,0
20150202,20.72,20.72,20.044,20.62,52177,0
20150203,20.591,20.798,20.008,20.571,54597,0
20150204,20.6,20.74,20.008,20.177,52828,0
20150205,20.197,20.808,19.86,20.61,61200,0
20150206,20.66,20.74,20.207,20.266,46438,0
20150209,20.187,20.294,19.791,19.811,32607,0
20150210,19.969,20.008,19.565,19.732,57934,0
20150211,19.644,19.811,19.545,19.615,25745,0
20150212,19.664,20.077,19.565,19.959,42670,0
20150213,20.008,20.285,19.772,20.028,27767,0
20150217,20.275,20.561,20.167,20.433,20669,0
20150218,20.591,22.179,20.472,21.813,67065,0
20150219,21.813,21.982,21.212,21.617,46607,0
20150220,21.706,21.706,20.296,20.383,27001,0
20150223,20.413,20.561,20.008,20.492,29876,0
20150224,20.502,20.67,19.91,20.313,28456,0
20150225,20.779,21.105,20.63,20.7,27523,0
20150226,20.779,20.798,20.472,20.571,23475,0
20150227,20.61,20.808,20.393,20.62,31287,0
20150302,20.71,21.055,20.64,21.015,17635,0
20150303,21.025,21.174,20.73,20.965,17331,0
20150304,20.955,21.4,20.905,21.134,26352,0
20150305,21.114,21.212,20.866,21.005,19663,0
20150306,20.965,21.38,20.915,21.075,32636,0
20150309,21.085,21.212,20.965,21.212,21082,0
20150310,21.075,21.409,21.065,21.261,51691,0
20150311,21.31,21.419,21.164,21.232,22197,0
20150312,21.4,22.081,21.4,22.071,20271,0
20150313,21.883,22.19,21.706,22.071,23007,0
20150316,22.17,22.425,21.706,21.853,32028,0
20150317,21.843,22.248,21.764,22.081,16015,0
20150318,22.081,22.1,21.429,21.873,22197,0
20150319,21.863,22.19,21.754,21.992,18042,0
20150320,22.15,22.72,22.15,22.555,55139,0
20150323,22.76,22.76,22.366,22.505,20069,0
20150324,22.604,22.79,22.525,22.76,12872,0
20150325,22.79,22.79,21.853,21.863,19360,0
20150326,21.893,22.021,21.4,21.952,20069,0
20150327,21.922,22.071,21.647,21.903,14392,0
20150330,21.873,22.366,21.873,22.1,21183,0
20150331,22.081,22.19,21.31,21.508,19869,0
20150401,21.375,22.017,21.365,21.958,18813,0
20150402,21.879,21.879,21.523,21.602,22050,0
20150406,21.523,21.75,21.395,21.662,13958,0
20150407,21.78,21.79,21.493,21.582,7961,0
20150408,21.662,22.116,21.572,21.938,18713,0
20150409,22.007,22.303,21.602,22.255,18057,0
20150410,22.422,22.798,22.422,22.69,19320,0
20150413,22.601,22.641,21.859,21.997,22758,0
20150414,22.067,22.333,21.997,22.196,12846,0
20150415,22.265,22.994,22.235,22.927,29882,0
20150416,22.768,23.718,22.665,23.55,38168,0
20150417,23.362,23.718,23.075,23.253,38032,0
20150420,23.421,23.421,23.125,23.342,19600,0
20150421,23.273,23.421,23.075,23.203,26463,0
20150422,23.233,23.431,23.115,23.184,11036,0
20150423,23.145,23.283,23.145,23.243,10318,0
20150424,23.273,23.431,23.233,23.411,15460,0
20150427,23.431,23.945,23.283,23.58,49259,0
20150428,23.51,23.935,23.51,23.688,28577,0
20150429,23.59,23.619,23.352,23.352,28828,0
20150430,23.5,23.5,22.303,22.68,39042,0
20150501,22.582,23.006,22.522,22.838,30648,0
20150504,23.155,23.155,22.582,22.641,10419,0
20150505,22.482,22.591,21.503,21.829,24680,0
20150506,21.849,22.171,21.701,21.948,18896,0
20150507,21.78,22.007,21.78,21.918,17862,0
20150508,22.017,22.017,21.622,21.78,21847,0
20150511,21.75,22.037,21.75,21.899,21343,0
20150512,21.454,21.73,21.454,21.484,15229,0
20150513,21.572,21.78,21.395,21.523,10924,0
20150514,21.602,22.245,21.592,22.196,28322,0
20150515,22.196,22.225,21.77,22.176,13079,0
20150518,22.206,22.591,22.176,22.393,32669,0
20150519,22.393,22.502,22.043,22.383,12084,0
20150520,22.422,22.462,22.136,22.343,4350,0
20150521,22.373,22.718,22.303,22.422,7889,0
20150522,22.393,22.393,21.829,22.007,26298,0
20150526,21.829,21.829,21.454,21.682,28749,0
20150527,21.662,22.027,21.503,22.027,8295,0
20150528,21.79,21.79,21.335,21.335,22797,0
20150529,21.265,21.533,21.265,21.395,23467,0
20150601,21.414,21.592,21.216,21.404,18418,0
20150602,21.345,21.543,21.226,21.255,14920,0
20150603,21.385,21.75,21.355,21.75,13453,0
20150604,21.602,21.602,21.305,21.375,9508,0
20150605,21.395,21.404,21.089,21.395,14262,0
20150608,21.474,21.632,21.245,21.395,17094,0
20150609,21.434,22.353,21.345,22.037,49001,0
20150610,21.226,22.156,21.226,21.74,69941,0
20150611,21.77,21.799,20.909,21.444,55725,0
20150612,21.335,21.76,21.138,21.711,34390,0
20150615,21.572,21.612,20.919,20.919,29939,0
20150616,20.919,21.009,20.83,20.909,18509,0
20150617,21.059,21.404,21.039,21.108,20937,0
20150618,21.255,21.672,20.909,21.632,27209,0
20150619,21.572,22.323,21.493,22.146,59374,0
20150622,22.492,22.66,22.284,22.532,29332,0
20150623,22.611,22.718,22.552,22.621,16376,0
20150624,22.502,22.728,22.432,22.432,24073,0
20150625,22.522,22.718,22.265,22.412,17094,0
20150626,22.552,22.738,22.542,22.738,67668,0
20150629,22.631,22.631,21.562,21.652,33581,0
20150630,21.997,22.373,21.75,21.978,19844,0
20150701,21.894,22.141,21.161,21.18,24328,0
20150702,21.279,21.279,20.863,21.062,18876,0
20150706,20.972,21.102,20.853,20.853,18775,0
20150707,20.912,21.032,20.517,20.883,20189,0
20150708,20.843,21.229,20.318,20.398,19078,0
20150709,20.695,20.902,19.863,20.11,25740,0
20150710,20.289,21.171,19.903,21.042,32403,0
20150713,21.319,21.319,20.755,20.795,29173,0
20150714,20.843,20.952,20.785,20.813,21795,0
20150715,20.873,20.873,20.497,20.576,11776,0
20150716,20.775,20.932,20.308,20.428,23014,0
20150717,20.477,20.912,20.378,20.695,25034,0
20150720,20.853,20.853,20.071,20.11,11608,0
20150721,20.259,20.289,19.893,20.249,22814,0
20150722,20.22,20.635,19.991,20.428,19179,0
20150723,20.635,20.635,19.635,19.753,18472,0
20150724,19.773,20.22,19.733,19.733,30484,0
20150727,19.733,20.011,19.586,19.873,15444,0
20150728,20.318,20.507,19.972,20.061,22914,0
20150729,20.13,20.546,20.1,20.298,24529,0
20150730,20.279,20.279,19.813,20.1,48452,0
20150731,20.308,20.467,20.308,20.398,17362,0
20150803,20.487,20.526,20.061,20.338,17491,0
20150804,20.338,20.487,20.041,20.14,15444,0
20150805,20.348,20.576,20.348,20.526,19583,0
20150806,20.645,20.645,20.308,20.457,19881,0
20150807,20.318,20.805,19.972,20.14,23420,0
20150810,20.18,20.358,19.616,20.12,29879,0
20150811,19.982,20.041,19.476,19.626,18936,0
20150812,19.456,19.456,18.753,19.099,19583,0
20150813,19.041,19.377,18.942,19.031,13426,0
20150814,19.099,19.299,18.842,19.299,14737,0
20150817,19.179,20.051,19.119,19.753,29677,0
20150818,19.773,19.853,19.416,19.586,20795,0
20150819,19.387,19.456,19.159,19.269,16656,0
20150820,19.159,19.249,18.763,18.882,26750,0
20150821,18.575,18.981,18.417,18.734,35936,0
20150824,17.843,19.139,17.019,18.14,56476,0
20150825,18.822,18.822,17.633,17.853,31696,0
20150826,18.12,18.922,17.91,18.773,46837,0
20150827,18.862,19.179,17.783,18.347,47140,0
20150828,18.228,18.654,18.169,18.476,29476,0
20150831,18.525,18.802,18.287,18.802,92767,0
20150901,18.486,18.763,17.93,18.257,21905,0
20150902,18.466,18.734,17.95,18.486,16757,0
20150903,18.555,19.496,18.555,19.169,30081,0
20150904,19.119,19.466,19.021,19.199,79846,0
20150908,19.476,19.476,19.209,19.299,31696,0
20150909,19.06,19.229,16.654,16.941,150304,0
20150910,16.941,17.525,15.633,16.029,85651,0
20150911,16.029,16.524,15.593,16.404,308380,0
20150914,16.464,16.564,16.217,16.287,97511,0
20150915,16.414,16.424,16.247,16.327,117793,0
20150916,16.404,17.109,16.404,16.674,37551,0
20150917,16.771,16.821,16.394,16.444,43172,0
20150918,16.327,17.178,16.257,17.089,112148,0
20150921,17.148,17.593,16.722,17.029,105081,0
20150922,16.931,17.089,16.534,16.951,41185,0
20150923,17.059,17.059,16.404,16.624,77621,0
20150924,16.414,17.326,16.247,16.951,77490,0
20150925,16.98,16.98,16.107,16.394,63796,0
20150928,16.347,16.474,16.029,16.414,58425,0
20150929,16.317,16.484,16.117,16.454,39771,0
20150930,16.624,16.624,16.167,16.574,62282,0
20151001,16.687,16.717,15.755,15.883,62416,0
20151002,15.784,16.539,15.397,16.449,43188,0
20151005,16.539,16.817,16.376,16.419,29503,0
20151006,16.489,16.639,16.111,16.409,34329,0
20151007,16.459,16.767,16.121,16.399,44497,0
20151008,16.479,16.767,16.389,16.569,54866,0
20151009,16.649,16.837,16.331,16.727,36745,0
20151012,16.757,17.055,16.589,17.015,31077,0
20151013,16.697,17.135,16.091,16.141,50537,0
20151014,16.201,16.787,15.784,16.111,60504,0
20151015,16.211,16.499,15.973,16.449,98758,0
20151016,16.499,16.619,16.161,16.399,40973,0
20151019,16.389,16.649,16.043,16.341,40220,0
20151020,16.409,16.639,16.231,16.439,64530,0
20151021,16.409,16.639,16.191,16.389,23557,0
20151022,16.389,16.669,16.331,16.409,77013,0
20151023,16.609,17.443,16.459,17.055,78725,0
20151026,16.976,17.225,16.321,16.619,72785,0
20151027,16.519,16.649,16.261,16.381,48624,0
20151028,16.361,16.389,16.003,16.351,56174,0
20151029,16.509,16.519,16.161,16.409,26577,0
20151030,16.361,16.797,15.725,15.755,78121,0
20151102,15.745,16.251,15.745,16.003,48498,0
20151103,15.923,16.291,15.903,16.073,47114,0
20151104,15.943,16.251,15.923,16.191,38122,0
20151105,15.933,16.559,15.933,16.191,14094,0
20151106,16.053,16.609,15.625,16.599,27483,0
20151109,16.469,17.129,15.863,15.943,25337,0
20151110,15.993,16.409,15.755,15.933,24563,0
20151111,15.993,16.399,15.784,15.813,15705,0
20151112,15.745,16.271,15.347,15.525,61712,0
20151113,15.427,15.645,15.159,15.198,29899,0
20151116,15.247,15.883,15.227,15.496,40772,0
20151117,15.457,15.467,15.247,15.387,44598,0
20151118,15.327,15.477,15.159,15.377,33523,0
20151119,15.397,15.775,15.099,15.277,13087,0
20151120,15.397,15.655,15.397,15.505,23859,0
20151123,15.467,15.953,15.467,15.803,34429,0
20151124,15.794,16.191,15.645,15.695,20437,0
20151125,15.745,16.837,15.745,16.727,32617,0
20151127,16.747,17.771,16.569,17.453,27987,0
20151130,17.513,17.661,16.907,16.917,36745,0
20151201,17.105,17.235,16.797,16.857,18177,0
20151202,16.976,17.08,16.857,17.015,14000,0
20151203,16.995,17.348,16.957,17.215,22030,0
20151204,17.175,17.591,16.757,16.887,33725,0
20151207,16.797,17.463,16.409,16.449,24061,0
20151208,16.291,16.812,16.231,16.261,13571,0
20151209,16.281,16.569,15.903,15.973,14396,0
20151210,16.121,16.847,15.953,16.717,22349,0
20151211,16.419,16.449,15.198,15.417,39665,0
20151214,15.019,15.481,14.929,15.049,28592,0
20151215,15.615,15.803,14.909,15.059,28389,0
20151216,15.049,15.803,15.049,15.505,53758,0
20151217,15.655,15.873,15.367,15.665,28389,0
20151218,15.565,15.565,14.861,15.029,117081,0
20151221,15.129,15.207,14.871,14.949,39363,0
20151222,14.9,14.923,14.423,14.761,42260,0
20151223,14.851,14.96,14.721,14.851,50166,0
20151224,14.801,15.465,14.801,15.239,41722,0
20151228,15.16,16.346,14.831,15.15,50251,0
20151229,15.339,15.379,14.895,15.13,27244,0
20151230,15.02,15.334,14.97,15.14,16998,0
20151231,15.219,15.249,14.88,14.89,35196,0
20160104,14.731,15.05,14.163,14.263,31986,0
20160105,14.302,14.462,14.133,14.302,14547,0
20160106,14.073,14.581,14.073,14.432,13620,0
20160107,14.282,14.292,13.794,13.844,35474,0
20160108,13.983,14.098,13.535,13.555,40377,0
20160111,13.675,14.362,13.675,14.193,75740,0
20160112,14.352,15.538,14.352,14.711,85786,0
20160113,14.651,14.91,13.465,13.635,54078,0
20160114,13.585,14.263,12.598,12.668,86854,0
20160115,12.429,12.678,11.392,12.12,62674,0
20160119,12.16,12.249,11.502,11.9,89998,0
20160120,11.721,12.768,11.562,12.598,38771,0
20160121,12.608,13.126,12.409,12.498,36403,0
20160122,12.718,13.704,12.618,12.648,66032,0
20160125,12.568,12.583,12.03,12.06,33448,0
20160126,12.11,12.469,12,12.399,27980,0
20160127,12.319,12.478,12.11,12.189,14612,0
20160128,12.289,12.658,12.04,12.12,26665,0
20160129,12.12,12.628,12.12,12.538,27054,0
20160201,12.598,12.807,12.329,12.588,17836,0
20160202,12.359,12.508,12.08,12.11,30002,0
20160203,12.15,12.209,11.811,11.97,18042,0
20160204,11.861,12.329,11.861,12.299,14747,0
20160205,12.13,13.166,11.97,12.12,35886,0
20160208,12.01,12.03,11.641,11.841,32981,0
20160209,11.641,11.781,11.352,11.562,67602,0
20160210,11.671,12.239,11.572,11.821,25718,0
20160211,11.532,11.572,11.263,11.462,11552,0
20160212,11.552,12.119,11.462,11.89,20155,0
20160216,12.03,12.773,11.96,12.658,32470,0
20160217,12.907,12.907,12.488,12.638,29361,0
20160218,12.598,12.852,12.478,12.618,15951,0
20160219,12.598,12.797,12.514,12.668,58138,0
20160222,12.857,12.867,12.807,12.837,20791,0
20160223,12.857,12.947,12.389,12.419,11396,0
20160224,12.329,12.624,12,12.588,12486,0
20160225,12.658,12.882,12.578,12.827,6687,0
20160226,13.007,14.462,13.007,13.864,79479,0
20160229,14.023,14.841,13.864,13.914,78814,0
20160301,14.033,14.183,13.575,14.093,14158,0
20160302,13.983,13.988,13.545,13.914,19637,0
20160303,13.844,14.332,13.764,13.964,17780,0
20160304,13.924,14.302,13.724,14.043,8815,0
20160307,14.073,14.512,14.073,14.452,21089,0
20160308,14.452,14.462,14.263,14.382,29739,0
20160309,14.591,14.885,14.591,14.781,14146,0
20160310,14.661,14.711,13.894,14.063,18734,0
20160311,14.063,15.14,13.136,15.14,31123,0
20160314,14.94,15.847,14.93,15.807,29836,0
20160315,15.797,15.797,15.354,15.508,24330,0
20160316,15.508,15.648,15.279,15.399,23064,0
20160317,15.439,15.588,15.349,15.399,30693,0
20160318,15.498,15.503,15,15.199,46014,0
20160321,15.199,15.254,14.99,15.189,40976,0
20160322,14.89,15.299,14.88,14.99,25373,0
20160323,15.03,15.319,14.611,14.781,22358,0
20160324,14.791,15.14,13.854,15.03,18446,0
20160328,15.13,15.13,14.701,14.97,18999,0
20160329,14.88,15.409,14.741,15.16,21489,0
20160330,15.369,15.379,14.99,15.03,21127,0
20160331,15.04,15.25,14.914,15.2,27701,0
20160401,15.1,15.25,14.95,15.11,10491,0
20160404,15.16,15.16,14.73,15.02,13044,0
20160405,14.99,15.15,14.91,15.12,19993,0
20160406,15.21,15.26,15.1,15.19,71366,0
20160407,15.15,15.17,14.88,14.89,9208,0
20160408,15.24,15.346,14.7,14.74,9312,0
20160411,14.97,14.99,14.6,14.88,26677,0
20160412,14.8,15.1,14.8,15.01,32198,0
20160413,15.03,15.25,14.97,15.19,34104,0
20160414,15.24,15.97,15.24,15.94,20728,0
20160415,15.88,16.35,15.88,16.16,11927,0
