Date,Open,High,Low,Close,Volume,OpenInt
20061109,84,84,84,84,0,0
20061110,85.5,97.5,84.54,93.12,718220,0
20061113,94.08,99.6,94.08,95.94,126629,0
20061114,97.74,97.74,88.8,91.5,45204,0
20061115,92.34,96,90,96,33727,0
20061116,96.66,111.72,96.6,109.5,56547,0
20061117,112.44,117.3,104.1,104.1,26764,0
20061120,104.64,107.4,101.22,101.94,18941,0
20061121,102.9,105.3,98.28,99,25536,0
20061122,101.4,109.2,101.4,103.2,19897,0
20061124,105.78,105.78,102,102.06,1692,0
20061127,103.68,105,101.22,102,8892,0
20061128,103.74,104.7,99.6,99.72,6468,0
20061129,101.1,102,99.6,100.5,20425,0
20061130,99,104.7,99,100.8,7744,0
20061201,99.18,100.92,99.18,100.2,3925,0
20061204,101.04,102.84,99.12,102.84,8640,0
20061205,104.58,104.58,100.74,102,6258,0
20061206,101.16,104.52,101.1,101.64,5091,0
20061207,102,104.88,101.1,104.4,1628,0
20061208,105,119.58,102.9,112.5,19383,0
20061211,114.6,118.5,114.06,117.24,5176,0
20061212,115.56,117.9,111.36,114.3,7910,0
20061213,116.52,118.2,115.02,117.9,5134,0
20061214,119.94,127.08,116.76,122.34,11765,0
20061215,122.7,125.64,112.8,115.14,85281,0
20061218,114.9,117.6,108,111.9,25330,0
20061219,109.56,115.8,108.06,109.8,20633,0
20061220,114,116.58,108,108,18889,0
20061221,109.08,109.8,103.56,103.56,10758,0
20061222,108.42,108.42,103.2,105.66,11774,0
20061226,105.24,107.58,103.32,104.76,8901,0
20061227,104.76,110.64,103.38,108.54,10545,0
20061228,107.88,109.2,105.6,108,17685,0
20061229,108.72,118.8,107.46,113.64,23042,0
20070103,115.32,116.4,109.8,110.82,5457,0
20070104,111.18,111.3,106.8,107.46,12928,0
20070105,107.52,108.18,103.32,104.22,16017,0
20070108,104.7,108.6,102.66,107.34,12976,0
20070109,107.94,107.94,101.76,102.18,8910,0
20070110,102.12,105.3,99.06,102.54,12032,0
20070111,103.32,107.04,102.78,104.58,14663,0
20070112,105,109.56,103.74,104.58,37918,0
20070116,105,105.6,102.66,103.8,8390,0
20070117,103.32,105,98.46,99.12,20108,0
20070118,100.56,102.96,98.88,99.78,23866,0
20070119,100.14,101.94,98.34,100.44,7038,0
20070122,100.5,100.8,96.12,96.48,23520,0
20070123,98.64,98.64,96,97.86,12234,0
20070124,98.16,99.12,94.8,95.46,9258,0
20070125,96.78,96.78,91.5,93.3,30203,0
20070126,96,99,93.06,95.94,16505,0
20070129,96.06,97.56,94.8,95.28,9875,0
20070130,96,97.8,93.12,93.78,10294,0
20070131,94.44,98.04,93,95.88,39991,0
20070201,95.94,101.16,95.94,99.84,24723,0
20070202,101.4,103.92,99.9,103.92,14479,0
20070205,103.92,104.22,102.6,102.9,10528,0
20070206,103.74,104.4,101.52,102,5969,0
20070207,102.72,103.92,101.4,102.3,5144,0
20070208,102.3,103.38,100.98,102.06,6549,0
20070209,101.7,102.42,99,101.58,18046,0
20070212,100.86,103.44,99.54,101.52,10332,0
20070213,101.64,107.94,100.86,104.4,28883,0
20070214,104.58,106.5,102.12,102.18,15312,0
20070215,102.78,105.96,100.62,103.14,29627,0
20070216,103.38,103.8,103.26,103.5,2816,0
20070220,103.86,108.9,103.68,107.88,11843,0
20070221,107.64,110.7,107.64,109.14,8009,0
20070222,109.8,112.14,105.18,112.02,20559,0
20070223,112.26,114.66,111,114.66,7583,0
20070226,115.2,120,114.06,117.18,20408,0
20070227,114.96,117,112.14,113.28,13794,0
20070228,113.1,114.9,111.48,111.72,19231,0
20070301,111.06,113.88,106.5,110.88,5357,0
20070302,110.1,110.1,103.56,103.62,22091,0
20070305,102,103.86,98.16,98.46,13083,0
20070306,104.46,107.58,97.86,106.2,32506,0
20070307,107.28,110.88,105.84,110.64,8089,0
20070308,114.06,114.06,106.5,109.38,24310,0
20070309,111.36,111.36,104.76,105.72,10291,0
20070312,104.76,106.62,102.9,106.44,8601,0
20070313,106.2,108.72,103.74,104.46,14078,0
20070314,103.68,105.54,99,100.02,19258,0
20070315,101.22,101.22,94.86,96.66,20051,0
20070316,96.6,100.5,96.48,96.78,16866,0
20070319,97.86,102,97.86,99.96,10289,0
20070320,100.44,106.2,100.14,103.5,28170,0
20070321,104.28,105.3,100.62,103.8,12854,0
20070322,103.98,104.76,100.98,101.4,14642,0
20070323,102,103.5,100.5,101.28,12590,0
20070326,101.46,103.14,100.5,103.02,4500,0
20070327,102.54,105,99.66,101.4,12583,0
20070328,100.68,101.82,99,100.02,12094,0
20070329,101.1,103.92,98.4,99.66,7104,0
20070330,102,102.6,97.98,99.78,7362,0
20070402,98.76,102,98.76,99.3,6792,0
20070403,99.9,103.2,99.9,103.2,9292,0
20070404,102.6,103.98,100.74,101.82,8571,0
20070405,102.42,103.62,98.4,100.98,22991,0
20070409,102.18,103.5,99.54,103.02,20825,0
20070410,102.78,104.34,102.78,103.92,4931,0
20070411,103.56,105,101.1,104.28,4435,0
20070412,103.62,107.94,101.52,102,19317,0
20070413,102.72,103.32,99.96,103.08,30934,0
20070416,103.5,106.8,102.6,106.5,10531,0
20070417,107.46,108.12,105.6,106.2,12402,0
20070418,105.3,106.02,102.78,104.04,6733,0
20070419,103.32,106.5,102.3,104.04,14176,0
20070420,105.72,108,104.46,107.94,7729,0
20070423,107.88,130.8,107.64,124.2,125946,0
20070424,125.46,135,123.3,132.36,91925,0
20070425,146.7,155.94,143.46,149.52,229565,0
20070426,147.6,153.42,141.54,144.66,86604,0
20070427,154.8,176.22,148.5,161.94,420079,0
20070430,164.28,164.28,149.88,150.12,125060,0
20070501,150,156,138,142.98,98704,0
20070502,143.58,154.5,143.4,146.16,77583,0
20070503,147.3,148.8,141.6,143.76,47352,0
20070504,142.8,160.56,136.62,160.02,119099,0
20070507,161.16,165,152.94,153.3,66465,0
20070508,153.42,156,150.3,152.4,33607,0
20070509,153.06,156.78,148.92,156.24,36508,0
20070510,156.24,158.82,152.46,152.46,29363,0
20070511,144.9,152.58,144,150.48,49055,0
20070514,150.06,152.88,147.06,150.36,27325,0
20070515,150.84,155.76,144,146.22,44571,0
20070516,147,150.9,144,149.1,18923,0
20070517,148.26,149.1,143.22,143.94,34144,0
20070518,144.3,145.38,138.18,144.84,36181,0
20070521,144.54,149.76,144.06,148.2,18367,0
20070522,148.56,155.76,148.56,151.98,47315,0
20070523,153.6,161.7,152.4,154.86,51379,0
20070524,154.08,162,148.26,149.82,37759,0
20070525,149.94,152.58,144.36,144.42,45778,0
20070529,143.64,143.7,129.66,131.58,178592,0
20070530,129.54,132.72,123.9,130.32,213359,0
20070531,130.86,140.94,130.86,138.3,92077,0
20070601,138.54,138.54,133.14,134.4,44910,0
20070604,133.26,139.62,132.24,133.02,44493,0
20070605,132.6,135.54,130.62,134.76,46864,0
20070606,133.92,135.42,131.7,133.68,28061,0
20070607,133.32,133.92,130.74,131.16,50536,0
20070608,130.5,132,129.6,129.9,30652,0
20070611,129,130.14,126.06,126.48,52318,0
20070612,126.6,127.02,121.86,125.16,50212,0
20070613,123.3,131.76,123,131.16,44768,0
20070614,130.8,135,129.06,131.94,48915,0
20070615,133.92,133.92,131.1,132.24,33906,0
20070618,132.3,132.3,125.46,126.36,33004,0
20070619,125.76,128.94,124.68,128.94,48948,0
20070620,129.54,134.82,127.5,130.8,41142,0
20070621,130.56,137.52,129,136.26,53257,0
20070622,139.8,144,133.5,135.78,212458,0
20070625,135.36,141,133.5,134.28,72936,0
20070626,136.14,143.7,133.26,139.92,53466,0
20070627,138.12,142.5,135.6,142.32,63985,0
20070628,142.2,145.68,141.84,144.18,61569,0
20070629,144.12,151.44,143.34,150.18,129751,0
20070702,150.48,151.5,147.42,150,62981,0
20070703,149.76,152.4,148.98,150.36,23485,0
20070705,150.36,151.32,149.94,150,25208,0
20070706,149.7,161.58,149.58,161.34,46369,0
20070709,161.16,161.16,153.36,157.5,48067,0
20070710,157.26,158.22,152.28,152.28,36321,0
20070711,152.04,153.6,150,152.46,39292,0
20070712,154.02,154.2,150.48,152.58,19523,0
20070713,151.5,155.04,149.64,154.62,21780,0
20070716,153.54,154.5,146.22,146.64,25243,0
20070717,147.18,149.7,144.72,146.16,25087,0
20070718,145.08,145.68,141.96,145.26,18355,0
20070719,146.52,150.24,143.76,149.4,26805,0
20070720,149.1,149.76,145.44,145.74,39913,0
20070723,146.7,149.1,144.54,146.22,27751,0
20070724,144.72,145.44,131.4,133.86,45012,0
20070725,135.36,137.64,125.46,129.12,58598,0
20070726,126.9,130.56,123.6,129.72,66459,0
20070727,129.6,129.6,124.62,128.7,39719,0
20070730,128.16,128.7,120.06,125.64,61563,0
20070731,134.64,137.4,129,131.94,79964,0
20070801,130.26,131.1,122.94,127.5,34936,0
20070802,128.34,132.36,126.12,129.6,18194,0
20070803,130.08,134.82,118.56,119.82,35292,0
20070806,120,133.5,120,131.58,55884,0
20070807,130.86,149.04,127.8,146.88,53083,0
20070808,144.36,159.72,136.5,158.22,71868,0
20070809,156,167.64,147.3,159.48,66194,0
20070810,155.76,155.76,133.8,146.1,88023,0
20070813,147.06,147.24,127.56,131.64,114171,0
20070814,132,136.38,130.74,130.8,31878,0
20070815,130.86,133.98,130.08,130.8,23414,0
20070816,130.5,141.54,127.26,141.12,51188,0
20070817,142.5,144,136.2,142.38,43389,0
20070820,142.74,143.94,135.84,138.06,15509,0
20070821,136.56,142.32,136.14,140.1,19285,0
20070822,141.66,142.56,137.1,138.06,14209,0
20070823,141.36,141.36,132.3,135,21784,0
20070824,134.88,138.78,132.6,138.48,12861,0
20070827,137.34,137.34,132,133.02,11914,0
20070828,131.88,132.36,126,127.32,18467,0
20070829,129.42,129.9,124.8,129.3,16115,0
20070830,128.76,136.08,128.04,135.96,24042,0
20070831,137.34,138,132.36,133.5,14399,0
20070904,132.96,136.5,126.48,136.26,43017,0
20070905,134.58,139.86,129.78,130.74,14285,0
20070906,131.1,137.7,129.78,137.22,9736,0
20070907,134.88,137.22,130.92,131.88,9302,0
20070910,133.02,133.02,126.12,128.7,13153,0
20070911,129.66,131.7,128.7,130.98,14154,0
20070912,130.8,131.7,126.3,126.78,5773,0
20070913,127.68,127.68,119.64,123.9,29831,0
20070914,123,128.4,122.7,127.56,16519,0
20070917,127.74,135.72,127.74,133.2,46919,0
20070918,134.16,144,133.08,140.7,40987,0
20070919,142.92,145.5,137.46,143.82,21722,0
20070920,144,144,139.56,141.3,13622,0
20070921,142.68,146.7,141,146.16,26007,0
20070924,145.86,148.14,141.6,146.16,32795,0
20070925,144.96,146.22,143.52,146.16,16069,0
20070926,146.58,147.6,141.36,143.1,18896,0
20070927,143.4,148.44,141.96,147.96,39005,0
20070928,153,154.32,145.5,145.56,62472,0
20071001,146.64,148.2,140.1,142.86,29222,0
20071002,142.74,145.74,141.66,143.58,20928,0
20071003,142.2,144.12,135.78,140.04,32261,0
20071004,140.16,144,137.52,143.46,28016,0
20071005,145.02,145.02,141.42,141.96,23291,0
20071008,142.2,142.2,135.72,137.16,22148,0
20071009,137.46,137.76,135,137.04,11828,0
20071010,137.22,137.34,133.68,135.24,18248,0
20071011,135.84,138,132.24,134.52,20403,0
20071012,138.12,170.52,136.08,162.78,203875,0
20071015,161.76,162,151.86,156.96,58174,0
20071016,157.14,170.4,156,159.12,68624,0
20071017,157.86,161.94,148.5,155.4,34149,0
20071018,154.56,157.32,151.98,154.56,15614,0
20071019,154.38,154.38,144.78,147,30980,0
20071022,145.08,155.34,144.06,154.14,24721,0
20071023,156.36,160.44,154.2,157.98,32533,0
20071024,156.48,160.98,152.7,154.98,30049,0
20071025,155.82,157.8,152.82,155.22,21458,0
20071026,157.5,160.2,153,156.24,27069,0
20071029,156.3,176.4,156.06,170.28,119132,0
20071030,170.22,178.56,164.88,169.02,89650,0
20071031,168.6,174.42,168,173.34,45645,0
20071101,170.82,172.98,164.34,166.98,57804,0
20071102,168.36,172.2,160.02,166.98,29810,0
20071105,158.46,166.8,155.76,161.46,32276,0
20071106,169.5,172.44,148.8,154.68,90090,0
20071107,151.02,154.5,147.9,148.38,52545,0
20071108,150,150,137.28,147.42,48594,0
20071109,144.96,153.84,141.18,151.14,30281,0
20071112,150.66,151.5,138.24,141.6,34855,0
20071113,143.22,147,142.2,147,26097,0
20071114,145.68,148.98,142.26,145.86,15732,0
20071115,145.44,148.26,141.12,144.12,36434,0
20071116,144.72,147.96,141.78,147.36,23476,0
20071119,144.48,146.28,134.16,134.52,35717,0
20071120,135.66,142.44,125.28,127.56,91728,0
20071121,127.14,130.68,122.7,127.62,91706,0
20071123,129,132.3,127.98,129.9,6919,0
20071126,129.78,140.88,129.78,133.38,32630,0
20071127,133.5,134.1,126.9,129.12,34830,0
20071128,130.8,131.94,128.04,128.94,31618,0
20071129,128.82,132.18,126.84,128.64,19388,0
20071130,130.86,132.3,129,129.12,39487,0
20071203,129.84,130.5,124.2,124.26,25996,0
20071204,129.66,131.46,124.2,125.4,22776,0
20071205,128.16,129.3,124.2,126.18,16802,0
20071206,126.18,129,124.8,127.86,17717,0
20071207,128.34,129.6,126.06,129,18260,0
20071210,129.54,129.54,124.8,125.22,23374,0
20071211,126,127.74,118.68,119.22,38532,0
20071212,121.2,121.62,107.58,111.18,132001,0
20071213,110.46,123,110.46,121.26,33860,0
20071214,119.22,121.56,118.32,120,22921,0
20071217,118.8,120.78,113.7,114,43576,0
20071218,115.62,115.62,111,112.74,22106,0
20071219,112.8,118.68,111.66,117.42,17709,0
20071220,118.86,121.5,117,121.5,9880,0
20071221,125.46,131.34,123.78,131.04,36982,0
20071224,125.64,132.6,124.44,132.54,11299,0
20071226,131.22,141.6,128.04,134.7,17827,0
20071227,138.06,144.06,138,138.3,37926,0
20071228,140.7,142.62,133.92,134.4,15812,0
20071231,137.76,146.1,137.76,142.8,35965,0
20080102,144.36,144.9,137.4,142.56,48106,0
20080103,144.96,147,139.56,142.98,29858,0
20080104,140.88,142.86,128.4,129.3,33276,0
20080107,130.26,137.4,127.26,130.08,42597,0
20080108,130.44,134.16,123,123.42,22597,0
20080109,122.88,126,120,126,21267,0
20080110,124.32,131.94,123.3,129.96,21214,0
20080111,129.18,132.18,124.98,125.94,23759,0
20080114,126.06,126.24,119.1,119.94,26219,0
20080115,117.96,120,112.02,112.38,33917,0
20080116,111.84,114,104.7,109.62,45372,0
20080117,112.14,115.02,106.5,107.94,40067,0
20080118,107.88,111.42,104.4,105.18,41994,0
20080122,103.5,103.86,99,102.48,36265,0
20080123,99.9,108.9,98.88,106.74,31976,0
20080124,107.58,110.46,101.34,103.44,59886,0
20080125,105.12,112.2,103.2,108.72,22297,0
20080128,110.04,113.52,108.18,112.68,20383,0
20080129,113.58,116.22,110.22,112.56,17525,0
20080130,111.54,116.94,108.78,113.28,19192,0
20080131,111.36,115.44,109.14,109.38,27525,0
20080201,110.64,110.64,104.1,104.94,51120,0
20080204,104.46,106.68,103.56,105,14993,0
20080205,102.96,104.94,102.42,103.02,16159,0
20080206,103.68,109.26,102.3,104.4,21081,0
20080207,104.16,104.4,99,101.16,33499,0
20080208,101.4,103.92,100.86,103.74,31682,0
20080211,104.4,104.82,97.26,99.18,29594,0
20080212,99.54,102.54,97.5,99,24982,0
20080213,100.2,114,99.96,112.74,47036,0
20080214,112.8,116.4,111.54,113.88,55475,0
20080215,113.04,115.5,108.96,111.9,28709,0
20080219,113.64,113.64,107.88,108.48,17459,0
20080220,107.52,113.94,105.06,106.44,14397,0
20080221,107.64,111.6,104.82,105.72,26209,0
20080222,105.66,106.44,99.36,102.3,30778,0
20080225,102.54,102.6,98.4,101.82,33011,0
20080226,102,104.76,99,103.98,23421,0
20080227,102.78,104.7,100.92,103.14,19769,0
20080228,102.48,105,99.66,100.2,17708,0
20080229,99.18,101.28,95.94,96.6,24947,0
20080303,95.88,96,89.52,91.14,40016,0
20080304,90,94.2,89.1,89.94,35749,0
20080305,90.54,93,89.82,90,23911,0
20080306,89.7,95.64,88.68,92.04,26255,0
20080307,90.96,91.74,83.7,84.96,33951,0
20080310,85.62,88.2,74.04,74.22,37931,0
20080311,73.62,78.96,73.62,75.18,55045,0
20080312,93.18,93.54,78.06,80.88,84698,0
20080313,80.7,80.7,75.18,78,104917,0
20080314,81,81,71.04,74.04,55685,0
20080317,67.32,69,60,60.48,86797,0
20080318,61.92,65.22,57.66,59.76,63952,0
20080319,60.42,64.08,58.32,62.7,53107,0
20080320,62.64,64.8,60.84,64.02,77441,0
20080324,64.02,70.56,64.02,70.08,74729,0
20080325,70.14,78.48,70.02,76.02,92561,0
20080326,75.54,76.26,71.04,73.2,52519,0
20080327,73.14,74.28,70.98,71.34,67996,0
20080328,71.58,72.24,67.8,67.86,42299,0
20080331,67.92,73.14,64.56,65.7,75743,0
20080401,64.92,66.3,64.92,65.88,38518,0
20080402,65.7,67.98,64.5,67.5,37461,0
20080403,67.02,73.92,67.02,72.6,57253,0
20080404,72.72,74.88,70.56,71.82,128673,0
20080407,72.78,74.58,70.44,71.34,28866,0
20080408,70.92,72,69.3,70.5,29813,0
20080409,70.08,70.86,66.3,66.84,27241,0
20080410,66.36,69.18,66,67.08,22439,0
20080411,66,66.72,63.9,66.3,33543,0
20080414,65.76,67.2,65.4,65.76,31358,0
20080415,65.76,65.76,62.04,62.94,46024,0
20080416,63.42,67.44,63.42,66.18,27693,0
20080417,66,68.34,63.3,68.22,28475,0
20080418,69.78,73.92,68.7,73.26,56198,0
20080421,73.32,73.56,70.56,72.06,29002,0
20080422,71.58,71.58,68.46,69.72,34791,0
20080423,69.96,69.96,65.4,66,21254,0
20080424,66.06,69,63.9,67.92,29951,0
20080425,68.34,68.34,64.44,67.8,24848,0
20080428,66.78,76.44,65.64,72.96,83436,0
20080429,72.9,73.68,65.4,66.36,60321,0
20080430,66.3,68.58,65.4,66.06,29355,0
20080501,66.12,67.5,65.22,66.6,20924,0
20080502,67.38,67.56,63.6,63.72,40144,0
20080505,63.6,66.66,63.6,66.12,27028,0
20080506,65.16,66.36,62.64,65.82,43267,0
20080507,65.4,66.36,63,63.18,35127,0
20080508,65.16,66,61.98,63,66591,0
20080509,63.6,64.38,59.7,63.06,46845,0
20080512,64.5,68.58,60.48,66.6,41095,0
20080513,66.6,66.6,61.68,62.1,27321,0
20080514,62.16,64.62,60.54,61.02,20701,0
20080515,61.26,64.5,61.14,64.32,22617,0
20080516,66.6,67.14,62.04,66.66,56598,0
20080519,66.48,69.36,64.32,68.16,39397,0
20080520,67.74,69.42,66.9,69.24,38717,0
20080521,69.3,70.44,67.74,68.28,28443,0
20080522,68.22,69.12,66.42,67.86,31609,0
20080523,67.5,68.94,64.86,65.28,26814,0
20080527,65.46,66.6,62.4,66.48,31587,0
20080528,66.54,67.74,62.52,63.72,45936,0
20080529,63.6,65.7,62.52,65.7,29539,0
20080530,65.76,69,65.76,67.32,38939,0
20080602,67.38,67.38,65.04,66.18,32227,0
20080603,66.6,69,63.66,65.82,36880,0
20080604,65.4,69.54,63.84,68.88,44785,0
20080605,68.76,79.56,68.34,79.38,100161,0
20080606,78,78,73.5,74.1,51012,0
20080609,74.22,76.56,70.8,71.7,39012,0
20080610,70.92,73.14,68.64,69.18,32534,0
20080611,69.12,73.62,69.12,70.8,49778,0
20080612,71.58,72.9,70.14,71.28,21005,0
20080613,72.18,73.62,70.68,72.36,26490,0
20080616,72,72,62.4,67.5,80637,0
20080617,67.68,69.6,65.76,66.3,27005,0
20080618,66,66.96,64.5,65.16,45370,0
20080619,64.86,67.38,61.98,62.4,38743,0
20080620,61.98,70.38,60.18,66,102452,0
20080623,68.28,71.04,66.6,68.52,91742,0
20080624,69.36,70.62,64.02,64.02,77527,0
20080625,65.1,65.1,60.42,61.68,60054,0
20080626,61.86,62.22,60.6,60.84,73985,0
20080627,61.38,62.34,59.94,60.54,145357,0
20080630,60.66,63.66,58.8,58.8,40780,0
20080701,63.12,63.9,57.36,60.48,67224,0
20080702,60.78,62.94,58.8,59.22,57264,0
20080703,59.94,59.94,56.22,58.32,43679,0
20080707,59.22,59.46,48.3,51.9,136761,0
20080708,51.54,61.44,49.56,61.44,80066,0
20080709,61.38,61.38,55.86,56.1,42713,0
20080710,55.98,64.32,55.08,62.52,78296,0
20080711,61.5,68.7,60.12,67.44,51779,0
20080714,67.8,69.6,63.48,65.1,43440,0
20080715,64.32,70.5,62.28,67.26,54626,0
20080716,67.08,72.24,66.12,72,39520,0
20080717,72.66,76.02,67.44,73.5,37648,0
20080718,74.58,75,70.44,71.58,41519,0
20080721,72,73.08,70.74,71.94,24517,0
20080722,70.56,77.4,70.2,76.92,39569,0
20080723,77.1,81.18,75.12,77.04,52274,0
20080724,77.4,77.7,72.24,73.02,23772,0
20080725,74.22,80.88,73.56,80.1,29700,0
20080728,80.88,83.28,73.56,75.54,35631,0
20080729,75.72,81.66,73.32,73.44,28387,0
20080730,74.88,79.02,73.86,75.18,22499,0
20080731,78,78,70.32,75.06,45465,0
20080801,75.36,75.36,70.14,71.94,25597,0
20080804,71.64,73.08,67.2,67.74,34951,0
20080805,68.94,72,65.76,67.8,36239,0
20080806,67.38,70.44,65.7,68.34,33867,0
20080807,67.8,71.7,67.8,69.48,26511,0
20080808,69.84,72.6,67.92,72.54,37003,0
20080811,73.02,73.56,70.44,73.56,36150,0
20080812,69.54,77.28,63,74.94,141666,0
20080813,75.48,81.3,74.1,80.1,116453,0
20080814,80.4,80.64,77.58,80.58,48979,0
20080815,81.3,82.98,75.9,78.42,50845,0
20080818,78.6,78.96,71.64,72,40446,0
20080819,71.46,72.9,67.68,68.82,53045,0
20080820,69.3,69.42,65.1,66.6,44084,0
20080821,66,66,63.12,64.14,42275,0
20080822,65.4,67.32,63.72,66.96,36738,0
20080825,66.78,66.78,61.5,61.74,31392,0
20080826,61.86,63.24,60.48,63.12,71025,0
20080827,63.66,66,62.46,64.74,54806,0
20080828,65.4,70.5,64.98,69.18,66595,0
20080829,68.88,69.66,66.06,69.18,45881,0
20080902,70.02,70.32,63.3,66.66,67538,0
20080903,66.54,66.54,63.3,64.26,44271,0
20080904,63.48,64.26,59.4,59.7,70042,0
20080905,59.52,61.38,58.86,59.58,53990,0
20080908,63.48,65.7,59.82,60.48,31850,0
20080909,60.18,63.66,56.1,56.1,54761,0
20080910,57.66,58.8,55.98,57.36,34325,0
20080911,55.92,58.44,54.6,58.02,32944,0
20080912,58.86,59.1,55.74,56.82,32818,0
20080915,53.88,61.74,51.48,56.34,58693,0
20080916,53.94,60.18,53.64,57.48,47277,0
20080917,56.76,57.78,54.66,55.2,31781,0
20080918,56.34,64.14,55.5,61.56,104927,0
20080919,65.22,72,63,71.64,98574,0
20080922,69.18,70.5,64.5,67.32,47952,0
20080923,67.32,70.5,64.56,67.02,27964,0
20080924,67.08,73.32,64.08,66.12,31687,0
20080925,66.54,71.52,64.62,66.3,18560,0
20080926,64.8,72,60.6,71.04,35670,0
20080929,69.24,70.26,60.66,64.2,32657,0
20080930,63.96,67.92,62.4,65.28,28309,0
20081001,64.5,65.28,62.4,64.44,9747,0
20081002,63.9,67.44,59.58,60.72,29498,0
20081003,62.16,67.5,61.08,61.86,15170,0
20081006,59.82,62.46,53.34,55.26,36969,0
20081007,56.16,60,46.5,48.9,57897,0
20081008,47.4,52.56,36,48.3,79867,0
20081009,49.98,52.56,42.06,42.42,33991,0
20081010,39.96,53.28,37.14,52.68,59893,0
20081013,56.16,58.38,54.3,57.96,33699,0
20081014,61.44,61.5,53.34,54.66,28704,0
20081015,53.52,58.56,52.5,53.28,16461,0
20081016,53.52,58.5,52.56,54.78,30985,0
20081017,53.4,60.9,52.26,54.12,65221,0
20081020,55.86,58.38,53.46,57.18,49508,0
20081021,56.1,58.26,52.44,54.72,31038,0
20081022,53.16,56.76,53.1,54.96,11709,0
20081023,55.5,58.8,52.8,56.64,16877,0
20081024,55.2,55.2,47.34,48.24,32488,0
20081027,47.58,51.48,42.9,42.9,16643,0
20081028,43.98,48,41.22,47.1,20592,0
20081029,47.76,49.44,46.44,47.82,20978,0
20081030,50.34,53.88,47.46,53.04,23147,0
20081031,52.56,56.22,51.84,56.22,23858,0
20081103,55.98,56.34,52.62,55.5,22628,0
20081104,56.7,56.7,50.34,52.8,21673,0
20081105,52.2,56.4,49.92,50.7,19360,0
20081106,51.9,56.22,47.88,52.62,29688,0
20081107,52.98,53.88,48.9,52.56,13242,0
20081110,54.06,55.5,49.8,52.26,26779,0
20081111,51.9,54.48,50.52,50.52,28081,0
20081112,50.94,53.22,42.9,42.9,24907,0
20081113,43.5,49.44,41.46,49.44,21220,0
20081114,48.42,49.08,43.2,45.18,17458,0
20081117,45.24,47.94,43.2,45.6,9810,0
20081118,45.72,46.44,42.9,43.2,7948,0
20081119,43.02,43.74,38.82,38.82,13782,0
20081120,38.46,39.78,31.98,35.04,111616,0
20081121,36,41.7,33.6,34.86,37739,0
20081124,35.1,38.7,34.02,37.74,31193,0
20081125,38.28,40.5,36.3,40.08,11454,0
20081126,38.64,43.14,36.54,42.42,17945,0
20081128,41.7,42.18,41.34,41.94,3476,0
20081201,40.62,42.96,35.7,36,21589,0
20081202,37.02,39,33.48,34.8,43463,0
20081203,33.72,40.5,33.42,39.78,53000,0
20081204,39,39.72,35.58,36.18,26476,0
20081205,35.7,39.84,35.22,39.84,18470,0
20081208,41.34,46.14,39.96,45.72,25573,0
20081209,45.42,47.58,43.5,43.5,27049,0
20081210,43.74,47.22,43.74,45.48,13908,0
20081211,45.06,47.28,41.04,41.4,25770,0
20081212,39.78,45.78,38.4,45.6,22995,0
20081215,43.74,44.1,41.1,42.48,18154,0
20081216,43.44,48.72,41.52,48.48,30783,0
20081217,47.22,54,46.5,53.46,28271,0
20081218,51.6,55.5,51.48,55.08,32175,0
20081219,55.8,58.56,50.1,51.54,41902,0
20081222,51.72,53.28,47.4,51.42,26905,0
20081223,51.9,60.42,51.6,59.64,35353,0
20081224,59.1,59.7,56.1,58.74,8435,0
20081226,59.1,62.94,57.78,62.34,32162,0
20081229,62.04,65.64,58.92,64.98,37527,0
20081230,65.58,74.22,62.22,73.14,59626,0
20081231,73.02,77.04,69.72,76.32,55323,0
20090102,76.32,78,73.86,74.28,29872,0
20090105,74.04,74.04,69,69.66,39268,0
20090106,70.74,76.8,68.34,70.92,33873,0
20090107,68.64,72.48,66.9,67.74,14185,0
20090108,67.62,71.88,67.56,71.28,15409,0
20090109,71.1,72.36,63.78,64.26,24652,0
20090112,64.32,66.66,62.4,65.58,15928,0
20090113,65.1,65.76,62.94,63.24,13188,0
20090114,62.16,64.2,59.22,60.18,17744,0
20090115,60.18,61.68,57.6,60.72,34759,0
20090116,61.98,63.18,57.72,60.3,11504,0
20090120,59.1,60.54,51.78,51.78,20264,0
20090121,52.92,56.88,51.9,55.26,25356,0
20090122,53.58,58.2,51.66,54.12,18594,0
20090123,52.74,54.66,51.6,52.2,20115,0
20090126,52.38,54,50.4,52.14,22798,0
20090127,52.56,55.2,52.56,53.82,17769,0
20090128,56.16,57.96,52.2,57.18,51058,0
20090129,56.1,58.2,52.38,52.38,15053,0
20090130,52.56,53.22,50.1,50.64,9324,0
20090202,51.24,57.6,49.74,56.4,26465,0
20090203,57.36,58.44,55.26,56.1,15305,0
20090204,56.28,58.56,53.4,55.98,18435,0
20090205,55.44,59.88,53.58,59.22,13261,0
20090206,59.34,59.88,57,59.1,18060,0
20090209,58.62,61.26,51.66,51.72,67331,0
20090210,61.02,61.02,51,51.06,44170,0
20090211,51.84,54.9,50.22,51.3,19767,0
20090212,50.7,53.4,48.72,53.04,39661,0
20090213,53.28,55.14,50.7,52.02,20682,0
20090217,51.9,52.98,47.7,48.24,25634,0
20090218,48.84,51.3,46.86,47.7,16494,0
20090219,48.36,48.66,45.54,45.54,16886,0
20090220,45,46.56,41.64,43.14,20552,0
20090223,44.22,44.64,42.36,43.14,19794,0
20090224,43.56,45.78,42,45.24,21127,0
20090225,45.24,46.02,39.24,41.46,94611,0
20090226,42.12,42.78,37.56,38.82,26227,0
20090227,38.76,38.82,34.86,35.22,29703,0
20090302,34.38,36.66,33.72,33.84,36200,0
20090303,34.5,36.36,33.72,35.16,25788,0
20090304,36.36,37.68,35.94,36.54,16612,0
20090305,36.48,36.54,31.68,32.28,31367,0
20090306,32.88,37.32,31.8,37.08,22499,0
20090309,36.42,37.2,32.16,32.4,30564,0
20090310,33.6,38.1,33.36,37.98,24632,0
20090311,38.1,39.78,37.26,37.86,12511,0
20090312,35.94,40.74,27.72,39.78,104187,0
20090313,40.08,43.2,39.42,41.58,29338,0
20090316,40.32,40.32,35.1,36.48,32324,0
20090317,36.54,41.16,36.54,41.16,15945,0
20090318,41.7,46.2,38.52,42.6,24366,0
20090319,43.62,43.62,39.3,40.62,21158,0
20090320,41.16,41.16,37.92,38.64,19440,0
20090323,40.14,44.28,39.54,44.16,16229,0
20090324,42.66,44.28,39.96,40.02,25565,0
20090325,41.94,43.92,39.72,43.2,27838,0
20090326,43.86,47.1,42.66,46.86,29039,0
20090327,45.6,47.28,42.54,42.9,26017,0
20090330,41.76,42.3,40.02,41.28,22590,0
20090331,41.46,43.2,40.26,40.92,35829,0
20090401,40.92,44.46,39.54,43.74,31078,0
20090402,44.1,47.94,42.9,44.7,51505,0
20090403,44.94,44.94,42.6,44.7,14806,0
20090406,43.86,45.06,42.66,44.82,22088,0
20090407,44.16,45.48,43.2,45.12,24172,0
20090408,45.48,48,44.34,47.94,25026,0
20090409,48.84,51.6,47.28,47.94,40558,0
20090413,46.98,49.32,45.3,47.1,24977,0
20090414,46.2,47.46,44.7,44.76,23844,0
20090415,44.46,47.16,44.34,45.48,21940,0
20090416,46.26,48.36,44.52,46.5,21483,0
20090417,46.74,47.16,44.7,45.72,28195,0
20090420,45.24,45.6,40.5,41.04,25449,0
20090421,40.92,44.28,40.02,44.1,30567,0
20090422,43.08,46.44,42.84,43.68,31688,0
20090423,43.86,44.58,40.32,40.74,27586,0
20090424,41.46,42.48,40.2,42.48,19072,0
20090427,40.98,42.18,40.5,41.82,54926,0
20090428,40.92,42,39.24,39.42,20133,0
20090429,40.02,44.7,39,43.38,71467,0
20090430,43.74,48.66,43.08,47.4,47740,0
20090501,47.1,47.7,44.4,44.52,23798,0
20090504,45.24,47.82,44.58,47.76,21980,0
20090505,47.22,48.3,45.78,47.22,23801,0
20090506,47.94,48.24,44.46,45.78,17647,0
20090507,46.8,48.72,43.62,45.72,23654,0
20090508,46.5,46.92,44.16,46.44,16705,0
20090511,44.94,46.68,44.16,45.66,20663,0
20090512,45.9,45.96,42.3,43.62,24016,0
20090513,42.6,42.96,41.4,41.76,19725,0
20090514,42.18,43.5,41.46,42.54,19902,0
20090515,42.36,42.9,41.4,41.46,23798,0
20090518,41.88,44.34,41.64,43.14,15080,0
20090519,43.38,43.38,39.9,40.5,17529,0
20090520,40.8,42.72,40.8,41.4,12203,0
20090521,40.56,40.98,38.1,39.42,14386,0
20090522,40.08,40.62,38.58,38.7,11695,0
20090526,38.4,41.7,38.4,41.22,18140,0
20090527,40.92,41.94,38.94,39.54,16460,0
20090528,40.5,42.6,38.7,41.58,17591,0
20090529,41.88,42.36,39.96,42.24,13362,0
20090601,42.24,43.62,42.18,42.84,33876,0
20090602,42.78,45.54,40.86,45.12,20232,0
20090603,44.46,45.18,42.42,43.38,23113,0
20090604,44.16,44.22,42.48,43.86,13586,0
20090605,43.98,44.34,42.84,43.92,15241,0
20090608,43.8,45.3,42.9,43.5,16553,0
20090609,43.74,44.22,42.66,42.78,14978,0
20090610,43.38,43.38,42.06,42.36,17936,0
20090611,42,43.62,41.4,41.46,21972,0
20090612,41.1,41.94,40.2,41.94,21919,0
20090615,41.4,41.4,37.2,38.46,26964,0
20090616,39.24,40.68,38.58,39.24,19383,0
20090617,39.66,40.44,38.58,39.12,15498,0
20090618,39.24,44.46,39,44.1,26477,0
20090619,44.76,48,43.92,47.34,33197,0
20090622,46.26,46.38,42.48,42.72,19727,0
20090623,43.44,45.78,42.54,45.42,26512,0
20090624,45.78,46.74,44.04,45.18,17649,0
20090625,44.64,51.66,44.28,51.36,32528,0
20090626,51.12,51.54,46.32,48.6,53102,0
20090629,48.3,48.84,45.48,47.94,19372,0
20090630,47.76,49.92,46.92,49.32,18216,0
20090701,49.98,50.64,46.8,47.16,28612,0
20090702,46.2,46.2,44.34,45.18,19127,0
20090706,45.06,47.16,44.82,46.8,18203,0
20090707,46.98,47.94,45.36,45.84,17641,0
20090708,46.26,47.22,44.4,45.42,18972,0
20090709,45.66,46.8,43.02,44.52,23837,0
20090710,44.04,45.48,42.24,42.9,18263,0
20090713,42.9,43.68,42.24,43.14,13347,0
20090714,43.14,43.8,42.6,43.56,7315,0
20090715,43.56,43.98,42.3,43.2,23638,0
20090716,42.9,44.34,42.9,44.28,7426,0
20090717,44.4,44.76,43.26,44.58,14468,0
20090720,44.58,44.58,42,43.92,16848,0
20090721,44.22,44.22,42.36,43.02,9719,0
20090722,43.44,43.62,42,42.12,22493,0
20090723,42.06,48.3,42.06,48.24,38240,0
20090724,47.46,53.58,47.4,52.74,26144,0
20090727,52.44,52.68,49.56,50.34,14355,0
20090728,49.68,50.4,48.96,49.8,11410,0
20090729,50.28,50.28,48.78,49.5,8448,0
20090730,50.52,58.32,50.52,55.86,43670,0
20090731,55.38,57.6,53.46,55.56,13292,0
20090803,56.4,63.42,54.6,62.64,32035,0
20090804,62.34,67.38,60,67.08,24417,0
20090805,66.96,67.5,63,66,19950,0
20090806,66.24,66.3,63,64.38,15171,0
20090807,66,69.96,63.66,67.74,17522,0
20090810,67.32,67.8,64.44,64.74,22498,0
20090811,64.44,64.86,60,61.32,16293,0
20090812,61.26,62.34,60.3,60.84,19988,0
20090813,61.98,62.76,60.3,62.76,18637,0
20090814,62.76,62.76,59.16,60.24,12303,0
20090817,57.9,62.16,57,58.68,11706,0
20090818,58.98,61.44,58.56,60.24,8521,0
20090819,58.98,63.9,58.98,63.6,11792,0
20090820,63.24,64.86,62.88,64.02,12161,0
20090821,65.28,65.52,62.7,63.24,22418,0
20090824,63.42,64.02,61.8,63.96,12906,0
20090825,64.26,66.06,63,65.04,15805,0
20090826,64.74,66.84,63.48,65.76,17566,0
20090827,66.12,66.12,62.52,64.32,9732,0
20090828,65.04,65.04,61.02,61.86,9631,0
20090831,61.26,61.86,57.96,58.2,19419,0
20090901,58.2,64.68,57.96,58.86,16483,0
20090902,58.8,61.38,57,60.12,16732,0
20090903,60.54,62.94,57.9,62.34,30542,0
20090904,62.28,63.6,60.9,63.3,7139,0
20090908,64.2,64.62,63.24,64.62,5481,0
20090909,64.38,72.48,64.38,68.76,27767,0
20090910,68.46,71.46,67.2,69.06,25432,0
20090911,69.6,72,67.26,68.64,23615,0
20090914,66.6,68.16,66.6,67.2,13480,0
20090915,66.96,67.2,65.04,65.88,12671,0
20090916,66.36,67.26,64.5,64.86,12367,0
20090917,64.92,68.04,62.28,65.16,16005,0
20090918,65.52,67.38,64.14,64.32,20720,0
20090921,63.12,64.2,61.98,62.4,10650,0
20090922,63,67.68,63,65.28,13477,0
20090923,65.64,66.54,64.44,64.56,8898,0
20090924,64.74,66.06,61.62,63.12,11642,0
20090925,63.06,63.42,60.6,62.34,8615,0
20090928,62.64,64.38,60.42,62.28,13827,0
20090929,62.04,62.52,61.5,61.56,4595,0
20090930,61.68,63.6,60.6,61.68,11250,0
20091001,61.44,61.44,58.62,58.68,9810,0
20091002,58.2,63.06,57.42,62.46,19057,0
20091005,62.64,64.14,61.2,63.72,11941,0
20091006,64.08,68.28,62.64,68.22,14422,0
20091007,67.98,68.28,66.3,67.2,6293,0
20091008,69.06,70.32,67.86,68.34,17740,0
20091009,68.34,70.5,67.2,70.44,10591,0
20091012,70.5,80.22,70.5,74.58,32794,0
20091013,74.4,75.36,72,72.84,6920,0
20091014,74.46,76.56,72.84,76.02,10235,0
20091015,75.66,79.2,75.66,78.06,21068,0
20091016,77.46,80.7,77.46,79.14,13141,0
20091019,79.5,80.22,76.38,76.68,25682,0
20091020,76.68,77.4,73.8,74.34,22292,0
20091021,74.28,77.1,73.74,75.3,16826,0
20091022,75.54,78,73.5,76.74,9947,0
20091023,76.92,78.54,75,75.18,24829,0
20091026,75.06,77.16,71.28,71.58,17133,0
20091027,72.12,74.64,70.8,71.1,21223,0
20091028,70.8,70.98,64.62,64.74,26435,0
20091029,65.82,72.18,65.7,72.12,25634,0
20091030,71.16,71.28,59.46,60.84,51167,0
20091102,61.68,64.56,60.12,63.42,30990,0
20091103,62.82,64.68,61.2,62.52,17788,0
20091104,62.64,64.02,59.22,59.4,29787,0
20091105,60.3,62.16,59.46,60.6,35637,0
20091106,59.94,62.28,59.94,61.08,18789,0
20091109,61.98,64.38,60.48,60.96,13732,0
20091110,60.72,62.4,58.56,59.22,19661,0
20091111,53.46,59.82,51.78,59.22,320940,0
20091112,59.34,60.6,58.02,58.5,41586,0
20091113,59.1,60.42,58.5,60,19927,0
20091116,60.3,62.82,60.12,61.44,39061,0
20091117,61.38,63.66,61.08,63.66,25709,0
20091118,63.6,63.6,60.06,61.2,21212,0
20091119,60.36,60.9,58.98,60.24,13533,0
20091120,60.18,63,58.8,62.7,19680,0
20091123,63.66,66.42,60.24,66.36,34257,0
20091124,66.24,67.8,65.52,67.02,23307,0
20091125,67.26,70.92,66.54,67.92,26524,0
20091127,64.5,67.86,64.44,67.26,21595,0
20091130,66.9,67.14,62.4,67.02,33584,0
20091201,67.86,69.9,66.66,69.12,23189,0
20091202,69.72,74.04,68.82,72.24,27284,0
20091203,72.84,73.26,69.06,69.36,11568,0
20091204,71.28,73.5,69.96,71.4,17366,0
20091207,71.52,72.84,69.54,69.9,18275,0
20091208,69.42,69.9,66.36,66.66,17648,0
20091209,66.96,67.92,63.9,64.2,26358,0
20091210,64.74,65.04,61.26,62.22,27519,0
20091211,62.88,62.88,60.6,60.84,30492,0
20091214,61.62,67.5,60.24,67.44,49599,0
20091215,66.84,67.44,64.86,66.42,40012,0
20091216,66.96,67.68,63.24,64.02,30954,0
20091217,63.48,65.4,61.2,63.9,23490,0
20091218,64.5,66.18,62.94,65.34,77766,0
20091221,65.76,68.1,63.96,67.26,20984,0
20091222,67.2,69.12,66.78,67.38,13673,0
20091223,68.16,69,66.54,67.14,11119,0
20091224,67.68,67.68,66.06,67.08,3273,0
20091228,67.2,67.98,65.82,66.96,8994,0
20091229,67.38,67.38,64.98,65.7,20417,0
20091230,65.52,66.3,65.1,65.94,24206,0
20091231,65.82,67.26,64.5,66.3,22010,0
20100104,68.34,72.78,68.34,69.9,27287,0
20100105,69.6,72.36,69.6,70.44,24079,0
20100106,70.2,72,70.02,70.44,13290,0
20100107,70.5,72,69.54,71.4,20567,0
20100108,70.8,71.1,69.12,69.54,14885,0
20100111,69.72,70.02,66.9,67.08,23182,0
20100112,66.54,67.62,66,66.42,15297,0
20100113,66.96,70.44,66.6,69.06,12786,0
20100114,69.06,69.54,67.92,68.76,7466,0
20100115,68.82,68.82,66,67.68,25879,0
20100119,67.68,68.7,66.3,66.78,14143,0
20100120,66.36,67.74,64.02,67.5,15822,0
20100121,67.74,67.98,63.96,63.96,19644,0
20100122,63.6,65.88,61.2,61.62,22313,0
20100125,63.3,63.9,61.44,63.54,18716,0
20100126,63.06,63.6,60.72,60.96,14028,0
20100127,60.72,62.4,60.6,60.6,17217,0
20100128,60.96,61.44,58.86,60.36,16446,0
20100129,60.96,61.44,59.4,59.82,18611,0
20100201,60.24,60.24,56.1,57.66,38625,0
20100202,57.6,59.88,57.3,59.22,20823,0
20100203,58.74,59.88,57,57.24,10491,0
20100204,56.94,57.66,53.64,54,30795,0
20100205,54.3,58.86,53.88,58.5,18216,0
20100208,58.26,58.26,54.66,55.08,11245,0
20100209,56.46,56.46,54.42,55.2,25235,0
20100210,54.78,54.78,52.98,54.42,13549,0
20100211,54.36,58.02,53.28,57.72,13192,0
20100212,56.76,58.86,55.74,58.62,27485,0
20100216,59.16,60.3,58.26,59.64,19905,0
20100217,60.3,65.94,60.3,64.38,36710,0
20100218,64.5,64.56,63.12,63.36,12329,0
20100219,63.3,64.56,60.48,60.66,18628,0
20100222,60.72,61.98,59.46,60,15361,0
20100223,59.88,61.2,59.88,60.06,25144,0
20100224,60.18,61.38,60.12,60.84,12998,0
20100225,59.94,60,58.5,59.4,20171,0
20100226,59.46,59.88,57.12,57.24,17443,0
20100301,57.96,60.9,57.96,60.72,21059,0
20100302,61.14,61.14,58.2,58.68,20249,0
20100303,59.1,61.62,59.1,61.32,19612,0
20100304,61.56,62.58,58.92,62.16,7892,0
20100305,62.76,64.5,61.8,64.02,24385,0
20100308,64.32,64.8,61.74,62.1,14332,0
20100309,61.92,63.96,61.68,63.78,17640,0
20100310,63.6,65.76,63.42,65.58,27562,0
20100311,66.6,75.6,65.76,74.52,93257,0
20100312,74.58,76.68,71.34,71.52,47887,0
20100315,70.56,71.76,68.4,70.86,46543,0
20100316,71.22,72,69.48,71.22,22323,0
20100317,69.66,71.4,69.24,70.14,26334,0
20100318,70.32,71.34,69.84,70.14,12079,0
20100319,70.62,71.28,69.3,70.86,29257,0
20100322,70.5,70.5,67.08,69.3,21025,0
20100323,69.12,71.34,68.34,70.74,17149,0
20100324,70.14,71.58,69.36,69.9,18586,0
20100325,70.56,72.36,69.78,71.76,26933,0
20100326,71.88,73.92,71.1,73.68,27468,0
20100329,74.1,75.06,73.44,73.5,17956,0
20100330,73.86,78.78,72.42,76.38,32472,0
20100331,75.78,76.2,72.72,73.08,23342,0
20100401,73.8,74.76,72.9,74.22,13758,0
20100405,74.82,78.3,73.92,74.88,32202,0
20100406,74.64,78.96,73.62,78.54,38471,0
20100407,77.88,80.16,76.44,77.28,26947,0
20100408,77.16,77.34,75.9,76.86,14043,0
20100409,76.74,78,76.38,77.28,15183,0
20100412,77.1,77.1,74.88,75.9,23326,0
20100413,75.48,76.14,74.16,75.72,17068,0
20100414,75,75.6,73.8,75.54,27447,0
20100415,75.24,78.24,75.24,78.12,19424,0
20100416,78,78.12,75.84,76.86,16494,0
20100419,76.08,78.72,74.34,74.46,19948,0
20100420,74.64,75.84,74.28,75.72,20536,0
20100421,75.84,78.84,75.84,78.18,18340,0
20100422,77.46,87.12,76.68,86.52,53436,0
20100423,86.7,89.88,83.52,83.88,79333,0
20100426,87.78,87.84,79.08,79.32,33494,0
20100427,79.38,80.58,76.74,77.82,33962,0
20100428,78.06,82.8,78.06,80.52,31546,0
20100429,81.18,81.3,72.48,76.68,77986,0
20100430,76.92,77.82,72.96,74.64,52982,0
20100503,75,75,72.48,74.64,33625,0
20100504,73.5,77.28,72.84,76.62,44606,0
20100505,76.32,77.16,74.58,74.82,26534,0
20100506,74.52,75,60.18,69.36,64259,0
20100507,69.42,75.78,68.52,71.64,98568,0
20100510,75.24,76.98,72.84,73.8,58068,0
20100511,73.08,78,73.08,76.86,34391,0
20100512,84.42,99,83.16,98.52,243335,0
20100513,98.88,102.72,96.6,100.32,141733,0
20100514,99.36,101.4,94.62,96.3,78650,0
20100517,96.54,97.2,91.2,92.22,68625,0
20100518,92.7,93.9,86.16,88.86,77711,0
20100519,88.08,94.92,86.04,94.26,81765,0
20100520,91.5,91.5,87.06,88.56,53447,0
20100521,86.34,92.76,85.56,89.76,85161,0
20100524,89.4,91.14,86.34,87.42,53355,0
20100525,86.16,90.12,82.68,89.58,47877,0
20100526,90.3,90.84,82.98,84.96,176836,0
20100527,87.3,88.5,84.6,86.94,53369,0
20100528,86.64,88.44,84.06,87,47022,0
20100601,86.4,89.4,84.54,86.58,52984,0
20100602,87.06,92.7,85.98,92.34,44361,0
20100603,91.8,98.4,91.8,97.5,59605,0
20100604,94.26,95.94,87.12,87.18,55916,0
20100607,88.02,88.5,82.92,84.24,46725,0
20100608,84.48,84.78,81.3,83.1,34833,0
20100609,83.94,84.36,78.9,80.04,44692,0
20100610,81.72,84,79.38,83.52,36902,0
20100611,82.56,87.6,82.02,87.48,61661,0
20100614,88.56,91.26,87.42,89.64,51315,0
20100615,90,92.7,88.5,92.28,36828,0
20100616,91.56,91.98,88.8,89.7,41636,0
20100617,90.42,91.8,87.42,90.66,41187,0
20100618,91.38,91.38,88.2,89.76,33128,0
20100621,91.74,91.74,86.88,88.44,31103,0
20100622,88.98,90.96,87.12,88.5,33780,0
20100623,88.8,89.64,86.52,87.78,24084,0
20100624,87.78,91.32,86.64,90,23212,0
20100625,90.72,95.4,89.7,95.22,164405,0
20100628,95.28,96.96,90.72,96.42,47762,0
20100629,94.44,96,87,88.14,54157,0
20100630,88.44,90.6,85.02,85.86,33858,0
20100701,85.86,88.62,81.54,88.32,33653,0
20100702,88.92,90.42,87.24,87.54,14870,0
20100706,89.04,91.02,83.52,84.12,40193,0
20100707,83.76,86.64,82.08,86.16,35130,0
20100708,87.54,89.88,87.42,89.4,27586,0
20100709,88.92,90.84,88.38,90.36,28836,0
20100712,89.82,90.84,85.68,87.18,17261,0
20100713,89.1,91.2,86.76,90.6,24171,0
20100714,89.82,90.66,88.44,89.46,19774,0
20100715,89.34,96.48,87.12,95.94,49378,0
20100716,95.16,97.8,91.32,91.5,37312,0
20100719,92.04,93.06,89.04,92.16,16417,0
20100720,90.36,94.32,89.1,93.66,17999,0
20100721,94.8,96.84,93.6,95.82,31002,0
20100722,96.6,101.76,95.28,100.74,63853,0
20100723,101.82,106.98,97.74,104.94,44221,0
20100726,105.78,110.64,105.78,107.22,52121,0
20100727,107.94,110.58,102.9,104.28,32625,0
20100728,103.56,104.16,97.98,98.94,36765,0
20100729,90,95.04,81.84,85.92,115660,0
20100730,84.54,88.74,82.98,84.72,39038,0
20100802,86.82,87.54,82.92,84,37493,0
20100803,84,86.28,82.68,82.86,37250,0
20100804,83.76,86.1,83.04,83.76,23832,0
20100805,83.28,83.94,82.02,82.26,11902,0
20100806,81.18,81.9,78.9,80.94,22214,0
20100809,82.08,86.52,82.08,85.14,34111,0
20100810,84.06,85.86,80.22,82.56,35503,0
20100811,81,81.66,77.1,77.7,40760,0
20100812,76.02,79.98,75.42,76.8,22792,0
20100813,76.62,79.08,75.18,75.18,18697,0
20100816,74.4,80.4,74.28,78.84,22730,0
20100817,80.16,82.56,79.56,80.28,25393,0
20100818,80.28,81.6,78.72,79.56,16565,0
20100819,78.9,79.86,74.28,74.28,29227,0
20100820,74.28,75.6,71.1,75.54,38956,0
20100823,76.26,77.58,72.66,72.78,17477,0
20100824,71.22,72.06,70.5,70.62,29059,0
20100825,69.66,70.44,67.32,69.6,50235,0
20100826,70.38,70.44,66.42,66.48,32562,0
20100827,67.8,72,66.6,71.82,42545,0
20100830,71.76,72.36,66.84,67.02,26872,0
20100831,66.12,68.94,64.32,67.92,53568,0
20100901,69.48,70.86,69,70.56,23991,0
20100902,70.98,71.28,66.24,67.08,36383,0
20100903,68.46,69.12,66.54,68.88,25585,0
20100907,68.7,68.88,62.52,63.3,37107,0
20100908,63.72,66.24,63.72,65.16,25026,0
20100909,66.36,66.9,62.7,64.32,22875,0
20100910,64.8,65.52,61.74,63,38576,0
20100913,64.02,66.42,63.6,65.64,27813,0
20100914,65.58,66.18,63.66,63.84,20771,0
20100915,63.24,64.8,62.1,64.26,19429,0
20100916,63.9,67.08,63.3,63.96,28298,0
20100917,64.98,65.34,61.92,63.18,42808,0
20100920,63.24,66.96,63.18,66.6,33796,0
20100921,66.78,69.84,66.42,68.04,30944,0
20100922,67.44,68.88,64.62,65.04,22084,0
20100923,64.2,64.44,60.06,61.14,43810,0
20100924,62.22,65.04,61.26,64.56,23780,0
20100927,64.44,66.96,63,64.98,15033,0
20100928,65.4,66.96,63.06,66.12,18912,0
20100929,65.64,68.04,65.64,67.08,13150,0
20100930,78.6,78.84,71.88,75.48,102541,0
20101001,76.26,76.26,72.72,73.02,23681,0
20101004,72.48,72.84,70.02,71.7,23829,0
20101005,72.72,77.4,72.18,76.5,30653,0
20101006,76.26,76.32,73.5,75.24,32870,0
20101007,75.78,78.06,74.94,76.86,22363,0
20101008,77.28,81.3,76.92,80.4,33943,0
20101011,80.16,80.22,77.1,77.7,18498,0
20101012,77.16,81.12,74.34,80.76,30288,0
20101013,81.12,84,80.76,82.32,26431,0
20101014,82.44,85.26,80.76,84.12,13449,0
20101015,86.1,86.1,82.32,82.56,24220,0
20101018,82.8,85.08,82.02,84.78,24724,0
20101019,83.22,85.62,81.24,85.14,21038,0
20101020,86.04,91.2,84.84,90.12,33523,0
20101021,90,92.34,84,86.94,28386,0
20101022,85.5,90,85.5,89.1,20396,0
20101025,89.88,90.78,87.72,88.14,15348,0
20101026,87.72,88.14,86.16,87.48,17211,0
20101027,87,88.08,84.96,86.52,17383,0
20101028,87.18,88.8,85.14,85.32,19642,0
20101029,84.9,86.16,83.52,83.76,13690,0
20101101,84.06,84.06,80.22,81.72,31282,0
20101102,83.4,85.98,81.24,83.22,41725,0
20101103,86.22,87,84.06,85.5,10514,0
20101104,87.6,89.04,84,85.38,24870,0
20101105,85.26,85.5,84.06,84.24,23638,0
20101108,83.88,84.18,81.9,82.62,17583,0
20101109,68.04,68.82,63.12,66.3,178892,0
20101110,66.24,68.34,66.06,67.02,107472,0
20101111,66.06,68.04,64.98,65.82,44195,0
20101112,64.86,66.9,63,63.06,33867,0
20101115,63.3,64.32,62.16,62.52,30714,0
20101116,62.22,63.36,61.68,62.22,41457,0
20101117,63,65.88,60.78,61.14,33204,0
20101118,62.52,62.52,60.9,61.92,41232,0
20101119,61.98,62.64,60.6,60.84,35397,0
20101122,60.78,63.96,60,63.48,54374,0
20101123,62.76,63.96,61.5,63,31324,0
20101124,63.3,63.36,61.26,62.46,40957,0
20101126,61.86,62.16,61.32,61.44,12682,0
20101129,61.26,61.5,60.36,60.9,52855,0
20101130,60.06,61.56,59.52,61.44,62029,0
20101201,63.18,64.32,61.5,62.46,55709,0
20101202,64.68,68.58,64.68,67.14,97730,0
20101203,66.84,68.04,64.56,65.28,54912,0
20101206,65.28,66.42,64.2,65.94,27073,0
20101207,67.2,68.28,66.48,67.5,35240,0
20101208,67.98,70.08,66.78,68.46,40510,0
20101209,69.42,71.28,68.46,69.54,46730,0
20101210,69.9,71.04,67.68,69.12,75975,0
20101213,69.36,70.38,68.28,69.48,33500,0
20101214,69.9,70.68,69.24,69.84,42997,0
20101215,69.9,71.7,69.84,70.26,33605,0
20101216,70.2,70.2,66,67.32,63470,0
20101217,67.14,69.54,66.54,68.04,82800,0
20101220,68.34,68.52,62.88,63.96,76732,0
20101221,64.08,65.04,63.24,63.9,31579,0
20101222,64.02,67.2,63.36,66.42,28468,0
20101223,66.66,67.14,64.44,64.86,15537,0
20101227,64.92,67.44,64.92,66.3,15545,0
20101228,66.6,68.7,66.18,67.74,28016,0
20101229,67.74,67.74,65.7,66.78,26614,0
20101230,66.54,71.64,66.18,71.4,42731,0
20101231,71.16,74.04,69.12,73.02,52420,0
20110103,73.86,76.68,72.48,75,50941,0
20110104,73.44,74.88,67.44,67.86,87056,0
20110105,67.62,68.76,65.64,65.82,61850,0
20110106,66.42,66.9,62.88,63.36,62864,0
20110107,63.3,64.32,61.02,63.18,74335,0
20110110,63,63.48,61.02,62.7,42413,0
20110111,62.94,63.54,61.56,63,32845,0
20110112,63.84,65.22,62.94,63.36,39644,0
20110113,63.36,63.36,60.42,61.08,58254,0
20110114,61.08,61.86,60.42,61.68,28742,0
20110118,61.62,62.04,60.24,61.02,32005,0
20110119,60.78,61.2,59.28,59.28,55946,0
20110120,58.74,59.04,55.74,56.22,52855,0
20110121,56.94,56.94,52.62,53.88,69061,0
20110124,54.78,54.9,52.14,52.38,54541,0
20110125,52.14,53.52,51.24,52.68,36969,0
20110126,55.56,57.84,54,55.44,73062,0
20110127,55.44,57.24,54.6,54.72,38613,0
20110128,54.48,55.2,50.28,52.98,52189,0
20110131,53.58,54,51.9,53.1,37422,0
20110201,53.64,55.92,52.92,55.2,36309,0
20110202,54.9,55.56,52.92,53.28,22253,0
20110203,53.34,53.88,51.96,53.7,24430,0
20110204,53.94,54.24,52.62,53.22,17825,0
20110207,53.46,55.74,53.34,54.78,24783,0
20110208,54.84,55.44,54.42,54.9,30459,0
20110209,55.86,55.86,54.06,54.72,28994,0
20110210,54.3,55.08,54,54.3,13978,0
20110211,54,55.2,52.26,54.72,29337,0
20110214,54.9,54.96,53.7,54,9992,0
20110215,53.88,54.3,53.28,54,18791,0
20110216,53.76,54.18,52.26,53.4,27052,0
20110218,53.46,53.88,52.74,53.22,14223,0
20110222,54,54,50.82,51,53194,0
20110223,51.48,52.26,50.4,50.58,35545,0
20110224,51.12,56.34,51.12,55.5,53913,0
20110225,56.7,56.7,54.12,56.04,21920,0
20110228,57,57,53.16,54.48,23843,0
20110301,54.9,54.9,53.16,54,23454,0
20110302,54,55.44,52.56,55.08,28525,0
20110303,55.68,58.08,55.08,56.94,47457,0
20110304,57.12,57.12,55.8,56.58,18098,0
20110307,57,57.3,53.7,54.3,26494,0
20110308,54.48,55.92,53.1,55.62,20375,0
20110309,55.2,57.24,55.14,56.34,23877,0
20110310,56.52,56.7,52.56,52.56,58499,0
20110311,51.96,52.74,49.56,51.78,62046,0
20110314,50.94,51.48,49.26,49.8,53919,0
20110315,47.4,51.66,46.62,51.48,84960,0
20110316,51.42,51.9,50.16,50.46,43898,0
20110317,51.36,52.08,49.8,49.98,20473,0
20110318,51.42,53.82,51.12,53.76,40838,0
20110321,54.6,55.56,54.12,55.08,28047,0
20110322,55.08,55.86,54.42,54.6,18002,0
20110323,54.66,56.64,54.6,56.34,15940,0
20110324,56.7,57.72,56.58,56.88,17905,0
20110325,57.78,59.76,57.06,57.48,28038,0
20110328,57.54,59.46,56.46,56.52,27343,0
20110329,56.52,60.3,55.86,59.34,25755,0
20110330,60,63.24,59.94,62.52,50502,0
20110331,62.58,63.54,61.62,63.06,35152,0
20110401,63.42,64.5,62.64,64.14,34674,0
20110404,64.44,65.7,63,63.96,27424,0
20110405,64.26,65.7,63.06,63.84,23305,0
20110406,64.26,64.98,61.08,61.62,38223,0
20110407,61.8,62.34,59.58,59.88,17878,0
20110408,60.18,60.18,55.74,56.52,49272,0
20110411,56.4,57,55.68,56.22,19163,0
20110412,54.66,56.22,53.94,55.26,26271,0
20110413,55.92,55.92,53.76,54.48,22394,0
20110414,53.64,55.44,53.64,55.32,12598,0
20110415,54.96,56.88,54.3,56.58,29039,0
20110418,55.62,56.94,54.48,56.34,16545,0
20110419,56.52,56.88,55.38,56.28,17101,0
20110420,57.54,57.78,56.76,57.6,19376,0
20110421,59.28,59.28,57.48,58.26,16677,0
20110425,58.14,58.2,56.1,56.7,14252,0
20110426,57.12,58.44,55.86,56.22,21114,0
20110427,53.28,55.5,52.86,54.66,49546,0
20110428,50.7,52.68,50.4,51,47012,0
20110429,51.24,51.24,48.06,48.48,48912,0
20110502,49.56,50.28,48,48,42015,0
20110503,48,48.72,45.48,45.6,37707,0
20110504,45.6,45.96,43.32,43.32,44841,0
20110505,42.54,45.78,42.18,44.28,41148,0
20110506,45,47.46,44.82,46.8,29279,0
20110509,46.8,46.8,45,45.6,23259,0
20110510,44.88,47.52,44.88,47.34,18533,0
20110511,46.8,47.22,45.06,45.9,15371,0
20110512,45.66,47.4,44.88,46.32,15624,0
20110513,46.56,47.28,45,45.18,25634,0
20110516,45,45.84,44.46,44.7,23018,0
20110517,44.46,45.72,44.46,45.06,22953,0
20110518,45.36,46.26,44.58,46.14,13339,0
20110519,43.8,45,43.5,43.5,301951,0
20110520,43.8,48.24,42.66,48.06,85883,0
20110523,46.68,50.58,45.78,47.94,82195,0
20110524,47.7,49.68,47.16,47.4,33966,0
20110525,47.1,48.78,46.02,47.88,34084,0
20110526,48,49.8,47.4,49.5,74423,0
20110527,49.98,52.68,49.68,52.26,64659,0
20110531,52.86,53.4,51.96,53.04,131176,0
20110601,52.62,53.04,48.6,48.66,41093,0
20110602,49.08,49.2,46.68,48.3,39635,0
20110603,46.68,48,46.32,46.5,32435,0
20110606,46.5,46.86,45,45,22736,0
20110607,45.72,46.02,44.46,44.58,24595,0
20110608,44.4,44.76,42.9,43.14,36573,0
20110609,43.26,43.62,42.42,42.6,26248,0
20110610,42.48,43.8,41.7,42.3,32466,0
20110613,43.5,43.5,42.06,42.54,15853,0
20110614,43.2,44.22,42.6,43.92,36797,0
20110615,43.38,43.5,41.88,42.6,45468,0
20110616,42.6,43.86,42.6,43.26,57324,0
20110617,43.86,44.28,39.72,41.4,68898,0
20110620,41.1,41.22,39,40.14,50673,0
20110621,40.5,43.2,40.5,42.18,36683,0
20110622,42.24,42.54,42,42.18,17080,0
20110623,42.3,42.96,41.04,42.18,22812,0
20110624,42.42,42.42,40.44,41.7,77227,0
20110627,41.34,41.88,40.08,41.34,31110,0
20110628,41.58,43.26,41.34,42.66,25817,0
20110629,42.96,43.68,41.46,41.88,20217,0
20110630,41.94,42.9,41.1,42.84,26790,0
20110701,42.84,42.84,41.16,41.7,32545,0
20110705,41.52,41.88,40.56,41.64,22874,0
20110706,41.52,41.64,40.32,41.04,40664,0
20110707,41.58,43.2,41.1,42.24,35927,0
20110708,41.58,41.94,40.86,41.16,15489,0
20110711,40.44,41.28,39.72,40.92,31842,0
20110712,40.68,42.96,40.5,42.6,19998,0
20110713,42.96,44.76,41.46,42,35235,0
20110714,42,42.06,39.84,40.44,31607,0
20110715,40.5,41.76,40.08,40.86,26864,0
20110718,40.8,43.14,39.78,42.66,37023,0
20110719,43.02,44.16,42.3,43.5,25058,0
20110720,43.32,43.56,40.62,41.28,49274,0
20110721,41.64,42.42,40.38,40.68,48624,0
20110722,40.8,41.94,39.84,40.14,33251,0
20110725,39.42,40.5,39.12,39.24,46795,0
20110726,39.3,40.02,37.92,38.28,50359,0
20110727,37.92,38.52,36.12,36.36,49816,0
20110728,39.36,46.44,37.74,41.76,146976,0
20110729,40.62,42,39.12,40.98,37732,0
20110801,41.88,42.66,38.28,39.42,75204,0
20110802,38.22,39.54,37.2,37.62,74650,0
20110803,37.68,38.7,36.36,37.62,34128,0
20110804,37.08,37.32,34.86,35.04,73190,0
20110805,35.76,36.9,34.62,35.16,70351,0
20110808,33.18,34.86,31.68,31.98,94458,0
20110809,32.58,34.74,30.42,34.68,91470,0
20110810,33.24,34.74,30.9,32.16,70687,0
20110811,32.1,34.08,31.26,33.66,54585,0
20110812,33.78,34.02,32.58,33.12,58399,0
20110815,34.2,34.68,33.12,34.38,20157,0
20110816,33.9,34.08,32.7,33.18,19812,0
20110817,33.6,34.02,32.7,33.42,24354,0
20110818,32.16,33.18,31.02,31.8,53779,0
20110819,31.26,32.52,30.3,30.66,37343,0
20110822,31.68,32.34,30.06,30.3,35116,0
20110823,30.54,32.4,30.12,32.34,33812,0
20110824,32.28,32.4,30.78,31.74,38315,0
20110825,32.04,32.64,30,30,28267,0
20110826,29.94,31.5,29.28,31.38,31204,0
20110829,32.88,32.88,31.74,32.28,36174,0
20110830,32.04,32.82,31.44,32.58,27954,0
20110831,32.7,33,31.5,32.46,47826,0
20110901,32.22,33.12,30.48,30.84,69224,0
20110902,30.42,31.38,29.22,29.58,43793,0
20110906,28.32,30.84,28.26,30.36,26260,0
20110907,30.96,31.62,30.06,30.84,22672,0
20110908,30.9,30.9,29.28,29.58,28894,0
20110909,29.64,30.96,28.86,29.88,36059,0
20110912,29.28,30.12,28.86,29.82,30097,0
20110913,29.76,30.12,28.8,29.46,46794,0
20110914,29.94,30.42,28.56,29.7,41856,0
20110915,30,30,28.8,29.46,25966,0
20110916,29.7,29.7,28.2,29.4,80309,0
20110919,29.04,29.7,27.96,29.22,32199,0
20110920,29.58,30.72,28.98,29.52,44963,0
20110921,28.98,29.88,26.28,26.4,23855,0
20110922,24.48,26.28,24.48,26.1,37699,0
20110923,26.22,28.32,25.56,28.14,31007,0
20110926,28.26,28.26,26.04,27,43787,0
20110927,27.9,28.56,26.58,27.54,69793,0
20110928,27.3,28.02,26.34,27,57918,0
20110929,27.3,27.9,26.34,27.3,53445,0
20110930,26.7,27.24,26.04,26.28,44521,0
20111003,26.7,26.82,21.12,21.24,56591,0
20111004,21,26.28,19.68,24.96,77772,0
20111005,22.74,25.38,22.74,24.42,61286,0
20111006,24.36,25.62,23.46,25.56,45476,0
20111007,25.56,25.56,23.94,24.24,50802,0
20111010,24.78,25.8,24.24,25.74,35415,0
20111011,25.32,26.4,24.36,26.22,41850,0
20111012,25.68,30,25.68,29.28,57562,0
20111013,28.98,28.98,26.34,27.18,34426,0
20111014,27.66,29.34,27.36,28.74,21083,0
20111017,28.38,28.74,27.12,27.42,39578,0
20111018,27.6,30.9,27,30.72,24445,0
20111019,30.66,30.72,27.96,28.14,29996,0
20111020,28.68,28.68,26.04,27.18,24406,0
20111021,27.9,27.96,26.7,27.54,29841,0
20111024,27.72,30.06,27.06,30.06,32131,0
20111025,29.1,30.18,28.74,29.52,25175,0
20111026,30,31.92,29.4,29.88,48715,0
20111027,31.38,32.76,30.6,31.98,45333,0
20111028,32.28,33.24,31.44,32.52,26071,0
20111031,32.22,33.12,30.6,30.78,24072,0
20111101,29.88,31.38,28.5,28.56,45657,0
20111102,29.4,30.66,26.46,27,60509,0
20111103,26.82,27.42,24.36,25.14,111472,0
20111104,24.72,26.16,24.36,25.68,91931,0
20111107,25.38,25.44,23.82,24.06,42430,0
20111108,23.88,25.2,23.88,24.84,39554,0
20111109,24.06,24.6,23.4,23.76,32615,0
20111110,24.48,27.06,24.06,26.94,91964,0
20111111,26.64,27.06,23.1,23.82,97898,0
20111114,23.64,24.78,23.16,24.12,42369,0
20111115,24.3,24.72,23.76,24.6,21039,0
20111116,24.18,26.04,24.18,24.66,26003,0
20111117,24.78,25.26,24.24,24.78,22084,0
20111118,25.26,26.64,24.78,25.62,43227,0
20111121,24.9,25.8,23.34,23.82,26188,0
20111122,24.12,24.42,23.58,23.7,25454,0
20111123,23.4,23.82,22.92,22.98,22187,0
20111125,22.74,23.88,22.56,22.56,9506,0
20111128,23.7,24.66,23.16,24,134524,0
20111129,24.18,24.84,23.82,23.94,46560,0
20111130,25.26,29.88,24.9,28.56,92341,0
20111201,28.26,29.4,27.96,28.62,32613,0
20111202,29.22,30.24,28.8,29.64,26817,0
20111205,29.82,31.02,29.58,30.66,35179,0
20111206,30.48,30.72,27.96,28.44,36981,0
20111207,28.14,28.68,27,28.38,24602,0
20111208,27.9,28.2,25.14,25.14,22899,0
20111209,25.38,27.24,25.38,25.98,19356,0
20111212,25.44,26.82,25.14,26.58,29377,0
20111213,26.82,28.38,26.7,27.12,31731,0
20111214,26.88,27.48,25.68,27.12,37162,0
20111215,27.66,28.32,27.3,27.84,25229,0
20111216,27.96,28.02,26.7,27.66,46520,0
20111219,28.08,28.08,26.46,26.58,33598,0
20111220,27.3,29.88,27.12,29.7,35762,0
20111221,29.4,29.82,28.68,29.28,18534,0
20111222,29.46,29.94,28.86,29.52,10320,0
20111223,29.04,29.7,27.66,28.26,15910,0
20111227,27.84,29.88,27.6,28.02,20250,0
20111228,27.78,27.96,26.52,27.06,158228,0
20111229,27.06,27.84,26.16,27.06,37980,0
20111230,26.94,27.54,26.46,27.3,42316,0
20120103,28.62,30.36,28.44,30.06,19891,0
20120104,29.82,30.48,29.58,30.06,15810,0
20120105,29.76,30.9,29.76,30.36,14237,0
20120106,30.54,31.92,30.36,30.84,32285,0
20120109,31.38,31.86,30.6,31.68,21939,0
20120110,32.22,34.38,31.92,32.88,37001,0
20120111,32.7,34.2,32.04,33.96,21009,0
20120112,34.08,36.54,34.08,35.94,45860,0
20120113,15.6,16.98,15,15.24,2041618,0
20120117,15.72,15.78,14.04,15.6,330186,0
20120118,15.6,16.26,15.3,16.26,164328,0
20120119,16.38,16.44,15.78,15.96,130781,0
20120120,16.2,16.2,15.3,16.02,111990,0
20120123,15.9,16.02,15.54,15.96,66104,0
20120124,15.78,16.14,15.42,16.14,78057,0
20120125,15.84,16.38,15.66,16.26,55305,0
20120126,16.32,16.62,16.02,16.32,53143,0
20120127,16.26,16.62,16.02,16.56,29091,0
20120130,16.32,16.38,15.66,15.72,68319,0
20120131,15.84,16.08,15.66,15.9,39365,0
20120201,16.02,16.32,15.72,15.96,60710,0
20120202,15.96,16.14,15.78,16.02,30340,0
20120203,16.38,16.5,16.02,16.38,49677,0
20120206,16.44,18.18,15.9,17.4,193634,0
20120207,17.1,17.52,16.32,17.34,46956,0
20120208,17.4,17.7,16.86,17.28,38044,0
20120209,17.52,17.82,17.04,17.64,30564,0
20120210,17.52,17.58,16.86,16.98,30443,0
20120213,17.1,17.28,16.8,17.22,22735,0
20120214,17.1,17.52,17.1,17.34,22875,0
20120215,17.46,17.52,16.8,17.22,16143,0
20120216,17.16,17.46,16.86,17.46,22756,0
20120217,17.4,17.58,16.86,17.28,26974,0
20120221,16.8,17.22,16.68,17.1,37433,0
20120222,16.98,17.1,16.8,16.8,7323,0
20120223,16.8,17.46,16.62,17.4,29680,0
20120224,17.22,17.58,16.92,17.22,25803,0
20120227,17.04,17.58,16.8,17.46,32748,0
20120228,17.52,18.66,17.28,18,69334,0
20120229,17.94,18.3,16.5,16.56,49808,0
20120301,16.8,17.1,16.5,16.56,30951,0
20120302,16.62,16.8,16.02,16.02,32546,0
20120305,15.78,16.5,15.66,16.44,16863,0
20120306,15.96,16.38,15.18,15.24,36108,0
20120307,15.12,16.14,15.12,15.84,13943,0
20120308,15.96,17.1,15.72,17.04,22696,0
20120309,16.86,18.12,16.86,18,38384,0
20120312,18,19.2,17.76,18.48,51154,0
20120313,18.9,19.26,18.42,19.08,45225,0
20120314,19.68,20.58,18.9,19.38,50903,0
20120315,19.44,19.68,18.78,18.96,33404,0
20120316,18.9,19.56,18.84,19.14,42556,0
20120319,19.14,19.62,18.9,19.14,24607,0
20120320,19.02,19.14,18.48,18.9,30535,0
20120321,19.32,19.5,18.9,19.02,22721,0
20120322,18.9,19.44,18.54,19.08,19128,0
20120323,19.14,19.62,18.9,19.08,17428,0
20120326,19.44,19.68,19.32,19.56,13741,0
20120327,19.68,20.88,19.68,20.04,27356,0
20120328,19.92,20.1,18.18,18.24,20133,0
20120329,18.24,18.42,17.52,17.88,16554,0
20120330,18,18.24,16.98,16.98,15874,0
20120402,17.04,18.66,17.04,18.06,22174,0
20120403,17.94,17.94,17.04,17.16,11001,0
20120404,16.86,16.86,16.5,16.68,12762,0
20120405,16.44,16.8,16.14,16.14,19325,0
20120409,15.6,17.1,15.36,16.68,40764,0
20120410,16.68,18.84,16.68,18.24,48810,0
20120411,18.54,19.08,18,18.42,26159,0
20120412,18.42,19.2,18.24,18.66,19547,0
20120413,18.48,18.6,17.64,17.88,11374,0
20120416,17.88,18.36,17.4,18.06,10887,0
20120417,18.12,18.78,18.06,18.6,12451,0
20120418,18.48,18.96,16.56,16.92,27415,0
20120419,16.92,17.64,16.44,17.4,15601,0
20120420,18.18,18.18,16.86,17.4,19992,0
20120423,17.22,17.22,15.9,16.02,18257,0
20120424,16.02,16.26,15.48,16.02,16216,0
20120425,16.32,17.16,15.96,16.38,47195,0
20120426,16.38,17.28,15.84,16.86,21107,0
20120427,16.8,17.4,15.78,16.08,20829,0
20120430,16.14,17.34,15.9,16.26,20041,0
20120501,16.14,16.5,14.76,14.76,40840,0
20120502,14.94,15.48,14.1,14.58,33004,0
20120503,14.52,14.94,14.1,14.16,26245,0
20120504,14.22,14.28,13.74,13.86,15704,0
20120507,13.8,13.98,13.38,13.74,16705,0
20120508,13.68,14.1,13.68,14.04,18680,0
20120509,13.8,14.16,13.5,13.74,15394,0
20120510,13.86,13.86,12.96,13.14,37399,0
20120511,12.96,13.44,12.48,12.96,59058,0
20120514,12.78,13.5,12.78,13.08,18325,0
20120515,13.26,13.5,12.84,12.96,10820,0
20120516,13.02,13.14,11.76,12,45117,0
20120517,12,12.12,10.98,11.4,41102,0
20120518,11.4,11.7,11.34,11.46,18777,0
20120521,11.46,12,11.34,11.88,15844,0
20120522,11.94,12.18,11.34,11.52,18633,0
20120523,11.4,11.94,11.28,11.76,23455,0
20120524,11.76,11.76,11.04,11.34,9736,0
20120525,11.34,11.46,10.92,11.4,12456,0
20120529,11.52,11.88,11.4,11.88,14298,0
20120530,11.7,12.24,11.7,11.94,13027,0
20120531,11.88,12.18,11.7,12,55939,0
20120601,11.58,11.88,11.4,11.52,21751,0
20120604,11.58,11.82,11.4,11.76,9892,0
20120605,11.58,16.02,11.46,15.42,63948,0
20120606,15.66,15.9,13.86,14.52,40433,0
20120607,14.82,14.82,12.84,12.96,28912,0
20120608,12.84,14.76,12.84,13.86,14314,0
20120611,14.1,14.58,13.38,13.62,28832,0
20120612,13.8,14.34,12.9,13.14,18556,0
20120613,13.08,14.28,12.9,13.32,16735,0
20120614,13.32,13.62,12.84,13.14,26503,0
20120615,13.08,13.44,12.96,13.14,27021,0
20120618,12.96,13.26,12.6,12.84,27235,0
20120619,12.84,13.26,12.24,12.6,36213,0
20120620,12.6,13.74,12.6,13.5,18459,0
20120621,13.5,14.4,12.9,12.96,50013,0
20120622,13.02,13.26,12.72,12.72,792045,0
20120625,12.6,13.44,12.18,12.24,29807,0
20120626,12.48,12.48,11.1,11.22,32644,0
20120627,11.34,11.76,10.8,11.22,27842,0
20120628,11.04,11.76,10.98,10.98,6602,0
20120629,11.22,11.4,10.92,11.1,9254,0
20120702,11.22,11.94,11.04,11.16,9535,0
20120703,11.16,11.58,11.16,11.4,2937,0
20120705,11.4,12,11.4,11.76,11155,0
20120706,11.76,12.48,11.28,12.06,14181,0
20120709,11.82,11.94,11.4,11.4,13865,0
20120710,11.64,12.12,11.4,12,19564,0
20120711,12.06,12.54,12.06,12.48,9743,0
20120712,12.24,13.26,12.24,13.02,9548,0
20120713,12.9,13.914,12.06,12.78,9227,0
20120716,12.84,13.08,12.48,12.72,10250,0
20120717,12.78,12.78,11.88,12.12,7218,0
20120718,12.192,12.21,11.88,11.88,3076,0
20120719,12.12,12.54,11.94,12.24,30877,0
20120720,12.18,12.18,11.52,11.82,5860,0
20120723,11.76,12.24,11.52,11.7,9244,0
20120724,11.64,11.88,11.28,11.28,13238,0
20120725,11.4,11.82,11.34,11.52,5316,0
20120726,11.52,11.58,10.56,10.86,18063,0
20120727,11.22,11.819,10.866,11.52,15365,0
20120730,11.52,12,11.34,11.4,3525,0
20120731,11.52,11.58,11.1,11.1,6380,0
20120801,11.28,11.34,10.74,10.74,10803,0
20120802,10.68,11.58,10.572,10.921,11795,0
20120803,11.46,11.519,10.2,10.74,206782,0
20120806,10.74,11.58,10.74,10.98,8639,0
20120807,11.16,11.7,11.041,11.4,8684,0
20120808,11.34,11.82,11.34,11.46,2260,0
20120809,11.46,12.18,11.04,11.76,8105,0
20120810,11.58,11.94,11.388,11.52,16785,0
20120813,11.46,11.579,11.16,11.16,4927,0
20120814,11.22,11.22,10.56,10.56,12923,0
20120815,10.8,11.04,10.02,10.74,18570,0
20120816,10.62,10.8,10.2,10.56,8730,0
20120817,10.8,10.8,10.2,10.32,12503,0
20120820,10.38,10.38,10.02,10.08,14165,0
20120821,10.081,10.26,9.721,9.84,8788,0
20120822,10.02,10.38,9.84,10.2,16097,0
20120823,10.2,10.5,9.84,10.2,15887,0
20120824,10.2,10.38,9.96,10.14,7886,0
20120827,10.02,10.308,9.901,10.2,15119,0
20120828,10.2,10.259,9.96,10.14,6779,0
20120829,10.26,10.26,9.84,9.96,7150,0
20120830,9.9,9.96,9.78,9.84,1267,0
20120831,9.96,10.14,9.72,10.02,6549,0
20120904,9.84,9.9,9.18,9.18,19516,0
20120905,9.18,9.3,8.4,8.4,35597,0
20120906,8.46,8.82,7.92,8.64,26105,0
20120907,8.46,9.24,8.46,9,7865,0
20120910,8.7,9.3,8.7,9.18,5684,0
20120911,9,9.48,9,9.12,6791,0
20120912,9,9.42,9,9.12,2945,0
20120913,9.3,10.13,9.24,9.9,26621,0
20120914,9.72,10.8,9.66,10.02,50146,0
20120917,9.9,10.14,9.9,9.96,4033,0
20120918,9.9,9.96,9.24,9.3,7994,0
20120919,9.3,9.6,9.06,9.3,4378,0
20120920,9.36,9.36,8.88,9.18,19136,0
20120921,9.36,9.66,9.045,9.66,11720,0
20120924,9.6,9.66,9.0606,9.6,6336,0
20120925,9.9,9.9,9.3,9.36,20243,0
20120926,9.3,9.66,9.3,9.42,8490,0
20120927,9.42,9.9,9.42,9.6,8923,0
20120928,9.48,10.2,9.4296,10.08,10357,0
20121001,10.5,10.5,9.6,9.6,29857,0
20121002,9.48,9.84,9.3,9.54,16528,0
20121003,9.72,9.72,9.36,9.54,9651,0
20121004,9.48,9.72,9.33,9.42,19907,0
20121005,9.42,9.72,9.24,9.48,3727,0
20121008,9.6,10.08,9.48,9.48,8048,0
20121009,9.66,9.84,9.12,9.12,19062,0
20121010,9.66,9.66,9.06,9.24,20063,0
20121011,9.24,9.69,9.24,9.48,3786,0
20121012,9.48,9.72,9.42,9.42,36259,0
20121015,9.42,9.6,9.24,9.24,8079,0
20121016,9.24,9.3,9.12,9.12,4540,0
20121017,9.06,9.24,8.94,8.94,5047,0
20121018,8.88,8.88,8.4,8.46,18059,0
20121019,8.58,8.82,8.4,8.46,6884,0
20121022,8.46,8.7,8.1,8.16,21604,0
20121023,8.1,8.31,8.04,8.04,5757,0
20121024,8.04,8.58,8.04,8.04,7578,0
20121025,8.04,8.22,7.86,7.92,8884,0
20121026,7.92,8.16,7.8,7.8,3117,0
20121031,7.8,8.22,7.44,7.98,21374,0
20121101,7.92,8.34,7.86,7.92,18265,0
20121102,8.1,8.16,7.74,7.98,17912,0
20121105,7.92,8.4,7.86,8.04,19363,0
20121106,8.1,8.4,7.86,7.92,10712,0
20121107,7.86,8.16,7.734,7.98,7365,0
20121108,7.74,8.22,7.5,7.8,9244,0
20121109,7.74,8.1,7.56,7.74,11155,0
20121112,7.62,7.68,7.32,7.38,20579,0
20121113,7.32,8.0994,7.26,7.26,12484,0
20121114,7.2,7.629,6.78,7.56,12588,0
20121115,7.5,8.04,6.78,7.32,16133,0
20121116,7.2,7.38,6.96,7.32,4067,0
20121119,7.26,7.8,7.02,7.5,13157,0
20121120,7.32,7.68,6.9,7.38,8508,0
20121121,7.32,7.68,7.14,7.44,11385,0
20121123,7.38,7.74,7.26,7.32,1121,0
20121126,7.08,7.32,6.96,7.02,7896,0
20121127,6.84,7.14,6.84,7.02,2313,0
20121128,7.02,7.02,6.78,6.84,15140,0
20121129,6.48,6.9,6.42,6.42,9681,0
20121130,6.6,8.1,6.6,6.78,188511,0
20121203,6.96,7.2,6.78,6.9,37279,0
20121204,6.81,7.1994,6.72,6.84,14373,0
20121205,7.56,9.916,7.56,8.94,187338,0
20121206,9,13.14,8.58,12.96,190685,0
20121207,12.3,12.6,10.5,10.8,132822,0
20121210,10.74,10.8,10.08,10.32,58192,0
20121211,10.26,10.32,9.6,9.84,42251,0
20121212,9.84,11.1,9.84,10.14,64643,0
20121213,10.38,10.56,10.08,10.14,18271,0
20121214,10.02,10.44,9.96,10.44,22127,0
20121217,10.62,12,10.56,11.22,46538,0
20121218,10.86,11.58,10.56,10.56,28625,0
20121219,10.62,10.74,9.72,9.72,98418,0
20121220,9.66,9.9,9.42,9.54,26386,0
20121221,9.42,9.72,9.2394,9.24,15979,0
20121224,9.36,9.48,9.18,9.24,9944,0
20121226,9.24,9.54,9.12,9.54,20837,0
20121227,9.6,9.6,9,9.18,14326,0
20121228,9,9.42,8.76,9.06,185038,0
20121231,9,9.48,8.7,8.88,44238,0
20130102,9.12,9.36,8.94,9.06,13076,0
20130103,9.18,10.68,9.18,9.72,35270,0
20130104,9.6,10.2,9.48,9.6,21614,0
20130107,9.72,10.02,9.6,9.66,10384,0
20130108,9.78,10.2,9.36,9.48,13048,0
20130109,9.72,9.84,9.36,9.42,16157,0
20130110,9.3,9.66,9.3,9.54,12837,0
20130111,9.6,9.78,9.42,9.72,7120,0
20130114,9.72,9.72,9.48,9.6,17193,0
20130115,9.42,9.78,9.42,9.72,9735,0
20130116,9.78,9.84,9.48,9.54,14740,0
20130117,9.6,9.72,9.24,9.36,15067,0
20130118,9.6,9.6,9.36,9.42,6664,0
20130122,9.6,9.6,9.3,9.3,10049,0
20130123,9.54,9.6,8.994,9.12,26697,0
20130124,9.24,9.24,8.94,8.94,15630,0
20130125,9.24,9.42,8.94,9,16342,0
20130128,9.3,9.3,8.94,9,10131,0
20130129,9.12,9.12,8.7,8.94,8616,0
20130130,9.24,9.24,8.64,9,19147,0
20130131,9.12,9.36,8.94,9,13185,0
20130201,9.24,9.24,8.64,8.64,22937,0
20130204,8.76,8.82,8.283,8.4,15385,0
20130205,8.22,8.58,7.86,8.46,31619,0
20130206,8.3406,9.3,8.3406,9.12,15926,0
20130207,9.12,9.3,9.06,9.18,7989,0
20130208,9.3,9.6,8.8806,9.54,27376,0
20130211,9.6,9.6,9.24,9.42,3905,0
20130212,9.6,10.08,9.42,9.84,12038,0
20130213,10.08,10.14,9.9,10.08,23831,0
20130214,10.08,11.274,10.02,10.74,25190,0
20130215,10.86,11.04,10.56,10.98,20169,0
20130219,10.86,11.58,10.86,11.58,23305,0
20130220,11.76,12.54,11.58,12.42,55923,0
20130221,12.539,13.14,12.178,13.02,43409,0
20130222,13.08,14.4,13.08,14.22,76360,0
20130225,14.46,14.88,12.96,13.44,49318,0
20130226,13.44,14.1,13.139,13.92,20091,0
20130227,14.16,14.34,13.561,14.1,22745,0
20130228,14.1,14.947,13.5,14.58,28185,0
20130301,14.58,15,14.4,14.7,9659,0
20130304,14.7,15.24,14.7,14.7,19147,0
20130305,14.76,15.299,13.74,14.46,25520,0
20130306,14.64,14.64,13.5,13.86,16005,0
20130307,13.86,14.4,13.8,13.98,10630,0
20130308,14.1,14.7,14.005,14.7,12217,0
20130311,14.699,14.879,14.184,14.76,9232,0
20130312,14.58,14.7,14.145,14.46,5240,0
20130313,14.58,14.58,14.04,14.52,12233,0
20130314,14.52,15.48,14.34,14.759,18782,0
20130315,14.999,14.999,14.4,14.7,7774,0
20130318,14.58,14.58,14.22,14.4,3069,0
20130319,14.28,14.519,14.1,14.16,3989,0
20130320,14.1,14.28,13.2,13.5,17600,0
20130321,13.32,13.32,12.12,12.36,23588,0
20130322,12.72,12.84,12.12,12.24,16380,0
20130325,12.36,12.78,12.18,12.36,27910,0
20130326,12.66,12.9,12.36,12.54,20005,0
20130327,12.66,12.66,10.8,11.22,36236,0
20130328,11.28,11.88,10.98,10.98,10563,0
20130401,10.98,11.041,9.9,10.02,21605,0
20130402,10.105,10.499,8.76,9.18,26763,0
20130403,9.24,9.696,9.24,9.42,14137,0
20130404,9.72,9.72,9.3,9.36,11195,0
20130405,9.18,9.6,9,9.54,6376,0
20130408,9.54,9.6,8.5728,8.64,43967,0
20130409,8.7,9.2262,8.46,9.12,9534,0
20130410,9.18,9.78,9.12,9.42,11836,0
20130411,9.54,9.54,9.066,9.3,10178,0
20130412,9.24,9.78,8.7,9.42,16581,0
20130415,9.36,9.36,8.1,8.28,23060,0
20130416,9.1194,9.1194,8.4,8.88,9315,0
20130417,8.94,9.24,8.9124,9,8550,0
20130418,8.94,8.94,8.46,8.7,8698,0
20130419,8.82,9.18,8.52,9.06,2698,0
20130422,9.3,9.3,9,9.12,11468,0
20130423,9.12,9.3,9.12,9.3,1369,0
20130424,9.42,9.9,9.42,9.66,5853,0
20130425,9.72,9.84,9.48,9.84,2587,0
20130426,9.9,10.32,9.899,10.08,3050,0
20130429,9.96,10.32,9.96,10.32,2698,0
20130430,10.2,10.62,10.2,10.44,9604,0
20130501,10.44,11.1,10.44,11.1,11035,0
20130502,11.1,12.24,11.1,12.12,20939,0
20130503,12.06,12.54,11.461,11.88,20707,0
20130506,12.12,12.24,11.28,11.94,13667,0
20130507,12.18,12.48,11.58,11.88,11092,0
20130508,11.76,12,11.58,11.88,4140,0
20130509,11.76,12.24,11.76,12.12,9287,0
20130510,12,12.72,12,12.54,14860,0
20130513,12.72,13.68,12.18,13.68,23720,0
20130514,13.92,13.98,12.36,12.78,17045,0
20130515,12.6,13.439,12.061,12.78,8630,0
20130516,12.66,12.96,12.36,12.42,10903,0
20130517,12.36,12.6,12.06,12.06,17070,0
20130520,12,12.54,11.7,11.7,15952,0
20130521,11.88,11.94,11.22,11.22,15581,0
20130522,11.16,11.52,10.5,10.56,17044,0
20130523,10.26,10.8,10.08,10.5,11469,0
20130524,10.5,10.65,10.14,10.38,22070,0
20130528,10.44,10.44,9.96,9.96,8605,0
20130529,10.08,10.26,9.972,10.08,3736,0
20130530,10.2,10.38,9.994,10.14,3460,0
20130531,10.2,10.32,9.84,9.84,9305,0
20130603,9.84,9.906,9.48,9.54,8162,0
20130604,9.6,9.828,9.24,9.36,9120,0
20130605,9.36,9.84,9.18,9.18,11749,0
20130606,9.612,9.612,9.06,9.3,12547,0
20130607,9.36,9.54,9.18,9.36,17002,0
20130610,9.48,10.2,9.48,9.9,8959,0
20130611,9.9,10.2,9.9,10.14,4312,0
20130612,10.32,10.32,9.6,9.72,6364,0
20130613,9.6,10.02,9.6,9.72,3337,0
20130614,9.3,9.72,9.3,9.6,4337,0
20130617,9.54,9.606,8.7,8.76,18700,0
20130618,8.88,9.6,8.88,9.36,9054,0
20130619,9.36,9.42,8.7,9.06,5283,0
20130620,8.94,9.36,8.94,9.06,6277,0
20130621,9.779,9.779,8.94,9.18,9201,0
20130624,9.24,9.24,9,9,9611,0
20130625,9.06,9.09,9,9,5910,0
20130626,9,9.06,8.4,8.46,17244,0
20130627,8.64,8.9394,8.52,8.64,3581,0
20130628,8.88,8.9994,8.52,8.52,27655,0
20130701,8.7,9.12,8.7,8.88,2928,0
20130702,9.06,9.18,9,9,3831,0
20130703,9,9.06,8.88,8.88,1971,0
20130705,9.12,9.12,8.7,8.94,4926,0
20130708,8.94,9,8.82,8.82,2654,0
20130709,8.76,8.88,8.7,8.82,2396,0
20130710,8.82,9,8.82,8.82,4927,0
20130711,8.7,8.94,8.46,8.7,11676,0
20130712,8.58,8.64,8.46,8.52,2357,0
20130715,8.7,9,8.4,8.76,2530,0
20130716,8.82,8.82,8.46,8.46,3912,0
20130717,8.64,8.7,8.4,8.55,7289,0
20130718,8.52,8.82,8.52,8.82,1945,0
20130719,8.7,9,8.64,8.94,5610,0
20130722,8.82,9,8.7006,8.88,4123,0
20130723,8.88,9,8.76,8.88,2818,0
20130724,8.76,8.76,8.7,8.7,3103,0
20130725,8.7,8.82,8.46,8.58,3583,0
20130726,8.52,8.76,8.46,8.7,6306,0
20130729,8.46,9.72,8.46,9.72,12791,0
20130730,9.66,10.08,9.6,9.84,5418,0
20130731,10.08,10.2,9.42,10.14,11784,0
20130801,10.02,10.02,8.4606,9.42,11225,0
20130802,9.06,9.3,8.46,8.82,7348,0
20130805,8.82,8.88,8.5206,8.82,3687,0
20130806,8.82,8.82,8.52,8.82,3801,0
20130807,8.82,8.88,8.64,8.64,3842,0
20130808,8.7,9.12,8.64,8.88,4444,0
20130809,9.12,9.54,9,9.54,9008,0
20130812,9.6,9.66,8.88,8.94,8401,0
20130813,9.12,9.1716,8.4,8.7,16829,0
20130814,8.94,9.12,8.04,8.91,24525,0
20130815,8.2206,9.18,8.2206,8.94,3781,0
20130816,8.58,9.18,8.4,8.73,12256,0
20130819,8.46,8.76,8.28,8.34,4904,0
20130820,8.34,8.4,7.38,8.28,11258,0
20130821,8.22,8.4,8.1,8.16,2601,0
20130822,8.1,8.4,8.1,8.31,1961,0
20130823,8.34,8.64,8.28,8.58,6053,0
20130826,8.58,8.76,8.28,8.28,8895,0
20130827,8.3406,8.3406,7.62,8.04,10486,0
20130828,7.8,7.86,7.44,7.68,12254,0
20130829,7.56,8.4,7.56,7.74,8426,0
20130830,7.86,8.28,7.68,8.1,3534,0
20130903,8.1,8.1,7.8,7.86,4706,0
20130904,8.1,8.1,7.74,7.86,5391,0
20130905,7.8,8.1,7.8,8.04,6612,0
20130906,8.0394,8.16,7.7256,7.74,5178,0
20130909,7.8,8.34,7.5,7.62,6599,0
20130910,7.62,7.74,7.5,7.56,8013,0
20130911,7.5,7.6098,7.26,7.32,9761,0
20130912,7.2,7.5,7.2,7.2,6338,0
20130913,7.2,7.8,7.2,7.56,6866,0
20130916,7.68,7.68,7.38,7.44,6846,0
20130917,7.62,7.68,7.5,7.5,6327,0
20130918,7.5,7.8,7.5,7.8,8570,0
20130919,7.62,7.68,7.32,7.44,12107,0
20130920,7.38,7.5,7.38,7.5,6953,0
20130923,7.5,7.8,7.4802,7.7994,7050,0
20130924,7.56,7.62,7.38,7.44,11609,0
20130925,7.5,7.56,7.38,7.5,11350,0
20130926,7.44,7.68,7.32,7.3218,4743,0
20130927,7.32,7.8,7.32,7.44,6317,0
20130930,7.38,7.74,7.38,7.56,5750,0
20131001,7.8,9,7.74,7.98,25317,0
20131002,8.1,8.214,7.92,8.04,6709,0
20131003,8.04,8.04,7.56,7.92,7560,0
20131004,7.74,8.28,7.74,8.1,9420,0
20131007,7.92,7.92,7.5,7.62,11457,0
20131008,7.56,7.68,7.5,7.62,3650,0
20131009,7.5,7.92,7.44,7.8,12833,0
20131010,7.74,7.8,7.5,7.56,2367,0
20131011,7.5,7.62,7.44,7.5,5633,0
20131014,7.38,7.5,7.38,7.5,8367,0
20131015,7.38,7.74,7.14,7.26,30483,0
20131016,7.26,7.56,6.66,6.96,27167,0
20131017,7.2,7.32,6.78,6.78,13767,0
20131018,6.66,6.9,6.6,6.72,6250,0
20131021,6.78,6.96,6.72,6.9,13350,0
20131022,7.26,7.5,6.72,6.96,12108,0
20131023,6.84,6.96,6.6,6.9,8217,0
20131024,6.9,7.02,6.78,7.02,4904,0
20131025,6.96,7.08,6.72,6.78,14933,0
20131028,6.96,7.14,6.72,7.02,15550,0
20131029,7.02,7.98,7.02,7.56,28133,0
20131030,7.38,7.44,6.72,6.78,16100,0
20131031,6.84,6.9,6.6,6.6,12431,0
20131101,6.9,6.9,6.3,6.42,14983,0
20131104,6.3,6.66,6.3,6.48,21433,0
20131105,6.3,6.72,6.3,6.3,12050,0
20131106,6.42,6.66,6.06,6.18,18969,0
20131107,6.36,6.54,5.7312,6,14653,0
20131108,6,6,5.58,6,26183,0
20131111,5.76,5.88,5.22,5.64,58583,0
20131112,5.46,5.64,5.1,5.22,25033,0
20131113,5.1,5.46,5.1,5.28,11667,0
20131114,5.4,7.44,5.4,5.892,136420,0
20131115,6.3,6.3,5.88,6,63267,0
20131118,6,6.48,5.82,5.88,43117,0
20131119,5.88,5.88,5.16,5.22,37083,0
20131120,5.22,5.28,4.92,4.9824,74643,0
20131121,5.22,5.28,4.92,5.04,28767,0
20131122,4.86,5.22,4.56,4.56,36467,0
20131125,4.5,4.8,4.5,4.56,41350,0
20131126,4.56,4.86,4.56,4.68,22083,0
20131127,4.68,5.22,4.62,5.1,179602,0
20131129,5.1,7.02,5.1,6.72,173821,0
20131202,6.6,6.6,5.82,6.54,107350,0
20131203,6.9,7.08,6.36,6.78,68533,0
20131204,6.96,6.96,6.24,6.42,27450,0
20131205,6.42,6.9,6.3,6.42,26833,0
20131206,6.78,11.64,6.48,9.78,751150,0
20131209,10.08,10.38,8.34,8.7,251033,0
20131210,8.7,9.36,8.1,8.52,64233,0
20131211,8.64,8.94,7.92,8.22,55976,0
20131212,7.98,8.58,7.8,8.46,40933,0
20131213,8.64,8.64,7.86,8.1,46467,0
20131216,8.1,9.48,8.1,8.34,42917,0
20131217,8.34,8.34,7.8,8.04,30133,0
20131218,8.04,8.4,7.8,8.04,40191,0
20131219,8.4,8.4,7.8,7.98,22650,0
20131220,7.98,8.4,7.86,8.22,48183,0
20131223,8.22,8.94,8.22,8.34,26467,0
20131224,8.34,8.64,8.1588,8.28,26418,0
20131226,8.28,8.46,7.68,7.92,49450,0
20131227,8.1,8.28,7.8,8.22,16151,0
20131230,8.1,8.22,7.62,7.8,64611,0
20131231,7.62,7.86,7.32,7.56,56100,0
20140102,7.32,7.5,7.26,7.32,16784,0
20140103,7.2,7.44,7.2,7.32,12578,0
20140106,7.44,7.92,7.2,7.92,17763,0
20140107,7.8,8.34,7.8,8.34,21467,0
20140108,8.4,8.4,8.16,8.28,23167,0
20140109,8.1,8.28,7.8,7.98,10033,0
20140110,8.04,8.4,7.8,7.8,40317,0
20140113,7.68,8.34,7.68,8.22,9550,0
20140114,8.28,8.28,8.1,8.22,17513,0
20140115,7.98,8.52,7.68,8.46,16954,0
20140116,8.4,9.18,8.4,9.12,71633,0
20140117,8.94,8.94,8.22,8.4,35367,0
20140121,8.4,8.7,8.4,8.64,10817,0
20140122,8.64,9,8.46,8.82,7863,0
20140123,8.7,8.88,8.04,8.88,30937,0
20140124,8.7,9.18,8.52,8.82,31967,0
20140127,8.88,8.88,8.22,8.52,21980,0
20140128,8.34,8.64,8.28,8.4,8567,0
20140129,8.22,8.64,8.22,8.46,6383,0
20140130,8.58,8.724,8.28,8.58,8901,0
20140131,8.46,8.76,8.46,8.58,4833,0
20140203,8.4,8.7,8.28,8.4,9016,0
20140204,8.52,8.76,8.28,8.46,13421,0
20140205,8.4624,8.52,8.397,8.46,9593,0
20140206,8.4,8.4,8.34,8.3964,5345,0
20140207,8.3994,8.4,8.2794,8.28,8720,0
20140210,8.28,8.4606,8.2206,8.4,5051,0
20140211,8.4,8.64,8.28,8.46,9293,0
20140212,8.64,8.88,8.4606,8.7,8207,0
20140213,8.94,8.94,8.28,8.28,26201,0
20140214,8.52,8.52,8.22,8.22,13942,0
20140218,8.22,8.46,8.16,8.16,15607,0
20140219,7.98,8.3394,7.92,8.1,9868,0
20140220,7.62,8.154,7.62,7.68,13452,0
20140221,7.68,8.16,7.38,7.5,27814,0
20140224,7.98,7.98,7.68,7.74,8128,0
20140225,7.8,8.1,7.68,7.92,12477,0
20140226,7.86,7.866,7.44,7.5,19628,0
20140227,7.62,8.28,7.44,7.74,42938,0
20140228,7.92,7.98,7.5,7.68,16327,0
20140303,7.74,7.8,7.4994,7.68,9843,0
20140304,7.68,7.806,7.56,7.56,11803,0
20140305,7.68,7.92,7.62,7.8588,21738,0
20140306,8.04,8.34,7.86,7.98,23683,0
20140307,7.92,8.28,7.86,7.98,11871,0
20140310,7.86,8.04,7.68,8.04,11177,0
20140311,7.86,8.88,7.86,8.64,38666,0
20140312,8.88,8.88,8.28,8.4,13736,0
20140313,8.16,9.24,8.16,8.7,50397,0
20140314,8.46,8.52,8.1,8.22,11384,0
20140317,8.4,8.7,8.28,8.34,10354,0
20140318,8.52,10.019,8.4804,9.48,148561,0
20140319,9.6,9.779,8.526,8.94,58584,0
20140320,8.52,8.94,8.52,8.82,15512,0
20140321,9.18,9.18,8.7,8.94,16949,0
20140324,8.94,8.94,8.4,8.52,7270,0
20140325,8.4,8.88,8.4,8.4,12223,0
20140326,8.52,8.7,8.04,8.16,19233,0
20140327,8.28,8.4,8.04,8.4,20099,0
20140328,7.38,7.68,6.6,7.2,67583,0
20140331,7.2,7.8,6.72,7.8,25443,0
20140401,7.8,7.9194,7.38,7.68,7181,0
20140402,7.8,7.8,7.32,7.56,10090,0
20140403,7.8,7.8,7.5,7.68,3500,0
20140404,7.62,7.74,7.14,7.2,9570,0
20140407,7.2,7.32,6.84,6.84,15661,0
20140408,6.7206,7.2,6.7206,7.08,6075,0
20140409,6.7206,7.44,6.7206,7.116,5225,0
20140410,7.2,7.38,7.2,7.2,3025,0
20140411,7.14,7.14,6.78,7.014,12843,0
20140414,6.84,6.96,6.18,6.18,30802,0
20140415,6.3006,6.3126,5.82,5.844,33441,0
20140416,6.06,6.06,5.643,5.7,17513,0
20140417,5.7006,5.8188,5.412,5.6412,11941,0
20140421,5.4,5.64,5.4,5.4,21004,0
20140422,5.4,5.838,5.34,5.646,20891,0
20140423,5.52,5.808,5.52,5.655,10408,0
20140424,5.64,5.82,5.46,5.688,5227,0
20140425,5.52,5.82,5.472,5.5308,4018,0
20140428,5.7,6.12,5.52,6,14226,0
20140429,6.12,6.3,6,6.3,5134,0
20140430,6.12,6.3,6,6.18,5883,0
20140501,6.06,6.36,6,6.3,7331,0
20140502,6.36,6.96,6.24,6.54,6101,0
20140505,6.48,6.534,6.06,6.3,13393,0
20140506,6.45,6.45,6.12,6.1206,5518,0
20140507,6.06,6.36,6.06,6.3,9180,0
20140508,6.24,6.42,6.24,6.3,5546,0
20140509,6.3006,6.54,6.3006,6.36,4643,0
20140512,6.42,6.66,6.42,6.4806,11928,0
20140513,6.66,7.11,6.54,7.02,20410,0
20140514,7.02,7.02,6.72,7.02,9664,0
20140515,6.78,6.96,5.76,5.88,20626,0
20140516,6,6.54,6,6.06,14077,0
20140519,6.06,6.06,5.52,5.7,12711,0
20140520,5.58,5.64,5.22,5.58,19864,0
20140521,5.46,5.46,4.9902,5.04,14791,0
20140522,5.04,5.4,5.04,5.22,26690,0
20140523,4.92,5.4,4.92,5.1078,32183,0
20140527,5.16,5.328,4.5,4.8,31328,0
20140528,5.1,5.148,4.6152,4.8,11393,0
20140529,4.9794,4.98,4.746,4.89,3836,0
20140530,4.74,5.1,4.7262,4.9224,4714,0
20140602,4.9806,5.01,4.92,4.9338,2609,0
20140603,5.01,5.04,4.98,4.9944,8589,0
20140604,4.98,5.04,4.98,5.04,4920,0
20140605,4.86,5.1,4.86,5.031,15709,0
20140606,5.04,5.28,5.04,5.28,28339,0
20140609,5.34,5.4,5.22,5.2806,2939,0
20140610,5.28,5.28,5.22,5.22,3500,0
20140611,5.28,5.52,5.22,5.34,7292,0
20140612,5.16,5.58,5.04,5.4,8073,0
20140613,5.46,5.58,5.4,5.4,2460,0
20140616,5.2896,5.4,5.28,5.292,1125,0
20140617,5.4,5.4,5.3424,5.4,7327,0
20140618,5.4684,5.4684,5.34,5.46,5615,0
20140619,5.46,5.808,5.34,5.655,13919,0
20140620,5.7,5.862,5.7,5.7726,14416,0
20140623,5.76,5.76,5.412,5.46,9401,0
20140624,5.64,5.7,5.52,5.55,7432,0
20140625,5.58,5.7,5.52,5.6448,3003,0
20140626,5.52,5.7,5.52,5.64,3924,0
20140627,5.52,5.64,4.86,4.86,26850,0
20140630,4.98,5.3982,4.86,5.22,13773,0
20140701,5.3988,5.5194,5.3988,5.3994,2898,0
20140702,5.34,5.4,5.04,5.34,10750,0
20140703,5.1768,5.34,5.1768,5.2818,3280,0
20140707,5.28,5.2806,4.74,4.896,30376,0
20140708,5.2794,5.28,4.5816,4.644,9623,0
20140709,4.92,4.9416,4.56,4.5606,13923,0
20140710,4.68,4.824,4.62,4.7994,5225,0
20140711,4.8,5.04,4.8,5.0394,3143,0
20140714,4.86,4.8606,4.668,4.83,3213,0
20140715,4.9794,4.9794,4.08,4.188,18191,0
20140716,4.08,4.5528,4.032,4.032,10875,0
20140717,4.02,4.02,3.42,3.72,24489,0
20140718,3.42,3.5994,3.006,3.309,39971,0
20140721,3.18,3.6,3.18,3.555,21713,0
20140722,3.6,4.656,3.6,4.2006,51462,0
20140723,4.2,4.56,3.9594,4.02,10433,0
20140724,4.08,4.44,3.66,4.14,14771,0
20140725,3.6,4.08,3.006,4.05,17615,0
20140728,3.9,4.05,3.5406,3.96,2436,0
20140729,3.72,3.72,3.6,3.6,6529,0
20140730,3.66,3.72,3,3.12,70338,0
20140731,3.3,3.3,2.7,3,41228,0
20140801,2.82,3,2.4,2.58,57841,0
20140804,2.58,2.9712,2.16,2.7606,70776,0
20140805,2.46,3.54,2.46,3.12,36005,0
20140806,3.24,3.3,3.12,3.3,30334,0
20140807,3.6,3.72,3.24,3.2994,40021,0
20140808,3.24,3.9,3.1332,3.5994,16601,0
20140811,3.72,4.32,3.6,3.8856,24390,0
20140812,3.9,4.02,3.72,3.9,12499,0
20140813,3.72,4.14,3.72,3.96,16061,0
20140814,3.9,4.02,3.9,3.9,5982,0
20140815,3.9,4.02,3.78,3.8328,13759,0
20140818,3.84,3.9,3.78,3.8526,2599,0
20140819,3.9,3.96,3.84,3.864,2638,0
20140820,3.87,3.954,3.87,3.8994,3221,0
20140821,3.9006,4.011,3.84,3.8994,1944,0
20140822,3.9,3.933,3.36,3.87,7094,0
20140825,3.84,4.02,3.5436,3.96,15765,0
20140826,3.9,4.02,3.84,4.02,4022,0
20140827,4.32,4.4232,4.14,4.14,12537,0
20140828,4.08,4.14,3.9012,4.08,14882,0
20140829,4.26,4.26,4.08,4.14,16531,0
20140902,4.32,4.5,4.2,4.4184,35812,0
20140903,4.5,4.68,4.419,4.635,82179,0
20140904,4.56,5.4,4.56,5.16,71245,0
20140905,5.094,6.6,5.0406,6.3,102586,0
20140908,6.36,9.06,6.36,6.96,487721,0
20140909,6.72,6.96,5.8248,6,130611,0
20140910,6.42,6.42,5.52,5.7,53261,0
20140911,5.7,6.18,5.16,6.0558,66545,0
20140912,6.06,6.12,5.7606,5.88,10189,0
20140915,5.94,6.06,5.22,5.22,27138,0
20140916,5.64,5.7,4.92,5.0466,24033,0
20140917,5.1,5.4,4.86,4.9596,12441,0
20140918,5.1,5.2122,4.62,5.0994,18999,0
20140919,5.28,6.06,5.16,6.06,102085,0
20140922,6,6.06,5.406,5.4066,18300,0
20140923,5.4606,5.76,5.406,5.4606,9284,0
20140924,5.5224,5.76,5.52,5.7552,8192,0
20140925,5.85,5.8794,5.52,5.6946,11317,0
20140926,5.52,5.64,5.4,5.58,17830,0
20140929,5.46,5.7,5.4006,5.6844,8921,0
20140930,5.5296,5.7,5.298,5.46,14453,0
20141001,5.5194,5.5194,5.28,5.4594,10072,0
20141002,5.28,5.6094,5.22,5.3994,9454,0
20141003,5.34,5.46,5.16,5.46,9237,0
20141006,5.4,5.4,5.1606,5.28,11471,0
20141007,5.1666,5.34,5.16,5.3394,12782,0
20141008,5.1708,5.328,5.16,5.1606,2461,0
20141009,5.16,5.22,4.446,5.22,21419,0
20141010,5.28,5.28,4.5018,4.74,9415,0
20141013,4.56,4.5606,4.3812,4.44,14832,0
20141014,4.38,4.5,4.2,4.2144,5560,0
20141015,4.14,4.32,4.02,4.2594,14426,0
20141016,4.3044,4.62,4.2816,4.3776,5424,0
20141017,4.38,4.38,4.02,4.02,6848,0
20141020,3.93,4.3794,3.93,4.2,4587,0
20141021,4.08,4.44,4.08,4.35,3514,0
20141022,4.1526,4.4052,4.1526,4.4046,18296,0
20141023,4.44,4.62,4.44,4.545,17164,0
20141024,4.2606,4.62,4.2606,4.485,25337,0
20141027,4.56,4.62,4.26,4.425,3352,0
20141028,4.3482,4.4382,4.26,4.305,3487,0
20141029,4.2,4.32,4.08,4.125,9880,0
20141030,4.08,4.32,4.08,4.2,9424,0
20141031,4.2,4.26,4.0854,4.0878,8976,0
20141103,4.14,4.26,4.08,4.164,5754,0
20141104,4.2414,4.2414,3.9624,4.095,3521,0
20141105,4.02,4.2,4.02,4.0212,4167,0
20141106,4.0206,4.0206,3.6024,3.78,15431,0
20141107,3.78,3.9,3.54,3.66,12996,0
20141110,3.72,3.72,3.6,3.66,6214,0
20141111,3.6,3.75,3.54,3.582,10522,0
20141112,3.42,3.582,3.42,3.435,9178,0
20141113,3.3,3.5814,3.24,3.4524,9161,0
20141114,3.48,3.48,3.0606,3.24,23214,0
20141117,3.24,3.24,3.06,3.06,19121,0
20141118,3.06,3.3,3.06,3.1812,27301,0
20141119,3.243,3.42,3.1194,3.3,32951,0
20141120,3.18,3.3666,3.18,3.36,42085,0
20141121,3.24,3.24,3.06,3.18,12705,0
20141124,3.18,3.36,3.06,3.3,12882,0
20141125,3.3,3.48,3.2424,3.42,10114,0
20141126,3.3,3.54,3.12,3.27,26500,0
20141128,3.288,3.3,3.21,3.3,10729,0
20141201,3.24,3.24,2.88,3.12,15064,0
20141202,3.12,3.18,3,3.12,8691,0
20141203,3,3.18,2.7894,2.94,35802,0
20141204,3,3.12,2.8806,3.06,3275,0
20141205,3.06,3.06,2.64,2.94,15230,0
20141208,2.8038,3.06,2.52,2.9994,32253,0
20141209,2.94,2.94,2.7102,2.82,12661,0
20141210,2.9988,2.9988,1.5186,2.2434,145267,0
20141211,2.22,2.4,1.8,1.8,25003,0
20141212,1.92,2.34,1.92,2.22,22750,0
20141215,2.04,2.7,2.04,2.58,24818,0
20141216,2.4,2.5794,2.109,2.5794,22032,0
20141217,2.52,2.82,2.3496,2.7,32895,0
20141218,2.775,2.88,2.6442,2.88,22421,0
20141219,2.82,3,1.86,1.86,77442,0
20141222,2.1,2.3808,2.1,2.28,27852,0
20141223,2.4,2.52,2.16,2.46,40492,0
20141224,2.1,2.4,2.1,2.274,4700,0
20141226,2.16,2.4,2.1,2.16,22991,0
20141229,2.1612,2.4,1.8606,2.22,34907,0
20141230,2.16,2.16,1.98,2.0202,38345,0
20141231,1.878,2.697,1.8,2.4696,137533,0
20150102,2.394,2.94,2.394,2.5206,17832,0
20150105,2.46,2.949,2.28,2.2806,11801,0
20150106,2.292,2.64,2.2206,2.5206,3050,0
20150107,2.52,2.7,2.2992,2.3028,14035,0
20150108,2.3232,2.406,2.31,2.406,9832,0
20150109,2.64,2.88,2.4978,2.82,10001,0
20150112,2.706,2.82,2.499,2.7,10956,0
20150113,2.52,2.88,2.52,2.61,7800,0
20150114,2.61,2.82,2.46,2.5206,9473,0
20150115,2.76,2.88,2.6364,2.8794,13810,0
20150116,2.874,3.225,2.8398,2.88,16237,0
20150120,3.24,3.24,2.64,2.76,29588,0
20150121,2.58,2.7,2.4,2.4606,52965,0
20150122,2.52,2.64,2.4,2.52,9690,0
20150123,2.58,2.622,2.52,2.58,18153,0
20150126,2.64,2.94,2.58,2.94,13115,0
20150127,2.94,2.94,2.7,2.7,9448,0
20150128,2.58,2.7,2.58,2.58,4791,0
20150129,2.46,2.7594,2.4,2.52,10542,0
20150130,2.58,2.76,2.52,2.58,2718,0
20150202,2.64,2.64,2.4,2.4,1375,0
20150203,2.5182,2.5572,2.34,2.5572,12333,0
20150204,2.52,2.52,2.4,2.52,3514,0
20150205,2.52,2.58,2.34,2.46,2877,0
20150206,2.5494,2.64,2.3406,2.58,3343,0
20150209,2.7,2.7,2.625,2.67,5626,0
20150210,2.7,2.88,2.52,2.88,5375,0
20150211,2.88,2.88,2.7,2.88,5066,0
20150212,2.7012,2.88,2.4852,2.7594,5662,0
20150213,2.7,2.7588,2.4,2.64,3331,0
20150217,2.58,2.82,2.58,2.58,3166,0
20150218,2.88,2.88,2.7,2.7,6944,0
20150219,2.76,2.8794,2.7,2.7,3300,0
20150220,2.8548,2.8794,2.7,2.7,4226,0
20150223,2.7,2.82,2.58,2.76,8128,0
20150224,2.8074,3.534,2.7606,3.4494,165748,0
20150225,3.12,3.3,2.88,2.8866,57977,0
20150226,2.988,3.6582,2.9364,3.2232,55320,0
20150227,3.66,3.9,3.45,3.9,27459,0
20150302,4.08,4.14,3.3,4.02,28450,0
20150303,4.8,7.68,4.74,6.3,679000,0
20150304,6.3,6.36,5.22,5.82,163267,0
20150305,6.6,6.6,4.98,5.16,55433,0
20150306,5.46,5.46,4.92,5.1,14567,0
20150309,4.98,5.1,4.8,4.92,20517,0
20150310,4.8,4.8,4.62,4.62,12283,0
20150311,4.62,4.74,4.26,4.32,33333,0
20150312,4.32,5.04,4.32,4.86,27983,0
20150313,4.8,4.8,4.26,4.62,17467,0
20150316,4.44,4.68,4.44,4.5,7583,0
20150317,4.68,4.86,4.5,4.74,9733,0
20150318,4.74,4.86,4.5,4.62,8133,0
20150319,4.62,5.1,4.62,4.8,17333,0
20150320,4.8,4.98,3.9,3.9,22650,0
20150323,3.9,3.9,3.54,3.54,30133,0
20150324,3.72,3.9,3.54,3.6,29700,0
20150325,3.96,3.96,3.6,3.66,13800,0
20150326,3.66,3.78,3.6,3.6,2967,0
20150327,3.72,3.9,3.66,3.66,8417,0
20150330,3.78,3.9,3.78,3.78,6383,0
20150331,3.84,3.9,3.72,3.72,5173,0
20150401,3.66,3.84,3.66,3.78,4533,0
20150402,3.78,3.9,3.66,3.78,9767,0
20150406,3.96,3.96,3.66,3.66,9833,0
20150407,3.66,3.93,3.66,3.84,6688,0
20150408,3.84,3.84,3.72,3.78,2283,0
20150409,3.75,3.84,3.7434,3.84,1341,0
20150410,3.84,4.14,3.84,4.14,11533,0
20150413,4.14,4.14,4.02,4.14,9983,0
20150414,4.14,4.74,4.14,4.38,31033,0
20150415,4.56,5.04,4.5,4.7994,20571,0
20150416,4.7994,4.98,4.2306,4.74,7475,0
20150417,4.86,4.86,4.2,4.62,4000,0
20150420,4.62,4.8,4.44,4.44,5957,0
20150421,4.5,4.8,4.2228,4.68,9273,0
20150422,4.5,4.9188,4.38,4.8,13214,0
20150423,4.56,4.86,4.56,4.56,9283,0
20150424,4.44,4.7394,4.44,4.5606,18822,0
20150427,4.68,4.8,4.68,4.74,9317,0
20150428,4.8,4.92,4.74,4.74,6531,0
20150429,4.74,4.74,4.38,4.62,6117,0
20150430,4.5,4.68,4.44,4.62,19250,0
20150501,4.62,4.68,4.56,4.56,2283,0
20150504,4.5,4.56,4.5,4.5,50517,0
20150505,4.5,4.68,4.38,4.62,7700,0
20150506,4.62,4.674,4.56,4.6194,3088,0
20150507,4.38,4.74,4.2048,4.398,60366,0
20150508,4.8,5.1,4.8,4.8,45567,0
20150511,4.86,5.04,4.5,4.74,18900,0
20150512,4.74,5.034,4.62,4.728,13517,0
20150513,4.68,4.86,4.62,4.68,11933,0
20150514,3.3,4.5,3.3,4.44,43783,0
20150515,4.38,4.62,4.2018,4.56,9834,0
20150518,4.5,4.6842,4.5,4.512,9231,0
20150519,4.5,4.59,4.38,4.5,7930,0
20150520,4.56,4.8,4.56,4.68,6250,0
20150521,4.74,4.8,4.56,4.56,1933,0
20150522,4.62,4.62,4.56,4.56,4717,0
20150526,4.68,4.68,4.3326,4.5,7140,0
20150527,4.5,4.76,4.3,4.5,38390,0
20150528,4.5,4.5499,4.35,4.401,45779,0
20150529,4.45,4.45,4.35,4.38,60500,0
20150601,4.38,4.524,4.38,4.41,28515,0
20150602,4.4,4.45,4.4,4.4,10586,0
20150603,4.4,4.5,4.4,4.4,20000,0
20150604,4.41,4.49,4.41,4.41,5400,0
20150605,4.4,4.51,4.4,4.46,31300,0
20150608,4.45,4.52,4.44,4.51,81800,0
20150609,4.54,4.5999,4.41,4.48,54342,0
20150610,4.41,4.42,3.75,3.82,77020,0
20150611,3.75,3.75,3.161,3.32,71324,0
20150612,3.31,3.56,3.11,3.22,18100,0
20150615,3.17,3.25,2.93,3.19,44300,0
20150616,3.25,4.24,3.11,3.78,139700,0
20150617,3.95,3.95,3.6,3.85,18000,0
20150618,3.63,3.85,3.54,3.84,19600,0
20150619,3.84,3.95,3.66,3.84,24600,0
20150622,3.76,3.76,3.59,3.7,3400,0
20150623,3.7,4.29,3.7,4.16,20286,0
20150624,4.16,4.3,3.95,4.05,6800,0
20150625,4,4.12,3.92,4,13100,0
20150626,4,4,3.7,3.99,4700,0
20150629,4.06,4.06,3.83,3.83,11000,0
20150630,3.8,3.9,3.75,3.75,8954,0
20150701,3.92,3.93,3.83,3.88,5600,0
20150702,4.07,4.07,3.77,3.78,9700,0
20150706,3.88,4,3.77,3.77,13200,0
20150707,3.88,3.88,3.57,3.74,2600,0
20150708,3.71,3.84,3.61,3.74,6200,0
20150709,3.89,3.89,3.7,3.77,5600,0
20150710,3.7,3.73,3.69,3.7,1500,0
20150713,3.7,3.7,3.32,3.45,18500,0
20150714,3.46,3.5499,3.3339,3.36,8455,0
20150715,3.3101,3.4514,3.3101,3.33,3678,0
20150716,3.34,3.37,3.27,3.29,15600,0
20150717,3.3,3.54,3.12,3.41,14500,0
20150720,3.49,3.49,3.26,3.49,6400,0
20150721,3.36,3.44,3.31,3.35,11100,0
20150722,3.55,3.55,3.4,3.44,5700,0
20150723,3.33,3.64,3.33,3.51,11100,0
20150724,3.44,3.44,3.34,3.34,2300,0
20150727,3.36,3.36,3.22,3.36,1800,0
20150728,3.3,3.39,3.3,3.32,6800,0
20150729,3.3,3.35,3.22,3.22,6800,0
20150730,3.22,3.39,3.22,3.32,7900,0
20150731,3.48,3.48,3.48,3.48,100,0
20150803,3.329,3.3471,3.23,3.23,1409,0
20150804,3.22,3.23,3.01,3.14,2700,0
20150805,3.1,3.2,3,3.01,13200,0
20150806,3,3.13,3,3.05,8876,0
20150807,3.06,3.06,3.06,3.06,2400,0
20150810,3.04,3.34,3.04,3.15,8500,0
20150811,3.08,3.08,2.76,2.81,9300,0
20150812,2.8,2.95,2.62,2.77,16500,0
20150813,2,2.92,1.82,2.81,12300,0
20150814,2.2,2.9,2.2,2.64,8100,0
20150817,2.51,2.8,2.12,2.37,13100,0
20150818,2.34,2.5,2.34,2.46,25700,0
20150819,2.46,2.46,2.4,2.4,700,0
20150820,2.48,2.48,2.21,2.38,12500,0
20150821,2.35,2.35,1.95,2.09,12800,0
20150824,1.37,2.0596,1.07,2.03,15309,0
20150825,1.75,1.95,1.75,1.92,17300,0
20150826,2.11,2.11,1.58,1.9,20900,0
20150827,1.48,1.88,1.48,1.78,20700,0
20150828,1.89,2.1,1.8,2,33200,0
20150831,1.96,2.18,1.96,2.08,3400,0
20150901,2.06,2.08,1.87,1.9,1400,0
20150902,1.92,2.12,1.91,2.01,4300,0
20150903,2.02,2.25,2.02,2.09,41000,0
20150904,2.12,2.24,1.87,2.2,27700,0
20150908,1.83,2.5,1.83,2.17,55600,0
20150909,2.12,2.25,1.93,2.03,3500,0
20150910,1.92,2.41,1.92,2.23,47731,0
20150911,2.15,2.2,2.08,2.12,4500,0
20150914,2.12,2.2,2.12,2.12,22600,0
20150915,2.13,2.21,2.09,2.11,56113,0
20150916,2.13,2.13,2.05,2.05,9500,0
20150917,2.08,2.2,2.02,2.09,43854,0
20150918,2,2.33,2,2.18,42300,0
20150921,2.11,2.16,2.05,2.07,11200,0
20150922,2.06,2.3,1.97,1.97,18000,0
20150923,1.96,2.0399,1.96,1.97,4002,0
20150924,1.94,1.94,1.76,1.76,23952,0
20150925,1.75,1.78,1.38,1.55,24500,0
20150928,1.55,1.6,1.51,1.53,9611,0
20150929,1.51,1.51,1.32,1.41,16100,0
20150930,1.41,1.44,1.38,1.38,3500,0
20151001,1.41,1.58,1.36,1.55,10000,0
20151002,1.55,1.58,1.5,1.58,4200,0
20151005,1.59,1.67,1.48,1.52,16633,0
20151006,1.52,1.55,1.48,1.54,3700,0
20151007,1.53,1.55,1.5,1.5,20100,0
20151008,1.69,1.87,1.53,1.84,174900,0
20151009,1.77,2.22,1.75,2.22,92600,0
20151012,3.28,3.98,2.22,2.89,497031,0
20151013,3.09,3.8,2.81,3.06,454300,0
20151014,3.37,3.58,2.65,2.98,164000,0
20151015,2.99,3.14,2.83,3.08,76900,0
20151016,2.92,3,2.7,2.75,36800,0
20151019,2.59,2.91,2.34,2.42,52994,0
20151020,2.44,2.98,2.35,2.95,140800,0
20151021,2.75,3.13,2.7,3.1,91700,0
20151022,3.34,3.34,2.73,2.95,23600,0
20151023,3.13,3.13,2.65,2.83,51600,0
20151026,2.85,2.87,2.65,2.65,26700,0
20151027,2.57,2.65,2.55,2.55,18800,0
20151028,2.65,3.18,2.64,2.79,28900,0
20151029,2.69,2.8,2.49,2.52,42600,0
20151030,2.78,2.78,2.5,2.56,22300,0
20151102,2.4999,2.5,2.35,2.3501,39948,0
20151103,2.36,2.63,2.16,2.41,29000,0
20151104,2.54,2.54,2.1901,2.34,4328,0
20151105,2.37,2.45,2.29,2.33,10200,0
20151106,2.36,2.64,2.3,2.61,25100,0
20151109,2.68,2.68,2.36,2.65,11729,0
20151110,2.68,2.68,2.15,2.36,43900,0
20151111,2.36,2.51,2.17,2.32,50600,0
20151112,2.22,2.44,2.06,2.07,33600,0
20151113,2.1,2.15,2.1,2.1,15500,0
20151116,2.1,2.1,1.85,1.97,17500,0
20151117,1.97,1.97,1.82,1.82,11000,0
20151118,1.85,2.7,1.82,2.1,73900,0
20151119,2.12,2.43,2.02,2.14,24600,0
20151120,2.17,2.19,1.99,2.18,24000,0
20151123,1.95,2.19,1.91,2.16,26500,0
20151124,2.09,2.16,1.92,2,21500,0
20151125,1.98,2.02,1.94,1.95,6100,0
20151127,1.97,2.19,1.92,2.16,20800,0
20151130,2.18,2.18,2.03,2.07,14700,0
20151201,2.064,2.1001,1.96,2.1,40235,0
20151202,2.03,2.03,1.91,2,22894,0
20151203,1.92,2,1.92,1.93,6811,0
20151204,1.96,1.96,1.91,1.94,2000,0
20151207,1.94,1.94,1.72,1.73,14900,0
20151208,1.73,1.73,1.53,1.54,29745,0
20151209,1.53,1.6,1.52,1.55,22900,0
20151210,1.53,1.62,1.42,1.43,39100,0
20151211,1.44,1.59,1.4,1.45,40800,0
20151214,1.489,1.489,1.31,1.32,19415,0
20151215,1.35,1.75,1.25,1.75,266400,0
20151216,1.8,1.89,1.36,1.65,233000,0
20151217,1.62,2.02,1.45,2.02,48300,0
20151218,1.9,1.98,1.66,1.74,204300,0
20151221,1.65,1.7,1.6,1.61,30300,0
20151222,1.61,1.6122,1.57,1.58,9074,0
20151223,1.57,1.7,1.57,1.59,43300,0
20151224,1.7,1.7,1.48,1.5,24397,0
20151228,1.59,1.59,1.3601,1.53,54165,0
20151229,1.51,1.539,1.4519,1.51,6260,0
20151230,1.46,1.5,1.45,1.47,6137,0
20151231,1.49,1.54,1.43,1.54,14621,0
20160104,1.49,1.54,1.42,1.48,17179,0
20160105,1.48,1.5,1.43,1.5,11560,0
20160106,1.51,1.51,1.43,1.47,6267,0
20160107,1.49,1.49,1.43,1.44,14417,0
20160108,1.45,1.48,1.44,1.44,873,0
20160111,1.43,1.43,1.33,1.33,6634,0
20160112,1.41,1.41,1.29,1.32,9536,0
20160113,1.33,1.33,1.2635,1.3,5666,0
20160114,1.27,1.32,1.26,1.32,9297,0
20160115,1.32,1.32,1.1215,1.15,22181,0
20160119,1.17,1.2,1.13,1.13,15500,0
20160120,1.1,1.27,1.0401,1.16,15728,0
20160121,1.226,1.254,1.21,1.21,3410,0
20160122,1.22,1.26,1.2,1.22,8628,0
20160125,1.23,1.23,1.1632,1.17,18157,0
20160126,1.1575,1.16,1.13,1.13,14186,0
20160127,1.1311,1.15,1.06,1.09,42739,0
20160128,1.0723,1.09,0.98,0.98,38071,0
20160129,1.02,1.03,0.862,0.8621,70121,0
20160201,0.9,1.04,0.8801,1.04,30417,0
20160202,1.07,1.23,1.07,1.2,39770,0
20160203,1.24,1.24,1.13,1.24,25742,0
20160204,1.22,1.22,1.1601,1.18,8427,0
20160205,1.2,1.25,1.17,1.22,22349,0
20160208,1.23,1.27,1.23,1.2528,3579,0
20160209,1.25,1.42,1.18,1.27,13077,0
20160210,1.24,1.34,1.24,1.253,1734,0
20160211,1.221,1.32,1.2032,1.31,21042,0
20160212,1.32,1.33,1.3,1.3,17660,0
20160216,1.3008,1.48,1.3,1.43,20902,0
20160217,1.48,1.48,1.402,1.42,7140,0
20160218,1.42,1.42,1.375,1.375,2312,0
20160219,1.33,1.3452,1.32,1.32,6180,0
20160222,1.34,1.39,1.34,1.37,8750,0
20160223,1.39,1.47,1.39,1.42,23889,0
20160224,1.37,1.43,1.36,1.43,6507,0
20160225,1.4,1.47,1.4,1.43,7899,0
20160226,1.46,1.49,1.46,1.479,36752,0
20160229,1.49,1.6,1.49,1.57,19287,0
20160301,1.57,1.68,1.5675,1.6447,10746,0
20160302,1.64,1.75,1.64,1.72,16272,0
20160303,1.76,1.87,1.75,1.76,15528,0
20160304,1.76,2.07,1.76,1.91,41177,0
20160307,2.06,2.22,2.06,2.12,56281,0
20160308,2.19,2.2186,2.14,2.15,39625,0
20160309,2.16,2.2399,2.14,2.21,54823,0
20160310,2.25,2.29,1.92,2.15,54701,0
20160311,2.13,2.165,1.89,2.06,22086,0
20160314,2.14,2.16,2.05,2.1,7356,0
20160315,2.06,2.18,1.92,2.09,8276,0
20160316,2.07,2.11,2.01,2.01,25500,0
20160317,2.05,2.11,1.98,2.01,15970,0
20160318,2.1,2.1,2.02,2.03,20993,0
20160321,2.07,2.092,2.02,2.06,12742,0
20160322,2.08,2.1,2.0601,2.07,7158,0
20160323,2.08,2.112,2.04,2.05,13263,0
20160324,2.05,2.07,1.99,2.04,20599,0
20160328,2.09,2.1,2.01,2.01,6980,0
20160329,1.99,2.08,1.92,1.96,56410,0
20160330,2.25,2.25,1.91,1.9306,45041,0
20160331,1.95,1.95,1.9,1.9,5983,0
20160401,1.9,1.92,1.86,1.86,5827,0
20160404,1.86,1.87,1.8,1.8,3700,0
20160405,1.79,1.79,1.5701,1.68,16860,0
20160406,1.8171,1.82,1.66,1.66,6842,0
20160407,1.67,1.69,1.67,1.69,437,0
20160408,1.72,1.74,1.6601,1.69,4796,0
20160411,1.73,1.74,1.7,1.71,14384,0
20160412,1.74,1.74,1.71,1.73,31814,0
20160413,1.74,1.8,1.7,1.7,17623,0
20160414,1.69,1.7,1.62,1.67,96692,0
20160415,1.67,1.67,1.65,1.65,109340,0
