Date,Open,High,Low,Close,Volume,OpenInt
20111214,11.49,11.509,11.43,11.43,575674,0
20111215,11.472,11.472,11.43,11.43,536791,0
20111216,11.43,11.454,11.401,11.401,174223,0
20111219,11.46,11.522,11.46,11.46,115812,0
20111220,11.546,11.553,10.647,11.006,581439,0
20111221,10.968,10.968,10.846,10.864,127200,0
20111222,10.864,10.943,10.761,10.823,256076,0
20111223,10.748,11.49,10.748,11.23,103119,0
20111227,11.272,11.272,10.895,11.181,131929,0
20111228,11.218,11.218,10.919,11.077,42317,0
20111229,11.065,11.127,10.951,11.06,74652,0
20111230,11.042,11.127,10.902,10.992,104196,0
20120103,11.065,11.375,11.065,11.278,101149,0
20120104,11.338,11.43,11.278,11.338,144739,0
20120105,11.484,11.484,11.247,11.351,82418,0
20120106,11.321,11.401,11.255,11.332,98996,0
20120109,11.272,11.401,11.096,11.296,99517,0
20120110,11.042,11.583,10.981,11.49,326624,0
20120111,11.494,11.494,11.121,11.212,149037,0
20120112,11.25,11.31,11.017,11.037,91129,0
20120113,10.974,11.182,10.798,10.974,203685,0
20120117,10.879,11.268,10.766,11.165,89396,0
20120118,10.943,11.401,10.912,11.236,268485,0
20120119,10.858,11.2,10.748,10.846,476992,0
20120120,10.932,10.932,10.437,10.615,361764,0
20120123,10.889,10.889,10.621,10.767,146666,0
20120124,10.665,10.926,10.584,10.919,185190,0
20120125,10.937,10.974,10.793,10.889,181441,0
20120126,10.902,11.043,10.883,10.937,136029,0
20120127,11.023,11.14,11.007,11.084,63347,0
20120130,11.103,11.335,11.073,11.272,151693,0
20120131,11.184,11.291,11.129,11.184,171791,0
20120201,11.219,11.298,11.176,11.237,126721,0
20120202,11.073,11.195,10.87,10.987,191758,0
20120203,10.992,11.182,10.907,10.968,115334,0
20120206,10.961,11.207,10.907,11.182,81813,0
20120207,11.128,11.272,11.06,11.182,106977,0
20120208,11.037,11.133,10.907,10.912,178151,0
20120209,10.699,10.999,10.255,10.541,341108,0
20120210,10.37,10.541,10.37,10.485,242077,0
20120213,10.571,10.663,10.4,10.48,133911,0
20120214,10.534,10.567,10.137,10.363,303755,0
20120215,10.383,10.675,10.283,10.529,438006,0
20120216,10.626,11.114,10.534,11.084,270819,0
20120217,11.103,11.182,10.974,11.169,198452,0
20120221,11.152,11.176,10.798,10.895,134111,0
20120222,10.926,11.037,10.814,10.932,78879,0
20120223,10.932,11.084,10.889,10.981,254318,0
20120224,10.823,11.03,10.823,10.968,170583,0
20120227,10.968,11.225,10.937,11.212,125210,0
20120228,11.121,11.372,11.121,11.268,212022,0
20120229,11.078,11.354,10.996,11.354,205082,0
20120301,11.347,11.391,11.292,11.342,191519,0
20120302,11.328,11.421,11.31,11.407,157120,0
20120305,11.335,11.453,11.335,11.397,287601,0
20120306,11.28,11.397,11.243,11.31,279244,0
20120307,11.305,11.342,11.14,11.318,152931,0
20120308,11.305,11.335,11.152,11.201,217064,0
20120309,11.201,11.323,11.066,11.292,202922,0
20120312,11.298,11.354,11.047,11.323,99543,0
20120313,11.328,11.456,11.078,11.201,253262,0
20120314,11.097,11.36,11.097,11.219,104285,0
20120315,11.06,11.243,10.853,10.853,88232,0
20120316,10.902,11.043,10.743,10.858,95669,0
20120319,10.846,11.169,10.693,11.146,137569,0
20120320,11.06,11.347,10.999,11.287,200070,0
20120321,11.298,11.482,10.853,11.427,150594,0
20120322,11.372,11.431,11.047,11.219,87154,0
20120323,11.043,11.305,10.814,11.28,178305,0
20120326,11.073,11.36,11.073,11.121,107996,0
20120327,11.237,11.237,10.912,11.054,81794,0
20120328,10.853,11.037,10.853,11.03,56834,0
20120329,10.919,11.047,10.883,10.981,59471,0
20120330,10.974,11.482,10.879,11.391,103658,0
20120402,11.207,11.391,11.007,11.391,66382,0
20120403,11.078,11.43,11.078,11.336,70418,0
20120404,11.147,11.481,11.147,11.368,97390,0
20120405,11.16,11.43,11.155,11.386,110603,0
20120409,11.421,11.421,11.243,11.256,21503,0
20120410,11.133,11.189,10.974,11.011,92987,0
20120411,11.047,11.047,10.937,10.974,38166,0
20120412,10.912,10.956,10.699,10.718,123253,0
20120413,10.696,10.822,10.476,10.796,46646,0
20120416,10.895,11.007,10.675,10.981,48130,0
20120417,11.005,11.091,10.727,10.778,126819,0
20120418,10.693,10.853,10.693,10.853,64795,0
20120419,10.854,11.241,10.854,11.091,112158,0
20120420,11.204,11.323,11.022,11.035,94711,0
20120423,11.005,11.336,11.005,11.329,49307,0
20120424,11.368,11.481,11.135,11.241,182892,0
20120425,11.329,11.454,11.016,11.373,123446,0
20120426,11.449,11.449,11.155,11.31,115085,0
20120427,11.31,11.449,11.198,11.348,169131,0
20120430,11.361,11.449,11.173,11.436,81708,0
20120501,11.386,11.386,11.167,11.229,74570,0
20120502,11.198,11.599,11.147,11.542,111453,0
20120503,11.454,11.581,11.418,11.481,80484,0
20120504,11.418,11.481,11.173,11.229,66328,0
20120507,11.229,11.323,10.996,11.098,44996,0
20120508,11.066,11.241,10.822,10.891,76458,0
20120509,10.822,10.978,10.79,10.883,58114,0
20120510,10.822,10.883,10.607,10.677,89992,0
20120511,10.677,11.291,10.557,11.179,75518,0
20120514,11.323,11.418,10.909,11.035,47796,0
20120515,11.109,11.442,11.109,11.272,166781,0
20120516,11.318,11.542,11.279,11.348,97242,0
20120517,11.393,11.425,10.846,10.959,89989,0
20120518,10.872,11.005,10.507,10.79,94464,0
20120521,10.959,11.098,10.822,10.822,69343,0
20120522,10.922,11.123,10.854,10.928,35013,0
20120523,10.803,11.104,10.727,10.996,110571,0
20120524,11.109,11.442,10.796,10.854,109477,0
20120525,10.872,11.104,10.733,10.883,52765,0
20120529,11.123,11.198,10.891,11.104,74811,0
20120530,11.022,11.042,10.854,10.972,42836,0
20120531,10.972,11.198,10.727,10.751,76554,0
20120601,10.727,10.846,10.353,10.47,120225,0
20120604,10.539,10.601,10.069,10.125,104460,0
20120605,10.137,10.344,10.112,10.268,87402,0
20120606,10.306,10.652,10.306,10.539,70668,0
20120607,10.638,11.042,10.638,10.922,61245,0
20120608,11.028,11.091,10.829,10.99,70573,0
20120611,11.129,11.217,10.684,10.903,75335,0
20120612,10.896,11.073,10.879,11.022,51687,0
20120613,11.073,11.073,10.696,10.829,66519,0
20120614,10.896,11.084,10.677,10.833,70932,0
20120615,10.803,10.829,10.507,10.552,55048,0
20120618,10.557,10.638,10.47,10.489,70133,0
20120619,10.408,11.042,10.353,10.677,103684,0
20120620,10.684,10.833,10.565,10.583,42937,0
20120621,10.646,10.865,10.539,10.539,90745,0
20120622,10.652,10.733,10.353,10.383,58593,0
20120625,10.353,10.451,10.056,10.188,122229,0
20120626,10.22,10.268,9.855,10.024,186757,0
20120627,10.037,10.408,9.994,10.353,184874,0
20120628,10.419,10.419,10.069,10.169,87776,0
20120629,10.163,10.633,10.107,10.596,73383,0
20120702,10.596,10.596,10.287,10.545,85062,0
20120703,10.507,10.731,10.507,10.607,47993,0
20120705,10.696,10.822,10.596,10.689,42775,0
20120706,10.665,11.354,10.652,10.996,78298,0
20120709,10.99,11.354,10.829,11.109,75308,0
20120710,11.204,11.255,10.915,10.965,39072,0
20120711,10.955,11.229,10.934,11.073,37787,0
20120712,11.078,11.135,10.883,11.104,30055,0
20120713,11.229,11.229,11.098,11.098,41322,0
20120716,11.198,11.198,11.042,11.073,32678,0
20120717,11.198,11.198,10.872,11.042,92579,0
20120718,11.028,11.16,10.978,11.046,45944,0
20120719,11.115,11.223,10.996,11.091,61390,0
20120720,11.198,11.26,10.998,11.198,130432,0
20120723,11.195,11.259,11.066,11.163,70453,0
20120724,11.147,11.233,11.041,11.109,73548,0
20120725,11.116,11.202,11.066,11.098,53782,0
20120726,11.105,11.175,11.046,11.131,77861,0
20120727,11.217,11.255,11.073,11.073,56611,0
20120730,11.291,11.556,11.291,11.375,77093,0
20120731,11.369,11.485,11.22,11.22,44750,0
20120801,11.323,11.323,11.137,11.246,17145,0
20120802,11.168,11.24,11.06,11.066,38809,0
20120803,11.214,11.485,11.168,11.375,58746,0
20120806,11.414,11.471,11.254,11.388,29589,0
20120807,11.406,11.469,11.189,11.362,47103,0
20120808,11.22,11.388,11.22,11.337,32631,0
20120809,11.131,11.421,11.125,11.246,51167,0
20120810,11.189,11.479,11.175,11.343,52056,0
20120813,11.453,11.46,11.286,11.396,36889,0
20120814,11.38,11.471,11.22,11.359,59597,0
20120815,11.396,11.42,11.246,11.272,21001,0
20120816,11.337,11.413,11.286,11.355,39990,0
20120817,11.401,11.401,11.227,11.227,33135,0
20120820,11.254,11.29,11.149,11.207,34266,0
20120821,11.202,11.471,11.156,11.207,115200,0
20120822,11.163,11.302,11.098,11.098,56570,0
20120823,11.052,11.375,11.046,11.189,58078,0
20120824,11.234,11.388,11.078,11.388,25229,0
20120827,11.471,11.471,11.143,11.214,64028,0
20120828,11.318,11.471,11.195,11.421,93556,0
20120829,11.447,11.561,11.38,11.447,57851,0
20120830,11.38,11.556,11.259,11.355,89452,0
20120831,11.439,11.51,11.401,11.471,51503,0
20120904,11.51,11.576,11.439,11.51,37194,0
20120905,11.439,11.767,11.439,11.716,183101,0
20120906,11.767,11.767,11.626,11.716,95562,0
20120907,11.767,11.865,11.629,11.808,85676,0
20120910,11.84,11.84,11.615,11.737,96952,0
20120911,11.731,11.865,11.652,11.865,63518,0
20120912,11.865,11.865,11.652,11.776,63989,0
20120913,11.813,11.845,11.608,11.684,89052,0
20120914,11.684,11.787,11.527,11.568,116485,0
20120917,11.684,11.865,11.64,11.731,58459,0
20120918,11.626,11.853,11.543,11.556,47082,0
20120919,11.619,12.189,11.619,12.038,242431,0
20120920,11.905,12.175,11.872,12.168,143036,0
20120921,12.189,12.253,11.962,12.246,174848,0
20120924,12.189,12.285,12.092,12.181,86726,0
20120925,12.168,12.342,12.092,12.198,123358,0
20120926,12.052,12.214,11.872,11.962,56473,0
20120927,12.001,12.253,11.979,12.246,67581,0
20120928,12.22,12.297,12.099,12.181,70524,0
20121001,12.273,12.375,12.207,12.336,167470,0
20121002,12.35,12.382,12.232,12.33,106014,0
20121003,12.35,12.382,12.246,12.259,104491,0
20121004,12.336,12.375,12.291,12.375,52878,0
20121005,12.382,12.574,12.355,12.454,101350,0
20121008,12.497,12.639,12.259,12.57,113303,0
20121009,12.574,12.735,12.497,12.639,131463,0
20121010,12.658,13.148,12.639,12.767,227209,0
20121011,12.684,13.079,12.679,12.89,146069,0
20121012,12.845,12.949,12.703,12.8,40040,0
20121015,12.852,12.948,12.691,12.84,53000,0
20121016,12.898,13.38,12.898,13.104,220860,0
20121017,13.123,13.35,12.915,13.038,113109,0
20121018,13.033,13.096,12.84,12.987,120535,0
20121019,12.898,13.052,12.898,12.942,52716,0
20121022,12.91,13.129,12.904,13.071,99988,0
20121023,13.245,13.323,12.807,13.155,136199,0
20121024,13.155,13.213,12.994,13.195,98794,0
20121025,13.162,13.284,13.162,13.207,68208,0
20121026,13.24,13.35,13.117,13.22,98453,0
20121031,13.296,13.394,13.111,13.275,136742,0
20121101,13.296,13.349,13.224,13.27,47134,0
20121102,13.262,13.323,13.064,13.071,76992,0
20121105,13.084,13.229,13.084,13.21,67625,0
20121106,13.236,13.368,13.071,13.143,60734,0
20121107,13.097,13.448,12.754,13.105,256946,0
20121108,13.117,13.164,12.554,12.932,147767,0
20121109,12.885,12.885,12.238,12.416,187229,0
20121112,12.45,12.653,12.013,12.219,157836,0
20121113,12.105,12.116,11.796,11.914,196502,0
20121114,11.928,12.179,11.618,11.889,117596,0
20121115,11.829,11.875,11.367,11.645,149263,0
20121116,11.715,12.105,11.498,11.908,102148,0
20121119,12.085,12.165,11.908,11.996,68315,0
20121120,11.895,12.206,11.763,11.777,153510,0
20121121,11.755,11.843,11.412,11.446,231603,0
20121123,11.465,11.65,11.3,11.465,102850,0
20121126,11.505,11.796,11.313,11.755,123814,0
20121127,11.697,11.902,11.663,11.796,41820,0
20121128,11.88,11.88,11.571,11.723,57931,0
20121129,11.656,11.855,11.571,11.631,68500,0
20121130,11.723,12.575,11.631,12.311,603662,0
20121203,12.49,12.517,12.039,12.054,220478,0
20121204,12.06,12.279,12.033,12.06,85003,0
20121205,12.094,12.112,11.895,11.935,93378,0
20121206,11.895,11.895,11.234,11.234,1282274,0
20121207,10.995,11.114,10.904,11.076,6901075,0
20121210,11.156,11.272,11.01,11.247,1590965,0
20121211,11.187,11.24,11.01,11.234,884370,0
20121212,11.234,11.234,10.989,11.22,627103,0
20121213,10.97,11.234,10.91,10.917,442661,0
20121214,11.01,11.062,10.917,10.977,231496,0
20121217,11.037,11.102,10.917,11.069,240786,0
20121218,11.26,11.367,11.102,11.26,895105,0
20121219,11.156,11.511,11.129,11.405,985039,0
20121220,11.42,11.579,11.3,11.485,666301,0
20121221,11.446,11.571,11.174,11.557,607708,0
20121224,11.505,11.618,11.3,11.306,194237,0
20121226,11.272,11.462,11.272,11.353,226772,0
20121227,11.427,11.61,11.333,11.557,378238,0
20121228,11.564,11.571,11.405,11.505,241590,0
20121231,11.491,11.802,11.465,11.789,384043,0
20130102,11.875,12.067,11.618,11.736,623654,0
20130103,11.763,11.914,11.656,11.796,352189,0
20130104,11.836,12,11.725,11.968,247848,0
20130107,11.88,12.291,11.862,12.12,446538,0
20130108,12.039,12.143,11.836,11.973,489292,0
20130109,11.961,12.661,11.869,12.112,989583,0
20130110,12.127,12.252,11.987,12.039,298750,0
20130111,12.085,12.138,11.987,12.069,273638,0
20130114,12.06,12.225,12.054,12.159,166885,0
20130115,12.073,12.225,11.914,12.173,499666,0
20130116,12.146,12.211,12.006,12.192,437436,0
20130117,12.192,12.397,12.067,12.397,621813,0
20130118,12.389,12.554,12.219,12.477,459963,0
20130122,12.537,12.622,12.291,12.483,517564,0
20130123,12.49,12.622,12.404,12.529,411513,0
20130124,12.47,12.543,12.033,12.073,700490,0
20130125,12.159,12.41,12.039,12.378,383920,0
20130128,12.423,12.57,12.297,12.562,492936,0
20130129,12.635,12.654,12.291,12.43,888763,0
20130130,12.312,12.49,12.103,12.21,569303,0
20130131,12.19,12.421,12.19,12.299,286340,0
20130201,12.36,12.408,12.054,12.279,476900,0
20130204,12.218,12.339,12.163,12.19,236076,0
20130205,12.292,12.348,12.19,12.23,283674,0
20130206,12.136,12.238,12.054,12.124,453170,0
20130207,12.054,12.205,12.021,12.033,349391,0
20130208,12.013,12.151,11.96,12.081,296808,0
20130211,12.143,12.197,12.068,12.151,241122,0
20130212,12.151,12.197,12.068,12.068,356159,0
20130213,12.109,12.163,11.967,12.04,400744,0
20130214,12.103,12.462,12.033,12.462,504286,0
20130215,12.429,12.734,12.184,12.382,437736,0
20130219,12.495,12.808,12.394,12.618,523961,0
20130220,12.802,12.835,12.238,12.312,649810,0
20130221,12.36,12.53,12.258,12.408,363189,0
20130222,12.55,12.761,12.469,12.598,328961,0
20130225,12.625,12.748,12.342,12.436,413871,0
20130226,12.455,12.796,12.388,12.734,569081,0
20130227,12.816,12.937,12.55,12.877,555307,0
20130228,12.87,12.958,12.706,12.755,336633,0
20130301,12.667,12.849,12.408,12.544,343736,0
20130304,12.564,12.972,12.495,12.659,504010,0
20130305,12.694,12.835,12.32,12.339,822448,0
20130306,12.436,12.667,12.306,12.462,636239,0
20130307,12.53,12.801,12.429,12.767,458891,0
20130308,12.897,13.133,12.76,12.985,1145448,0
20130311,13.013,13.099,12.714,12.775,746375,0
20130312,12.767,12.992,12.659,12.816,638876,0
20130313,12.89,13.331,12.87,13.264,458965,0
20130314,13.229,13.474,13.073,13.12,515771,0
20130315,13.108,13.588,13.108,13.57,1071742,0
20130318,13.481,13.604,13.202,13.272,540266,0
20130319,13.277,13.663,12.89,12.937,1079552,0
20130320,12.632,12.937,12.495,12.789,11098540,0
20130321,12.701,13.073,12.632,12.952,1549586,0
20130322,12.952,13.25,12.91,13.196,1098464,0
20130325,13.033,13.379,12.849,13.073,1779860,0
20130326,13.039,13.345,12.972,13.319,717536,0
20130327,13.209,13.325,13.108,13.215,775070,0
20130328,13.229,13.617,13.124,13.455,913211,0
20130401,13.588,13.588,13.209,13.577,547194,0
20130402,13.555,13.752,13.481,13.57,704420,0
20130403,13.584,13.671,13.148,13.196,851195,0
20130404,13.229,13.421,13,13.421,392226,0
20130405,13.25,13.617,13.223,13.55,343576,0
20130408,13.631,13.923,13.501,13.907,538169,0
20130409,13.888,13.991,13.713,13.956,388573,0
20130410,13.956,14.025,13.842,13.93,302120,0
20130411,13.97,13.97,13.584,13.705,364274,0
20130412,13.617,13.874,13.61,13.819,256771,0
20130415,13.813,13.813,13.319,13.501,544305,0
20130416,13.547,13.74,13.547,13.691,197330,0
20130417,13.652,13.664,13.432,13.447,225563,0
20130418,13.432,13.46,13.243,13.406,359430,0
20130419,13.562,13.713,13.338,13.588,497888,0
20130422,13.691,13.785,13.481,13.57,561186,0
20130423,13.617,13.785,13.514,13.637,451216,0
20130424,13.649,13.842,13.637,13.75,290657,0
20130425,13.874,13.897,13.657,13.74,422216,0
20130426,13.785,13.842,13.31,13.55,904209,0
20130429,13.564,13.613,13.369,13.516,696351,0
20130430,13.454,13.523,13.126,13.425,866828,0
20130501,13.585,13.601,13.179,13.196,567722,0
20130502,13.209,13.334,12.658,12.778,1073279,0
20130503,12.909,13.202,12.903,13.141,414709,0
20130506,13.083,13.404,13.083,13.356,315310,0
20130507,13.419,13.446,13.229,13.341,328149,0
20130508,13.384,13.419,13.161,13.391,399534,0
20130509,13.404,13.591,13.258,13.556,339854,0
20130510,13.601,13.745,13.481,13.662,274469,0
20130513,13.717,13.787,13.536,13.628,198124,0
20130514,13.591,13.767,13.536,13.704,265481,0
20130515,13.767,13.767,13.459,13.552,643865,0
20130516,13.712,13.74,13.523,13.662,175622,0
20130517,13.717,13.76,13.55,13.76,224724,0
20130520,13.591,13.676,13.425,13.556,691794,0
20130521,13.508,13.752,13.44,13.717,514478,0
20130522,13.752,13.801,13.356,13.446,457568,0
20130523,13.279,13.601,13.243,13.552,394467,0
20130524,13.564,13.65,13.419,13.552,224102,0
20130528,13.635,13.766,13.508,13.684,333270,0
20130529,13.696,13.745,13.384,13.474,362661,0
20130530,13.606,13.606,12.944,12.958,517542,0
20130531,12.985,13.243,12.985,13.114,256526,0
20130603,13.188,13.243,12.965,13.196,320057,0
20130604,13.229,13.378,13.013,13.258,183449,0
20130605,13.328,13.328,12.965,13.049,131983,0
20130606,13.049,13.279,12.904,13.279,135780,0
20130607,13.349,13.48,13.293,13.404,154338,0
20130610,13.516,13.516,13.321,13.495,153043,0
20130611,13.454,13.454,13.132,13.224,168275,0
20130612,13.349,13.366,12.972,13.179,130274,0
20130613,13.215,13.306,13.02,13.272,164819,0
20130614,13.488,13.732,13.454,13.669,676801,0
20130617,13.704,13.872,13.356,13.856,509889,0
20130618,13.81,13.832,13.397,13.76,458543,0
20130619,13.724,13.76,13.58,13.669,358623,0
20130620,13.376,13.606,13.272,13.419,475014,0
20130621,13.488,13.591,12.826,13.419,1920565,0
20130624,13.384,13.384,12.826,13.265,482435,0
20130625,13.425,13.425,13.091,13.269,232067,0
20130626,13.279,13.495,13.175,13.467,493603,0
20130627,13.556,13.613,13.44,13.556,388884,0
20130628,13.571,13.704,13.391,13.662,780494,0
20130701,13.884,13.912,13.544,13.74,356196,0
20130702,13.767,13.843,13.553,13.669,419749,0
20130703,13.662,13.662,13.082,13.243,470190,0
20130705,13.313,13.313,12.68,13.091,516065,0
20130708,13.188,13.516,13.077,13.285,514477,0
20130709,13.258,13.419,13.041,13.168,354690,0
20130710,13.097,13.495,13.001,13.446,269031,0
20130711,13.62,13.732,13.209,13.369,435304,0
20130712,13.411,13.516,13.243,13.454,173271,0
20130715,13.591,13.645,13.313,13.404,403625,0
20130716,13.502,13.556,13.376,13.459,294187,0
20130717,13.53,13.912,13.447,13.872,723115,0
20130718,13.939,13.939,13.801,13.939,248580,0
20130719,13.939,14.073,13.795,13.969,351994,0
20130722,14.073,14.079,13.787,14.026,373299,0
20130723,14.079,14.164,13.975,14.096,370722,0
20130724,14.164,14.393,14.116,14.325,409545,0
20130725,14.325,14.54,14.179,14.464,431481,0
20130726,14.499,14.592,14.393,14.464,305554,0
20130729,14.471,14.621,14.179,14.499,729994,0
20130730,14.507,14.601,14.157,14.314,433503,0
20130731,14.364,14.736,14.364,14.521,392562,0
20130801,14.607,14.957,14.443,14.872,578194,0
20130802,14.829,15.265,14.793,15.078,608726,0
20130805,15.078,15.211,14.802,14.864,361161,0
20130806,14.814,15.172,14.694,14.985,375183,0
20130807,14.951,15.057,14.701,14.722,277873,0
20130808,14.729,15.008,14.564,14.601,363758,0
20130809,14.607,14.729,14.557,14.615,156335,0
20130812,14.587,15.008,14.587,14.814,195375,0
20130813,14.928,14.95,14.657,14.822,188042,0
20130814,14.836,14.957,14.713,14.908,147890,0
20130815,14.928,15.172,14.701,14.814,207218,0
20130816,14.901,14.928,14.722,14.928,100581,0
20130819,15.015,15.158,14.822,14.857,212780,0
20130820,14.872,15.029,14.729,14.886,157069,0
20130821,14.922,15.114,14.774,14.836,138137,0
20130822,14.994,15.223,14.701,14.744,154292,0
20130823,14.886,15.066,14.729,14.779,117743,0
20130826,14.872,15.008,14.731,14.757,259790,0
20130827,14.722,14.829,14.679,14.773,177665,0
20130828,14.773,14.965,14.736,14.879,155178,0
20130829,14.965,15.143,14.715,14.736,134279,0
20130830,14.722,14.842,14.422,14.465,169121,0
20130903,14.607,14.779,14.328,14.415,178733,0
20130904,14.502,14.901,14.478,14.665,256048,0
20130905,14.736,14.829,14.473,14.665,144146,0
20130906,14.722,14.793,14.502,14.672,125345,0
20130909,14.757,14.852,14.478,14.578,228145,0
20130910,14.564,14.822,14.372,14.773,209612,0
20130911,14.729,14.729,14.185,14.251,343626,0
20130912,14.3,14.515,14.251,14.328,276885,0
20130913,14.336,14.793,14.336,14.573,283326,0
20130916,14.4,14.793,14.336,14.564,172459,0
20130917,14.672,14.829,14.644,14.773,228290,0
20130918,14.829,14.886,14.615,14.757,198443,0
20130919,14.829,15.05,14.729,15.05,449340,0
20130920,15.078,15.078,14.757,14.793,390702,0
20130923,14.786,14.98,14.694,14.814,141026,0
20130924,14.886,15.162,14.726,14.937,355406,0
20130925,15.115,15.115,14.901,14.951,197719,0
20130926,15.008,15.158,14.937,15.044,517148,0
20130927,14.994,15.072,14.757,14.914,172951,0
20130930,15.029,15.036,14.864,14.893,160916,0
20131001,14.914,15.078,14.779,15.036,300706,0
20131002,14.543,14.578,14.185,14.222,2336934,0
20131003,14.185,14.222,13.965,14.044,14197972,0
20131004,14.029,14.415,14.029,14.4,3150677,0
20131007,13.965,14.328,13.957,14.222,1717047,0
20131008,14.292,14.322,14.051,14.13,1135096,0
20131009,14.15,14.328,14.029,14.258,817598,0
20131010,14.314,14.358,14.201,14.235,1062892,0
20131011,14.222,14.473,14.185,14.457,676692,0
20131014,14.343,14.564,14.185,14.457,476175,0
20131015,14.478,14.564,14.292,14.392,707195,0
20131016,14.4,14.587,14.258,14.515,798289,0
20131017,14.4,14.578,14.392,14.543,596651,0
20131018,14.543,14.994,14.493,14.971,1258370,0
20131021,14.951,14.994,14.802,14.852,711952,0
20131022,14.943,14.985,14.793,14.886,773808,0
20131023,14.943,14.965,14.829,14.914,849501,0
20131024,14.937,15.272,14.855,15.158,719375,0
20131025,15.244,15.394,15.078,15.086,1057854,0
20131028,15.151,15.272,14.901,15.172,953889,0
20131029,15.151,15.423,15.008,15.386,924782,0
20131030,15.328,15.403,15.071,15.107,766714,0
20131031,15.189,15.407,15.004,15.262,506617,0
20131101,15.386,15.542,15.145,15.483,482690,0
20131104,15.466,15.585,15.344,15.518,473147,0
20131105,15.533,15.628,15.407,15.475,441241,0
20131106,15.599,15.704,15.548,15.621,675388,0
20131107,15.615,15.673,15.196,15.247,541658,0
20131108,15.305,15.57,15.145,15.555,476282,0
20131111,15.504,15.665,15.475,15.578,240389,0
20131112,15.599,15.607,15.437,15.518,350701,0
20131113,15.548,15.548,15.203,15.334,536550,0
20131114,15.328,15.475,15.231,15.386,265920,0
20131115,15.431,15.466,15.18,15.218,457602,0
20131118,15.334,15.403,14.83,14.99,586864,0
20131119,14.557,14.557,14.154,14.205,7200545,0
20131120,14.315,14.418,14.262,14.279,1311310,0
20131121,14.367,14.557,14.339,14.454,1134185,0
20131122,14.543,14.742,14.433,14.733,930203,0
20131125,14.802,14.802,14.579,14.654,407423,0
20131126,14.698,14.698,14.557,14.624,515824,0
20131127,14.602,14.654,14.375,14.454,455869,0
20131129,14.485,14.668,14.418,14.63,133571,0
20131202,14.646,14.713,14.539,14.609,426173,0
20131203,14.485,14.654,14.442,14.557,568865,0
20131204,14.477,14.588,14.381,14.47,511324,0
20131205,14.442,14.543,14.323,14.425,585773,0
20131206,14.47,14.668,14.433,14.646,516914,0
20131209,14.755,14.755,14.529,14.66,867888,0
20131210,14.668,14.836,14.66,14.704,1113326,0
20131211,14.704,14.822,14.609,14.713,699926,0
20131212,14.704,14.99,14.698,14.903,564639,0
20131213,14.887,15.305,14.83,15.218,457737,0
20131216,15.364,15.364,15.131,15.21,404423,0
20131217,15.21,15.254,15.131,15.196,411651,0
20131218,15.145,15.585,15.145,15.403,774895,0
20131219,15.403,15.621,15.321,15.466,791668,0
20131220,15.394,15.607,15.356,15.407,1558838,0
20131223,15.459,16.008,15.403,15.936,626681,0
20131224,16.003,16.113,15.9,15.974,280995,0
20131226,16.018,16.133,15.974,15.974,402787,0
20131227,16.091,16.281,15.997,16.246,632556,0
20131230,16.332,16.346,16.003,16.194,461332,0
20131231,16.208,16.208,15.996,16.091,415333,0
20140102,15.987,16.026,15.298,15.542,1245704,0
20140103,15.483,15.657,15.189,15.403,783017,0
20140106,15.518,15.782,15.321,15.644,630479,0
20140107,15.717,15.886,15.621,15.805,439468,0
20140108,15.694,15.893,15.504,15.863,516642,0
20140109,15.997,16.317,15.827,16.128,1460071,0
20140110,16.23,16.317,16.061,16.128,583035,0
20140113,16.208,16.208,15.958,16.067,525642,0
20140114,16.2,16.296,16.031,16.038,745784,0
20140115,16.038,16.133,15.987,16.003,504779,0
20140116,16.091,16.289,16.038,16.133,421196,0
20140117,16.171,16.266,15.974,16.008,462100,0
20140121,16.215,16.215,15.967,16.133,530822,0
20140122,16.237,16.281,16.003,16.171,663423,0
20140123,16.246,16.427,16.208,16.398,544250,0
20140124,16.355,16.45,16.215,16.355,662403,0
20140127,16.362,16.501,15.841,16.113,582968,0
20140128,15.987,16.259,15.987,16.12,609228,0
20140129,16.12,16.281,16.026,16.098,434831,0
20140130,16.281,16.281,16.018,16.098,594523,0
20140131,16.068,16.171,15.886,16.083,507098,0
20140203,16.133,16.251,15.657,15.732,857053,0
20140204,15.837,15.919,15.362,15.378,977095,0
20140205,15.37,15.603,15.174,15.476,498920,0
20140206,15.565,15.837,15.483,15.792,409116,0
20140207,15.807,16.16,15.703,16.078,511257,0
20140210,16.145,16.244,15.859,15.881,553338,0
20140211,15.934,16.137,15.703,16.093,512926,0
20140212,16.093,16.401,16.092,16.311,490952,0
20140213,16.357,16.575,16.192,16.545,740267,0
20140214,16.589,16.598,16.462,16.545,560025,0
20140218,16.559,16.598,16.371,16.44,509593,0
20140219,16.559,16.559,16.341,16.363,443767,0
20140220,16.424,16.445,16.265,16.41,433476,0
20140221,16.537,16.551,16.41,16.469,605583,0
20140224,16.575,16.807,16.506,16.642,547733,0
20140225,16.747,16.86,16.598,16.852,463296,0
20140226,16.937,17.2,16.687,17.07,645577,0
20140227,17.108,17.131,16.492,16.679,466506,0
20140228,16.717,17.086,16.627,16.816,490455,0
20140303,16.762,17.123,16.71,17.003,394041,0
20140304,17.018,17.244,16.937,16.957,456938,0
20140305,16.807,17.123,16.58,16.921,373966,0
20140306,16.899,17.003,16.83,16.921,386898,0
20140307,16.913,17.184,16.869,17.108,285211,0
20140310,17.139,17.222,17.048,17.184,243009,0
20140311,17.311,17.425,17.176,17.205,494058,0
20140312,17.2,17.229,16.942,17.184,305835,0
20140313,17.162,17.29,17.011,17.152,321450,0
20140314,16.966,17.2,16.951,17.131,233774,0
20140317,17.139,17.311,16.973,17.192,275368,0
20140318,17.266,17.328,17.07,17.176,230401,0
20140319,17.244,17.394,17.033,17.357,434277,0
20140320,17.311,17.418,17.214,17.35,370219,0
20140321,17.381,17.381,17.222,17.275,572121,0
20140324,17.364,17.364,16.981,17.162,288118,0
20140325,17.229,17.298,17.011,17.2,292933,0
20140326,17.275,17.381,16.792,16.951,506982,0
20140327,17.095,17.123,16.869,16.966,485713,0
20140328,16.966,17.078,16.838,16.921,712581,0
20140331,16.981,17.003,16.83,16.957,335417,0
20140401,16.957,17.2,16.899,17.162,350923,0
20140402,17.29,17.29,16.969,17.152,345961,0
20140403,17.266,17.29,17.108,17.258,384940,0
20140404,17.258,17.275,16.981,17.117,598899,0
20140407,17.162,17.275,17.139,17.258,449924,0
20140408,17.29,17.32,17.108,17.192,405491,0
20140409,17.266,17.282,17.108,17.192,255218,0
20140410,17.258,17.328,17.027,17.07,284866,0
20140411,17.123,17.298,16.937,16.981,353620,0
20140414,16.973,17.187,16.937,17.108,336979,0
20140415,17.162,17.258,17.011,17.117,326705,0
20140416,17.162,17.29,17.131,17.2,412659,0
20140417,17.236,17.275,17.176,17.252,279929,0
20140421,17.29,17.462,17.205,17.462,403232,0
20140422,17.492,17.538,17.402,17.454,448275,0
20140423,17.44,17.583,17.236,17.244,556566,0
20140424,17.448,17.501,17.236,17.357,364862,0
20140425,17.447,17.447,17.095,17.282,429242,0
20140428,17.333,17.628,17.244,17.44,330881,0
20140429,17.538,17.68,17.462,17.598,282294,0
20140430,17.598,17.68,17.454,17.643,302231,0
20140501,17.725,18.064,17.65,17.725,883886,0
20140502,17.742,17.919,17.688,17.834,372567,0
20140505,17.879,17.919,17.264,17.503,1372344,0
20140506,17.572,17.725,17.418,17.463,756783,0
20140507,17.495,17.572,16.231,16.5,2059017,0
20140508,16.539,16.955,16.379,16.677,746159,0
20140509,16.647,16.839,16.576,16.778,556346,0
20140512,16.939,17.149,16.801,16.993,437858,0
20140513,17.172,17.217,16.903,16.963,393229,0
20140514,17.04,17.149,16.955,17.086,354138,0
20140515,17.101,17.186,16.955,16.993,369522,0
20140516,17.086,17.086,16.762,16.948,301190,0
20140519,17.047,17.256,16.964,17.178,394054,0
20140520,17.109,17.172,16.97,17.095,248871,0
20140521,17.109,17.31,16.955,17.118,426325,0
20140522,17.225,17.24,17.032,17.195,232352,0
20140523,17.24,17.302,17.07,17.109,256652,0
20140527,17.086,17.233,16.963,16.993,309766,0
20140528,17.047,17.107,16.963,17.002,289488,0
20140529,17.017,17.348,16.97,17.233,388961,0
20140530,17.34,17.38,17.01,17.24,323317,0
20140602,17.249,17.363,17.109,17.225,322485,0
20140603,17.109,17.302,16.993,17.178,270969,0
20140604,17.233,17.362,17.01,17.286,354005,0
20140605,17.38,17.41,17.032,17.101,277048,0
20140606,17.101,17.394,17.025,17.356,343261,0
20140609,17.34,17.602,17.217,17.572,345992,0
20140610,17.54,17.648,17.503,17.617,264309,0
20140611,17.688,17.803,17.472,17.787,335854,0
20140612,17.796,18.087,17.694,18.02,389816,0
20140613,18.073,18.11,17.842,18.096,227007,0
20140616,18.173,18.435,18.12,18.326,396526,0
20140617,18.388,18.498,18.242,18.435,284434,0
20140618,18.52,18.534,18.11,18.12,363259,0
20140619,18.11,18.551,18.065,18.127,514555,0
20140620,18.127,18.932,18.073,18.689,963413,0
20140623,18.612,18.99,18.511,18.634,495369,0
20140624,18.689,18.951,18.489,18.52,425239,0
20140625,18.565,18.836,18.498,18.652,209888,0
20140626,18.89,19.072,18.466,18.503,260403,0
20140627,18.498,18.828,18.389,18.697,238514,0
20140630,18.597,18.697,18.511,18.681,286842,0
20140701,18.711,18.733,18.498,18.652,316666,0
20140702,18.674,18.681,18.511,18.59,311150,0
20140703,18.603,18.644,18.187,18.218,347008,0
20140707,18.303,18.42,18.088,18.397,339880,0
20140708,18.404,18.551,18.374,18.466,339880,0
20140709,18.42,18.574,18.35,18.435,419589,0
20140710,17.063,17.249,17.01,17.109,10667725,0
20140711,17.24,17.664,17.202,17.594,1785484,0
20140714,17.688,17.999,17.648,17.834,1126634,0
20140715,17.964,17.972,17.672,17.742,598078,0
20140716,17.765,17.957,17.725,17.933,596741,0
20140717,17.941,17.941,17.803,17.84,366909,0
20140718,17.95,18.25,17.809,18.11,609922,0
20140721,18.141,18.404,18.042,18.357,1156473,0
20140722,18.357,18.481,18.265,18.42,989146,0
20140723,18.42,18.559,18.305,18.357,432060,0
20140724,18.319,18.498,18.011,18.196,1037499,0
20140725,18.165,18.227,17.873,17.996,647670,0
20140728,17.996,18.161,17.796,18.051,511599,0
20140729,18.151,18.265,17.888,17.927,636210,0
20140730,17.988,18.207,17.611,17.809,643028,0
20140731,17.927,17.927,17.124,17.441,928295,0
20140801,17.306,17.629,17.109,17.433,731984,0
20140804,17.654,17.923,17.464,17.906,548007,0
20140805,17.9,17.9,17.487,17.496,453288,0
20140806,17.496,17.946,17.473,17.939,488328,0
20140807,18.159,18.278,17.919,18.175,464084,0
20140808,18.269,18.356,18.002,18.293,466287,0
20140811,18.514,18.711,18.366,18.642,771660,0
20140812,18.656,18.656,18.31,18.381,419427,0
20140813,18.601,18.601,18.238,18.459,432550,0
20140814,18.459,18.492,18.334,18.428,295822,0
20140815,18.366,18.483,18.366,18.451,316235,0
20140818,18.563,18.563,18.286,18.451,481012,0
20140819,18.388,18.65,18.361,18.468,708945,0
20140820,18.633,18.814,18.514,18.546,826008,0
20140821,18.642,18.792,18.451,18.514,646985,0
20140822,18.483,18.499,18.231,18.451,579022,0
20140825,18.451,18.697,18.388,18.53,534546,0
20140826,18.642,18.642,18.468,18.586,395403,0
20140827,18.642,18.656,18.524,18.633,418430,0
20140828,18.642,18.721,18.459,18.563,428115,0
20140829,18.65,18.65,18.451,18.483,590715,0
20140902,18.601,18.752,18.397,18.688,499352,0
20140903,18.768,18.831,18.286,18.293,590351,0
20140904,17.449,17.962,17.449,17.852,18136311,0
20140905,17.843,17.883,17.645,17.779,3189606,0
20140908,17.9,17.9,17.591,17.629,1053228,0
20140909,17.623,17.836,17.583,17.821,1253028,0
20140910,17.843,18.087,17.718,18.08,1806659,0
20140911,18.05,18.097,17.807,18.087,1150327,0
20140912,18.085,18.218,17.852,17.939,1240948,0
20140915,18.009,18.091,17.68,17.891,675918,0
20140916,17.765,18.025,17.686,17.852,664197,0
20140917,17.962,17.993,17.811,17.906,565948,0
20140918,17.993,17.993,17.807,17.929,548212,0
20140919,18.009,18.104,17.875,17.929,1314591,0
20140922,17.929,17.929,17.536,17.733,812313,0
20140923,17.852,17.962,17.536,17.536,757427,0
20140924,17.614,17.686,17.267,17.575,707506,0
20140925,17.504,17.614,17.141,17.155,665326,0
20140926,17.243,17.591,16.887,17.385,537677,0
20140929,17.329,17.599,17.204,17.473,318798,0
20140930,17.473,17.569,17.179,17.378,437130,0
20141001,17.378,17.568,16.952,17.329,1041859,0
20141002,17.369,17.409,16.406,17.006,1561402,0
20141003,17.029,17.48,16.785,17.449,571485,0
20141006,17.378,17.417,16.824,17.014,809286,0
20141007,16.904,17.053,16.738,16.761,600477,0
20141008,16.698,16.745,15.451,16.216,2039321,0
20141009,16.216,16.296,15.213,15.482,1573783,0
20141010,15.277,15.678,13.831,15.513,2699811,0
20141013,15.372,15.624,14.55,14.771,1469649,0
20141014,14.754,15.04,13.847,14.754,1993667,0
20141015,14.036,14.841,13.863,14.804,2193698,0
20141016,14.59,16.178,14.4,16.113,2138815,0
20141017,16.413,16.864,16.01,16.494,2812390,0
20141020,16.411,17.118,16.145,17.022,1703056,0
20141021,17.118,17.662,17.03,17.173,2715685,0
20141022,17.365,17.498,16.769,16.967,1688776,0
20141023,17.045,17.114,16.698,17.062,1030638,0
20141024,17.006,17.069,16.738,16.983,924797,0
20141027,16.801,16.983,16.255,16.745,1184997,0
20141028,16.713,17.053,16.604,16.904,967391,0
20141029,16.991,17.118,16.824,16.904,1641813,0
20141030,16.84,17.047,16.272,16.675,858283,0
20141031,16.713,16.927,16.113,16.532,1498616,0
20141103,16.483,16.808,16.046,16.159,1058920,0
20141104,15.843,16.094,15.355,15.665,1975525,0
20141105,14.577,15.003,14.236,14.31,3131139,0
20141106,14.244,14.359,13.481,13.629,2499839,0
20141107,13.538,14.106,13.385,13.929,1425099,0
20141110,14.836,14.836,13.498,13.686,1827471,0
20141111,13.555,13.791,13.321,13.677,1473849,0
20141112,13.709,13.848,13.149,13.191,1544417,0
20141113,13.433,13.726,12.371,12.46,2702697,0
20141114,12.598,13.506,12.581,13.28,1956340,0
20141117,13.191,13.382,12.954,13.077,1324252,0
20141118,13.077,13.287,13.068,13.092,1031132,0
20141119,13.092,13.343,12.777,12.792,1311708,0
20141120,12.768,13.442,12.735,13.408,1676723,0
20141121,13.604,13.791,13.029,13.239,2601629,0
20141124,13.377,13.392,12.842,12.948,1691439,0
20141125,12.981,12.981,12.492,12.598,1596218,0
20141126,12.557,12.573,12.054,12.233,1969712,0
20141128,11.398,11.584,11.008,11.162,1582511,0
20141201,10.976,11.332,10.197,10.716,4133750,0
20141202,10.725,11.649,10.716,11.194,2944166,0
20141203,11.3,12.453,11.291,12.241,2648026,0
20141204,12.249,12.518,11.908,11.948,2202393,0
20141205,11.957,12.323,11.322,11.356,2025077,0
20141208,11.3,11.341,10.222,10.465,2767800,0
20141209,10.424,11.754,10.424,11.559,2109747,0
20141210,11.308,12.023,11.008,11.998,2434141,0
20141211,11.98,12.168,11.252,11.43,2569956,0
20141212,11.138,11.356,10.546,10.651,2150708,0
20141215,10.707,10.938,9.646,9.889,3439720,0
20141216,9.766,10.643,9.531,10.197,3682625,0
20141217,10.14,10.837,10.091,10.352,4337997,0
20141218,11.284,11.47,10.505,10.595,4497300,0
20141219,10.675,11.763,10.627,11.689,4732398,0
20141222,11.559,11.673,11.259,11.503,2362929,0
20141223,11.673,12.086,11.535,11.98,1926718,0
20141224,12.12,12.12,11.568,11.731,732569,0
20141226,11.763,12.023,11.608,11.98,1222477,0
20141229,12.136,12.363,11.86,12.217,2047156,0
20141230,12.217,12.241,11.786,12.12,1941809,0
20141231,12.062,12.12,11.47,11.836,2727306,0
20150102,11.698,12.696,11.665,12.696,1515103,0
20150105,12.696,12.703,11.828,12.355,2131966,0
20150106,12.168,12.581,12.005,12.168,1494591,0
20150107,12.33,12.387,11.892,11.948,1582847,0
20150108,12.11,12.196,11.803,12.038,1532801,0
20150109,12.128,12.735,11.892,12.533,1360098,0
20150112,12.518,12.518,11.9,12.11,1247900,0
20150113,12.128,12.154,11.259,11.852,2239505,0
20150114,11.681,12.395,11.681,12.225,1974708,0
20150115,12.395,12.443,12.03,12.086,1333241,0
20150116,12.128,12.437,12.128,12.159,1544477,0
20150120,12.128,12.566,11.884,12.533,2464559,0
20150121,12.437,13.206,12.437,12.987,1206058,0
20150122,13.044,13.594,13.044,13.457,1836459,0
20150123,13.767,13.774,13.101,13.36,987983,0
20150126,13.304,14.049,13.247,13.709,1139072,0
20150127,13.62,14.124,13.548,13.921,990425,0
20150128,13.871,14.148,13.644,13.774,1141509,0
20150129,13.936,14.115,13.481,13.782,1210690,0
20150130,13.677,14.244,13.514,13.936,1128282,0
20150202,14.204,14.24,13.654,13.742,2182913,0
20150203,14.128,14.32,13.784,14.145,1850804,0
20150204,13.96,14.102,13.691,14.085,776061,0
20150205,14.261,14.672,13.985,14.623,1208511,0
20150206,14.698,15.108,14.639,14.698,1545217,0
20150209,14.806,15.067,14.421,14.429,1195699,0
20150210,14.254,14.589,13.843,14.135,680088,0
20150211,14.018,14.354,13.709,14.169,618160,0
20150212,14.344,14.479,13.843,14.119,805776,0
20150213,14.27,14.547,14.179,14.547,639947,0
20150217,14.362,14.849,14.135,14.639,638189,0
20150218,14.496,14.662,14.363,14.58,443655,0
20150219,14.354,14.806,14.254,14.623,527502,0
20150220,14.664,14.773,14.375,14.597,358787,0
20150223,14.883,14.883,14.278,14.589,462555,0
20150224,14.883,15.175,14.672,14.833,1191774,0
20150225,15.083,15.486,14.715,15.276,1382870,0
20150226,15.217,15.686,15.008,15.133,1370364,0
20150227,14.883,15.637,14.883,15.234,1136435,0
20150302,15.284,15.301,14.924,15.092,605064,0
20150303,15.1,15.569,15.092,15.378,615322,0
20150304,15.26,15.67,15.192,15.544,516804,0
20150305,15.544,15.561,15.133,15.31,615918,0
20150306,15.217,15.477,15.092,15.31,483050,0
20150309,15.26,15.486,14.974,15.108,439516,0
20150310,14.849,15.05,14.421,14.806,1071534,0
20150311,14.883,14.924,14.513,14.749,445717,0
20150312,14.715,14.999,14.589,14.623,470406,0
20150313,14.556,14.63,14.128,14.53,834423,0
20150316,14.354,14.379,13.75,14.161,1012734,0
20150317,13.868,14.085,13.624,13.918,852433,0
20150318,13.784,14.32,13.54,14.22,849213,0
20150319,14.01,14.254,13.759,13.976,889408,0
20150320,14.145,14.521,13.993,14.161,1805532,0
20150323,14.161,14.705,13.985,14.479,630470,0
20150324,14.521,14.563,14.161,14.294,458718,0
20150325,14.354,14.614,14.195,14.471,328116,0
20150326,14.614,14.68,14.294,14.623,351136,0
20150327,14.589,14.781,13.976,14.152,503087,0
20150330,14.244,14.379,13.709,13.868,888453,0
20150331,13.742,13.859,13.54,13.59,837594,0
20150401,13.59,13.742,13.55,13.557,1138566,0
20150402,13.583,13.809,13.306,13.6,844083,0
20150406,13.691,14.362,13.691,14.278,832037,0
20150407,14.254,14.839,14.254,14.689,682440,0
20150408,14.773,14.874,14.37,14.556,436413,0
20150409,13.767,14.001,13.75,13.926,5864124,0
20150410,14.01,14.261,13.909,14.236,1504609,0
20150413,14.37,14.421,14.078,14.161,692849,0
20150414,14.185,14.589,14.044,14.505,1143098,0
20150415,14.589,14.789,14.446,14.597,912501,0
20150416,14.446,14.556,14.27,14.328,983025,0
20150417,14.254,14.338,14.052,14.261,1084536,0
20150420,14.338,14.597,14.161,14.429,827986,0
20150421,14.488,14.58,14.254,14.344,446175,0
20150422,14.304,14.412,14.018,14.211,823260,0
20150423,14.244,14.781,14.211,14.597,740199,0
20150424,14.623,14.655,14.388,14.479,497714,0
20150427,14.573,14.749,14.505,14.606,777173,0
20150428,14.672,14.915,14.589,14.799,498437,0
20150429,14.799,15.092,14.715,14.949,857921,0
20150430,15.033,15.175,14.865,15.024,662435,0
20150501,15.067,15.108,14.672,14.983,1338941,0
20150504,14.983,15.13,14.757,14.836,1707883,0
20150505,15.051,15.285,14.922,15.034,1292993,0
20150506,15.243,15.302,14.637,14.802,860361,0
20150507,14.23,14.282,13.936,14.179,1783643,0
20150508,14.161,14.309,13.91,14.075,993008,0
20150511,14.023,14.127,13.296,13.382,1165138,0
20150512,13.235,13.538,12.898,13.339,1482774,0
20150513,13.607,13.616,13.123,13.175,919973,0
20150514,13.235,13.616,13.148,13.175,1229759,0
20150515,13.089,13.226,12.915,13.141,663960,0
20150518,13.278,13.4,12.829,12.914,824150,0
20150519,12.846,12.907,12.491,12.613,1701841,0
20150520,12.682,12.768,12.561,12.7,912257,0
20150521,12.717,13.037,12.7,12.932,684818,0
20150522,12.95,13.089,12.889,12.967,606094,0
20150526,12.907,12.932,12.682,12.881,552701,0
20150527,12.907,13.096,12.829,13.028,577425,0
20150528,12.959,13.079,12.936,12.95,558928,0
20150529,12.95,13.096,12.898,12.924,523670,0
20150601,13.235,13.278,12.863,12.863,971524,0
20150602,12.889,13.226,12.867,13.175,735909,0
20150603,13.244,13.382,13.045,13.079,272817,0
20150604,13.019,13.106,12.95,12.95,511880,0
20150605,12.924,13.261,12.889,13.002,414543,0
20150608,13.028,13.123,12.941,13.002,274435,0
20150609,13.089,13.304,13.028,13.175,457738,0
20150610,13.278,13.348,13.054,13.063,350498,0
20150611,12.976,13.06,12.759,13.011,545298,0
20150612,12.95,13.011,12.932,12.985,175251,0
20150615,12.932,13.063,12.889,12.985,495118,0
20150616,12.959,13.096,12.959,13.019,317901,0
20150617,13.131,13.382,13.063,13.106,417665,0
20150618,13.148,13.27,12.976,12.993,399053,0
20150619,12.959,13.244,12.959,13.218,740306,0
20150622,13.226,13.322,13.063,13.158,324028,0
20150623,13.158,13.53,13.158,13.417,471996,0
20150624,13.486,13.728,13.486,13.599,525173,0
20150625,13.547,13.686,13.504,13.538,320329,0
20150626,13.589,13.589,12.959,13.096,537658,0
20150629,12.967,13.063,12.829,12.914,650022,0
20150630,12.932,12.942,12.544,12.846,804739,0
20150701,12.967,12.976,12.665,12.717,472344,0
20150702,12.69,13.079,12.63,12.993,463327,0
20150706,12.759,13.019,12.673,12.846,574073,0
20150707,12.811,13.019,12.648,12.907,566096,0
20150708,12.794,13.019,12.725,12.785,383678,0
20150709,12.967,13.011,12.881,12.95,308538,0
20150710,12.95,13.054,12.914,12.976,350617,0
20150713,12.95,12.976,12.561,12.561,526213,0
20150714,12.544,12.707,12.214,12.327,823519,0
20150715,12.284,12.492,11.739,11.946,1367680,0
20150716,11.921,11.98,11.255,11.462,1223979,0
20150717,11.462,11.687,10.813,10.96,2043009,0
20150720,10.856,10.934,10.407,10.493,1878856,0
20150721,10.476,10.77,10.424,10.545,1042487,0
20150722,10.433,10.493,9.629,9.714,2836723,0
20150723,9.706,10.07,9.4467,9.55,1544771,0
20150724,9.723,9.732,9.3427,9.4197,1109650,0
20150727,9.68,9.878,9.204,9.567,1625229,0
20150728,9.766,10.129,9.584,9.853,1898855,0
20150729,10.147,10.372,9.861,10.173,1365706,0
20150730,10.035,10.363,9.1703,9.489,2463795,0
20150731,9.412,9.619,8.9188,9.0311,2103237,0
20150803,8.9854,9.1316,7.9444,8.1545,2780253,0
20150804,8.2001,8.6202,8.0632,8.5289,1805938,0
20150805,7.9444,8.1362,6.5016,6.8578,6910112,0
20150806,6.2551,7.4879,6.2551,6.9308,3789725,0
20150807,6.8304,7.2231,6.6477,6.8487,3163758,0
20150810,6.876,6.9125,6.4925,6.8852,2160314,0
20150811,6.7208,6.8709,6.4925,6.6569,1428456,0
20150812,6.8121,6.9308,6.4743,6.7939,1775165,0
20150813,6.5473,6.6935,6.0634,6.1638,3142622,0
20150814,6.2368,6.2734,6.1547,6.2003,1220384,0
20150817,5.9355,6.1272,5.7986,5.9538,1758738,0
20150818,5.9812,6.1638,5.8259,6.0451,1110984,0
20150819,5.9355,6.4286,5.6433,5.7163,1937022,0
20150820,5.7163,5.8716,5.2507,5.278,1781188,0
20150821,5.2507,5.3694,4.8945,5.0223,2843769,0
20150824,4.858,5.4515,4.5658,5.1228,2208000,0
20150825,5.5246,5.8351,5.1959,5.3236,1360230,0
20150826,5.488,5.6524,5.3054,5.5976,922844,0
20150827,5.8259,6.1547,5.762,6.0359,1386731,0
20150828,5.8168,6.6843,5.762,6.5839,1845799,0
20150831,6.7847,7.0221,6.3008,7.0221,2987446,0
20150901,6.7391,6.9125,6.5747,6.6477,1153583,0
20150902,6.6935,6.8304,6.5199,6.7847,1054258,0
20150903,6.7483,6.9308,6.6387,6.7573,687944,0
20150904,6.73,6.8487,6.4286,6.4651,401465,0
20150908,6.456,6.6204,6.3647,6.4103,847283,0
20150909,6.3556,6.5291,5.9447,6.0999,1116898,0
20150910,6.0999,6.246,5.9172,6.0634,665297,0
20150911,5.8259,5.8351,5.2507,5.2871,2542286,0
20150914,5.1502,5.3784,4.9493,5.1319,1267803,0
20150915,5.0588,5.205,4.995,5.0132,1598848,0
20150916,5.0223,5.5063,5.0223,5.2507,1750634,0
20150917,5.2963,5.762,5.2324,5.689,1259495,0
20150918,5.5338,5.6707,5.3054,5.5063,2730754,0
20150921,5.6433,5.6433,5.2689,5.2871,638665,0
20150922,5.2324,5.2963,4.7575,5.0588,1372385,0
20150923,5.0223,5.1227,4.6662,4.6662,839517,0
20150924,4.6571,4.8215,4.5329,4.7119,865341,0
20150925,4.7484,4.9219,4.6662,4.7575,741386,0
20150928,4.7027,4.794,4.4845,4.5201,840788,0
20150929,4.5475,4.6114,4.237,4.301,1170995,0
20150930,4.3375,4.5475,4.2462,4.3923,1160483,0
20151001,4.4927,4.6297,4.2187,4.4379,974534,0
20151002,4.4471,5.0041,4.3558,4.9127,873018,0
20151005,4.8671,5.4332,4.8398,5.3602,1078656,0
20151006,5.3602,5.9995,5.278,5.9812,1471055,0
20151007,6.0999,6.2734,5.7346,6.0268,1160828,0
20151008,6.0724,6.4377,5.7528,6.3008,1160921,0
20151009,6.2916,6.2916,5.9629,5.972,1352783,0
20151012,5.9355,5.9537,5.4972,5.5703,635295,0
20151013,5.5246,5.6524,5.3876,5.415,558613,0
20151014,5.4242,5.5885,5.3146,5.552,607454,0
20151015,5.5338,5.8351,5.4059,5.8259,475385,0
20151016,5.8259,6.0724,5.6159,6.0268,565512,0
20151019,5.9447,6.0456,5.5246,5.6615,469544,0
20151020,5.6615,5.8807,5.6159,5.7346,294145,0
20151021,5.6159,5.7528,5.4059,5.5063,533864,0
20151022,5.4972,5.6251,5.2963,5.3511,476370,0
20151023,5.1867,5.2598,4.8945,4.931,1291895,0
20151026,4.9127,5.068,4.7119,4.7575,596394,0
20151027,4.5292,4.5383,4.3101,4.4745,1718329,0
20151028,4.5658,5.3876,4.5292,5.2232,1442691,0
20151029,5.2689,5.5611,5.1136,5.1594,803478,0
20151030,5.1594,5.2871,4.9675,5.0954,629137,0
20151102,5.1502,5.4242,5.0863,5.2963,747571,0
20151103,5.2963,5.7296,5.2963,5.7007,777533,0
20151104,5.2867,5.6622,4.7089,4.94,1864656,0
20151105,4.8437,4.9785,4.6704,4.8341,1244492,0
20151106,4.94,4.94,4.603,4.6607,979996,0
20151109,4.7185,4.757,4.4056,4.497,917085,0
20151110,4.497,4.6704,4.42,4.5356,892454,0
20151111,4.5452,4.6511,4.3815,4.5452,942819,0
20151112,4.6511,4.6607,4.3622,4.3911,1043758,0
20151113,4.4296,4.863,4.3622,4.7956,1052585,0
20151116,4.6511,4.7667,4.343,4.4778,1137635,0
20151117,4.4104,4.4681,3.977,4.0348,1740046,0
20151118,3.9963,4.2081,3.8615,3.9193,1365992,0
20151119,3.8519,3.9193,3.7844,3.8037,906162,0
20151120,3.7652,3.8422,3.4859,3.5052,1623531,0
20151123,3.5148,3.7267,3.4185,3.4378,800031,0
20151124,3.4474,3.6978,3.4089,3.6304,1050819,0
20151125,3.6111,3.9096,3.5244,3.7748,972831,0
20151127,3.6304,3.7363,3.5822,3.6304,223788,0
20151130,3.5919,3.7556,3.4667,3.5244,635123,0
20151201,3.4667,3.5244,3.2741,3.3511,995528,0
20151202,3.2741,3.3511,2.9081,3.067,1438515,0
20151203,3.0526,3.1778,3.0044,3.0911,897656,0
20151204,3.0237,3.0719,2.6963,2.8022,1531835,0
20151207,2.6481,2.6963,2.263,2.3881,2386592,0
20151208,2.263,2.3785,2.0993,2.1185,2491042,0
20151209,2.1185,2.5133,2.08,2.0896,2491685,0
20151210,2.0704,2.4074,1.9452,1.9548,2517438,0
20151211,1.9644,2.0896,1.9259,2.0415,1361319,0
20151214,2.0222,2.0993,1.9356,1.9837,1788271,0
20151215,1.9837,2.1089,1.9356,1.9548,1270765,0
20151216,1.9548,1.9548,1.7237,1.8874,1669638,0
20151217,1.8681,1.8874,1.7044,1.7526,1314485,0
20151218,1.7333,1.7815,1.5793,1.5793,1586665,0
20151221,1.6081,1.637,1.5504,1.5504,1427781,0
20151222,1.5696,1.8875,1.5119,1.743,2464595,0
20151223,1.7815,2.6481,1.7815,2.6385,3421212,0
20151224,2.6096,3.1296,2.6,2.9659,2702784,0
20151228,2.7637,2.8407,2.1859,2.4363,3252582,0
20151229,2.5711,2.6289,2.3015,2.3256,1167648,0
20151230,2.1281,2.2533,1.9741,2.2052,1988487,0
20151231,2.1378,2.5519,2.1378,2.5422,1663221,0
20160104,2.5519,2.8407,2.4749,2.783,1203341,0
20160105,2.6867,2.7252,2.4844,2.523,763045,0
20160106,2.3689,2.4363,2.1667,2.3496,933606,0
20160107,2.3015,2.7252,2.1667,2.2822,1032942,0
20160108,2.3111,2.4459,2.1956,2.3207,559632,0
20160111,2.2726,2.3203,2.1185,2.2052,883055,0
20160112,2.2148,2.3592,1.8778,1.9356,1285020,0
20160113,1.9837,2.0415,1.7333,1.7719,962784,0
20160114,1.7815,2.2244,1.7526,2.0126,1179841,0
20160115,1.8007,1.9258,1.7526,1.8585,794946,0
20160119,1.8585,1.9548,1.56,1.5985,882900,0
20160120,1.5696,1.8489,1.5119,1.7911,1110516,0
20160121,1.7622,2.1089,1.7622,1.9356,714806,0
20160122,2.1281,2.2533,2.08,2.1859,915017,0
20160125,2.1089,2.263,1.8778,1.8778,488392,0
20160126,1.9259,2.1089,1.9067,2.0511,539572,0
20160127,2.0511,2.1763,1.9452,1.9452,750583,0
20160128,2.2341,2.6385,2.1667,2.4941,2694647,0
20160129,2.5037,2.783,2.5037,2.6289,1214032,0
20160201,2.5904,2.6963,2.417,2.6963,595410,0
20160202,2.5326,2.7058,2.4267,2.6,435051,0
20160203,2.66,2.73,2.5,2.5,806931,0
20160204,2.6,2.66,2.48,2.53,682098,0
20160205,2.49,2.5389,2.3,2.3,384175,0
20160208,2.19,2.2759,1.99,2.02,778304,0
20160209,2.02,2.14,1.85,1.85,858315,0
20160210,1.85,2.03,1.85,1.92,776989,0
20160211,1.85,2,1.85,1.9,1104044,0
20160212,2.08,2.28,1.9375,2.28,1277655,0
20160216,2.3,2.39,2.05,2.18,633779,0
20160217,2.2,2.42,2.153,2.33,563626,0
20160218,2.35,2.45,2.07,2.09,819650,0
20160219,2.05,2.16,2,2.14,607135,0
20160222,2.2,2.24,2.02,2.09,610221,0
20160223,1.99,2.02,1.85,1.95,1141026,0
20160224,1.98,2.02,1.8,2.02,1723996,0
20160225,2.04,2.0499,1.87,2.03,936844,0
20160226,2.03,2.17,1.987,2.02,571351,0
20160229,2.06,2.06,1.9,1.97,707580,0
20160301,1.97,2.14,1.9,2.03,760977,0
20160302,2.1,2.17,2,2.17,684777,0
20160303,2.15,2.63,2.15,2.32,1883884,0
20160304,2.5,2.87,2.46,2.81,1893649,0
20160307,2.89,3.21,2.81,2.96,1781572,0
20160308,2.96,2.98,2.424,2.44,934682,0
20160309,2.67,2.73,2.52,2.71,689721,0
20160310,2.75,2.75,2.35,2.52,895075,0
20160311,2.69,2.74,2.52,2.6,590103,0
20160314,2.6,2.62,2.42,2.58,525136,0
20160315,2.52,2.56,2.35,2.39,464497,0
20160316,2.35,2.62,2.32,2.49,878839,0
20160317,2.51,2.63,2.45,2.51,535120,0
20160318,2.55,2.73,2.3621,2.44,807185,0
20160321,2.26,2.46,2.17,2.3,841630,0
20160322,2.22,2.34,2.2,2.31,444775,0
20160323,2.22,2.32,2.05,2.07,484448,0
20160324,2.015,2.2,2.01,2.13,616665,0
20160328,2.13,2.16,2.01,2.02,390504,0
20160329,2,2.09,2,2.09,271504,0
20160330,2.11,2.22,2.08,2.2,374235,0
20160331,2.11,2.16,2.01,2.13,742831,0
20160401,2.09,2.14,2.03,2.03,377718,0
20160404,2.03,2.13,2.005,2.05,319990,0
20160405,2.03,2.11,2.01,2.06,302972,0
20160406,2.1,2.2,2.06,2.06,539812,0
20160407,2.04,2.1,2,2.09,482322,0
20160408,2.15,2.2799,2.1,2.165,788508,0
20160411,2.18,2.35,2.11,2.14,643182,0
20160412,2.15,2.47,2.12,2.39,981604,0
20160413,2.38,2.383,2.215,2.25,480598,0
20160414,2.27,2.302,2.12,2.16,506469,0
20160415,2.05,2.22,2.0101,2.16,890218,0
