Date,Open,High,Low,Close,Volume,OpenInt
20111125,21.53,22.02,21.51,21.98,22403,0
20111128,22.16,22.5,21.65,21.95,142583,0
20111129,21.52,22,21.52,21.59,72487,0
20111130,21.67,22.22,21.66,22.09,82137,0
20111201,22.08,22.25,21.94,22.05,29221,0
20111202,22.45,22.45,22.05,22.05,28820,0
20111205,22.43,22.86,22.31,22.5,40659,0
20111206,22.25,22.59,22,22.19,59662,0
20111207,22.6,22.6,21.57,21.92,77713,0
20111208,21.75,22.06,21.75,21.94,155720,0
20111209,21.92,22.6,21.72,22.37,52547,0
20111212,22.49,23,21.99,22.8,63489,0
20111213,22.46,22.99,22.06,22.37,60714,0
20111214,22.68,22.69,22.01,22.28,155130,0
20111215,22.11,23.28,22.1,22.82,159696,0
20111216,22.68,23.2,22.26,22.93,747717,0
20111219,23.06,23.48,22.86,22.96,90547,0
20111220,22.99,24.02,22.5,23.48,102399,0
20111221,22.62,23.38,22.51,22.91,95167,0
20111222,24.08,24.08,22.25,22.81,212383,0
20111223,22.87,23.02,22.35,22.49,115563,0
20111227,21.8,22.35,21.55,22.22,181729,0
20111228,22.43,22.67,21.9,22.47,151329,0
20111229,22.95,22.97,22.29,22.86,121587,0
20111230,22.84,23.32,22.7,23.19,142509,0
20120103,23.4,25,23.04,24.75,253299,0
20120104,24.67,24.75,23.2,23.8,181886,0
20120105,23.64,23.75,22.69,23.72,125626,0
20120106,23.95,24.52,23.29,23.69,301389,0
20120109,24,24.2,23.6,23.99,47469,0
20120110,24.29,24.33,23.88,24,54906,0
20120111,25.5,27,25.32,26.06,516026,0
20120112,26.24,27,25.54,26.46,112874,0
20120113,26.19,27.49,26.19,27.23,205361,0
20120117,27.57,28.32,27.33,27.5,54831,0
20120118,27.66,27.66,27,27.09,53569,0
20120119,27.32,27.32,25.83,26.25,126443,0
20120120,26.3,26.3,25.6,25.93,106138,0
20120123,25.28,27.37,25.28,26.97,72757,0
20120124,26.72,26.98,26.54,26.61,94400,0
20120125,26.85,29.45,26.52,29.32,449182,0
20120126,29.47,30.13,29,29.94,284320,0
20120127,29.69,31.77,29,31.04,282076,0
20120130,30.34,32.09,30.34,31.97,288973,0
20120131,32.15,33.6,31.98,33.03,390194,0
20120201,33.09,34.3,31.39,31.88,507500,0
20120202,31.71,32.12,31.46,31.89,119874,0
20120203,32.01,32.59,30.88,30.97,248208,0
20120206,31.03,31.46,30.85,31.21,214008,0
20120207,31.17,31.75,31.12,31.75,186382,0
20120208,31.75,32.55,31.75,32.38,159434,0
20120209,33.04,34.19,32.38,33.68,99993,0
20120210,33.9,34,33.01,33.1,39969,0
20120213,31.67,33.25,31.67,33,152908,0
20120214,33,33,32.5,32.62,51234,0
20120215,32.65,32.65,31.28,31.72,73268,0
20120216,33.22,33.22,31.59,31.88,78285,0
20120217,32.68,32.7,30.96,31.34,102328,0
20120221,31.44,31.63,30.31,30.94,91662,0
20120222,30.65,30.75,30.3,30.67,44066,0
20120223,31.03,31.57,30.79,31.15,31202,0
20120224,31.82,31.92,30.76,30.95,54914,0
20120227,30.5,32.02,30.5,31.9,107246,0
20120228,32.73,34.18,32.3,33.15,109607,0
20120229,33.7,33.7,32.73,33.24,47286,0
20120301,33.98,35.01,32.03,33.98,132151,0
20120302,34.44,34.49,32.61,33.3,98060,0
20120305,33.02,34.06,32.92,33.95,137298,0
20120306,33.56,34.43,33.55,33.97,110027,0
20120307,34.77,35.92,34.4,35.1,207079,0
20120308,35.5,35.8,35.14,35.29,71943,0
20120309,35.32,36.24,35.32,36.18,97049,0
20120312,35.39,36.24,35,35.25,84120,0
20120313,35.65,35.65,33.88,34.6,114856,0
20120314,34.47,34.47,33.58,34.22,50705,0
20120315,35.25,35.25,32.93,34.22,88272,0
20120316,34.22,34.6,33.21,34.47,71332,0
20120319,36.02,36.02,34.17,34.61,33486,0
20120320,34.44,34.99,33.75,34.85,51648,0
20120321,34.89,35.26,34.25,34.7,230918,0
20120322,33.65,35.06,33.65,35.03,19853,0
20120323,34.06,35.54,34.06,35.16,18129,0
20120326,35.44,38.21,35.4,38.2,179208,0
20120327,38.35,38.83,36.5,37.76,89221,0
20120328,37.16,38.66,36.86,38.43,72287,0
20120329,38.33,38.39,37.3,38.11,27585,0
20120330,38.32,38.32,37.32,37.9,109907,0
20120402,36.78,39.76,36.78,38.75,118432,0
20120403,38.76,39.9,38.76,39.6,84254,0
20120404,39.37,39.5,38.79,39.15,43341,0
20120405,39.08,39.7,38.81,39.51,58037,0
20120409,39.5,39.5,38.58,39.27,180822,0
20120410,39.32,39.9,37.25,37.43,370274,0
20120411,44.45,45.42,40.7,44,885675,0
20120412,44.41,44.64,41.8,42.57,506229,0
20120413,43,45.96,42.41,44.57,133275,0
20120416,44.97,46.21,44.97,45.38,178633,0
20120417,45.48,48.18,45.48,46.01,96094,0
20120418,45.86,47.94,45.38,46.22,162761,0
20120419,46.27,46.93,44.51,45.37,162476,0
20120420,43.71,43.89,41.93,43.83,492521,0
20120423,42.78,44.07,42.04,43.35,99278,0
20120424,43.47,43.79,40.37,41,420421,0
20120425,41.23,42.2,40.68,40.85,296086,0
20120426,40.75,40.98,37.47,39.07,796691,0
20120427,39,41,38.85,40.04,407310,0
20120430,40.26,41.84,39.54,40.04,290333,0
20120501,40.06,41.37,40.06,40.69,205599,0
20120502,40.47,41.54,39.75,41.1,444758,0
20120503,41.12,41.23,40.05,40.55,271947,0
20120504,40.36,40.59,38.12,39.08,368458,0
20120507,38.97,39.12,35.25,35.94,742151,0
20120508,35.83,36.22,33.43,34.37,349916,0
20120509,34.06,35.84,33.58,35.61,230229,0
20120510,36.48,37.33,35.14,36.11,634397,0
20120511,35.88,37.64,35.88,36.92,225249,0
20120514,36.71,37.59,36.29,36.5,183719,0
20120515,36.59,36.93,35.88,36.2,264486,0
20120516,36.59,37,35.9,36.62,248491,0
20120517,36.61,36.83,35.29,35.33,129295,0
20120518,35.38,38.4,34,34.17,180889,0
20120521,34.15,34.39,32.43,33.4,314358,0
20120522,33.47,34.57,31.51,31.99,220600,0
20120523,31.82,35.58,31,34.94,451220,0
20120524,34.76,36.62,34.09,35.84,256519,0
20120525,36.69,40,36.69,38.74,586532,0
20120529,39,39.35,36.17,36.95,430314,0
20120530,36.72,36.72,34.35,35.38,725582,0
20120531,35.75,35.9,33.82,34.23,599494,0
20120601,33.98,36.05,32.7,34.35,708252,0
20120604,34.41,35.66,34.1,35.56,337370,0
20120605,35.21,37.64,34.48,35.3,715551,0
20120606,29.55,30.34,26.7,28,3232839,0
20120607,29.3,30,28.33,29.05,877077,0
20120608,29,30.25,29,29.96,537769,0
20120611,30.19,30.19,28.68,29.26,328979,0
20120612,29.39,29.54,27.32,28.48,485835,0
20120613,28.4,29.25,27.24,27.48,344768,0
20120614,27.38,27.82,25.67,26.43,417541,0
20120615,26.39,27.98,26.39,27.77,306149,0
20120618,27.64,29.24,27.64,28.57,313207,0
20120619,28.45,29.49,28.17,28.66,250523,0
20120620,28.67,28.67,27.73,27.86,332890,0
20120621,27.93,27.93,25.51,26.08,595500,0
20120622,26.56,27.8,26.11,27.17,1103170,0
20120625,27.09,27.58,26,26.8,179508,0
20120626,26.92,27.87,26.72,26.97,102728,0
20120627,26.84,27.48,26.48,27.1,135535,0
20120628,26.97,29.79,26.97,29.08,660554,0
20120629,30.08,30.88,29.53,30.31,402096,0
20120702,30.03,31.31,30,31.2,220694,0
20120703,30.34,32.06,30.33,32.06,57703,0
20120705,31.04,33.97,30.77,32.84,199858,0
20120706,32.58,33.92,32.5,33.45,258508,0
20120709,33.4,33.72,30.63,30.91,1198500,0
20120710,31.23,31.81,30.28,30.53,373529,0
20120711,30.54,30.83,29.5,29.64,177929,0
20120712,29.5,29.74,28.95,29.16,250820,0
20120713,29.35,30.59,29,29.59,218237,0
20120716,29.8,30.48,29.23,29.77,182500,0
20120717,26.75,26.75,22.82,25.96,1738722,0
20120718,25.48,26.8,25.48,26.19,195174,0
20120719,26.82,27.37,26.1,27.21,484515,0
20120720,26.86,27.39,26.58,27.24,179950,0
20120723,26.19,28.36,26.19,27.6,303459,0
20120724,27.83,28.19,25.82,26.49,249852,0
20120725,27.89,27.89,26.35,26.51,124653,0
20120726,26.83,27.99,26.63,27.82,99986,0
20120727,27.99,29.25,27.71,29.04,102861,0
20120730,28.9,29.69,28.43,29.13,226202,0
20120731,29.01,29.94,28.162,29.16,189270,0
20120801,29.26,29.38,28.34,28.44,113679,0
20120802,28.1,29.13,27.9,28.88,144071,0
20120803,28.97,29.63,28.9,29.06,170084,0
20120806,29.16,29.96,26.42,29.82,102655,0
20120807,30,31.91,29.49,30.38,228851,0
20120808,30.41,30.79,29.52,30.34,99498,0
20120809,30.41,30.78,29.9,30,49179,0
20120810,30.03,30.71,28.85,29.6,140453,0
20120813,29.52,30.04,28.99,29.26,79078,0
20120814,29.44,29.5,28.7,29.2,111476,0
20120815,29.11,30.46,28.53,30.41,150697,0
20120816,30.53,31,30.45,30.71,191341,0
20120817,30.66,31,30.4,30.82,134042,0
20120820,31,31.11,30.14,30.39,46058,0
20120821,30.47,30.7,29.75,30.01,87994,0
20120822,30.06,30.87,29.35,29.61,108695,0
20120823,29.5,29.79,28.72,28.74,69709,0
20120824,28.65,29.73,28.29,28.36,49741,0
20120827,28.4,28.4,27.77,27.97,107632,0
20120828,28.05,31.29,28.05,29.56,412300,0
20120829,29.65,31.07,28.75,30.89,227252,0
20120830,31.3,32.44,29.66,32.06,292257,0
20120831,32.03,33.12,32,32.19,418550,0
20120904,31.97,32.63,30.41,32.26,240680,0
20120905,32.24,32.965,30.67,30.77,242928,0
20120906,31.09,32.72,31.09,32.45,582140,0
20120907,30.74,32.78,30.42,31.65,1313665,0
20120910,31.8,32.12,31.21,31.5,210876,0
20120911,31.83,32.74,31.65,32.45,116569,0
20120912,32.62,33.48,32.61,32.72,268227,0
20120913,31.32,33.31,31.25,33.02,313865,0
20120914,33.14,33.76,32.65,33.3,176688,0
20120917,33.15,33.52,32.26,32.56,95700,0
20120918,32.58,32.65,31.85,32.54,89925,0
20120919,32.57,33.17,32.09,32.13,87641,0
20120920,31.36,31.36,30.52,30.86,104332,0
20120921,31.23,31.46,30.71,31.16,230060,0
20120924,30.92,32.188,30.041,30.18,101053,0
20120925,30.46,30.46,28.79,28.93,108447,0
20120926,29.32,29.54,28.43,29.14,123360,0
20120927,29.8,31.08,28.9,29.02,129027,0
20120928,28.89,29.25,28.09,28.15,149296,0
20121001,28.27,28.6,27.84,28.47,101205,0
20121002,28.63,30.26,28.49,29.7,126228,0
20121003,29.81,30.3,28.77,30.18,221797,0
20121004,30.93,33.15,30.66,32.762,3621383,0
20121005,32.94,33.8,32.251,33.5,567595,0
20121008,33.07,33.68,32.76,33.06,319974,0
20121009,32.98,33.13,31.94,32.32,525335,0
20121010,32.44,33,31.92,32.27,129829,0
20121011,32.01,32.71,32.01,32.49,453913,0
20121012,31.73,32.7,30.54,32.08,408188,0
20121015,32.2,32.54,31.47,32.1,69442,0
20121016,32.21,32.21,31.44,31.55,250040,0
20121017,31.33,32.57,31.219,32.41,139728,0
20121018,32.62,33.03,32.31,32.92,296489,0
20121019,32.8,33.36,32.24,33.24,248983,0
20121022,33.16,33.362,32.26,32.46,101591,0
20121023,32.07,32.77,31.41,32.7,142889,0
20121024,32.23,32.79,30.9,31.62,557504,0
20121025,31.86,32.16,31.53,32,103300,0
20121026,32.29,32.47,31.51,31.81,164981,0
20121031,31.92,32.35,31.34,32.13,109787,0
20121101,32.43,33.04,31.7,32,194484,0
20121102,32.12,32.47,31.69,31.84,74806,0
20121105,31.86,32.17,31,31.29,205409,0
20121106,31.43,32.12,30.87,31.33,272267,0
20121107,31.11,31.43,29.52,29.63,419887,0
20121108,29.62,29.65,27.51,27.59,552600,0
20121109,27.76,28.68,27.48,28.54,247730,0
20121112,28.66,29.14,28.66,29.03,78061,0
20121113,29.07,29.17,28.54,28.93,115890,0
20121114,29.02,29.1,28.02,28.1,146567,0
20121115,28.2,28.5,26.79,27.01,209945,0
20121116,27,27.44,26.5,26.95,340600,0
20121119,27.57,27.57,26.87,27.51,136151,0
20121120,27.47,27.51,26.14,26.41,254855,0
20121121,26.45,27.08,25.88,26.86,451897,0
20121123,27.09,28.005,27.03,27.95,71692,0
20121126,28.23,28.25,27.09,27.9,256503,0
20121127,27.99,27.99,26.99,27.15,300272,0
20121128,27.13,27.98,26.85,27.93,207650,0
20121129,27.67,28.57,27.591,28.55,159646,0
20121130,28.57,28.73,28.09,28.61,281526,0
20121203,28.71,29.88,28.54,28.88,253778,0
20121204,28.98,30.48,28.9,30.32,1409609,0
20121205,23.9,24.23,22.87,23.67,3548824,0
20121206,23.77,23.84,22.75,23.04,1290236,0
20121207,22.81,23.21,22.73,22.85,329549,0
20121210,23.1,23.1,22.62,22.81,340652,0
20121211,22.93,22.98,22.63,22.69,233062,0
20121212,23.4,23.99,22.94,23.45,584557,0
20121213,23.78,23.78,23.35,23.59,109903,0
20121214,23.51,24.05,23.09,23.97,452718,0
20121217,23.98,24.64,23.47,23.5,259157,0
20121218,23.64,24.75,23.53,24.65,321401,0
20121219,24.75,24.915,24.51,24.54,128652,0
20121220,24.47,24.56,24.1,24.56,171757,0
20121221,24.06,24.252,23.83,24.25,187893,0
20121224,24.7,24.7,24.22,24.59,74633,0
20121226,24.64,24.64,23.91,24.02,125126,0
20121227,24.17,24.45,23.12,23.94,186033,0
20121228,23.82,24.33,23.62,23.98,172418,0
20121231,23.56,24.72,23.54,24.53,199517,0
20130102,25.15,25.3,24.24,24.95,471952,0
20130103,24.9,26.24,24.65,25.75,237640,0
20130104,26.1,26.43,24.94,25.43,272122,0
20130107,25.41,26.7,25.39,26.43,219951,0
20130108,26.3,26.44,24.83,25.15,206356,0
20130109,25.16,25.49,24.72,25,213961,0
20130110,25.13,25.59,24.96,25.43,195531,0
20130111,25.28,26.25,25.28,26.12,284284,0
20130114,26.16,26.25,25.53,25.85,136361,0
20130115,25.21,26.16,25.2,25.83,132091,0
20130116,25.89,25.98,25.54,25.57,136045,0
20130117,25.62,25.84,25.24,25.61,193298,0
20130118,25.54,26.84,25.54,26.41,171598,0
20130122,26.59,27.17,26.45,27.015,302130,0
20130123,26.92,27.95,26.92,27.31,278800,0
20130124,27.66,28.738,27.4,28.53,498608,0
20130125,29.3,29.8,28.29,28.76,348681,0
20130128,28.82,28.97,27.06,27.46,239359,0
20130129,27.38,27.83,26.98,27.75,455975,0
20130130,27.68,28.57,27.68,28.11,279859,0
20130131,28.14,28.26,27.82,28.04,261200,0
20130201,28.3,28.35,27.92,28.25,134555,0
20130204,28.14,28.305,27.61,27.85,236313,0
20130205,27.89,28.31,27.74,28.27,222018,0
20130206,28.42,28.72,28.07,28.65,189277,0
20130207,28.73,28.99,28.26,28.68,187339,0
20130208,28.75,28.982,28.49,28.78,141340,0
20130211,28.8,29.4,28.72,29.03,305146,0
20130212,28.97,28.97,27.71,27.82,181838,0
20130213,27.86,28.22,27.72,27.95,92423,0
20130214,27.79,27.95,27.24,27.74,181014,0
20130215,27.7,28.1,27.42,27.5,249461,0
20130219,27.65,28.3,27.45,27.99,192181,0
20130220,28.07,28.49,26.93,27.02,280177,0
20130221,27.03,27.99,26.51,27.3,207656,0
20130222,27.5,27.93,26.77,26.87,214439,0
20130225,26.96,27.25,26.37,26.4,210189,0
20130226,26.53,26.62,26.19,26.45,296235,0
20130227,26.45,27.87,26.45,27.62,678595,0
20130228,27.6,28.708,27.6,27.85,409434,0
20130301,27.59,27.78,26.8,27.18,260999,0
20130304,26.55,27.18,26.15,26.73,487013,0
20130305,26.97,28.7,26.95,28.35,377554,0
20130306,28.19,28.85,28.15,28.72,165586,0
20130307,28.36,28.652,27.75,28.02,297109,0
20130308,28.4,29.3,28.25,29.2,688470,0
20130311,29.32,29.72,28.89,29.38,257828,0
20130312,29.5,29.71,29.01,29.62,102984,0
20130313,29.57,29.86,28.87,29.74,200100,0
20130314,29.73,30.02,29.315,29.86,156479,0
20130315,29.92,30.05,29.19,29.91,288911,0
20130318,29.23,30.12,29.23,30.03,140793,0
20130319,30.17,30.71,29.51,29.72,216531,0
20130320,30.02,30.33,29.875,30.28,205606,0
20130321,30.07,30.5,29.71,30.14,110440,0
20130322,31,31.59,30.59,31.4,389021,0
20130325,31.5,32.17,31.13,32.17,755624,0
20130326,31.88,32.72,30.65,31.02,759166,0
20130327,32.48,35,32.25,34.77,1519532,0
20130328,34.93,35.4,34.07,34.54,328280,0
20130401,34.5,34.93,33.57,34.26,266584,0
20130402,34.17,34.34,33.42,33.63,262526,0
20130403,33.52,33.52,32.76,33.2,250645,0
20130404,33.59,34,33.168,33.77,132584,0
20130405,33.63,34,33.09,33.9,152918,0
20130408,33.93,34.1,33.6,33.9,81915,0
20130409,33.88,33.99,33.25,33.65,104704,0
20130410,33.8,35.01,33.8,34.68,248128,0
20130411,34.51,35.18,34.2,34.99,208224,0
20130412,34.92,36.05,34.13,36.02,329078,0
20130415,36.16,36.68,34.99,35.32,373532,0
20130416,35.2,35.9,35.05,35.7,129587,0
20130417,35.3,35.66,34.49,35.32,185066,0
20130418,35.18,35.37,34.79,35.01,105852,0
20130419,35.1,35.991,35.1,35.81,174050,0
20130422,35.73,36.07,35.47,35.81,129500,0
20130423,36.02,36.99,35.81,36.71,226103,0
20130424,36.65,36.97,36.46,36.84,156191,0
20130425,37,37.91,36.99,37.63,109886,0
20130426,37.57,37.74,37.34,37.48,94835,0
20130429,37.53,38.22,37.48,37.84,61373,0
20130430,38.26,38.85,37.65,38.32,147179,0
20130501,38.18,38.18,37.11,37.26,142390,0
20130502,37.24,37.76,36.99,37.39,114182,0
20130503,37.6,38.23,36.02,36.69,161618,0
20130506,36.62,37.17,36.38,36.7,182577,0
20130507,36.77,36.91,36.21,36.76,64848,0
20130508,36.74,37.04,36.19,36.73,82268,0
20130509,36.79,37,36.6,36.89,115421,0
20130510,36.91,37.7,36.86,37.57,101564,0
20130513,37.44,37.76,37,37.32,93612,0
20130514,37.45,37.85,37.36,37.59,81534,0
20130515,37.45,37.76,37.1,37.36,92899,0
20130516,37.13,37.76,37.06,37.23,70179,0
20130517,37.24,37.52,36.7,37.39,292021,0
20130520,37.28,37.92,37.21,37.6,48679,0
20130521,37.61,38.44,37.54,38.43,78600,0
20130522,38.53,38.66,35.13,36.18,321907,0
20130523,36.01,36.53,35.54,35.63,190292,0
20130524,35.16,36.32,35.145,36.13,109635,0
20130528,36.6,37.11,36.16,36.88,239323,0
20130529,36.65,36.79,36.03,36.15,141568,0
20130530,36.29,36.48,35.87,35.96,87416,0
20130531,35.74,36.26,35.57,35.96,387451,0
20130603,36,37.025,35.494,36.55,423777,0
20130604,36.79,38.06,36.04,37.56,620871,0
20130605,39.96,41.2,39.36,39.62,1344066,0
20130606,39.76,40.11,38.22,39.9,294067,0
20130607,39.76,40.26,39.51,40.21,155571,0
20130610,40.25,40.25,39.868,40.12,97170,0
20130611,38.75,38.75,37.7,37.95,834498,0
20130612,38.3,38.45,37.59,37.81,346584,0
20130613,37.76,38.465,37.4,38.35,234075,0
20130614,38.23,38.72,38.05,38.24,204258,0
20130617,38.61,39.92,37.93,39.68,350218,0
20130618,39.61,40.3,39.61,40.26,163770,0
20130619,40.39,40.56,39.31,39.55,176842,0
20130620,39.25,39.54,38.28,39,121155,0
20130621,39.08,39.445,38.5,38.97,421706,0
20130624,38.42,39.05,37,38.56,367906,0
20130625,38.79,39.61,38.47,39.08,201598,0
20130626,39.28,39.78,38.98,39.02,109513,0
20130627,39.3,40.12,39.21,39.96,222432,0
20130628,39.96,40.905,39.36,40.3,492628,0
20130701,40.44,42.7,39.67,42.39,454631,0
20130702,41.73,42.935,41.72,42.2,450773,0
20130703,41.98,42.59,41.18,41.39,165006,0
20130705,42.03,42.48,41.195,42.4,63166,0
20130708,42.69,44.51,42.4,44.19,271053,0
20130709,44.18,45.15,43.14,45.06,233351,0
20130710,45.1,46.85,44.91,46.19,262101,0
20130711,46.53,46.56,45.58,45.86,303833,0
20130712,45.75,46.35,45.17,45.81,322652,0
20130715,45.66,45.67,44.49,44.79,248646,0
20130716,44.59,44.956,43.895,44.3,192711,0
20130717,44.11,45.14,43.19,43.78,292896,0
20130718,43.23,43.64,42.12,42.6,284905,0
20130719,42.59,43.15,41.73,42.65,272108,0
20130722,42.59,43.57,42.59,43.35,138688,0
20130723,43.34,44.03,42.3,42.68,171450,0
20130724,40.16,42.11,38.81,41.32,503090,0
20130725,41.46,41.46,40.47,41.18,172448,0
20130726,39.3,39.85,39.16,39.49,538613,0
20130729,39.43,39.8,39.22,39.71,95067,0
20130730,39.76,40.468,39.21,40.38,171265,0
20130731,40.42,41.44,40.35,40.85,156494,0
20130801,40.84,42.26,40.84,41.63,94804,0
20130802,41.56,41.96,41.56,41.83,30814,0
20130805,41.58,42.868,41.57,42.38,151064,0
20130806,42.22,42.22,40.783,41.84,102918,0
20130807,41.56,41.56,40.45,40.49,59936,0
20130808,40.71,41.44,40.09,41.25,85621,0
20130809,41.29,42.42,41.29,41.89,125910,0
20130812,41.73,42.45,41.66,42.39,50312,0
20130813,42.43,42.55,41.59,41.74,94965,0
20130814,41.62,41.71,40.85,41.2,24432,0
20130815,40.78,41.08,39.9,39.91,80814,0
20130816,39.9,40.97,39.77,40.01,67838,0
20130819,39.91,40.94,39.59,39.62,50336,0
20130820,39.72,41.4,39.57,40.76,76078,0
20130821,40.5,41.02,39.9,39.95,191162,0
20130822,39.95,41.27,39.74,40.76,59353,0
20130823,41.06,42.46,40.78,41.92,329630,0
20130826,41.89,42.14,41.42,41.94,95436,0
20130827,41.4,42.1,40.94,41.41,94982,0
20130828,41.19,41.76,40.97,41.16,116850,0
20130829,41,41.95,41,41.65,180728,0
20130830,41.49,43.009,40.72,41.1,237140,0
20130903,41.49,42.82,40.94,41.22,232131,0
20130904,41.4,42.6,41.04,41.25,233936,0
20130905,41.26,41.93,40.97,41.69,375580,0
20130906,34.75,36.13,34.5,35.59,2911241,0
20130909,35.37,36.24,34.91,35.21,412828,0
20130910,35.25,35.28,33.22,34.04,597059,0
20130911,34.04,34.32,32.69,33.13,470377,0
20130912,33.03,33.54,32.77,32.94,238541,0
20130913,33.08,33.74,32.69,33.62,450480,0
20130916,33.96,34.17,33.64,34,192354,0
20130917,33.94,34.88,33.75,34.2,203745,0
20130918,34.2,35.01,33.69,34.85,353957,0
20130919,34.93,35,32.51,33.48,1276707,0
20130920,33.46,33.66,32.95,33.27,432312,0
20130923,33.27,33.27,32.5,33,139024,0
20130924,33.07,33.3,32.56,32.92,299105,0
20130925,33.05,33.48,32.68,33.05,83000,0
20130926,33.18,33.19,32.09,32.42,156534,0
20130927,32.34,32.57,32.01,32.1,108000,0
20130930,31.76,32.26,31.5,31.81,225700,0
20131001,31.7,32.84,31.5,31.89,264700,0
20131002,31.57,31.89,31.06,31.83,237854,0
20131003,31.87,32.41,31.55,32.3,100729,0
20131004,32.24,32.88,32.14,32.64,90282,0
20131007,32.42,32.57,32.13,32.41,124159,0
20131008,32.36,32.54,31.74,31.95,120000,0
20131009,31.88,32.1,31.2,31.74,144300,0
20131010,32.08,32.32,31.77,32.21,59000,0
20131011,32.2,32.75,31.99,32.71,132000,0
20131014,32.5,32.91,32.43,32.87,180800,0
20131015,32.67,32.78,32.33,32.73,371400,0
20131016,32.86,33.31,32.52,33.3,317500,0
20131017,31.26,32.17,31.11,31.9,623900,0
20131018,32.15,32.18,31.79,32.12,84900,0
20131021,32.14,32.95,31.92,32.77,207300,0
20131022,32.8,33.14,32.54,32.88,170872,0
20131023,32.81,33.02,32.21,32.32,80400,0
20131024,32.41,32.53,32.11,32.5,121263,0
20131025,32.6,32.67,31.53,31.67,84500,0
20131028,31.73,31.8,31.05,31.28,193303,0
20131029,31.41,31.72,30.85,31.32,109200,0
20131030,31.3,31.43,30.71,30.96,122000,0
20131031,30.98,30.98,29.82,30.06,265100,0
20131101,30,30.83,29.73,30.57,169100,0
20131104,30.74,31.75,30.45,31.54,116700,0
20131105,31.5,32.04,29.29,31.96,119400,0
20131106,32.16,32.16,32,32.04,45241,0
20131107,33.3,34.93,32.42,33.7,430683,0
20131108,33.68,34.11,32.89,32.98,169277,0
20131111,32.82,34.08,32.73,33.5,180100,0
20131112,33.5,34.65,33.09,34.43,149900,0
20131113,34.23,35.58,33.82,35.01,322200,0
20131114,34.58,35.8,34.58,35.25,196171,0
20131115,35.12,36.97,33.96,36.26,408504,0
20131118,36.43,39.54,36.24,37.14,702500,0
20131119,36.99,37.24,35.86,36.62,179500,0
20131120,36.66,37.66,36.11,36.45,165700,0
20131121,36.58,36.87,36.1,36.53,247500,0
20131122,36.62,37.13,36.09,37.02,118000,0
20131125,37.03,37.16,36.3,36.68,131200,0
20131126,36.76,37.25,36.07,37.03,182900,0
20131127,37.12,37.64,36.61,37.04,176328,0
20131129,37.22,37.38,36.64,37.13,108375,0
20131202,37.45,37.45,36.02,36.24,282031,0
20131203,36.08,36.26,35.26,35.95,247800,0
20131204,35.89,36.54,34,34.24,895400,0
20131205,39.04,39.45,37.05,38.9,1275800,0
20131206,39,41.83,38.96,41,384400,0
20131209,40.91,41.48,40.1,40.75,236600,0
20131210,40.55,41.44,40.06,40.16,260000,0
20131211,40.32,41.14,39.76,40.15,182213,0
20131212,40.06,40.06,39.22,39.44,130300,0
20131213,39.5,40.22,38.97,40.05,142100,0
20131216,40,41,39.9,40.61,242800,0
20131217,40.65,41.59,40.35,41.36,317800,0
20131218,41.46,42.42,41.46,41.97,208709,0
20131219,41.71,41.8,41.13,41.38,128700,0
20131220,41.3,41.85,40.94,41.48,227000,0
20131223,41.51,41.95,40.78,41.32,136900,0
20131224,41.44,42.99,41.161,42.04,134527,0
20131226,42.23,44.62,41.86,44.5,304900,0
20131227,44.43,44.72,42.26,42.63,149674,0
20131230,42.55,44.08,42.25,43.68,126877,0
20131231,43.84,44.06,42.66,43.04,102700,0
20140102,42.8,44.46,42.232,44.08,267212,0
20140103,44.08,45.25,43.88,44.55,202648,0
20140106,43.84,43.89,42.63,43.3,320772,0
20140107,43.35,44.35,43.07,43.78,168500,0
20140108,43.68,44.49,43.13,43.51,294700,0
20140109,43.53,43.53,41.2,41.51,403900,0
20140110,41.63,41.63,39.98,40.2,407000,0
20140113,40.25,40.8,39.38,39.89,290800,0
20140114,39.89,40.29,38.75,39.39,447386,0
20140115,39.99,46.14,39.83,45.43,1031500,0
20140116,45.24,45.43,44.33,44.47,392200,0
20140117,44.59,44.75,43.26,44.12,462600,0
20140121,44.9,44.9,44.01,44.65,240800,0
20140122,44.81,45.248,44.192,44.29,220292,0
20140123,44.02,44.688,43.22,43.68,152472,0
20140124,43.35,43.35,42.01,42.23,243100,0
20140127,42.23,42.9,41.34,41.93,369953,0
20140128,41.84,42.83,41.32,41.95,203900,0
20140129,41.67,41.8,40.21,40.38,135700,0
20140130,40.5,41.08,40.46,40.49,118934,0
20140131,39.86,40.88,39.41,40.7,187600,0
20140203,40.71,41.05,38.69,39.78,317151,0
20140204,39.93,40.01,38.98,39.98,178712,0
20140205,40.128,40.345,39.02,39.9,227453,0
20140206,40.08,41.02,40.01,40.9,117818,0
20140207,41.13,41.78,40.55,41.63,258220,0
20140210,41.76,41.76,41.16,41.36,84452,0
20140211,42.648,42.648,41.071,41.26,130823,0
20140212,41.26,41.368,40.73,40.84,178050,0
20140213,40.35,42.08,40.28,41.4,154878,0
20140214,41.42,41.54,40.94,41.28,117147,0
20140218,41.24,41.53,40.79,41.26,112918,0
20140219,37.38,41.27,37.01,40.05,922348,0
20140220,39.73,40,38.95,39.56,243799,0
20140221,39.71,41.76,39.38,41.58,297044,0
20140224,41.73,42.52,41.27,41.58,211318,0
20140225,41.69,42.46,41.69,42.19,151427,0
20140226,42.14,43.818,42.14,43.37,114418,0
20140227,43.24,43.62,42.79,43.55,98271,0
20140228,43.4,43.94,43.09,43.59,115374,0
20140303,43.26,43.314,42.37,42.73,159452,0
20140304,43.19,44.15,42.24,43.95,141415,0
20140305,43.81,44.1,43.79,44,68532,0
20140306,44.22,44.76,43.93,44.4,133379,0
20140307,44.65,45.43,44.47,44.98,204568,0
20140310,45.11,46,43.3,44.4,218833,0
20140311,44.32,44.32,43.13,43.55,131216,0
20140312,43.25,43.48,42.23,43.33,195293,0
20140313,43.53,45.35,42.59,44.45,559966,0
20140314,46.26,47.64,45.22,46.99,889070,0
20140317,47.44,48.77,46.56,46.86,415152,0
20140318,46.86,47.89,45.86,47.76,138337,0
20140319,48.78,48.84,47.5,47.85,258786,0
20140320,47.67,48.49,46.86,48.13,199865,0
20140321,48.11,49.239,47.6,48.17,270740,0
20140324,48.45,48.483,46.7,47.23,154706,0
20140325,47.36,48.54,47.08,48.28,180192,0
20140326,48.53,48.99,46.48,46.72,134900,0
20140327,46.61,47.61,46.44,47.34,120092,0
20140328,47.3,49.478,47.3,47.91,189557,0
20140331,48.04,49.81,47.51,47.83,143399,0
20140401,47.52,47.74,46.53,47.54,240921,0
20140402,47.51,48.46,47.03,48.22,150750,0
20140403,47.94,48.38,47.74,48,94271,0
20140404,48.24,49.07,47.44,48.12,268049,0
20140407,48.39,48.58,46.32,47.09,236497,0
20140408,47.13,47.55,46.41,47.12,128957,0
20140409,46.66,47.23,46.26,46.72,219280,0
20140410,46.52,47.11,45.43,45.87,207449,0
20140411,45.85,46.125,45.125,45.34,183903,0
20140414,45.76,46.74,45.2,45.83,132329,0
20140415,45.97,46.41,44.5,45.26,218282,0
20140416,45.26,47.43,45.26,46.92,660311,0
20140417,46.8,47.5,46.68,46.74,209667,0
20140421,46.84,48.46,46.84,48.41,143265,0
20140422,48.52,49.38,48.25,48.5,170094,0
20140423,48.38,49.542,48,48.09,306656,0
20140424,48.13,48.595,47.28,47.4,286907,0
20140425,47.1,47.645,44.84,44.94,357588,0
20140428,44,45.97,43.22,45.64,484778,0
20140429,45.91,46.5,45,45.37,157524,0
20140430,45.2,45.62,44.59,45.19,145289,0
20140501,44.96,46.32,44.51,46.01,260546,0
20140502,46.19,47.02,45.67,46.13,176547,0
20140505,46.32,46.745,45.58,46.41,125267,0
20140506,46.17,47.79,44.76,45.4,124016,0
20140507,45.5,45.5,43.79,44.28,114204,0
20140508,44.16,45.818,43.43,43.52,96597,0
20140509,43.34,44.47,43.12,44.13,137542,0
20140512,44.38,46.39,44.38,45.67,174809,0
20140513,45.5,46.06,45.2,45.3,135950,0
20140514,44.79,45.03,43.19,43.31,151534,0
20140515,42.82,43.36,41.97,42.84,152553,0
20140516,43.01,44.09,42.62,43.98,117768,0
20140519,43.99,44.654,43.79,44.32,73006,0
20140520,44.68,44.68,43.64,43.66,148041,0
20140521,43.93,44.42,43.24,43.58,111140,0
20140522,43.67,44.12,43.56,43.89,88547,0
20140523,44,44.99,43.71,44.85,211033,0
20140527,45.23,45.83,44.63,45.12,134795,0
20140528,45.26,46.63,44.03,44.75,207555,0
20140529,44.9,45.045,43.2,44.14,208081,0
20140530,46.8,47.786,43.98,44.86,472517,0
20140602,44.74,47.58,44.645,45.83,296465,0
20140603,45.73,46.49,44.47,45.49,631204,0
20140604,45.32,48.33,43.92,46.14,566471,0
20140605,46.07,47.5,45.57,47.18,162945,0
20140606,47.22,47.85,46.89,47.79,181938,0
20140609,47.97,48.57,47.7,48.46,196121,0
20140610,48.28,49.24,47.35,48.12,249300,0
20140611,47.6,48.23,47.58,48.02,182967,0
20140612,47.62,48,46.45,46.83,311057,0
20140613,46.67,46.86,45.932,46.57,172674,0
20140616,46.55,47.98,46.55,47.6,197509,0
20140617,47.24,48.36,47.173,47.53,204499,0
20140618,47.52,47.65,46.63,47.15,171387,0
20140619,47.11,47.48,46.826,47.01,99224,0
20140620,47.23,47.23,46.22,46.36,195977,0
20140623,46.49,47.74,46.03,47.7,203524,0
20140624,47.7,48.5,47.32,47.34,145431,0
20140625,47.07,48.45,46.9,48.12,110585,0
20140626,47.96,49.275,47.57,48.54,175949,0
20140627,48.15,50.34,48.1,49.21,421066,0
20140630,49.19,49.36,47.545,47.75,289996,0
20140701,47.7,48.27,46.97,47.06,286101,0
20140702,47.05,47.54,46.31,47.17,193500,0
20140703,47.41,47.77,47.01,47.58,97846,0
20140707,47.44,47.79,46.33,46.8,176882,0
20140708,46.76,46.76,46,46.35,219995,0
20140709,47.1,48.18,46.69,48.07,326793,0
20140710,47.13,47.59,46.15,47.46,283502,0
20140711,47.35,47.948,46.82,47.35,167119,0
20140714,47.76,47.925,46.855,47.17,188035,0
20140715,47.27,47.585,46.43,46.51,108326,0
20140716,46.77,47.03,45.4,45.61,155902,0
20140717,45.76,46.82,45.57,46.28,166395,0
20140718,46.33,46.84,46.14,46.46,271421,0
20140721,46.09,46.82,46.06,46.46,181331,0
20140722,46.79,47.52,46.38,46.61,130796,0
20140723,46.58,47.64,46.4,47.23,179946,0
20140724,47.4,48.46,46.95,48.36,237013,0
20140725,47.81,48.85,47.81,48.03,204565,0
20140728,48.17,48.71,47.66,48.5,207107,0
20140729,48.39,48.87,47.7,47.78,246814,0
20140730,48.11,48.193,46.81,47.55,195796,0
20140731,47.28,47.55,43.31,46.6,140775,0
20140801,46.49,46.85,45.86,46.36,168655,0
20140804,46.5,46.93,45.92,46.77,141493,0
20140805,46.98,47.295,46.41,46.75,109319,0
20140806,46.27,47.72,45.894,47.24,93325,0
20140807,47.5,48.3,47.385,47.54,132760,0
20140808,47.7,48.06,47.07,48.01,133855,0
20140811,54.03,56.65,53.1,54.53,1069668,0
20140812,54.8,56.95,54.44,56.66,514283,0
20140813,56.32,57.76,56.32,57.2,324512,0
20140814,56.4,57.453,55.86,56.18,280357,0
20140815,55.84,56.75,55.3,56.11,154015,0
20140818,56.6,57.253,56.6,56.99,136595,0
20140819,57.04,57.672,56.85,56.97,173223,0
20140820,56.97,56.97,56.3,56.66,127149,0
20140821,56.46,56.89,56.21,56.4,128227,0
20140822,56.74,57.41,56.43,56.9,146532,0
20140825,56.59,57.622,56.59,56.87,79851,0
20140826,56.97,57.82,56.97,57.46,122829,0
20140827,57.4,57.71,56.89,56.89,94044,0
20140828,56.71,56.79,56.23,56.52,54555,0
20140829,56.58,57.99,56.53,57.29,343555,0
20140902,57.48,57.59,56.86,57.05,254552,0
20140903,57.4,57.78,56.375,56.81,235011,0
20140904,60.56,64.78,59.08,62.69,931451,0
20140905,62.61,63.83,62.59,63.56,348955,0
20140908,63.9,64.62,63.33,64.18,271428,0
20140909,63.89,64.81,63.61,64.66,208196,0
20140910,64.74,64.97,63.65,64.25,91826,0
20140911,63.72,64.26,62.92,63.07,184203,0
20140912,63.02,63.66,62.54,63.01,220460,0
20140915,62.75,63.36,62.32,62.38,134860,0
20140916,62.18,63.178,61.63,62.48,204338,0
20140917,62.4,63.18,62.27,62.42,216196,0
20140918,62.54,63.04,62.11,62.7,101847,0
20140919,63.19,63.54,61.468,62.29,282504,0
20140922,63.11,63.11,61.17,61.19,100968,0
20140923,61.15,61.48,60.78,60.88,172027,0
20140924,61.15,62.16,60.72,61.76,301705,0
20140925,61.94,62.01,60.67,60.8,144073,0
20140926,61.03,61.475,60.874,61.05,122550,0
20140929,59.77,61.16,59.77,61,185623,0
20140930,60.91,60.91,59.62,60.06,208858,0
20141001,59.82,60.058,57.99,58.12,211888,0
20141002,58.35,58.47,57.17,58.31,240673,0
20141003,58.55,59,58.03,58.57,442703,0
20141006,58.6,59.185,58.342,58.64,202389,0
20141007,58.47,58.7,57.89,57.96,196223,0
20141008,57.86,58.96,57.34,58.77,163590,0
20141009,58.74,58.81,56.76,56.85,162378,0
20141010,56.54,57.58,55.67,55.8,123278,0
20141013,55.53,56.27,55.03,55.39,222721,0
20141014,55.91,56.14,55.35,56.12,185258,0
20141015,55.38,56.6,54.53,56.34,197737,0
20141016,56.23,57.807,55.71,57.355,128570,0
20141017,58.63,59.092,58.04,58.39,176176,0
20141020,58.27,60.513,58.27,60.43,106033,0
20141021,61.089,61.089,60.5,60.84,144989,0
20141022,60.91,61.47,60.48,60.63,122004,0
20141023,62,63.02,61.61,62.27,200019,0
20141024,63.47,64.19,61.58,62.21,322486,0
20141027,61.83,62.28,61.4,62.13,163567,0
20141028,62.27,63.985,61.96,63.72,111582,0
20141029,63.81,63.95,62.91,63.13,78130,0
20141030,63.12,63.52,62.39,63.2,93117,0
20141031,63.93,63.97,62.71,63.19,148200,0
20141103,63,64.74,62.27,63.35,232754,0
20141104,63.65,63.96,62.25,62.92,156364,0
20141105,63.06,63.615,62.713,63.29,183034,0
20141106,63.45,64.06,63.005,63.94,156918,0
20141107,63.86,65.9,63.35,65.42,267404,0
20141110,65.94,66.56,65.36,66.35,138298,0
20141111,66.56,66.56,64.8,64.93,126001,0
20141112,64.168,67.78,64.168,67.49,203892,0
20141113,67.96,68.83,67.14,68.62,219796,0
20141114,68.37,69.56,67.18,69.49,175510,0
20141117,69.73,71.02,69.16,70.5,263676,0
20141118,70.9,71.82,69.31,69.53,249831,0
20141119,68.94,70.06,68.41,69.17,130525,0
20141120,68.73,70.375,68.73,69.21,191131,0
20141121,71.07,71.1,68.43,68.45,166780,0
20141124,69,69.44,68.14,68.9,287254,0
20141125,69.13,70.69,68.68,70.57,503595,0
20141126,70.28,71.71,68.92,70.27,251498,0
20141128,69.87,71.208,69.575,71.03,140758,0
20141201,70.7,71.41,69.29,69.62,768874,0
20141202,69,69,62.6,64.12,1186116,0
20141203,63.9,64.77,63.06,63.54,477347,0
20141204,63.05,63.53,60.68,62.07,705596,0
20141205,61.19,61.61,60.56,61.61,431749,0
20141208,61.24,61.96,61.04,61.47,415331,0
20141209,61.08,62.99,60.05,62.65,279593,0
20141210,62.31,63.48,61.89,62.5,366680,0
20141211,61.37,62.32,60.9,61.55,494661,0
20141212,61.3,62.02,60.76,60.78,185067,0
20141215,61.02,61.6,59.06,59.74,192587,0
20141216,59.21,59.42,55.59,56.28,672416,0
20141217,56.6,57.44,56.06,57.02,229167,0
20141218,57.64,58.23,57.32,58.14,266667,0
20141219,58.13,58.13,56.68,56.91,338640,0
20141222,57,58.605,57,58.35,278587,0
20141223,58.8,59.24,58.14,58.91,158815,0
20141224,59.24,59.92,59.17,59.59,141093,0
20141226,59.81,60.35,58.45,59.09,153637,0
20141229,59.17,59.61,58.735,59.55,170630,0
20141230,59.48,59.6,58.61,59,112997,0
20141231,59.24,59.8,58.02,58.08,148063,0
20150102,58.28,60.827,56.99,60.09,447134,0
20150105,60,60.51,59.25,60.06,195550,0
20150106,60.37,60.37,58.55,58.82,263221,0
20150107,59.41,60,59.18,59.94,189768,0
20150108,60.11,61.8,60.11,61.68,167337,0
20150109,61.42,62.12,60.61,61.13,178993,0
20150112,61.27,61.27,60.2,60.77,135797,0
20150113,61.06,62.15,57.87,59.2,277077,0
20150114,58.32,59,57.52,58.51,132453,0
20150115,58.5,58.74,55.65,56.385,206090,0
20150116,56.96,57.75,55.34,57.7,179762,0
20150120,57.85,58.8,57.45,58.71,246759,0
20150121,58.64,61.12,57.96,60.91,966836,0
20150122,61.03,62.13,61.03,61.51,678783,0
20150123,60.91,61.71,59.6,61.2,490811,0
20150126,61.04,61.45,58.43,59.5,237892,0
20150127,58.87,60.2,58.58,60.06,187955,0
20150128,60.56,61.346,59.13,60.25,306774,0
20150129,60.11,61.18,59.5,60.92,178679,0
20150130,60.58,61.44,57.53,57.62,209145,0
20150202,57.68,57.68,55.12,56.33,392937,0
20150203,56.85,57.24,56.62,57.21,159238,0
20150204,57.28,59.02,57.24,58.77,217580,0
20150205,58.92,60.35,58.86,60.03,170882,0
20150206,59.65,60.98,59.34,60.94,289925,0
20150209,61.19,61.76,60.438,60.95,240239,0
20150210,60.905,63.015,60.905,62.54,363978,0
20150211,62.6,63.42,61.85,62.22,228838,0
20150212,62.75,62.75,60.87,62.34,294519,0
20150213,62.21,62.965,61.96,62.22,135535,0
20150217,62.07,62.15,59.82,60.65,276600,0
20150218,60.45,60.7,59.631,59.88,143419,0
20150219,59.41,60.43,59.24,59.46,90103,0
20150220,59.58,60.45,58.89,59.45,136747,0
20150223,59.13,59.86,58.55,59.51,102902,0
20150224,60,60.79,58.934,60.62,161559,0
20150225,60.66,61.035,60.17,60.57,155943,0
20150226,60.65,61.05,60.43,60.89,89824,0
20150227,60.74,61.13,60.06,60.91,163980,0
20150302,61.02,61.05,59.58,59.86,211800,0
20150303,59.56,61.6,59.56,61.22,398700,0
20150304,60.82,62.03,60.36,61.8,144100,0
20150305,61.68,62.79,61.26,62.22,105400,0
20150306,61.9,62.16,60.99,61.52,185000,0
20150309,61.44,62.82,61.37,62.5,167900,0
20150310,62.01,62.44,61.47,61.73,172700,0
20150311,61.62,61.62,60.69,61.41,197900,0
20150312,61.92,62.56,61.31,62.31,256200,0
20150313,62.06,62.51,61.55,62,141900,0
20150316,62.32,63.8,62.16,62.78,222900,0
20150317,62.5,63.08,61.17,62.99,210500,0
20150318,63.01,63.43,61.41,62.54,282700,0
20150319,61.75,64.05,61.75,64.03,431300,0
20150320,66.5,67.92,64.7,67.72,1122400,0
20150323,67.96,70.42,66.85,69.04,586300,0
20150324,66.62,70.31,66.62,68.99,574500,0
20150325,68.78,69.08,67.52,68.38,365000,0
20150326,68.31,68.82,67.18,68.53,327200,0
20150327,69.01,69.01,67.2,67.38,245800,0
20150330,68.31,69.53,67.64,69.11,307500,0
20150331,69.19,70.17,69.11,69.64,239067,0
20150401,69.35,70.22,66.74,67.29,236100,0
20150402,67.02,68.82,66.56,67.95,164700,0
20150406,67.33,68.8,66.86,66.92,121800,0
20150407,66.99,68.77,66.83,67.31,249398,0
20150408,66.7,68.58,66.03,68.35,632600,0
20150409,68.72,69.42,67.27,68.34,339409,0
20150410,68.17,68.88,67.59,67.89,259300,0
20150413,67.38,68.63,66.48,67.36,218900,0
20150414,67.56,68.21,66.6,67.5,150900,0
20150415,67.72,68.13,67.17,67.32,216206,0
20150416,67.18,67.355,64.33,64.58,442824,0
20150417,64.34,64.7,63,63.45,318300,0
20150420,63.38,65.64,62.97,65.28,284161,0
20150421,65.73,65.76,63.58,63.69,265254,0
20150422,64.02,64.235,62.85,63.45,377612,0
20150423,63.78,64.19,63.44,63.59,348700,0
20150424,63.72,64.04,62.49,62.85,232600,0
20150427,62.97,63.59,59.83,60.46,491100,0
20150428,60.26,61.73,59.84,60.74,251400,0
20150429,60.74,61.4,59.89,60.12,361900,0
20150430,59.81,60.29,58.59,59.08,412700,0
20150501,59.12,59.91,58.21,58.97,279900,0
20150504,58.65,60.26,58.56,59.81,270200,0
20150505,57.93,58.71,55.65,57.6,537200,0
20150506,58.29,58.295,56.63,57.5,225904,0
20150507,56.884,58.07,56.884,57.55,108043,0
20150508,58.21,58.94,57.11,57.53,124000,0
20150511,57.21,58,56.35,57.04,119700,0
20150512,56.87,57.406,56.4,56.92,169587,0
20150513,56.92,57.27,56.26,56.37,124100,0
20150514,56.87,56.91,55.79,56.09,168700,0
20150515,55.96,56.28,55.26,56.14,274988,0
20150518,56.17,57.78,55.926,56.94,236100,0
20150519,56.95,58.12,56.58,57.14,279000,0
20150520,57.44,57.86,56.52,57.8,140500,0
20150521,57.5,58.08,57.05,57.45,245000,0
20150522,57.45,58.37,57.26,58.19,210700,0
20150526,57.8,58.33,56.74,57.14,220458,0
20150527,56.89,57.94,56.39,57.81,233000,0
20150528,57.65,58.27,57.075,58.06,143544,0
20150529,57.94,59.93,57.51,59.08,319400,0
20150601,59.4,60.06,58.3,58.77,434463,0
20150602,58.702,58.89,57.65,58.42,358336,0
20150603,58.25,60.2,57.65,59.87,426900,0
20150604,59.48,59.69,58.09,59.48,377700,0
20150605,59.25,59.71,58.21,59.57,392700,0
20150608,59.23,60.51,58.86,60.23,249600,0
20150609,60,62.2,59.17,61.66,1046945,0
20150610,59.22,59.93,57.85,58.67,1402287,0
20150611,58.95,59.67,58.383,58.65,397336,0
20150612,58.95,59.17,58.14,58.45,217100,0
20150615,56.72,57.69,55.99,57,390200,0
20150616,56.83,58.35,56.25,58.29,275900,0
20150617,58.53,59.68,58.16,59.55,228700,0
20150618,59.77,61.03,59.55,60.59,201700,0
20150619,60.83,61.29,60.48,60.52,295600,0
20150622,60.68,61.72,60.68,61.69,191500,0
20150623,61.81,62.14,61.31,61.48,120652,0
20150624,61.55,62.15,60.95,61.78,176800,0
20150625,61.98,62.3,61.11,62.22,229100,0
20150626,62.47,63.43,62.13,63.09,859400,0
20150629,62.56,62.9,60.63,60.99,208200,0
20150630,61.91,61.91,60.71,60.95,274729,0
20150701,61.34,61.82,60.21,60.76,335900,0
20150702,60.88,60.88,59.24,59.58,232500,0
20150706,59.5,61.4,59.44,59.72,311300,0
20150707,59.9,59.9,58.16,58.62,285200,0
20150708,58.43,58.59,56.74,56.98,304200,0
20150709,57.72,58.59,57.03,58.38,311300,0
20150710,58.81,59.79,58.43,59.05,157600,0
20150713,59.3,60.24,59.17,60.17,129500,0
20150714,61.26,61.78,60.55,61.57,224884,0
20150715,61.59,62.35,60.89,62.33,150868,0
20150716,62.79,63.17,62.12,62.77,139100,0
20150717,62.76,62.76,61.64,62.08,112100,0
20150720,62.07,62.33,61.62,62.16,200700,0
20150721,62.2,62.81,61.25,62.13,279800,0
20150722,61.82,62.92,61.66,62.09,69400,0
20150723,62.3,63.07,61.48,61.85,389600,0
20150724,61.89,62.9,61.47,62.27,189600,0
20150727,61.83,62.31,59.86,60.68,281200,0
20150728,61.4,61.4,58.79,59.34,287000,0
20150729,59.9,60.48,58.87,59.76,129700,0
20150730,59.72,60.27,59.14,59.92,150700,0
20150731,60.19,61.95,60.05,61.85,126600,0
20150803,62.35,62.81,61.27,61.73,175902,0
20150804,61.61,62.89,61.14,61.92,154500,0
20150805,62.46,62.71,61.57,62.07,134900,0
20150806,62.07,62.18,60.65,62.02,141561,0
20150807,61.69,62.09,61.34,62.01,76800,0
20150810,62.46,63.41,62.09,62.71,186500,0
20150811,62.25,63,61.73,62.2,135407,0
20150812,61.59,62.46,60.46,62.17,194800,0
20150813,62.2,62.95,61.91,62.17,129000,0
20150814,62.02,62.89,61.69,62.86,92900,0
20150817,62.59,64.27,61.94,64.09,151900,0
20150818,64.08,64.54,63.85,64.02,68300,0
20150819,63.73,65.51,62.99,64.72,200800,0
20150820,64.42,65.12,62.93,63.16,252000,0
20150821,62.09,62.53,59.14,59.91,236400,0
20150824,57.06,59.49,57.06,57.26,267068,0
20150825,59.07,59.18,57.21,57.45,192600,0
20150826,58.39,59.16,57.36,59.11,107500,0
20150827,59.75,60.92,59.41,60.1,304100,0
20150828,59.69,60.41,59.47,60.32,210900,0
20150831,60.01,60.56,59.72,60.09,180200,0
20150901,58.77,59.15,56.86,58.11,310000,0
20150902,58.61,60.1,58.61,60.09,175900,0
20150903,60.24,61.12,58.85,58.96,315400,0
20150904,57.98,59.3,57.88,58.95,127500,0
20150908,59.94,61.11,59.11,60.74,223900,0
20150909,61.18,61.94,60.39,60.6,462100,0
20150910,60.33,60.68,59.35,60.34,365384,0
20150911,52.2,52.4,45.3,46.24,4581800,0
20150914,45.51,46.86,43.69,44.15,1559900,0
20150915,44.15,44.83,43.42,44.43,514204,0
20150916,44.67,44.85,44.02,44.65,381500,0
20150917,44.75,45.88,44.56,45.52,364618,0
20150918,44.72,45.49,43.72,43.83,705200,0
20150921,44.32,45.06,42.52,43.36,512300,0
20150922,42.93,44.45,42.23,44.38,350900,0
20150923,44.36,44.67,43.45,43.7,282100,0
20150924,43.41,43.94,43.13,43.71,199344,0
20150925,43.85,44.15,42.7,42.91,206600,0
20150928,42.87,43.02,41.84,41.98,449183,0
20150929,42.21,43.02,40.99,41.02,429100,0
20150930,41.53,42.4,41.23,41.76,519600,0
20151001,41.94,42.72,41.01,42.25,268100,0
20151002,41.68,42.02,40.52,41.63,306700,0
20151005,41.88,43.06,41.7,43.05,224705,0
20151006,43.05,43.5,42.5,42.66,167200,0
20151007,42.84,45.16,42.74,43.68,171800,0
20151008,43.52,44.41,43.31,43.97,128100,0
20151009,44.03,44.06,43.07,43.31,100500,0
20151012,43.36,43.37,41.84,42.38,203461,0
20151013,42.13,42.7,41.08,41.47,286100,0
20151014,41.61,42.16,40.36,40.66,264600,0
20151015,40.83,41.95,39.93,41.79,462300,0
20151016,41.58,42.25,40.26,40.4,296400,0
20151019,40.15,41.18,39.85,40.8,198843,0
20151020,40.93,40.93,39.16,39.49,243857,0
20151021,39.66,40.9,38.66,39.21,515900,0
20151022,42,45.84,40.7,42.99,968500,0
20151023,43.42,43.42,41.42,42.08,258600,0
20151026,42.21,42.21,41.43,41.78,193000,0
20151027,41.45,41.73,40.03,40.74,317400,0
20151028,40.86,43.25,40.71,42.77,140200,0
20151029,42.61,42.79,41.83,42.48,149200,0
20151030,42.36,43.39,41.71,42.57,291000,0
20151102,42.54,44.612,42.23,44.41,248097,0
20151103,44.19,45.48,43.93,45.26,201400,0
20151104,45.5,45.95,45.01,45.22,128770,0
20151105,45.37,47.71,44.95,47.7,239800,0
20151106,47.44,48.79,46.59,48.59,316000,0
20151109,48.37,48.73,45.39,45.91,252763,0
20151110,45.8,46.68,45.59,46.31,160800,0
20151111,46.57,47.45,45.61,46.05,123200,0
20151112,45.53,47.17,45.43,46.41,244200,0
20151113,46.2,46.2,42.91,43.55,438200,0
20151116,43.45,44.61,43.45,44.53,133200,0
20151117,44.73,46.11,44.04,45.06,243200,0
20151118,45.05,45.76,44.51,45.7,205600,0
20151119,45.5,46.65,45.13,45.98,222000,0
20151120,46.4,48.46,46.13,48.14,369000,0
20151123,48.22,50.24,47.65,48.98,307900,0
20151124,48.57,50.38,48.06,50.22,178900,0
20151125,50.37,51.43,49.87,50.81,114900,0
20151127,50.85,51.09,50.36,50.86,59200,0
20151130,51.17,51.54,48.98,49.36,371500,0
20151201,54.8,57.23,51.93,52.79,2596158,0
20151202,52.87,53.42,51.94,52,399286,0
20151203,51.99,51.99,49.21,50,443329,0
20151204,50.22,51.61,49.86,51.03,415100,0
20151207,49,50.29,47.92,48.75,925100,0
20151208,48.24,51.98,48.08,51.02,843388,0
20151209,50.58,51.84,49.68,49.93,411700,0
20151210,50,50.53,49.53,50.19,590000,0
20151211,49.21,49.49,47.01,47.51,531900,0
20151214,45.75,46.88,44.97,46.15,668069,0
20151215,46.62,47.37,45.95,46.06,519300,0
20151216,46.33,46.92,45.73,46.6,308700,0
20151217,46.93,46.93,45.21,45.48,671200,0
20151218,45.45,46.38,45.01,46.1,622100,0
20151221,46.11,46.49,44.82,45.08,702900,0
20151222,44.99,45.33,43.505,44.65,1435151,0
20151223,45.13,46.11,44.64,45.34,331700,0
20151224,45.46,45.5,43.19,44.72,171212,0
20151228,44.63,44.865,43.09,43.53,576693,0
20151229,44.47,45.63,43.575,44.7,529662,0
20151230,44.72,45.14,44.03,44.09,155846,0
20151231,43.83,45.39,43.73,44.63,189838,0
20160104,43.96,45.24,43.9,44.45,410935,0
20160105,44.66,45.615,44.62,44.9,201816,0
20160106,44.13,44.82,43.59,44.22,195438,0
20160107,43.42,44.18,41.8,41.81,393381,0
20160108,40.57,41.49,40,41,430726,0
20160111,41.04,42.37,40.87,41.95,434407,0
20160112,42.4,44.14,42.17,43.34,296732,0
20160113,43.57,43.57,41.33,41.51,208438,0
20160114,41.73,42.805,40.66,42.34,283958,0
20160115,40.5,40.61,38.56,40.16,741599,0
20160119,40.76,41.65,39.36,40.6,534800,0
20160120,39.95,41.71,38.46,40.06,356764,0
20160121,40.17,41.08,39.54,40.45,216182,0
20160122,41.36,42.895,40.84,41.39,245896,0
20160125,41.28,42.76,38.51,38.63,154015,0
20160126,38.54,39.19,37.14,38.05,327767,0
20160127,38.04,38.75,37.55,38.21,274157,0
20160128,38.73,38.73,35.31,35.53,408603,0
20160129,35.42,37.91,35.13,36.5,390031,0
20160201,36.07,37.56,35.12,36.74,370384,0
20160202,36.45,38.9,35.01,35.09,361341,0
20160203,35.26,36.425,30.01,35.02,1395498,0
20160204,34.53,34.93,31.21,34.64,1017429,0
20160205,34.4,35.02,32.3,34.65,501976,0
20160208,35.69,37.49,33,34.34,515913,0
20160209,33.69,34.4,32.67,32.94,398623,0
20160210,33.65,37.2,33.37,35.46,783287,0
20160211,35,35.425,33.9301,34.87,414619,0
20160212,34.38,35.76,34.14,35.62,200699,0
20160216,36.17,37.84,35.54,37.81,324223,0
20160217,38.01,41.805,36.21,41.03,863125,0
20160218,41.15,42.89,39.76,40.58,471510,0
20160219,40.24,40.83,39.31,39.48,265751,0
20160222,40,40.98,39.7,40.7,365977,0
20160223,41.25,43.3025,40.32,41.3,217476,0
20160224,40.98,44.77,38.01,44.39,750505,0
20160225,44.2,44.98,42.78,43.33,555760,0
20160226,43.77,44.64,43.22,43.72,247777,0
20160229,43.56,45.17,43.38,45.03,174147,0
20160301,45.2,45.36,43.65,45.23,166135,0
20160302,45,45.5,44.18,44.82,167289,0
20160303,44.52,46.34,44.09,46.15,377492,0
20160304,46.34,46.8,44.4,45.5,184123,0
20160307,45.35,47.49,43.83,46.45,286514,0
20160308,45.92,46.35,43.535,43.77,220541,0
20160309,44.01,44.15,42.53,43.79,166477,0
20160310,43.78,44.06,41.6,42.57,236369,0
20160311,43.4,44.02,42.66,44,167959,0
20160314,43.97,44.5,41.69,42.34,337711,0
20160315,41.08,42.03,39.56,40.97,343268,0
20160316,40.93,41.53,40.08,41.17,241552,0
20160317,41.04,42.19,40.02,41.73,297883,0
20160318,42,42.77,41.54,42.29,415700,0
20160321,42.45,43.7,41.29,42.69,847459,0
20160322,38.08,40,36.16,39.65,2328737,0
20160323,39.86,40.4,38.445,39.21,639934,0
20160324,38.38,39.58,38.044,39.3,469072,0
20160328,39.74,42.62,39.7,41.76,482847,0
20160329,41.53,43.399,40.88,42.59,245639,0
20160330,42.95,43.33,42.36,42.5,188652,0
20160331,42.78,43.35,42.2,42.39,307510,0
20160401,42.2,42.59,41.22,42.31,191708,0
20160404,42.47,42.91,42.1,42.36,238111,0
20160405,42.21,42.9399,41.3,41.87,181376,0
20160406,42.09,42.57,41.155,41.62,254557,0
20160407,41.57,42.7999,40.92,42.6,216362,0
20160408,43.03,43.03,41.46,41.86,206374,0
20160411,42.55,42.75,41.11,41.43,294688,0
20160412,41.36,42.53,40.9,42.29,125353,0
20160413,42.43,44.59,41.91,44.27,184705,0
20160414,44.59,44.672,43.84,44.35,127598,0
20160415,44.54,44.94,43.54,43.87,184894,0
