Date,Open,High,Low,Close,Volume,OpenInt
20140320,15,15,14.6,15,19908,0
20140321,14.888,14.9,14.888,14.9,1576,0
20140324,14.74,15,14.01,14.01,9369,0
20140325,14.48,14.99,14.48,14.85,11354,0
20140326,15.6,15.6,14.95,14.95,600,0
20140327,14.95,14.95,14.48,14.599,1703,0
20140328,14.24,14.73,14.2,14.53,3051,0
20140331,14,14.995,14,14.5,14429,0
20140401,14.915,14.98,14.1,14.51,7606,0
20140402,14.26,14.74,14.16,14.16,7574,0
20140403,14.16,14.68,13.288,13.97,13608,0
20140404,14.967,14.967,13.37,13.37,2117,0
20140407,13.807,13.807,13.06,13.06,10975,0
20140408,13.25,13.632,13.25,13.6,1578,0
20140409,13.6,13.6,13.25,13.5,12058,0
20140410,13.41,13.55,13.1,13.1,2606,0
20140411,13.29,13.29,13.02,13.06,2925,0
20140414,13,13.45,13,13.45,3432,0
20140415,12.25,13.6,11.13,12.911,25861,0
20140416,12.95,13.455,12.855,13.44,1175,0
20140417,12.501,13.39,12.501,13,6924,0
20140421,12.98,12.994,12.68,12.994,2749,0
20140422,13.39,13.39,12.01,12.6,6780,0
20140423,12.81,13,12.8,12.91,9004,0
20140424,12.81,12.81,12.44,12.55,5888,0
20140425,12.36,12.77,12,12.36,7749,0
20140428,12,12.49,11.68,12.49,46961,0
20140429,12.19,12.4,11.85,12.01,6760,0
20140430,12.493,12.6,12.05,12.05,5795,0
20140501,12.3,12.6,12.25,12.4,8060,0
20140502,12.4,12.4,12.2,12.2,1880,0
20140505,12.07,12.2,12.01,12.1,12206,0
20140506,12.1,12.4,12.1,12.24,8583,0
20140507,12,12,11.88,12,9552,0
20140508,11.922,12,11.922,12,1900,0
20140509,12.32,12.32,11.71,12.06,756,0
20140512,11.775,12.1,10.77,11.646,8845,0
20140513,11.44,12.2,10.51,12,57211,0
20140514,11.68,12.01,11.53,11.53,6795,0
20140515,11.82,12.2,11.56,11.87,7268,0
20140516,11.74,12.25,11.74,12.25,11158,0
20140519,12.213,12.216,12.213,12.216,1291,0
20140520,11.8,12.55,11.8,12,11411,0
20140521,12.59,13,12.15,12.16,5302,0
20140522,12.61,13.1,12.31,12.8,11585,0
20140523,13,13,12.55,13,5084,0
20140527,12.7,12.85,12,12.58,13232,0
20140528,12.78,12.95,12.03,12.25,3611,0
20140529,12.95,13,12.35,12.35,3407,0
20140530,12.68,12.91,12.655,12.81,1532,0
20140602,12.807,13.32,12.38,13.32,16936,0
20140603,12.54,14.46,12.54,13.455,10180,0
20140604,13.34,14.4,13.049,14.4,20599,0
20140605,13.35,15,13.35,14.2,18545,0
20140606,14.97,14.97,14.002,14.45,10550,0
20140609,14.62,14.8,14.157,14.75,14097,0
20140610,14.75,14.96,14,14.35,27800,0
20140611,14.71,14.75,13.855,14.69,13485,0
20140612,14.3,14.99,14.06,14.5,42321,0
20140613,14.47,14.5,14.1,14.37,22267,0
20140616,14.2,15,14.11,15,46366,0
20140617,14.8,14.8,14.17,14.32,16561,0
20140618,14.03,15.31,13.85,14.325,24249,0
20140619,14.59,14.9,14.17,14.47,33516,0
20140620,12.15,14.42,12.15,13.48,224413,0
20140623,13.349,14.07,13.349,13.6,5094,0
20140624,13.41,13.98,13.06,13.57,11758,0
20140625,13.15,13.7,12.95,13.69,26152,0
20140626,13.5,13.9,13.1,13.86,14386,0
20140627,13.75,14.2,13.23,13.69,16566,0
20140630,13.54,13.989,13.41,13.9,4627,0
20140701,13.56,14.18,13.56,14.17,4601,0
20140702,14.2,14.2,13.57,13.89,14100,0
20140703,14.1,14.1,13.81,13.81,5472,0
20140707,14.08,14.485,13.825,14.07,7085,0
20140708,14.21,14.29,14,14.02,18685,0
20140709,14.065,14.23,14.065,14.2,3585,0
20140710,14.12,14.46,14,14.19,15669,0
20140711,14.06,14.23,14.04,14.04,4865,0
20140714,14.05,14.05,13.62,14.03,17022,0
20140715,13.65,14.19,13.65,14.19,5268,0
20140716,14.19,14.25,13.95,14.2,16491,0
20140717,14.01,14.06,14,14,6585,0
20140718,14.15,14.26,14.139,14.2,17038,0
20140721,14.2,14.55,14.05,14.2,7696,0
20140722,14.1,14.34,14.1,14.15,7330,0
20140723,14.1,14.31,14.06,14.31,26499,0
20140724,14.2,14.48,14.05,14.05,1570,0
20140725,14.12,14.3,14.06,14.14,17014,0
20140728,14.15,14.23,14.047,14.05,16694,0
20140729,14.1,14.2,14.1,14.17,20653,0
20140730,14.1,14.325,14.09,14.32,16578,0
20140731,14.22,14.28,14.13,14.24,11798,0
20140801,14.1,14.3,14.01,14.29,21378,0
20140804,14.1,14.25,14.1,14.25,9376,0
20140805,14.23,14.24,13.97,13.97,1535,0
20140806,14.11,14.25,14.11,14.25,9365,0
20140807,14.23,14.24,14.1,14.12,1789,0
20140808,14.1,14.25,14.1,14.13,5838,0
20140811,14.23,14.25,14.11,14.11,10360,0
20140812,14.11,14.23,13.943,14.13,8546,0
20140813,14.12,14.23,13.84,13.84,2500,0
20140814,13.56,14.15,13.56,13.98,2156,0
20140815,14.17,14.17,14.02,14.03,3825,0
20140818,14.18,14.37,14.18,14.21,5331,0
20140819,14.01,14.075,13.661,13.99,6710,0
20140820,13.9,13.965,13.5,13.5,6760,0
20140821,13.4,13.5,13.03,13.48,5660,0
20140822,13.45,13.48,12.98,13.39,10697,0
20140825,13.49,13.5,13.26,13.46,5739,0
20140826,13.463,13.463,13.3,13.38,2347,0
20140827,13.27,13.49,13.051,13.34,17500,0
20140828,13.36,13.38,13.165,13.3,1295,0
20140829,13.374,13.46,13.04,13.08,6709,0
20140902,13.05,13.209,13,13,8410,0
20140903,13,13.056,12.88,13.01,4605,0
20140904,12.99,13.08,12.88,12.88,2058,0
20140905,12.88,12.95,12.88,12.95,3565,0
20140908,12.85,12.89,12.82,12.83,3039,0
20140909,12.73,12.73,12.1,12.5,2293,0
20140910,12.85,13,12.31,12.31,5354,0
20140911,12.66,12.72,12.49,12.49,3006,0
20140912,12.324,12.585,12.31,12.5,7680,0
20140915,12.49,12.62,12.31,12.62,4610,0
20140916,12.55,12.68,12.38,12.38,932,0
20140917,12.38,12.43,12.35,12.43,655,0
20140918,12.3,12.525,12.1,12.22,1925,0
20140919,12.31,12.95,12.11,12.87,4747,0
20140922,12.87,12.87,12.51,12.77,3334,0
20140923,12.81,12.98,12.32,12.65,7677,0
20140924,12.64,12.65,12.1,12.44,7302,0
20140925,12.3,12.5,12.3,12.43,8456,0
20140929,12.6,12.64,12.6,12.64,1199,0
20140930,11.76,12.8,11.76,12.8,1660,0
20141001,12.6,12.62,12.5,12.59,3430,0
20141002,12.55,12.79,12.08,12.79,2629,0
20141003,12.76,12.77,12.76,12.77,606,0
20141006,12.8,12.8,12.1,12.799,1682,0
20141007,12.75,12.8,12.16,12.72,7011,0
20141008,12.48,12.75,12.44,12.44,916,0
20141009,12,12.67,12,12.67,3025,0
20141010,12.34,12.7,12.2,12.21,2535,0
20141013,12.53,12.62,12.21,12.23,5942,0
20141014,12.248,12.47,12.22,12.24,889,0
20141015,12.35,12.4,12.2,12.2,1751,0
20141016,12,12.23,11.76,11.86,7140,0
20141017,11.83,11.99,11.06,11.8,8109,0
20141020,11.9,12,10.18,11.79,20809,0
20141021,10.227,11.91,10.227,11.7,1265,0
20141022,11.08,12,11.08,12,1047,0
20141023,11.54,12.48,11.4,11.55,4481,0
20141024,11.35,11.61,11.2,11.43,6725,0
20141027,11.2,11.735,10.38,11.27,7321,0
20141028,11.3,11.5,11.3,11.5,2080,0
20141029,11.5,11.5,11.5,11.5,1115,0
20141030,11.4,11.5,11.077,11.37,3984,0
20141031,11,11.6,11,11.51,1290,0
20141103,11.49,11.76,11.05,11.71,1217,0
20141105,11.54,11.54,11.54,11.54,344,0
20141106,11.52,11.52,11.43,11.43,2496,0
20141107,11.4,11.5,11.4,11.47,2039,0
20141110,11.52,11.89,11.37,11.61,1731,0
20141111,11.38,11.5,11.11,11.5,2471,0
20141112,11.47,11.5,11.001,11.02,3084,0
20141113,11.05,11.21,11.05,11.05,1695,0
20141114,11.35,11.499,11,11,1707,0
20141117,11,11.02,10.71,11,3905,0
20141118,10.72,10.97,10.34,10.34,3025,0
20141119,10.31,10.6,10.25,10.25,1739,0
20141120,9.86,10.2,9.75,9.78,5917,0
20141121,9.66,10.3,9.26,10.12,13943,0
20141124,10.11,10.11,9.69,9.86,2960,0
20141125,9.594,9.95,9.594,9.95,1355,0
20141126,9.65,9.79,9.65,9.75,1863,0
20141128,9.99,9.99,9.56,9.56,1428,0
20141201,9.55,9.72,9.4101,9.72,8656,0
20141202,9.59,9.68,9.43,9.55,5528,0
20141203,9.5,9.57,9.5,9.56,1137,0
20141204,9.49,9.68,9.33,9.37,40694,0
20141205,9.36,9.5,9.287,9.468,5658,0
20141208,9.44,9.46,9.35,9.35,2009,0
20141209,9.52,9.52,9.3589,9.44,1215,0
20141210,9.4701,9.65,9.4701,9.65,1204,0
20141211,9.31,9.67,9.11,9.67,5840,0
20141212,9.39,9.58,9.11,9.3,7202,0
20141215,9.29,10.4,9.11,9.99,13300,0
20141216,10.27,11.4,10.1,10.75,23462,0
20141217,10.75,11.95,10.75,11.95,23784,0
20141218,11.04,11.95,10.7,11.2,68415,0
20141219,11.88,11.88,10.2,10.2,27237,0
20141222,10.22,10.89,9.51,9.84,27713,0
20141223,9.53,10,9.51,9.92,33719,0
20141224,10.788,10.788,9.81,9.91,26245,0
20141226,10.48,10.57,9.66,9.89,6325,0
20141229,9.84,9.93,9.61,9.72,21701,0
20141230,9.62,10.35,9.45,10.02,31588,0
20141231,10.1,10.1,9.5,9.93,195470,0
20150102,9.88,9.93,9.76,9.92,16154,0
20150105,10.28,11.25,10.1,10.74,33554,0
20150106,10.95,11.4,10.53,10.95,18574,0
20150107,10.8,11.65,10.8,11.47,46415,0
20150108,11.65,11.65,10.7,11.2,50542,0
20150109,10.89,11.155,10.8,11,13803,0
20150112,10.82,10.95,10.71,10.71,6574,0
20150113,11.17,11.17,10.71,11.11,4060,0
20150114,10.99,11.07,10.85,10.95,3199,0
20150115,10.88,11.46,10.8,10.91,113793,0
20150116,11.065,11.065,10.85,10.93,716,0
20150120,10.85,10.85,10.7,10.85,5930,0
20150121,10.61,10.79,10.35,10.48,10380,0
20150122,10.5,10.5,10.35,10.35,3313,0
20150123,10.3,10.71,10.25,10.66,10790,0
20150126,10.28,10.63,10.1,10.1,8565,0
20150127,10,10.26,9.87,9.95,15211,0
20150128,10,10.518,10,10.518,27380,0
20150129,10.52,10.52,10,10,15063,0
20150130,10.24,10.24,10.2,10.2,514,0
20150202,10.05,10.24,9.77,9.94,13178,0
20150203,9.86,10.5,9.78,10.01,12163,0
20150204,10.03,10.393,10.03,10.38,4244,0
20150205,10.14,10.14,9.83,9.93,10594,0
20150206,10.16,10.34,10.06,10.18,2894,0
20150209,10.03,10.09,9.92,10.09,3863,0
20150210,10.01,10.16,9.63,10.16,8865,0
20150211,10.143,10.143,10.05,10.14,3380,0
20150212,10.106,10.14,9.8,10.1,4219,0
20150213,10.082,10.082,10.012,10.04,2608,0
20150217,9.864,9.99,9.864,9.99,1501,0
20150218,10,10.116,9.81,10.09,4274,0
20150219,9.9,9.9,9.9,9.9,398,0
20150220,9.82,9.951,9.82,9.951,418,0
20150223,9.98,10.07,9.98,10,12991,0
20150224,9.946,10.078,9.946,10.047,2555,0
20150225,10,10.012,9.91,9.91,4161,0
20150226,9.8,10.04,9.8,9.9,10765,0
20150227,10.01,10.02,9.915,9.94,9801,0
20150302,9.94,10.04,9.9,9.9,28200,0
20150303,9.96,10.1,9.96,10.03,5300,0
20150304,10.39,10.39,9.81,10.13,10100,0
20150305,10.09,10.09,9.83,9.88,3500,0
20150306,9.98,9.98,9.86,9.87,3800,0
20150309,9.74,9.97,9.74,9.82,4900,0
20150310,9.62,9.92,9.5,9.5,3300,0
20150311,9.5,9.5,7.81,8.1,127500,0
20150312,7.9,8.4,7.78,7.92,31800,0
20150313,8.09,8.09,7.82,7.93,12600,0
20150316,7.99,7.99,7.62,7.64,15200,0
20150317,7.63,7.71,7.23,7.51,23700,0
20150318,7.46,8.22,7.46,7.87,21300,0
20150319,7.95,8.36,7.9,8.2,48100,0
20150320,8.2,8.2,7.78,8.09,27500,0
20150323,7.98,8.2,7.93,8.01,16000,0
20150324,8,8,7.75,7.77,12100,0
20150325,7.76,7.76,7.38,7.38,12800,0
20150326,7.04,7.51,7.03,7.32,49000,0
20150327,6.38,7.41,6.38,7.3,14600,0
20150330,7.17,7.72,6.96,7.02,24000,0
20150331,7.09,7.94,6.89,7.35,15900,0
20150401,7.28,7.5,7.25,7.32,20200,0
20150402,7.39,7.6,7.34,7.51,11100,0
20150406,7.25,7.77,7.25,7.52,12100,0
20150407,7.64,7.7,7.39,7.43,17001,0
20150408,7.61,7.65,7.28,7.28,5400,0
20150409,7.74,8,7.47,7.94,22491,0
20150410,7.94,8.1,7.76,7.93,15000,0
20150413,7.88,8.55,7.86,8.09,12400,0
20150414,8.57,9.17,8.21,8.61,33500,0
20150415,8.56,8.95,8.42,8.554,1343,0
20150416,8.919,8.919,8.36,8.44,10871,0
20150417,8.35,8.39,8.34,8.37,4700,0
20150420,8.41,8.42,8.32,8.41,4458,0
20150421,8.29,8.36,8.22,8.36,2757,0
20150422,8.41,8.78,8.41,8.51,2694,0
20150423,8.75,8.8,8.2,8.26,9600,0
20150424,8.24,8.74,8.01,8.09,17400,0
20150427,8.05,8.24,8,8.24,5800,0
20150428,8.22,8.45,8.22,8.33,600,0
20150429,8.27,8.28,8.26,8.27,700,0
20150430,8.36,8.44,7.89,8.3,3800,0
20150501,8.42,8.74,8.29,8.74,7300,0
20150504,8.74,8.74,8.4,8.4,2800,0
20150505,8.59,8.59,8.35,8.49,500,0
20150506,8.48,8.48,8.38,8.38,536,0
20150507,8.4,8.5,8.4,8.45,7433,0
20150508,8.45,8.96,8.45,8.8,30500,0
20150511,8.85,9.34,8.85,9.25,55400,0
20150512,9.39,9.78,9.31,9.64,64069,0
20150513,8.62,9.61,8.5,9.6,18700,0
20150514,9.5,9.85,9.27,9.52,8800,0
20150515,9.5,9.77,9.5,9.65,15038,0
20150518,9.73,9.76,9.5,9.76,6521,0
20150519,9.7,9.75,9.5,9.52,5800,0
20150520,9.5,9.6,9.49,9.6,3800,0
20150521,9.56,9.61,9.5,9.52,12100,0
20150522,9.35,9.67,9.28,9.67,7700,0
20150526,9.55,9.74,9.51,9.73,2146,0
20150527,9.73,9.74,9.56,9.64,2500,0
20150528,9.7,9.75,9.41,9.74,1300,0
20150529,9.5,9.75,9.5,9.7,11500,0
20150601,9.61,9.79,9.5,9.63,8000,0
20150602,9.58,9.76,9.484,9.57,4723,0
20150603,9.5,9.74,9.24,9.5,89800,0
20150604,9.63,9.77,9.41,9.47,52100,0
20150605,9.44,9.8,9.44,9.45,7900,0
20150608,9.51,9.61,9.42,9.55,2500,0
20150609,9.43,9.65,9.09,9.51,3453,0
20150610,9.05,9.74,9.05,9.52,15626,0
20150611,9.57,9.79,9.5,9.63,16954,0
20150612,9.61,9.78,9.58,9.75,8800,0
20150615,9.51,9.72,9.21,9.54,14100,0
20150616,9.78,9.8,9.35,9.45,12100,0
20150617,9.48,9.78,9.44,9.47,7900,0
20150618,9.61,9.77,9.46,9.77,2500,0
20150619,9.4,10,9.4,10,29000,0
20150622,9.99,10.79,9.67,10.01,19500,0
20150623,10.49,11,10.04,10.4,603255,0
20150624,10.4,10.64,10.4,10.41,2800,0
20150625,10.64,10.64,10.23,10.55,4500,0
20150626,10.65,12.01,10.65,11.99,185700,0
20150629,12.07,12.07,11.26,11.9,82800,0
20150630,11.99,12.35,11.99,12.2,82713,0
20150701,12.36,12.99,12,12.88,153600,0
20150702,12.95,12.95,12.45,12.5,40400,0
20150706,12.41,12.48,12.15,12.25,9800,0
20150707,12.11,12.52,12.08,12.29,27000,0
20150708,12.14,12.32,11.75,11.98,15600,0
20150709,12,12.35,11.5,12.33,20300,0
20150710,12.19,12.35,11.96,12.23,7900,0
20150713,12.24,12.47,11.66,12.12,30700,0
20150714,11.97,12.03,11.78,11.95,14843,0
20150715,11.98,12.07,11.92,12,2521,0
20150716,11.85,12.1,11.74,12,2400,0
20150717,11.98,12.24,11.55,12.09,17100,0
20150720,11.99,12.09,11.7,11.77,1200,0
20150721,11.98,12,11.56,11.93,7600,0
20150722,12,12.09,11.9,11.9,48300,0
20150723,11.98,11.98,11.25,11.81,34700,0
20150724,11.8,11.8,11.6,11.74,30300,0
20150727,11.6,11.6,11.25,11.43,9700,0
20150728,11.42,11.93,11.04,11.85,16400,0
20150729,11.95,12,11.67,11.85,14900,0
20150730,11.85,12,11.5,11.95,6500,0
20150731,12,12,11.98,11.99,14200,0
20150803,11.97,11.99,11.033,11.98,3780,0
20150804,12.16,12.16,11.75,11.97,9700,0
20150805,12.24,12.24,12.04,12.04,6700,0
20150806,12.11,12.175,11.8,12.09,2038,0
20150807,12.17,12.22,11.82,11.82,1900,0
20150810,12.01,12.11,12,12.05,7700,0
20150811,12.3,12.91,12.25,12.75,48184,0
20150812,12.77,13.45,12.77,13.45,45800,0
20150813,13.44,14.18,13.44,14.07,88300,0
20150814,14.19,18.17,14.12,16.82,174700,0
20150817,18,18.16,16.46,17.07,78300,0
20150818,17.35,19.4,17.35,19.13,77500,0
20150819,19.63,21.5,19.26,20.12,235800,0
20150820,20.12,20.12,17.58,18.14,79100,0
20150821,18,19.24,18,19.14,20900,0
20150824,18.21,19.3,17.501,19.04,25718,0
20150825,19.4,19.89,18.36,18.94,34800,0
20150826,19.25,19.8,18.5,19.68,32200,0
20150827,19.65,20.99,19.09,20.42,70000,0
20150828,20.42,20.74,19.96,20.4,34100,0
20150831,19.76,20.69,19.01,20.54,69600,0
20150901,20.5,20.5,19.05,19.65,31600,0
20150902,19.64,20.47,19.62,20.38,29100,0
20150903,20.38,20.38,19.68,19.99,28700,0
20150904,19.66,20.13,19.66,19.78,7100,0
20150908,19.95,20.01,19.5,19.89,21600,0
20150909,19.9,20.12,18.78,19.34,22700,0
20150910,19.02,19.86,18.75,19.09,28838,0
20150911,19,19,18.62,18.84,8900,0
20150914,18.98,19,18.5,18.55,15200,0
20150915,18.75,18.75,18.2,18.49,51296,0
20150916,18.35,18.74,17.98,18.13,39800,0
20150917,18.15,18.24,17.84,18.15,59500,0
20150918,17.79,18.2,17.16,17.19,142300,0
20150921,17.17,17.67,15.67,16.03,54600,0
20150922,15.65,16.32,15.65,16.21,27100,0
20150923,16.2,16.47,16.01,16.2,27900,0
20150924,16.2,16.26,15.8,16.05,18522,0
20150925,16.09,16.41,15.4,15.58,39900,0
20150928,15.23,15.745,14.665,15,22371,0
20150929,14.9,14.9,13.59,13.69,26400,0
20150930,13.69,15.2,13.36,14.31,39500,0
20151001,14.31,14.4,13.53,13.98,16300,0
20151002,13.85,14.2,13.27,13.96,6400,0
20151005,13.72,14.249,13.5,13.5,15219,0
20151006,13.5,14.19,12.89,13.43,11300,0
20151007,13.06,14.16,13.06,13.6,16300,0
20151008,13.52,14.05,13.05,13.3,11100,0
20151009,13.29,13.66,13.15,13.21,12000,0
20151012,13.37,13.65,13.1,13.37,11006,0
20151013,14.04,14.04,13.12,13.18,23800,0
20151014,13.19,13.61,13.15,13.18,36200,0
20151015,13.45,13.69,13.12,13.4,35800,0
20151016,13.11,13.69,13.11,13.26,8900,0
20151019,13.35,13.75,13.1,13.27,32600,0
20151020,13.33,13.5,13.22,13.25,31357,0
20151021,13.31,13.54,13.01,13.02,20300,0
20151022,13.16,13.83,13.06,13.07,13800,0
20151023,13.16,13.77,13.11,13.11,12500,0
20151026,13.2,13.3,12.39,12.48,21800,0
20151027,12.98,12.98,12.01,12.18,17500,0
20151028,12.27,12.87,12.27,12.59,14200,0
20151029,12.63,12.66,12.14,12.47,9500,0
20151030,12.5,12.59,12.4,12.57,10900,0
20151102,12.48,12.92,12.47,12.82,6194,0
20151103,12.84,12.92,12.82,12.83,9400,0
20151104,12.87,13.2,12.47,13.08,26411,0
20151105,14.55,15.2,14,14.33,75500,0
20151106,14.66,14.9,14.01,14.5,22200,0
20151109,14.47,14.7,14.1,14.43,15775,0
20151110,14.29,14.5,14.26,14.4,15200,0
20151111,14.5,14.5,14.24,14.49,13900,0
20151112,14.41,14.49,14.35,14.38,7100,0
20151113,14.35,14.5,14.1,14.43,8300,0
20151116,14.46,14.5,14.2,14.5,9300,0
20151117,14.32,14.5,14.31,14.49,6600,0
20151118,14.47,14.5,14.33,14.33,14300,0
20151119,14.31,14.47,13.96,14.13,6100,0
20151120,14.1,14.26,13.62,14.08,15100,0
20151123,14.11,14.24,13.92,14.12,22300,0
20151124,14.06,14.21,13.96,14.15,6100,0
20151125,14.24,14.65,14.05,14.11,14900,0
20151127,14.88,14.88,13.89,14.4,9100,0
20151130,14.4,14.4,14,14.34,29000,0
20151201,14.32,14.44,14.18,14.27,8170,0
20151202,14.3,14.96,14.3,14.61,11229,0
20151203,14.5,14.9,14.35,14.5,45171,0
20151204,14.88,14.96,14.5,14.67,10000,0
20151207,14.67,15.01,14.67,14.87,14300,0
20151208,14.75,14.76,14.53,14.63,25173,0
20151209,14.82,14.82,13.91,14.06,33500,0
20151210,13.87,14.05,13.4,13.69,20600,0
20151211,13.39,13.92,13.05,13.1,24700,0
20151214,13.21,13.75,12.45,12.48,46047,0
20151215,12.6,12.98,12.4,12.79,21400,0
20151216,13.31,13.31,12.47,12.66,16800,0
20151217,12.66,12.87,12.4,12.54,11900,0
20151218,12.55,12.69,12.37,12.37,32200,0
20151221,12.5,12.5,12.14,12.34,25700,0
20151222,12.24,12.33,12.14,12.17,12469,0
20151223,12.34,12.39,12.24,12.25,12000,0
20151224,12.25,12.35,12.19,12.25,33906,0
20151228,12.27,12.363,12.26,12.27,18096,0
20151229,12.28,12.45,12.25,12.27,16854,0
20151230,12.27,12.57,12.16,12.27,15712,0
20151231,12.25,13.02,12.2,12.22,14581,0
20160104,12.2,12.99,11.67,12.0762,12803,0
20160105,12.02,12.69,11.99,12.48,15148,0
20160106,12.75,12.75,11.77,11.91,36850,0
20160107,11.96,12.89,11.35,11.64,22478,0
20160108,11.66,12.06,10.95,11,21907,0
20160111,11.03,11.97,10.66,11.31,14698,0
20160112,11.37,11.85,10.81,10.9,7353,0
20160113,11.32,11.455,10.57,10.7,32943,0
20160114,10.79,11.2,10.6308,10.73,13104,0
20160115,10.48,11.06,10.3,10.32,25434,0
20160119,10.45,10.75,10.26,10.45,23900,0
20160120,10.52,10.52,9.8,10.31,30906,0
20160121,10.26,10.61,10.14,10.61,25040,0
20160122,10.74,11.61,10.738,11.44,11330,0
20160125,11.3318,11.35,10.84,10.87,13807,0
20160126,10.88,12,10.88,11.15,12904,0
20160127,11.21,11.28,10.89,11.19,11424,0
20160128,11.21,11.69,11.06,11.4,18572,0
20160129,11.62,11.99,10.9989,11.6,13062,0
20160201,11.28,11.78,11.24,11.6,19362,0
20160202,11.41,11.61,11.41,11.59,10702,0
20160203,11.68,11.68,11.37,11.57,21575,0
20160204,11.82,11.82,11.5,11.5,6913,0
20160205,11.7,11.7,11.25,11.36,7476,0
20160208,11.12,11.17,10.92,11.09,7447,0
20160209,11.45,11.45,10.72,10.73,10032,0
20160210,10.83,11.4,10.8,10.8,4618,0
20160211,10.75,11.15,10.67,10.71,4829,0
20160212,10.88,11.4,10.66,11.3,12227,0
20160216,11.35,11.35,10.99,11.1,20250,0
20160217,11.07,11.37,10.98,11.14,18447,0
20160218,11.01,11.255,11.01,11.06,12407,0
20160219,11.4599,11.4599,10.85,10.93,8221,0
20160222,11.14,11.47,11.06,11.15,7808,0
20160223,11.18,11.3,11.04,11.13,7722,0
20160224,11.11,11.34,11.1,11.3,21177,0
20160225,11.27,11.7799,11.26,11.4001,26447,0
20160226,11.51,11.99,11.51,11.68,27267,0
20160229,11.7982,12.489,11.7982,12.1,9584,0
20160301,12.3,12.5,12.3,12.46,3589,0
20160302,12.22,12.51,12.22,12.36,9466,0
20160303,12.34,12.96,11.81,11.87,14376,0
20160304,11.75,11.9965,11.66,11.69,6280,0
20160307,11.65,11.86,11.23,11.52,17951,0
20160308,11.68,11.9799,11.24,11.24,21297,0
20160309,10.6,10.6,9.6,9.85,127888,0
20160310,10.3,10.5,9.82,9.86,27395,0
20160311,10.402,10.4543,9.65,9.79,18827,0
20160314,9.71,9.71,9.197,9.33,27979,0
20160315,9.25,9.36,8.92,9.03,26448,0
20160316,9.18,9.53,9.09,9.1,30865,0
20160317,9.44,9.44,8.97,9.06,7838,0
20160318,9.51,10.99,9.16,9.46,32620,0
20160321,9.54,9.54,9.02,9.15,20516,0
20160322,9.03,9.4,8.87,8.88,9910,0
20160323,8.84,9,8.75,8.98,7998,0
20160324,8.85,9.04,8.76,8.79,5673,0
20160328,9.04,9.06,8.81,8.88,13115,0
20160329,9.25,9.25,8.88,8.99,12853,0
20160330,9.09,9.49,8.98,9.36,20986,0
20160331,9.25,9.41,9.06,9.06,9372,0
20160401,9.2,9.28,8.95,9.2,13244,0
20160404,9.2,9.42,9.2,9.4,8310,0
20160405,9.6892,10.018,9.4,9.52,10874,0
20160406,9.5,9.55,9.36,9.43,3613,0
20160407,9.2191,9.35,9.082,9.32,3156,0
20160408,9.146,9.86,9.146,9.86,15624,0
20160411,9.61,9.94,9.3901,9.51,20882,0
20160412,9.54,9.67,9.32,9.52,22792,0
20160413,9.51,9.69,9.42,9.43,14932,0
20160414,9.28,9.39,9.23,9.28,13062,0
20160415,9.48,9.48,9.19,9.29,8000,0
