Date,Open,High,Low,Close,Volume,OpenInt
20140723,5,5,4.15,4.28,1896261,0
20140724,4.28,4.38,4.02,4.15,179958,0
20140725,4.23,4.23,3.8,4.09,131339,0
20140728,4.09,4.34,3.64,3.89,106548,0
20140729,3.83,3.84,3.7,3.78,62864,0
20140730,3.67,4,3.67,3.87,112048,0
20140731,3.8,4,3.7,3.78,41741,0
20140801,3.84,3.89,3.69,3.75,24975,0
20140804,3.8,3.9,3.64,3.69,55399,0
20140805,3.59,3.645,3.43,3.5,57545,0
20140806,3.49,3.6,3.39,3.5,29652,0
20140807,3.27,3.44,3.27,3.44,62151,0
20140808,3.35,3.56,3.19,3.31,70951,0
20140811,3.5,3.58,3.21,3.31,57598,0
20140812,3.29,3.3899,3.23,3.31,14738,0
20140813,3.43,3.5299,3.3101,3.35,25742,0
20140814,3.39,3.42,3.34,3.4,11910,0
20140815,3.4,3.6,3.37,3.45,42972,0
20140818,3.42,3.45,3.3,3.32,19752,0
20140819,3.5,3.5,3.2,3.21,25646,0
20140820,3.38,3.38,3.01,3.07,35397,0
20140821,3.06,3.11,3,3.09,92632,0
20140822,3.06,3.09,3.05,3.09,9140,0
20140825,3.1,3.5,3.0501,3.45,142061,0
20140826,3.49,3.55,3.38,3.47,81444,0
20140827,3.5,3.5,3.11,3.13,95749,0
20140828,3.45,3.45,3.1406,3.19,26478,0
20140829,3.2,3.44,3.2,3.38,65828,0
20140902,3.4,3.55,3.36,3.39,64820,0
20140903,3.45,4.09,3.45,3.92,421989,0
20140904,3.86,3.92,3.62,3.77,84079,0
20140905,3.68,3.85,3.68,3.79,41569,0
20140908,3.87,4.185,3.79,3.97,95382,0
20140909,4.08,4.08,3.87,3.91,67291,0
20140910,3.98,3.98,3.835,3.88,27038,0
20140911,3.8,3.84,3.69,3.83,25403,0
20140912,3.8084,3.88,3.7,3.7615,13333,0
20140915,3.67,3.908,3.66,3.83,36601,0
20140916,3.76,3.9,3.7,3.74,19527,0
20140917,3.75,3.829,3.61,3.61,24175,0
20140918,3.66,3.749,3.55,3.64,52642,0
20140919,3.71,3.8,3.49,3.49,55448,0
20140922,3.5,3.516,3.14,3.4,41190,0
20140923,3.5,3.62,3.31,3.62,16607,0
20140924,3.63,3.74,3.35,3.61,15171,0
20140925,3.71,3.8,3.5101,3.73,12828,0
20140926,3.7,3.74,3.62,3.72,14204,0
20140929,3.75,3.76,3.56,3.69,3817,0
20140930,3.71,3.74,3.36,3.56,24038,0
20141001,3.6,3.61,3.59,3.59,17695,0
20141002,3.4901,3.515,3.49,3.51,4560,0
20141003,3.582,3.582,3.32,3.46,33670,0
20141006,3.48,3.48,3.26,3.28,9433,0
20141007,3.4,3.411,3.28,3.29,17259,0
20141008,3.26,3.35,3.25,3.35,11535,0
20141009,3.37,3.37,3.21,3.3,10737,0
20141010,3.21,3.309,3.2,3.23,13059,0
20141013,3.23,3.492,3.21,3.2236,19310,0
20141014,3.2,3.35,3.2,3.31,14249,0
20141015,3.16,3.369,3.16,3.34,11104,0
20141016,3.21,3.34,3.2,3.33,8528,0
20141017,3.35,3.4199,3.24,3.266,3620,0
20141020,3.45,3.54,3.29,3.29,11435,0
20141021,3.31,3.44,3.19,3.25,19191,0
20141022,3.27,3.45,3.27,3.31,11001,0
20141023,3.22,3.45,3.21,3.36,2198,0
20141024,3.25,3.3065,3.2201,3.2201,1874,0
20141027,3.23,3.35,3.21,3.3,7205,0
20141028,3.25,3.2558,3.16,3.17,8913,0
20141029,3.2,3.45,3.2,3.27,6758,0
20141030,3.2,3.27,3.2,3.2,9210,0
20141031,3.26,3.44,3.25,3.439,7900,0
20141103,3.49,3.49,3.29,3.38,4575,0
20141104,3.41,3.42,3.4,3.4,1957,0
20141105,3.26,3.45,3.2,3.31,31873,0
20141106,3.6,3.64,3.3501,3.45,27110,0
20141107,3.41,3.41,3.34,3.35,3300,0
20141110,3.4,3.43,3.26,3.31,15805,0
20141111,3.34,3.43,3.26,3.42,12915,0
20141112,3.25,3.4,3.25,3.25,18172,0
20141113,3.3,3.4,3.25,3.34,15316,0
20141114,3.3,3.48,3.29,3.35,17609,0
20141117,3.4,3.42,3.2,3.37,22720,0
20141118,3.37,3.38,3.22,3.31,10463,0
20141119,3.35,3.374,3.24,3.25,15353,0
20141120,3.25,3.25,3.21,3.21,12775,0
20141121,3.22,3.29,3.22,3.22,785,0
20141124,3.22,3.26,3.1,3.1,19686,0
20141125,3.1,3.25,3,3,6050,0
20141126,3.02,3.15,3.02,3.04,2972,0
20141128,3.09,3.24,3.04,3.06,12208,0
20141201,3.07,3.13,2.91,2.91,8900,0
20141202,2.87,3.26,2.58,2.95,23567,0
20141203,2.88,2.91,2.69,2.91,18089,0
20141204,2.83,2.92,2.8,2.8235,5795,0
20141205,2.88,2.88,2.69,2.73,5810,0
20141208,2.75,2.75,2.65,2.65,705,0
20141209,2.8399,2.8399,2.67,2.67,1404,0
20141210,2.6,2.81,2.6,2.65,9958,0
20141211,2.651,2.652,2.58,2.59,1803,0
20141212,2.58,2.7,2.32,2.33,12992,0
20141215,2.27,2.3175,2.02,2.03,21940,0
20141216,2.07,2.25,2.07,2.21,962,0
20141217,2.28,2.48,2.28,2.33,10344,0
20141218,2.41,2.49,2.3,2.31,9500,0
20141219,2.45,2.45,2.28,2.3,4425,0
20141222,2.41,2.58,2.2335,2.49,33643,0
20141223,2.4,2.65,2.344,2.49,35005,0
20141224,2.64,2.65,2.39,2.4,18566,0
20141226,2.4,2.45,2.37,2.37,5886,0
20141229,2.39,2.425,2.21,2.21,11780,0
20141230,2.25,2.37,2.22,2.32,12150,0
20141231,2.35,2.37,2.2,2.34,46436,0
20150102,2.4,2.88,2.4,2.74,3581,0
20150105,2.71,2.71,2.51,2.58,3843,0
20150106,2.6,3.06,2.6,2.73,21923,0
20150107,2.76,3.07,2.72,2.88,6660,0
20150108,3.05,3.05,2.62,2.96,6557,0
20150109,2.83,2.92,2.63,2.89,3264,0
20150112,2.72,2.9,2.7,2.73,5306,0
20150113,2.69,2.9999,2.69,2.765,6697,0
20150114,3,3,2.7001,2.82,24733,0
20150115,2.73,2.8617,2.62,2.64,6979,0
20150116,2.6,2.6,2.21,2.55,14213,0
20150120,2.5001,2.53,2.47,2.52,3089,0
20150121,2.5699,2.65,2.53,2.64,13568,0
20150122,2.68,2.68,2.68,2.68,406,0
20150123,2.415,2.75,2.19,2.65,18365,0
20150126,2.7099,2.7099,2.59,2.64,3615,0
20150127,2.7,2.7,2.5,2.5,1844,0
20150128,2.4238,2.6,2.3,2.38,6280,0
20150129,2.27,2.38,2.21,2.37,3105,0
20150130,2.485,2.485,2.3001,2.423,4011,0
20150202,2.4522,2.4522,2.2201,2.38,5548,0
20150203,2.39,2.39,2.271,2.35,3839,0
20150204,2.3368,2.39,2.1765,2.19,5881,0
20150205,2.201,2.39,2.201,2.39,8795,0
20150206,2.3799,2.38,2.36,2.3637,624,0
20150209,2.39,2.39,2.36,2.36,517,0
20150210,2.3201,2.3599,2.3201,2.33,1304,0
20150211,2.35,2.38,2.3,2.33,14154,0
20150212,2.3499,2.39,2.3499,2.3896,14113,0
20150213,2.37,2.39,2.359,2.39,10232,0
20150217,2.3101,2.39,2.3001,2.31,3342,0
20150218,2.39,2.39,2.33,2.33,50586,0
20150219,2.327,2.54,2.327,2.47,9988,0
20150220,2.51,2.6999,2.51,2.6999,4155,0
20150223,2.9799,2.989,2.7,2.88,69074,0
20150224,2.85,2.99,2.8285,2.975,4561,0
20150225,2.9399,3.22,2.8801,2.91,174434,0
20150226,2.9154,3.01,2.8001,2.92,12775,0
20150227,2.76,2.8101,2.61,2.64,42888,0
20150302,2.7,2.99,2.54,2.54,23800,0
20150304,2.59,2.67,2.4,2.67,6300,0
20150305,2.61,2.76,2.5,2.57,7100,0
20150306,2.67,2.91,2.61,2.73,2100,0
20150309,2.75,2.75,2.65,2.73,6100,0
20150310,2.93,2.93,2.62,2.74,3700,0
20150311,2.8,2.8,2.64,2.64,2300,0
20150312,2.69,2.79,2.5,2.54,9000,0
20150313,2.55,2.55,2.42,2.5,1300,0
20150316,2.44,2.59,2.44,2.55,8700,0
20150317,2.58,2.62,2.45,2.45,5500,0
20150318,2.46,2.63,2.45,2.47,3400,0
20150319,2.47,2.53,2.22,2.4,8800,0
20150320,2.34,2.51,2.25,2.39,18600,0
20150323,2.39,2.43,1.96,2.28,52500,0
20150324,2.07,2.6,2.07,2.53,69600,0
20150325,2.61,2.75,2.41,2.5,91900,0
20150326,2.44,2.73,2.4,2.41,85800,0
20150327,2.59,2.59,2.21,2.21,15300,0
20150330,2.39,2.39,2.19,2.19,6000,0
20150331,2.18,2.31,2.04,2.14,20500,0
20150401,2.2,2.2,2.03,2.03,7500,0
20150402,2.12,2.26,2.1,2.11,12600,0
20150406,2.11,2.17,2.11,2.12,2000,0
20150407,2.13,2.21,2.1,2.1999,23513,0
20150408,2.05,2.23,2.05,2.06,7700,0
20150409,2.06,2.08,2.05,2.05,1902,0
20150410,2.05,2.1,2.05,2.05,2000,0
20150413,2.05,2.05,1.96,2.05,24100,0
20150414,2.05,2.09,1.66,1.89,85500,0
20150415,1.9,1.96,1.75,1.89,39436,0
20150416,1.8499,1.98,1.8499,1.95,14580,0
20150417,1.99,2.01,1.84,1.99,6500,0
20150420,1.96,2.01,1.96,2.01,1734,0
20150421,1.9574,1.9574,1.94,1.94,820,0
20150422,1.76,1.9165,1.76,1.83,17616,0
20150423,1.83,1.9,1.83,1.9,10500,0
20150424,1.9,1.9,1.88,1.88,7200,0
20150427,1.9,1.96,1.88,1.91,12900,0
20150428,1.94,1.97,1.89,1.9,12100,0
20150429,1.93,2.03,1.93,2.03,9300,0
20150430,2.03,2.1,1.99,2.1,7100,0
20150501,2.07,2.2,2.03,2.15,13400,0
20150504,2.2,2.31,2.2,2.26,21300,0
20150505,2.09,2.3,2.09,2.17,3500,0
20150506,2.06,2.19,2.04,2.16,4068,0
20150507,2.0805,2.13,2.0201,2.11,2955,0
20150508,2.11,2.23,2.11,2.17,24000,0
20150511,2.12,2.14,2.12,2.14,200,0
20150512,2.1378,2.1378,2.04,2.04,637,0
20150513,2.03,2.15,2.03,2.15,12800,0
20150514,2.15,2.18,2.13,2.13,3900,0
20150515,2.0696,2.09,2.0696,2.09,500,0
20150518,2.03,2.12,2.01,2.09,2789,0
20150519,2.06,2.07,1.93,2,6800,0
20150520,2.17,2.17,1.97,2.03,2700,0
20150521,2.03,2.06,2.03,2.04,300,0
20150522,2,2.04,1.93,1.93,20700,0
20150526,1.93,1.95,1.93,1.93,3625,0
20150527,2.01,2.01,1.94,1.97,10500,0
20150528,1.93,1.99,1.79,1.905,11625,0
20150529,2,2.05,1.81,2.03,24100,0
20150601,2.07,2.09,2.04,2.08,1600,0
20150602,1.87,2.09,1.87,2.08,2253,0
20150603,2.04,2.04,2.04,2.04,100,0
20150604,1.99,1.99,1.99,1.99,800,0
20150605,1.96,2.07,1.96,2.07,1300,0
20150608,1.87,2.07,1.87,2.07,900,0
20150609,1.98,2.06,1.98,2.06,6334,0
20150610,2.06,2.15,2.05,2.05,11947,0
20150611,1.96,2.06,1.84,2,11301,0
20150612,1.94,2.02,1.87,1.92,13500,0
20150615,2.24,2.24,1.92,1.92,4800,0
20150616,2.01,2.01,2.01,2.01,500,0
20150617,1.97,2.25,1.96,2.25,3100,0
20150618,2.1,2.12,1.87,2.09,6800,0
20150619,1.92,1.98,1.92,1.98,200,0
20150622,1.89,1.98,1.85,1.98,2400,0
20150623,1.91,1.95,1.91,1.93,5314,0
20150624,1.9,1.97,1.9,1.96,2700,0
20150625,1.96,1.96,1.96,1.96,1400,0
20150626,1.8,1.8,1.8,1.8,1800,0
20150629,1.92,1.92,1.75,1.75,14900,0
20150630,1.73,1.904,1.73,1.8799,35419,0
20150706,1.82,1.93,1.82,1.9,9700,0
20150707,1.69,1.87,1.57,1.85,4500,0
20150708,1.72,1.84,1.72,1.73,1900,0
20150709,1.8,1.85,1.78,1.78,1900,0
20150710,1.83,1.83,1.83,1.83,100,0
20150713,1.75,1.75,1.75,1.75,100,0
20150715,1.8532,1.8532,1.8099,1.81,1759,0
20150716,1.85,1.99,1.68,1.99,48200,0
20150717,1.99,1.99,1.71,1.86,40300,0
20150720,1.74,1.84,1.74,1.84,200,0
20150721,1.76,1.84,1.76,1.84,400,0
20150722,1.81,1.83,1.67,1.8,10600,0
20150723,1.8,1.8,1.79,1.79,2000,0
20150724,1.77,2,1.76,1.95,26500,0
20150727,1.82,1.82,1.82,1.82,2100,0
20150728,1.9,2.48,1.9,2.37,44200,0
20150729,2.37,2.4,2.24,2.37,22300,0
20150730,1.97,2.43,1.97,2.25,1600,0
20150731,2.09,2.28,2.08,2.08,1200,0
20150803,2.05,2.2899,2.05,2.13,5666,0
20150804,2.2,2.26,1.92,2.1,15800,0
20150805,2.08,2.22,2.05,2.22,8600,0
20150806,2.1,2.35,2.091,2.35,15285,0
20150807,2.34,2.34,2.14,2.16,15200,0
20150810,2.3,2.3,2.08,2.14,14900,0
20150811,2.01,2.45,2.01,2.45,11527,0
20150812,2.45,2.45,2.22,2.23,22900,0
20150813,2.5,2.5,2.39,2.44,1900,0
20150814,2.16,2.26,2.1,2.1,2000,0
20150817,2.2,2.2,2.01,2.01,6800,0
20150820,2.06,2.08,2.05,2.08,9400,0
20150821,2.07,2.13,2.05,2.05,10900,0
20150824,2.05,2.06,1.38,1.75,48497,0
20150825,1.89,1.89,1.6,1.81,7000,0
20150826,1.77,1.77,1.62,1.75,1200,0
20150827,1.9,2.35,1.79,2.16,5300,0
20150828,2.13,2.15,1.97,2.09,2400,0
20150831,2.24,2.24,2.11,2.11,900,0
20150901,2.23,2.23,1.99,1.99,1500,0
20150902,1.98,2.19,1.84,1.84,1000,0
20150903,2.23,2.23,1.88,1.88,6700,0
20150904,1.8,1.95,1.8,1.95,4000,0
20150908,1.95,1.96,1.93,1.95,5200,0
20150909,1.94,1.94,1.8,1.85,1300,0
20150910,1.9,1.95,1.84,1.95,2619,0
20150911,2,2,1.9,1.9,1000,0
20150914,2,2.03,1.95,1.98,24200,0
20150915,2.1,2.12,2.09,2.12,600,0
20150916,2.02,2.02,1.93,2,8700,0
20150917,2,2,1.77,1.92,21400,0
20150918,1.8,2,1.61,1.86,19100,0
20150921,1.95,1.95,1.84,1.91,33600,0
20150922,1.83,1.86,1.83,1.86,1600,0
20150923,1.87,1.89,1.87,1.89,1200,0
20150925,1.68,1.93,1.68,1.93,6300,0
20150928,1.85,1.95,1.85,1.94,4415,0
20150929,1.75,1.85,1.71,1.71,5500,0
20150930,1.66,1.88,1.42,1.81,14100,0
20151001,1.89,1.89,1.22,1.24,13900,0
20151002,1.31,2.35,1.31,1.99,240100,0
20151005,2.14,2.15,1.989,1.989,41311,0
20151006,1.97,2.1,1.84,1.92,5500,0
20151007,1.84,2.09,1.77,2.02,16800,0
20151008,1.9,2.13,1.81,2.09,16200,0
20151009,1.94,1.99,1.94,1.99,1000,0
20151012,1.92,2,1.92,1.94,2212,0
20151013,1.94,1.94,1.85,1.89,4500,0
20151014,1.85,1.9,1.8,1.86,5900,0
20151015,1.8,1.8,1.75,1.8,13300,0
20151016,1.78,1.9,1.72,1.89,12800,0
20151019,1.84,1.85,1.79,1.85,1600,0
20151020,1.761,1.84,1.66,1.66,10893,0
20151021,1.7,1.76,1.5,1.53,10300,0
20151022,1.6,1.6,1.51,1.52,7600,0
20151023,1.65,1.65,1.65,1.65,100,0
20151026,1.63,1.67,1.54,1.54,600,0
20151027,1.51,1.6,1.51,1.52,2000,0
20151028,1.62,1.65,1.53,1.53,15200,0
20151029,1.53,1.57,1.53,1.56,1700,0
20151030,1.57,1.57,1.52,1.54,1800,0
20151102,1.54,1.57,1.54,1.55,819,0
20151103,1.55,1.55,1.54,1.55,4800,0
20151104,1.56,1.65,1.56,1.62,30864,0
20151105,1.59,1.69,1.59,1.69,3500,0
20151106,1.69,1.69,1.56,1.64,7800,0
20151109,1.6585,1.6585,1.58,1.642,1078,0
20151110,1.59,1.59,1.55,1.55,600,0
20151111,1.55,1.55,1.55,1.55,300,0
20151112,1.65,1.78,1.6,1.6,28300,0
20151113,1.75,1.75,1.63,1.63,3700,0
20151116,1.6,1.6,1.53,1.53,6300,0
20151117,1.51,1.51,1.44,1.44,1200,0
20151118,1.42,1.6,1.42,1.6,400,0
20151119,1.55,1.55,1.47,1.47,2700,0
20151120,1.47,1.57,1.43,1.43,3900,0
20151123,1.5,1.5,1.43,1.43,1700,0
20151124,1.43,1.46,1.42,1.42,4400,0
20151125,1.36,1.36,1.32,1.34,41700,0
20151127,1.4,1.44,1.33,1.35,11100,0
20151130,1.35,1.35,1.19,1.28,24600,0
20151201,1.18,1.5,1.18,1.42,26813,0
20151202,1.44,1.44,1.33,1.33,9452,0
20151203,1.34,1.365,1.34,1.35,6103,0
20151204,1.37,1.37,1.3,1.3,10400,0
20151207,1.24,1.24,1.17,1.18,64300,0
20151208,1.24,1.24,1.17,1.21,6202,0
20151209,1.21,1.21,1.16,1.2,6200,0
20151210,1.22,1.27,1.21,1.22,2500,0
20151211,1.2,1.2,1.17,1.18,1700,0
20151214,1.22,1.38,1.1,1.1,23036,0
20151215,1.13,1.3,1.13,1.27,20300,0
20151216,1.25,1.25,1.18,1.23,37000,0
20151217,1.18,1.35,1.18,1.23,281600,0
20151218,1.29,1.29,1.18,1.18,12000,0
20151221,1.23,1.23,1.17,1.2,8000,0
20151228,1.1695,1.22,1.1695,1.19,95462,0
20151229,1.18,1.2156,1.16,1.16,9877,0
20151230,1.18,1.18,1.0811,1.12,10172,0
20151231,1.136,1.2,1.091,1.2,22276,0
20160104,1.12,1.12,1.1,1.1,4397,0
20160105,1.04,1.07,1.02,1.07,9912,0
20160106,1.13,1.25,1.13,1.24,25524,0
20160107,1.26,1.26,1.11,1.16,18185,0
20160108,1.2001,1.2001,1.2,1.2,4250,0
20160111,1.1,1.1498,0.88,1.106,8937,0
20160112,1.145,1.145,1.1,1.1216,6736,0
20160113,1.1,1.131,0.9853,1.01,29166,0
20160114,1.014,1.09,1.014,1.03,3100,0
20160115,1.0401,1.05,1.04,1.04,3700,0
20160119,1.05,1.05,0.92,1.01,15100,0
20160120,0.91,1,0.91,1,1878,0
20160121,0.9501,0.97,0.9501,0.97,2400,0
20160122,0.9999,0.9999,0.99,0.9999,1500,0
20160125,0.95,1,0.91,0.94,4125,0
20160126,0.92,0.92,0.88,0.911,8402,0
20160127,0.8901,0.94,0.89,0.9133,1021,0
20160128,0.9233,0.9233,0.9133,0.92,1740,0
20160129,0.924,0.96,0.88,0.8996,11016,0
20160201,0.9399,0.9399,0.8801,0.8801,2900,0
20160202,0.9034,0.93,0.86,0.93,8051,0
20160203,0.91,1.24,0.9,1.212,85785,0
20160204,1.22,1.22,0.87,0.996,36975,0
20160205,1.0799,1.0799,1.0799,1.0799,500,0
20160208,0.955,1.006,0.955,0.98,1800,0
20160209,0.98,1.0576,0.98,1.01,4300,0
20160210,0.99,0.99,0.96,0.96,805,0
20160216,0.927,0.94,0.9,0.93,10900,0
20160217,0.9,0.9,0.7213,0.878,29510,0
20160218,0.878,0.95,0.878,0.89,30902,0
20160219,0.89,0.9787,0.89,0.89,5300,0
20160222,0.86,0.86,0.81,0.81,19856,0
20160223,0.82,0.82,0.7814,0.7814,25417,0
20160224,0.7913,0.85,0.7,0.75,435621,0
20160225,0.85,0.85,0.77,0.77,2137,0
20160226,0.78,0.8399,0.77,0.77,3800,0
20160229,0.77,0.85,0.77,0.77,38345,0
20160301,0.8,0.8879,0.678,0.8879,114027,0
20160302,0.8999,0.8999,0.71,0.7225,55215,0
20160303,0.7901,0.8589,0.7435,0.79,12066,0
20160304,0.8377,0.8999,0.8102,0.8102,12975,0
20160307,0.8887,0.8887,0.7602,0.7602,25544,0
20160308,0.888,0.888,0.6823,0.69,43213,0
20160309,0.699,0.88,0.699,0.79,39278,0
20160310,0.83,0.866,0.7,0.715,34498,0
20160311,0.69,0.82,0.69,0.7002,37269,0
20160314,0.75,0.8317,0.73,0.7502,30650,0
20160315,0.7,0.822,0.6814,0.78,55036,0
20160316,0.78,0.9312,0.78,0.93,76575,0
20160317,0.93,0.9782,0.815,0.89,45453,0
20160318,0.9,0.95,0.8252,0.89,53853,0
20160321,0.8499,0.88,0.84,0.88,7193,0
20160322,0.89,1.08,0.8805,1.02,66129,0
20160323,0.9851,1.0499,0.9602,1.0499,2074,0
20160324,1.08,1.23,0.995,1.1199,67280,0
20160328,1.17,1.17,1.0603,1.14,7275,0
20160329,1.17,1.17,1.07,1.11,14639,0
20160330,1.08,1.09,1.06,1.09,7600,0
20160331,1.1,1.1,1,1.02,25928,0
20160401,1.0501,1.0607,0.96,0.96,15801,0
20160404,0.98,1.1699,0.98,1.02,10330,0
20160405,1.05,1.06,0.97,0.9999,15695,0
20160406,0.99,1.01,0.9212,1,1524,0
20160407,1.005,1.03,0.8985,0.8985,38620,0
20160408,0.95,0.95,0.8811,0.91,2500,0
20160411,0.97,0.97,0.92,0.92,2389,0
20160412,0.9,0.9254,0.88,0.9254,18851,0
20160413,0.92,0.92,0.89,0.89,1200,0
20160414,0.92,0.95,0.88,0.9445,117195,0
20160415,0.96,0.9616,0.95,0.95,3000,0
