Date,Open,High,Low,Close,Volume,OpenInt
20150709,15.5,16,15.5,16,22600,0
20150710,16,16.1,15.95,16.1,79000,0
20150713,16,16.12,16,16.09,44100,0
20150714,15.79,16,15.79,15.81,6388,0
20150715,14.82,16,14.82,15.9,57006,0
20150716,15.94,15.95,15.7,15.8,7700,0
20150717,15.8,15.85,15.56,15.56,16000,0
20150720,15.5,16,15.4,15.51,4000,0
20150721,15.45,15.55,15.45,15.5,6300,0
20150722,15.5,15.6,14.75,15.36,17600,0
20150723,15.4,15.4,15.07,15.15,6400,0
20150724,15.01,15.08,14.8,14.87,10000,0
20150727,14.65,15,14.5,14.7,98300,0
20150728,14.79,14.8,14.5,14.5,50800,0
20150729,14.5,14.5,14.11,14.3,29600,0
20150730,14.25,14.5,14.1,14.32,74800,0
20150731,14.5,14.5,14.2,14.3,174700,0
20150803,14.13,14.3,13.8,13.8,155427,0
20150804,13.82,13.9,12.83,13.8,29800,0
20150805,13.79,13.8,13.06,13.79,38100,0
20150806,13.86,13.86,13.03,13.535,7846,0
20150807,13.4,13.49,13.02,13.29,101700,0
20150810,13.18,13.18,9.51,10.83,89200,0
20150811,10.74,10.74,8.99,9.14,666957,0
20150812,9.12,9.31,8.7,9.09,543200,0
20150813,9.17,9.75,9.05,9.32,35800,0
20150814,9.19,9.24,8.8,9.12,128000,0
20150817,9.25,9.25,8.75,8.9,275700,0
20150818,8.79,9.29,8.79,8.9,591900,0
20150819,9.04,9.04,8.79,8.9,166000,0
20150820,8.92,8.92,8.41,8.75,106700,0
20150821,8.6,8.6,7.15,8.32,76400,0
20150824,8,8.05,7.43,7.73,237035,0
20150825,8.3,8.39,7.7,7.82,309600,0
20150826,8.12,8.12,7.8,7.99,166400,0
20150827,7.99,8.25,7.97,8.06,66700,0
20150828,7.96,8.5,7.87,8.49,44700,0
20150831,8.52,9.07,8.39,8.59,288700,0
20150901,8.4,9.2,8.4,8.95,279300,0
20150902,9.07,9.08,8.61,8.7,30200,0
20150903,8.64,9,8.64,8.94,206900,0
20150904,8.87,8.95,8.76,8.91,206100,0
20150908,9.16,9.16,8.84,8.93,664200,0
20150909,9.03,9.12,8.8,8.86,743900,0
20150910,8.6,8.69,8.09,8.17,917694,0
20150911,8.38,8.5,8.22,8.34,385000,0
20150914,8.41,8.62,8.35,8.42,1136900,0
20150915,8.67,8.68,8.33,8.53,1337000,0
20150916,8.47,9.42,8.4,9.29,1576400,0
20150917,9.2,9.78,9.2,9.4,1052800,0
20150918,9.44,9.75,9.07,9.14,4598700,0
20150921,9.14,9.16,8.72,8.83,533500,0
20150922,8.75,9.06,8.58,8.94,507800,0
20150923,9,9.2,8.84,8.84,397300,0
20150924,8.76,8.87,8.58,8.68,448030,0
20150925,8.65,8.65,7.49,7.74,2050300,0
20150928,7.68,8.16,6.45,6.65,907285,0
20150929,6.61,7.07,6.21,6.33,1164700,0
20150930,6.45,6.53,6.32,6.51,758300,0
20151001,6.48,6.58,6.07,6.22,589900,0
20151002,6.15,6.57,6.1,6.56,290100,0
20151005,6.53,7.114,6.38,6.76,238211,0
20151006,6.55,6.72,6.1,6.63,986600,0
20151007,6.65,7,6.65,6.96,346400,0
20151008,6.91,7.81,6.5,6.64,1163700,0
20151009,6.64,6.82,6.22,6.62,290900,0
20151012,6.62,6.79,6.5,6.78,117817,0
20151013,6.76,6.97,6.64,6.72,175000,0
20151014,6.72,6.75,6.28,6.49,136400,0
20151015,6.55,6.83,6.24,6.81,269500,0
20151016,6.85,6.93,6.6,6.74,114400,0
20151019,6.74,6.85,6.5,6.62,113600,0
20151020,6.66,6.7,6.47,6.51,48671,0
20151021,6.57,6.58,6.4,6.49,123000,0
20151022,6.53,6.76,6.41,6.7,81100,0
20151023,6.8,7,6.73,6.79,128200,0
20151026,6.76,7.21,6.76,7.02,146500,0
20151027,7.01,7.03,6.8,6.85,95500,0
20151028,6.93,7.2,6.06,7,92800,0
20151029,7.12,7.12,6.73,6.9,93400,0
20151030,6.83,7.07,6.81,7.02,202000,0
20151102,7.01,7.49,6.91,7.18,238343,0
20151103,7.21,7.29,6.72,7.03,327900,0
20151104,7.1,7.1,6.77,6.93,110145,0
20151105,6.91,6.91,6.57,6.67,108100,0
20151106,6.74,6.75,6.4,6.67,60500,0
20151109,6.7,6.7,6.52,6.57,45648,0
20151110,6.52,6.52,6.33,6.5,91600,0
20151111,6.53,6.58,6.34,6.41,83100,0
20151112,6.36,6.39,6.17,6.27,85000,0
20151113,6.22,6.67,6.18,6.49,74600,0
20151116,6.47,6.49,6.29,6.38,147100,0
20151117,6.39,6.42,6.3,6.34,67500,0
20151118,6.33,6.77,6.3,6.72,173700,0
20151119,6.72,6.94,6.5,6.7,136900,0
20151120,6.67,6.91,6.56,6.74,78900,0
20151123,6.82,6.82,6.55,6.68,104300,0
20151124,6.69,6.83,6.54,6.79,84100,0
20151125,6.76,6.8,6.51,6.76,175500,0
20151127,6.66,6.75,6.66,6.72,26800,0
20151130,6.72,6.92,6.63,6.91,1046800,0
20151201,6.93,6.93,6.42,6.7,253783,0
20151202,6.66,6.81,6.54,6.66,146519,0
20151203,6.7,6.8,6.39,6.54,131364,0
20151204,6.52,6.53,6.18,6.24,76500,0
20151207,6.26,6.28,5.33,5.55,229300,0
20151208,5.56,5.7575,5.4,5.45,280322,0
20151209,5.46,5.61,4.9,4.95,347800,0
20151210,4.96,5.07,4.91,4.93,650000,0
20151211,4.88,5.01,4.43,4.69,550800,0
20151214,4.7,5.23,4.7,5.13,653624,0
20151215,5.15,5.26,4.94,5.1,548900,0
20151216,5,5.11,4.78,5.08,560900,0
20151217,5.11,5.34,4.91,4.94,417200,0
20151218,4.95,5.24,4.92,4.95,2690800,0
20151221,5,5.01,4.75,4.98,359200,0
20151222,5.01,5.04,4.67,4.94,301463,0
20151223,4.92,4.97,4.71,4.88,352600,0
20151224,4.88,4.99,4.85,4.9,85723,0
20151228,4.99,5,4.88,4.94,184200,0
20151229,5.02,5.08,4.9,5.01,189040,0
20151230,5.05,5.12,4.91,5.12,198755,0
20151231,5.09,5.17,5,5.05,273071,0
20160104,5.01,5.05,4.52,4.6,612186,0
20160105,4.68,4.8,4.41,4.49,297341,0
20160106,4.38,4.4792,4.014,4.13,832039,0
20160107,4.09,4.4941,3.88,3.98,349548,0
20160108,4.02,4.2,3.86,3.91,265333,0
20160111,3.95,4.16,3.76,3.92,391088,0
20160112,3.94,4,3.77,3.88,222470,0
20160113,3.9,4.04,3.63,3.69,233583,0
20160114,3.67,4.04,3.538,3.9,517673,0
20160115,3.82,3.92,3.43,3.66,358417,0
20160119,3.71,3.71,3.01,3.15,523100,0
20160120,3.05,3.35,3.05,3.32,387190,0
20160121,3.34,3.345,3.2,3.23,231949,0
20160122,3.27,3.45,3.15,3.36,312436,0
20160125,3.35,3.82,3.285,3.75,736919,0
20160126,3.75,3.85,3.67,3.76,328874,0
20160127,3.71,3.77,3.615,3.69,109953,0
20160128,3.72,3.72,3.58,3.59,87650,0
20160129,3.62,3.94,3.59,3.65,230103,0
20160201,3.64,3.82,3.59,3.71,368513,0
20160202,3.69,3.8,3.65,3.73,145157,0
20160203,3.72,3.86,3.65,3.71,195745,0
20160204,3.73,3.96,3.66,3.87,167372,0
20160205,3.85,4.05,3.75,3.79,162756,0
20160208,3.75,3.95,3.52,3.585,91122,0
20160209,3.54,3.63,3.44,3.49,103157,0
20160210,3.51,3.81,3.4,3.54,127127,0
20160211,3.45,3.6,3.41,3.59,78707,0
20160212,3.61,3.77,3.45,3.73,107945,0
20160216,3.8,3.94,3.51,3.79,185567,0
20160217,3.85,4.1,3.54,4.05,99357,0
20160218,4.09,4.2,3.89,3.98,85452,0
20160219,3.98,4.24,3.85,3.98,259887,0
20160222,4.07,4.28,4.01,4.1,256208,0
20160223,4.09,4.27,3.94,4.21,199031,0
20160224,4.0416,4.36,4.02,4.15,149972,0
20160225,4.13,4.66,4.11,4.49,248964,0
20160226,4.54,4.54,4.41,4.48,161821,0
20160229,4.45,5.67,4.055,5.3,932109,0
20160301,5.19,5.28,4.95,5.14,411348,0
20160302,5.13,5.24,4.71,5.11,406613,0
20160303,5.11,5.18,4.91,5.14,225653,0
20160304,5.02,5.02,4.61,4.82,494693,0
20160307,4.77,4.88,4.56,4.81,298148,0
20160308,4.81,4.99,4.71,4.89,316821,0
20160309,4.9,5.04,4.83,4.87,226353,0
20160310,4.93,5,4.85,4.88,343923,0
20160311,4.93,5.15,4.895,5.13,184201,0
20160314,5.07,5.55,4.9781,5.48,413938,0
20160315,5.33,5.5,5.17,5.2,257214,0
20160316,5.17,5.35,5,5.15,133671,0
20160317,5.15,5.49,5.14,5.19,223185,0
20160318,5.23,5.63,5.14,5.54,1001646,0
20160321,5.55,5.715,5.33,5.6,288201,0
20160322,5.56,5.6452,5.35,5.49,193866,0
20160323,5.47,5.58,5.31,5.4,167219,0
20160324,5.37,5.48,5.17,5.47,106987,0
20160328,5.49,5.69,5.41,5.51,226109,0
20160329,5.46,5.53,5.35,5.48,208316,0
20160330,5.55,5.62,5.42,5.5,312278,0
20160331,5.54,5.59,5.46,5.53,233562,0
20160401,5.53,5.605,5.42,5.51,348910,0
20160404,5.49,5.63,5.49,5.53,389177,0
20160405,5.47,5.65,5.4,5.5,282464,0
20160406,5.54,5.63,5.33,5.39,195935,0
20160407,5.39,5.495,5.21,5.25,179614,0
20160408,5.275,5.38,5.24,5.255,263785,0
20160411,5.3,5.48,5.1999,5.33,250462,0
20160412,5.31,5.36,5.24,5.32,249560,0
20160413,5.29,5.5,5.29,5.45,183653,0
20160414,5.42,5.54,5.42,5.5,130097,0
20160415,5.52,5.58,5.45,5.51,143373,0
