Date,Open,High,Low,Close,Volume,OpenInt
20150728,37,38.48,31.05,34.64,12758700,0
20150729,34.85,37.5,33.6,34.99,2027100,0
20150730,34.55,34.85,31.5,31.5,1124700,0
20150731,31.5,32,30.16,30.6,700800,0
20150803,32.6,32.69,27.5,27.66,1450067,0
20150804,27.6,30,27.1,30,725200,0
20150805,30.49,32.13,29.11,31.48,489200,0
20150806,31.97,31.97,28.12,28.96,575593,0
20150807,29,30,28.01,28.45,684700,0
20150810,29.05,29.25,25.55,27.01,793800,0
20150811,26.75,26.955,24.68,25.35,582582,0
20150812,24.9,25.2,23.25,24.7,869500,0
20150813,24.22,24.98,22.86,23.15,614000,0
20150814,22.66,23.95,21.64,22.6,462300,0
20150817,22.35,23,20.78,21.91,488200,0
20150818,22.3,24.75,21.33,23.74,1001800,0
20150819,23.25,26.13,22.74,25.88,639300,0
20150820,25.62,28,24.7,25.12,600800,0
20150821,24.8,24.87,22.6,23.8,530700,0
20150824,20.51,23.74,18,21.9,628804,0
20150825,22.74,23.74,20.53,20.83,403700,0
20150826,22.06,22.92,18.8,19.3,580000,0
20150827,19.55,20.91,19.39,19.51,544800,0
20150828,19.4,19.97,18.3,18.56,639000,0
20150831,18.68,18.98,17.06,17.12,595700,0
20150901,16.95,18.73,15.97,18.55,688500,0
20150902,19.04,19.74,17.64,19.4,579300,0
20150903,19.48,21.4,18.67,19.01,612400,0
20150904,18.99,19.46,18.72,18.86,218900,0
20150908,19.39,19.42,18.4,19.03,384700,0
20150909,19,19.46,18.06,18.39,318400,0
20150910,18.14,18.86,17.8,17.98,239123,0
20150911,17.89,18.36,17.57,18.13,234200,0
20150914,18.29,18.29,17.27,17.59,276800,0
20150915,17.46,18.25,16.95,18.15,230200,0
20150916,18.32,18.96,18.2,18.91,330000,0
20150917,18.9,19.32,18.43,18.92,274700,0
20150918,18.76,19.87,18.52,19.48,591000,0
20150921,19.45,19.48,18.4,18.55,347600,0
20150922,18.42,18.42,17.27,17.88,377600,0
20150923,17.98,18.26,17.16,17.23,238900,0
20150924,17.15,17.45,16.69,16.99,223985,0
20150925,16.96,17.48,15.34,16.1,304500,0
20150928,15.75,15.85,12.75,13.1,685083,0
20150929,13.03,13.38,11.03,11.39,675800,0
20150930,11.75,12.99,10.87,11.46,1880200,0
20151001,11.47,12.04,10.44,11.06,730600,0
20151002,10.7,12.23,10.58,12.23,758800,0
20151005,12.52,12.74,11.17,12.01,582087,0
20151006,12.06,12.06,10.7,11.55,581000,0
20151007,11.43,13.62,11.39,13.45,596800,0
20151008,13.45,13.71,12.87,13.3,633100,0
20151009,13.4,13.7,12.73,13.09,556400,0
20151012,13.19,13.489,12.1,12.16,373073,0
20151013,12.06,12.32,11.62,11.82,223900,0
20151014,11.9,12.08,10.75,11.46,338200,0
20151015,11.56,12.78,11.26,12.77,354100,0
20151016,12.88,13.02,12.27,12.71,249500,0
20151019,12.71,13.29,12.31,12.65,340800,0
20151020,12.59,12.95,12.3,12.37,243678,0
20151021,12.35,12.73,11.78,12.01,281600,0
20151022,12.06,12.21,10.7,10.94,618900,0
20151023,11.27,11.33,10.1,10.66,775100,0
20151026,10.91,10.97,10.17,10.75,247300,0
20151027,10.93,11.07,10.27,11.03,307300,0
20151028,11.13,12.25,10.77,11.98,640500,0
20151029,11.95,12.54,11.75,12.07,300000,0
20151030,12.2,12.36,11.3,11.9,437100,0
20151102,12,13,11.93,12.88,271205,0
20151103,13,15.56,13,15.45,911400,0
20151104,15.95,18.17,15.19,17.86,1223524,0
20151105,17.72,19.43,17.25,17.89,1074400,0
20151106,17.82,18.82,16.67,17.19,497400,0
20151109,17.01,18.83,16.43,18.22,501745,0
20151110,18.07,18.49,16.96,17.13,319500,0
20151111,17.13,17.35,15.25,16.25,482200,0
20151112,16.88,18.3,16.3,17.2,546100,0
20151113,17.09,17.32,15.31,15.68,433600,0
20151116,15.6,16.5,14.9,15.72,319400,0
20151117,15.87,16.3,14.46,14.7,443800,0
20151118,14.92,15.83,14.51,15.71,346900,0
20151119,15.58,16.04,15.11,15.54,155000,0
20151120,15.63,16.25,15.33,15.77,156400,0
20151123,15.8,15.99,15.36,15.42,187100,0
20151124,15.21,15.79,15.07,15.74,301300,0
20151125,15.8,17.9,15.8,16.62,677500,0
20151127,16.62,16.71,16.14,16.3,108600,0
20151130,16.49,16.49,15.76,16.31,404200,0
20151201,16.51,16.76,16.1,16.49,277409,0
20151202,16.61,17.85,16.42,17.14,466144,0
20151203,17.32,17.71,15.67,15.99,491845,0
20151204,16,16.07,14.27,15.51,470700,0
20151207,15.63,15.92,14.51,15.86,412900,0
20151208,15.74,16.47,15.26,15.94,333813,0
20151209,15.71,15.88,14.65,15.45,428200,0
20151210,15.31,15.72,15.06,15.66,254500,0
20151211,15.33,15.4,14.62,15.06,269000,0
20151214,15.34,16.35,14.98,16.22,646657,0
20151215,16.4,17.57,16.1,17.48,676800,0
20151216,17.61,18.2,16.89,17.69,562400,0
20151217,17.71,17.96,15.58,15.67,636900,0
20151218,15.58,16.28,15.15,15.67,3208000,0
20151221,15.81,15.99,15.17,15.89,256000,0
20151222,16.7,16.7,15.78,16.22,326931,0
20151223,16.32,17.45,15.96,17.15,331400,0
20151224,17.3,17.47,16.78,16.96,112358,0
20151228,16.8,17.02,16.24,16.79,176469,0
20151229,16.86,17.26,16.8,17.23,198810,0
20151230,17.13,18.74,17.13,18.52,469273,0
20151231,18.48,18.48,17.21,17.33,276053,0
20160104,16.9,16.9,15.54,15.75,507932,0
20160105,15.82,16.25,15.6,15.63,267790,0
20160106,15.4,15.49,14.72,15.04,458228,0
20160107,14.75,14.75,12.88,12.96,519640,0
20160108,13.17,13.92,13,13.78,567152,0
20160111,14.5,14.5,12.3501,13.54,866158,0
20160112,13.67,14.35,13.14,13.76,362843,0
20160113,13.89,14.23,11.83,11.91,455615,0
20160114,11.95,13.16,11.1201,12.91,433586,0
20160115,12.1,12.9,11.6,12.45,381308,0
20160119,12.67,12.77,11.33,11.63,461200,0
20160120,11.64,12.71,10.75,12.48,608268,0
20160121,12.59,13.09,12,12.37,289218,0
20160122,12.75,12.94,12.21,12.68,232435,0
20160125,12.67,13.31,12.17,12.24,535180,0
20160126,12.34,12.34,11.01,11.99,422378,0
20160127,12.02,12.04,10.75,10.75,479697,0
20160128,11.11,11.16,10.24,10.3,372486,0
20160129,10.27,11.03,10,10.3,473017,0
20160201,10.31,10.42,9.65,9.75,372383,0
20160202,9.63,9.65,8.9,9.03,317692,0
20160203,9.05,9.06,8.01,8.55,711890,0
20160204,8.55,9.08,8.31,8.5,535710,0
20160205,8.36,8.56,7.81,7.84,504796,0
20160208,7.52,7.92,6.34,6.78,1035624,0
20160209,6.7,7.0834,6.32,6.8,601142,0
20160210,6.82,7.345,6.15,6.36,600792,0
20160211,6.15,6.6,6.1,6.33,452836,0
20160212,6.39,6.83,6.21,6.5,408116,0
20160216,6.81,7.81,6.51,7.6,715300,0
20160217,7.86,7.99,7.52,7.76,480354,0
20160218,7.76,7.99,7.27,7.5,398364,0
20160219,7.45,8.49,7.09,8.14,436312,0
20160222,8.32,8.38,7.7,7.84,289719,0
20160223,7.71,7.76,7.25,7.35,217554,0
20160224,7.26,7.54,7.05,7.47,191026,0
20160225,7.41,7.4545,7.02,7.16,181600,0
20160226,7.28,7.51,7.08,7.41,173032,0
20160229,7.4,7.62,6.82,6.88,251409,0
20160301,6.95,7.45,6.74,7.13,418788,0
20160302,7.12,7.94,7.1,7.81,515356,0
20160303,7.89,7.92,7.38,7.6,281089,0
20160304,7.59,9.05,7.45,8.87,613521,0
20160307,8.96,10.3,8.77,9.61,843814,0
20160308,9.61,9.75,8.78,9.15,306189,0
20160309,9.21,9.21,8.36,8.94,203656,0
20160310,9,9.29,8.21,8.45,273504,0
20160311,7.99,8.75,7.577,8.17,685296,0
20160314,8.2,8.63,8.11,8.37,386437,0
20160315,8.19,8.27,7.53,7.7,302742,0
20160316,7.6,7.92,7.37,7.55,306538,0
20160317,7.57,7.605,7.17,7.22,439197,0
20160318,7.24,7.45,6.91,7.27,940017,0
20160321,7.2,8.183,7.1,8.05,423166,0
20160322,8.02,8.68,8,8.67,394139,0
20160323,8.6,8.99,8.3448,8.6,444451,0
20160324,8.35,8.45,7.79,8.1,475000,0
20160328,8.14,8.78,7.86,8.61,196050,0
20160329,8.31,8.55,7.89,8.5,380792,0
20160330,8.42,8.89,8.09,8.21,263495,0
20160331,8,8.61,8,8.22,258240,0
20160401,8.12,8.65,7.99,8.63,420528,0
20160404,8.6,9.89,8.53,9.72,576556,0
20160405,9.58,9.7,8.66,8.7,369001,0
20160406,8.72,9.59,8.71,9.56,567398,0
20160407,9.4,9.85,9.22,9.53,349036,0
20160408,9.72,9.72,8.6,8.93,347807,0
20160411,8.84,9.04,8.56,8.75,168384,0
20160412,8.63,9.11,8.52,8.99,111169,0
20160413,9.05,9.39,8.93,9.29,251408,0
20160414,9.16,10.09,9.16,10.04,366931,0
20160415,9.98,10.04,9.405,9.82,309071,0
