Date,Open,High,Low,Close,Volume,OpenInt
20130528,19.413,20.37,16.392,19.174,18962,0
20130529,18.419,19.117,17.416,17.416,7347,0
20130530,17.387,17.387,13.439,16,91005,0
20130531,15.361,16.737,15.361,15.628,55613,0
20130603,15.608,16.009,13.076,14.816,142417,0
20130604,14.797,14.797,12.255,12.694,197916,0
20130605,12.703,12.703,11.901,11.91,155660,0
20130606,11.91,12.493,11.813,12.301,146230,0
20130607,12.34,13.486,12.139,13.085,49116,0
20130610,13.095,13.678,12.856,13.545,45123,0
20130611,12.933,14.003,12.836,13.085,37801,0
20130612,13.793,13.793,12.043,13.515,39860,0
20130613,13.325,14.003,13.191,13.793,52981,0
20130614,13.813,14.023,13.383,13.706,18696,0
20130617,13.869,13.964,12.76,12.961,57248,0
20130618,12.942,15.264,12.904,14.788,53920,0
20130619,14.74,16.145,13.706,15.925,61642,0
20130620,15.772,17.798,15.772,17.587,107417,0
20130621,17.548,17.831,16,16.107,218383,0
20130624,16.009,16.009,15.307,15.381,59577,0
20130625,15.503,15.93,15.232,15.437,16261,0
20130626,15.437,16.479,15.437,15.99,32115,0
20130627,15.971,16.699,15.971,16.556,8731,0
20130628,16.575,17.206,16.097,17.206,437846,0
20130701,16.824,17.138,15.723,16.42,15697,0
20130702,16.346,16.346,15.695,16.058,11745,0
20130703,16.058,16.058,15.868,16.049,30513,0
20130705,17.196,17.196,16.356,16.489,12316,0
20130708,16.356,16.499,16.019,16.172,11019,0
20130709,16.21,16.67,15.503,16.327,15315,0
20130710,16.269,16.579,16.269,16.356,8557,0
20130711,16.43,16.622,16.318,16.42,14084,0
20130712,16.356,16.612,16.19,16.382,8750,0
20130715,16.382,16.995,16.127,16.805,16918,0
20130716,16.88,17.445,16.88,17.025,21398,0
20130717,17.167,17.616,16.89,17.206,14189,0
20130718,17.3,17.64,17.015,17.235,9861,0
20130719,17.235,17.445,16.928,17.3,27975,0
20130722,17.015,17.235,16.87,17.099,16278,0
20130723,17.273,17.635,17.128,17.291,58635,0
20130724,17.206,17.502,17.015,17.186,24154,0
20130725,17.128,17.206,17.044,17.167,35869,0
20130726,17.005,17.319,17.005,17.157,25351,0
20130729,17.109,17.387,17.08,17.109,3976,0
20130730,17.255,17.329,17.062,17.206,8344,0
20130731,17.206,17.263,17.015,17.186,16564,0
20130801,17.206,17.206,17.015,17.196,13515,0
20130802,17.138,17.159,16.137,16.832,30812,0
20130805,16.689,17.034,15.361,17.015,19976,0
20130806,16.995,17.684,16.898,17.406,21560,0
20130807,17.225,17.387,16.679,17.176,10195,0
20130808,17.206,17.215,16.356,16.765,9083,0
20130809,16.709,17.176,16.709,16.966,1026,0
20130812,16.727,16.727,15.705,16.64,5355,0
20130813,16.814,16.918,16.556,16.737,5702,0
20130814,16.594,16.947,16.382,16.594,13241,0
20130815,16.575,16.966,15.971,16.365,24484,0
20130816,16.249,16.489,15.475,15.6,21730,0
20130819,15.925,15.925,15.246,15.513,8212,0
20130820,15.072,15.907,14.994,15.638,10897,0
20130821,15.561,16.19,15.554,15.608,9114,0
20130822,15.561,16.019,15.322,16.019,7448,0
20130823,15.99,16.337,15.591,15.877,9965,0
20130826,14.911,16.346,14.862,15.897,14396,0
20130827,15.752,16.029,14.711,15.772,18978,0
20130828,15.752,16.22,15.332,15.677,7963,0
20130829,15.608,16.097,15.552,15.809,18474,0
20130830,15.819,16.117,15.571,15.667,33470,0
20130903,15.79,16.318,15.532,15.887,6176,0
20130904,15.934,16.2,15.532,16.137,26904,0
20130905,16.097,16.181,15.677,15.79,11082,0
20130906,16.2,16.2,14.681,15.371,37301,0
20130909,15.493,16.058,15.254,15.799,17722,0
20130910,15.877,16.155,15.264,15.581,12462,0
20130911,15.371,15.686,15.227,15.227,5899,0
20130912,14.96,15.522,14.96,15.227,19993,0
20130913,15.292,16.518,15.141,16.392,17764,0
20130916,16.44,16.737,15.292,15.437,15421,0
20130917,15.484,15.907,15.092,15.371,9082,0
20130918,15.409,16.155,15.322,16.127,5060,0
20130919,16.097,16.097,15.542,15.887,6504,0
20130920,15.877,16.259,15.292,16.078,21729,0
20130923,15.733,16.65,15.733,16.508,12648,0
20130924,16.401,16.928,16.058,16.66,13274,0
20130925,16.679,16.775,16.278,16.775,6381,0
20130926,16.747,17.215,16.566,16.986,11013,0
20130927,16.88,17.807,16.575,17.225,9416,0
20130930,17.206,18.007,17.206,17.998,29084,0
20131001,17.961,18.016,17.474,17.816,10670,0
20131002,17.749,17.768,17.377,17.474,10357,0
20131003,17.713,17.713,17.089,17.206,7721,0
20131004,17.119,17.684,16.966,17.255,25681,0
20131007,17.109,17.255,16.66,16.824,11613,0
20131008,16.938,17.089,16.298,16.469,13809,0
20131009,16.556,17.206,16.556,17.062,15065,0
20131010,17.206,17.235,16.757,17.196,11613,0
20131011,17.206,17.215,16.727,17.206,30653,0
20131014,17.109,17.206,16.622,17.196,18727,0
20131015,17.109,17.206,16.631,17.005,10357,0
20131016,17.109,17.206,16.918,17.167,16947,0
20131017,16.689,17.138,16.689,17.044,7743,0
20131018,16.709,17.206,16.709,17.196,25840,0
20131021,17.109,17.816,16.785,17.291,20505,0
20131022,17.282,17.626,17.206,17.587,11300,0
20131023,17.597,17.597,17.128,17.521,11717,0
20131024,17.319,18.075,17.319,17.778,14891,0
20131025,17.845,18.085,17.109,17.845,14124,0
20131028,17.875,18.133,17.655,17.778,12450,0
20131029,17.759,18.143,17.759,17.932,16321,0
20131030,17.493,17.961,16.824,17.109,19982,0
20131031,17.282,17.3,16.575,16.765,12097,0
20131101,16.718,16.832,15.4,16.21,54506,0
20131104,16.078,16.469,15.809,15.907,16007,0
20131105,16.117,16.117,15.283,15.971,11717,0
20131106,16.107,16.288,16.058,16.058,6787,0
20131107,15.877,16.172,15.332,15.427,17262,0
20131108,15.418,16.299,15.418,16.21,10850,0
20131111,16.155,16.163,15.657,15.657,10252,0
20131112,15.657,15.943,15.283,15.713,10567,0
20131113,15.302,15.686,15.254,15.686,10462,0
20131114,15.591,15.897,15.082,15.322,8895,0
20131115,15.273,15.868,15.079,15.868,14155,0
20131118,15.858,16.107,15.341,15.628,12346,0
20131119,15.6,16.117,15.302,16.117,15170,0
20131120,16.107,16.337,15.907,16.337,10462,0
20131121,16.019,16.824,16,16.709,11927,0
20131122,16.66,16.918,16.107,16.537,14437,0
20131125,16.269,16.832,16.068,16.689,13184,0
20131126,14.998,17.396,14.998,17.206,12346,0
20131127,17.235,18.162,16.918,17.845,30718,0
20131129,18.046,18.046,17.186,17.502,8880,0
20131202,17.483,17.797,16.66,17.255,14146,0
20131203,17.176,17.445,16.747,16.995,59214,0
20131204,17.148,17.206,16.327,16.43,22910,0
20131205,16.382,16.727,15.628,16.009,9519,0
20131206,16.107,16.537,15.686,16.469,5963,0
20131209,16.527,16.679,16.249,16.64,10462,0
20131210,16.795,16.795,15.752,16.088,44359,0
20131211,16.155,16.155,15.561,15.838,8105,0
20131212,15.341,15.809,15.209,15.447,58900,0
20131213,15.484,15.828,15.2,15.809,78359,0
20131216,15.868,16.489,15.475,16.249,18517,0
20131217,16.2,16.727,15.713,16.709,17994,0
20131218,16.269,17.206,16.198,17.196,19544,0
20131219,17.138,17.138,16.566,16.566,11090,0
20131220,16.537,17.138,16.392,16.805,69049,0
20131223,16.898,17.196,16.747,17.034,8161,0
20131224,17.157,17.396,17.138,17.206,3584,0
20131226,17.319,17.387,17.319,17.347,3556,0
20131227,17.426,17.454,16.908,17.357,6148,0
20131230,17.538,17.635,17.235,17.502,6971,0
20131231,17.548,18.162,17.548,17.989,20087,0
20140102,17.635,18.162,17.635,17.694,9214,0
20140103,17.722,17.722,17.225,17.406,4627,0
20140106,17.607,18.016,17.396,17.971,9686,0
20140107,17.961,18.162,17.568,17.768,9519,0
20140108,17.635,17.684,16.22,16.947,13809,0
20140109,16.775,17.034,16.249,16.575,4080,0
20140110,16.594,16.718,16.068,16.718,11051,0
20140113,16.64,17.119,15.532,15.916,13077,0
20140114,15.962,16.373,15.848,16.22,7605,0
20140115,16.2,16.327,15.695,16.2,12346,0
20140116,16.097,16.259,15.6,15.6,12659,0
20140117,15.618,18.133,15.292,15.292,19250,0
20140121,13.191,15.657,13.191,15.381,12114,0
20140122,15.273,15.971,15.273,15.733,13186,0
20140123,15.581,15.581,14.872,15.141,20923,0
20140124,15.008,15.723,14.979,15.102,16425,0
20140127,14.862,15.246,14.548,14.96,15902,0
20140128,14.931,15.102,14.816,14.901,23642,0
20140129,14.891,14.891,14.194,14.194,12550,0
20140130,14.356,14.989,14.233,14.824,28855,0
20140131,14.558,14.701,14.337,14.337,13182,0
20140203,14.911,14.911,13.144,13.697,43075,0
20140204,14.291,14.309,13.735,14.081,14003,0
20140205,14.223,14.347,13.583,13.687,17358,0
20140206,13.773,13.898,13.477,13.649,12245,0
20140207,13.735,13.945,13.344,13.535,22595,0
20140210,13.593,13.888,13.038,13.459,26121,0
20140211,13.697,14.089,13.622,13.994,15109,0
20140212,14.146,14.548,13.735,14.347,16089,0
20140213,14.165,14.72,13.492,14.633,16827,0
20140214,14.663,15.264,14.491,14.663,13888,0
20140218,14.53,15.146,14.434,14.97,54928,0
20140219,14.911,15.705,14.778,15.361,22245,0
20140220,15.447,15.772,14.921,15.571,14788,0
20140221,15.925,16.346,15.667,16.019,31554,0
20140224,15.953,16.479,15.819,16.278,11714,0
20140225,16.2,16.21,15.552,16.009,18115,0
20140226,16.088,16.679,16.019,16.346,14862,0
20140227,16.356,16.365,16.2,16.365,7028,0
20140228,15.532,17.225,15.532,16.727,22741,0
20140303,16.575,17.015,16.058,17.015,15977,0
20140304,17.206,18.592,16.995,18.276,47649,0
20140305,18.171,18.171,17.662,17.884,16892,0
20140306,17.924,18.725,17.684,18.237,13876,0
20140307,18.227,18.333,17.826,17.961,14660,0
20140310,17.875,18.046,17.684,17.971,9856,0
20140311,17.971,18.095,17.538,17.722,23940,0
20140312,17.703,18.237,15.2,18.046,15048,0
20140313,18.065,18.065,17.483,17.684,66664,0
20140314,17.836,17.989,17.157,17.206,14013,0
20140317,16.737,17.3,16.737,17.119,10294,0
20140318,16.737,17.262,16.737,17.123,8019,0
20140319,16.785,16.995,16.143,16.765,10531,0
20140320,16.67,16.87,16.249,16.727,18797,0
20140321,16.832,16.832,16.155,16.259,24668,0
20140324,16.229,16.298,15.623,15.907,20405,0
20140325,15.809,16.87,15.809,16.852,18267,0
20140326,16.995,17.157,15.332,16.2,36617,0
20140327,16.288,16.795,15.527,15.705,12898,0
20140328,15.677,16.346,15.628,15.723,7846,0
20140331,15.868,16.42,15.713,15.858,28285,0
20140401,16.155,16.44,15.705,16.009,15707,0
20140402,16.039,16.039,15.772,15.897,6419,0
20140403,15.962,16.078,15.513,15.742,11221,0
20140404,15.925,16.249,15.484,15.503,18436,0
20140407,15.819,15.981,15.351,15.427,13798,0
20140408,15.907,15.907,15.493,15.542,14364,0
20140409,15.657,15.887,15.491,15.638,12027,0
20140410,15.493,15.695,14.778,14.834,27427,0
20140411,14.615,15.552,14.596,14.853,15600,0
20140414,15.035,15.771,14.97,15.102,12865,0
20140415,15.2,15.432,15.072,15.302,7525,0
20140416,15.475,15.493,15.121,15.273,15477,0
20140417,15.16,15.522,15.16,15.437,14683,0
20140421,15.447,15.953,15.447,15.686,7770,0
20140422,15.762,16,15.624,15.828,7860,0
20140423,15.733,15.838,15.361,15.437,17407,0
20140424,15.6,15.6,15.16,15.341,11493,0
20140425,15.17,15.341,15.102,15.227,12449,0
20140428,15.4,15.608,15.227,15.361,8643,0
20140429,15.493,15.493,15.2,15.246,9084,0
20140430,15.141,15.2,15.053,15.063,10858,0
20140501,14.816,15.254,14.108,14.615,30168,0
20140502,14.882,15.322,14.643,14.872,17993,0
20140505,14.691,15.035,14.337,14.605,10740,0
20140506,14.452,14.633,13.908,13.908,30629,0
20140507,14.118,14.577,14.003,14.337,14124,0
20140508,14.375,14.844,14.118,14.291,19806,0
20140509,14.53,14.901,14.214,14.901,22208,0
20140512,14.931,15.79,14.931,15.79,24553,0
20140513,15.677,15.742,14.816,14.816,32607,0
20140514,14.853,15.018,14.091,14.194,26812,0
20140515,14.175,14.404,13.842,13.86,18276,0
20140516,13.842,14.701,13.383,14.223,42374,0
20140519,14.155,14.155,13.593,14.061,11450,0
20140520,13.954,13.954,13.383,13.735,28777,0
20140521,13.659,13.86,13.419,13.506,23207,0
20140522,13.525,13.822,13.439,13.687,11262,0
20140523,13.602,13.86,13.554,13.687,23163,0
20140527,13.622,14.681,13.535,14.663,22405,0
20140528,14.663,14.834,14.395,14.395,7372,0
20140529,14.759,14.759,14.347,14.414,6308,0
20140530,14.482,15.283,14.274,14.385,22978,0
20140602,14.5,14.806,14.023,14.347,11970,0
20140603,14.318,14.438,13.649,13.687,10049,0
20140604,13.962,13.962,12.461,12.465,48021,0
20140605,12.904,13.631,12.569,13.411,34415,0
20140606,13.545,14.047,12.978,13.238,18135,0
20140609,13.285,13.798,12.99,13.104,18523,0
20140610,13.496,13.545,12.79,13.383,28144,0
20140611,13.229,13.267,12.712,13.057,20620,0
20140612,12.961,13.191,12.694,12.924,13466,0
20140613,13.018,13.569,12.694,12.731,13029,0
20140616,12.856,13.378,12.465,13.018,61742,0
20140617,12.99,13.668,12.768,13.424,28164,0
20140618,13.238,13.745,13.134,13.564,8359,0
20140619,13.706,14.194,13.554,14.042,28846,0
20140620,14.175,14.672,14.003,14.136,41685,0
20140623,14.136,14.136,13.334,13.419,17310,0
20140624,13.596,14.313,13.354,13.525,14885,0
20140625,13.506,14.071,13.392,13.898,13149,0
20140626,13.878,13.878,13.383,13.496,17724,0
20140627,13.364,14.575,13,13.153,164050,0
20140630,13.364,13.74,12.76,13.373,16091,0
20140701,13.373,13.745,13.209,13.383,28569,0
20140702,13.334,13.392,13.114,13.163,11507,0
20140703,13.191,13.344,13.047,13.334,6642,0
20140707,13.124,13.238,13.01,13.01,18860,0
20140708,12.933,13.429,12.79,13.2,22656,0
20140709,13.315,13.315,13,13.144,9372,0
20140710,12.818,13.267,12.818,12.961,18511,0
20140711,13,13.401,12.904,13.2,18253,0
20140714,13.285,13.373,13.172,13.172,7942,0
20140715,13.095,13.602,12.99,13.153,19765,0
20140716,13.276,13.593,13,13.085,16020,0
20140717,13.325,13.573,12.598,12.75,27576,0
20140718,12.809,13.401,12.207,13.364,24101,0
20140721,13.325,13.593,13.028,13.191,16728,0
20140722,13.248,13.793,13.248,13.706,15508,0
20140723,13.803,14.071,13.649,13.716,13164,0
20140724,13.659,14.146,13.047,13.057,11163,0
20140725,12.914,13.622,12.804,12.818,23465,0
20140728,12.904,13.085,12.828,12.904,5251,0
20140729,12.98,13.047,12.885,12.942,8615,0
20140730,12.952,13.248,12.579,12.924,9324,0
20140731,12.741,12.836,12.475,12.627,22612,0
20140801,12.647,12.836,12.483,12.637,13992,0
20140804,12.647,13.076,12.521,12.694,19673,0
20140805,12.99,12.99,12.521,12.637,13568,0
20140806,12.809,13.64,12.431,13.439,14553,0
20140807,13.172,13.419,12.77,13.114,12826,0
20140808,12.99,13.359,12.846,13.334,9549,0
20140811,13.295,13.506,13.238,13.373,7318,0
20140812,13.267,13.354,13.066,13.2,4346,0
20140813,13.285,13.285,12.799,13.018,7406,0
20140814,12.924,13.238,12.417,12.933,9137,0
20140815,13.163,13.163,12.135,12.417,24786,0
20140818,12.521,13.383,12.521,13.2,34291,0
20140819,13.209,13.496,12.818,13.392,18718,0
20140820,13.334,13.334,12.722,13,10051,0
20140821,13.038,13.383,12.828,13.191,9968,0
20140822,13.124,13.406,12.685,12.97,14317,0
20140825,13.085,13.248,12.76,12.904,14594,0
20140826,12.79,13.047,12.579,13.047,13696,0
20140827,13.01,13.295,12.675,13.163,8641,0
20140828,13.2,13.2,12.866,12.914,15275,0
20140829,12.942,13.383,12.942,13.373,7975,0
20140902,13.364,13.832,13.066,13.535,36126,0
20140903,13.649,13.822,13.306,13.583,17984,0
20140904,14.089,14.291,13.285,13.64,12391,0
20140905,13.564,13.954,13.209,13.258,11525,0
20140908,13.267,13.842,12.904,13.716,20752,0
20140909,13.649,13.753,13.392,13.429,10619,0
20140910,14.347,14.347,13.258,13.668,15589,0
20140911,13.602,13.869,13.334,13.793,12845,0
20140912,13.813,13.994,13.668,13.678,13414,0
20140915,13.764,13.86,13.578,13.668,11081,0
20140916,13.248,14.214,13.248,13.573,26241,0
20140917,13.248,14.051,13.248,13.726,10747,0
20140918,13.842,14.175,13.315,13.401,23441,0
20140919,13.401,13.86,12.579,12.579,24678,0
20140922,12.521,12.952,12.461,12.493,14465,0
20140923,12.436,12.79,12.427,12.465,13336,0
20140924,12.55,12.859,12.55,12.799,7445,0
20140925,12.904,13.01,12.712,12.818,15634,0
20140926,12.828,13.602,12.741,13.354,16606,0
20140929,13.153,13.429,12.694,12.961,39505,0
20140930,12.685,12.75,12.292,12.436,19836,0
20141001,12.349,12.885,11.862,11.996,23261,0
20141002,12.043,12.79,12.043,12.731,15408,0
20141003,12.904,13.172,12.521,12.942,17997,0
20141006,12.894,13.372,12.856,12.885,8687,0
20141007,12.846,12.846,12.273,12.493,4954,0
20141008,12.521,13.172,12.521,13.038,9866,0
20141009,12.836,12.995,12.828,12.836,9873,0
20141010,12.741,12.924,12.246,12.876,7915,0
20141013,12.933,13.668,12.255,13.545,12354,0
20141014,13.697,14.643,13,13.745,12074,0
20141015,13.525,15.092,13.411,14.366,27525,0
20141016,14.146,15.102,14.118,14.165,14367,0
20141017,14.194,14.404,13.649,13.994,19298,0
20141020,13.994,14.089,13.477,14.089,18839,0
20141021,14.108,14.385,14.033,14.337,13977,0
20141022,14.309,15.39,13.182,13.373,17142,0
20141023,13.908,13.908,12.942,13.439,24402,0
20141024,13.085,13.585,13.085,13.554,11502,0
20141027,13.525,13.994,13.295,13.927,18828,0
20141028,13.878,14.759,13.64,14.375,25766,0
20141029,15.227,15.227,14.194,14.482,10599,0
20141030,13.917,15.427,13.917,15.418,20631,0
20141031,15.591,15.819,14.778,15.19,27405,0
20141103,15.264,15.552,14.788,14.844,12739,0
20141104,14.862,15.868,13.927,15.484,6506,0
20141105,15.4,16.952,14.75,15.848,7117,0
20141106,16.459,16.459,15.628,16.259,17995,0
20141107,16.172,16.513,15.341,16.298,7886,0
20141110,15.586,16.566,15.586,16.401,20252,0
20141111,16.489,16.908,16.43,16.908,8254,0
20141112,16.249,17.157,15.705,17.157,6811,0
20141113,17.196,17.587,16.718,17.176,16574,0
20141114,17.138,17.138,15.292,16.498,9398,0
20141117,16.479,16.479,15.4,15.571,14133,0
20141118,15.437,15.491,14.74,14.844,27241,0
20141119,14.73,14.73,13.285,13.419,23686,0
20141120,13.285,13.813,12.53,13.649,11800,0
20141121,13.832,14.033,13.2,13.467,22592,0
20141124,14.136,14.482,13.515,14.482,4812,0
20141125,14.53,15.131,14.434,14.472,11462,0
20141126,14.337,14.337,13.96,14.204,5871,0
20141128,13.583,14.223,13.506,13.535,4018,0
20141201,13.888,13.888,13.144,13.209,12280,0
20141202,12.675,13.383,12.675,13.325,5397,0
20141203,13.888,13.974,13.219,13.238,11034,0
20141204,13.191,13.334,13.047,13.047,5244,0
20141205,13.028,13.687,13.028,13.631,11030,0
20141208,15.17,15.18,13.545,14.204,5380,0
20141209,14.099,14.5,13.019,14.309,15152,0
20141210,14.184,14.219,13.429,13.535,15402,0
20141211,13.467,13.813,13.325,13.477,14440,0
20141212,13.248,13.276,12.501,12.55,11071,0
20141215,12.55,12.942,12.349,12.78,76965,0
20141216,12.836,14.194,12.836,13.383,28233,0
20141217,13.383,13.822,13.153,13.383,14515,0
20141218,13.383,13.564,13.191,13.344,7810,0
20141219,13.86,13.86,12.836,13.182,33850,0
20141222,13.325,13.697,13.325,13.573,6611,0
20141223,13.64,13.878,13.583,13.583,19213,0
20141224,13.668,13.668,13.182,13.411,11171,0
20141226,13.373,13.486,13.285,13.373,7693,0
20141229,13.439,13.439,13.295,13.429,8486,0
20141230,13.439,13.439,13.344,13.401,5616,0
20141231,13.295,13.439,13.295,13.429,10985,0
20150102,13.429,13.439,13.285,13.295,4274,0
20150105,13.143,13.295,12.595,12.644,7821,0
20150106,12.682,12.902,12.479,12.556,11293,0
20150107,12.692,12.969,12.498,12.969,4680,0
20150108,13.026,13.439,13.026,13.429,8572,0
20150109,13.228,13.228,12.729,12.816,6719,0
20150112,12.672,13.036,12.605,12.634,4638,0
20150113,13.016,13.113,12.682,12.692,6661,0
20150114,12.892,12.892,12.479,12.728,2649,0
20150115,12.701,12.984,12.575,12.585,6341,0
20150116,12.517,13.152,12.517,12.854,12397,0
20150120,12.874,14.37,12.874,13.815,17323,0
20150121,13.632,13.929,13.171,13.354,14580,0
20150122,13.619,13.987,12.969,13.698,26493,0
20150123,13.747,13.815,13.526,13.526,4112,0
20150126,13.364,13.688,13.285,13.449,4866,0
20150127,13.392,13.455,13.247,13.247,6845,0
20150128,13.354,13.392,13.056,13.065,13326,0
20150129,13.065,13.623,12.864,13.565,7969,0
20150130,13.411,13.815,13.143,13.295,16996,0
20150202,13.419,13.669,13.247,13.623,5880,0
20150203,13.555,14.074,12.978,13.997,6559,0
20150204,14.39,14.429,14.13,14.169,10235,0
20150205,14.169,14.169,14.045,14.111,4852,0
20150206,14.149,14.407,13.957,13.957,6524,0
20150209,14.38,14.38,13.718,13.785,3892,0
20150210,14.285,16.002,13.698,14.322,18449,0
20150211,14.322,14.322,13.613,13.623,9499,0
20150212,13.449,14.562,13.439,14.246,6578,0
20150213,14.295,14.591,13.987,14.016,9357,0
20150217,14.006,14.537,13.449,13.574,6520,0
20150218,14.249,14.3,13.555,13.555,2202,0
20150219,13.516,13.688,13.439,13.439,9063,0
20150220,13.477,13.526,13.401,13.477,10153,0
20150223,13.439,13.65,13.344,13.373,55758,0
20150224,13.439,13.669,13.392,13.439,14523,0
20150225,13.439,13.439,13.123,13.247,9775,0
20150226,13.315,13.477,13.19,13.411,9039,0
20150227,13.392,13.439,13.325,13.344,12529,0
20150302,13.429,13.641,13.199,13.594,11251,0
20150303,13.276,13.565,13.199,13.257,5625,0
20150304,13.199,13.364,13.104,13.181,3439,0
20150305,13.467,13.516,13.104,13.152,4376,0
20150306,13.094,13.276,12.94,12.94,6875,0
20150309,12.719,13.546,12.719,13.383,9167,0
20150310,12.883,13.373,12.826,13.228,6042,0
20150311,13.641,13.641,13.084,13.383,9167,0
20150312,13.516,13.919,13.487,13.919,10834,0
20150313,13.987,14.477,13.844,13.929,8542,0
20150316,14.39,14.419,14.227,14.322,4688,0
20150317,14.898,15.015,14.331,14.765,4271,0
20150318,14.487,15.119,14.227,15.11,9895,0
20150319,14.967,14.986,13.948,14.256,11771,0
20150320,14.275,15.11,14.275,14.668,29480,0
20150323,14.697,15.032,14.36,14.419,22189,0
20150324,14.438,14.581,14.285,14.341,10104,0
20150325,14.227,14.227,13.536,13.603,14376,0
20150326,13.824,13.948,13.449,13.756,4355,0
20150327,13.554,13.939,13.496,13.92,7393,0
20150330,13.496,13.901,12.773,13.747,7573,0
20150331,13.688,14.017,13.688,13.881,3941,0
20150401,13.756,14.141,13.583,13.795,4149,0
20150402,13.612,13.978,13.545,13.824,10995,0
20150406,13.602,13.775,13.352,13.631,20850,0
20150407,13.545,13.688,13.168,13.65,5923,0
20150408,13.323,14.027,13.323,13.766,7054,0
20150409,13.496,13.891,13.4,13.853,2832,0
20150410,13.93,14.46,13.554,13.881,4876,0
20150413,14.19,14.19,13.968,14.046,3632,0
20150414,13.978,13.988,13.496,13.737,6431,0
20150415,13.737,13.737,13.535,13.593,18585,0
20150416,13.506,13.833,13.476,13.545,21295,0
20150417,13.381,13.467,13.062,13.13,15146,0
20150420,13.11,13.708,13.072,13.66,4736,0
20150421,13.795,14.007,13.409,13.554,34686,0
20150422,13.708,14.229,13.293,14.151,9019,0
20150423,12.812,14.489,12.812,14.297,27593,0
20150424,14.229,14.556,14.229,14.556,10477,0
20150427,14.663,14.663,13.949,14.075,16286,0
20150428,14.171,14.701,14.171,14.287,17635,0
20150429,14.22,14.528,14.18,14.363,22822,0
20150430,14.363,14.663,13.844,13.901,17116,0
20150501,14.027,14.084,13.399,13.958,14730,0
20150504,14.267,14.267,13.708,13.881,6950,0
20150505,13.853,14.605,13.496,13.515,15456,0
20150506,13.881,13.881,13.496,13.554,9669,0
20150507,13.438,13.93,13.438,13.698,7713,0
20150508,13.766,14.131,13.554,13.737,11515,0
20150511,13.92,13.92,13.65,13.871,3423,0
20150512,13.679,13.756,13.438,13.515,13723,0
20150513,13.631,13.718,13.159,13.265,37241,0
20150514,13.352,13.737,13.216,13.525,185477,0
20150515,13.496,13.968,13.496,13.66,17083,0
20150518,13.226,14.363,13.006,14.277,20854,0
20150519,13.958,14.46,13.747,14.363,12863,0
20150520,14.19,14.22,13.834,13.91,19190,0
20150521,14.248,14.248,13.612,13.901,28008,0
20150522,13.834,14.065,13.467,14.037,7883,0
20150526,14.017,14.017,13.188,13.206,10256,0
20150527,13.11,13.428,13.101,13.409,5913,0
20150528,13.043,13.458,13.043,13.313,10409,0
20150529,13.255,13.496,12.985,13.476,14523,0
20150601,13.062,13.467,12.946,13.159,4046,0
20150602,13.062,13.428,13.062,13.206,7924,0
20150603,13.206,13.332,13.11,13.178,10165,0
20150604,13.062,13.101,12.908,12.918,5809,0
20150605,12.956,13.11,12.927,12.995,4771,0
20150608,13.053,13.168,12.918,13.015,6121,0
20150609,13.043,13.091,12.918,12.985,7800,0
20150610,12.995,13.303,12.918,13.303,8302,0
20150611,13.159,13.25,13.005,13.062,4347,0
20150612,12.985,13.12,12.985,13.062,5394,0
20150615,12.936,13.332,12.918,13.081,17428,0
20150616,13.005,13.418,13.005,13.323,7675,0
20150617,13.033,13.352,13.023,13.245,14004,0
20150618,13.265,13.949,13.265,13.805,30083,0
20150619,13.583,13.968,13.362,13.958,43879,0
20150622,13.978,13.978,13.545,13.949,12033,0
20150623,13.949,13.978,13.66,13.968,9681,0
20150624,13.766,14.297,13.708,14.046,17843,0
20150625,13.747,14.046,13.688,13.737,13589,0
20150626,13.815,13.979,13.698,13.94,56400,0
20150629,13.718,14.038,13.718,13.737,18180,0
20150630,13.872,14.028,13.679,13.756,7762,0
20150701,13.815,14.163,13.33,13.805,11467,0
20150702,13.921,13.921,13.688,13.688,3925,0
20150706,14.066,14.192,13.669,13.863,7127,0
20150707,13.708,13.921,13.311,13.747,10846,0
20150708,13.553,13.998,13.553,13.631,8677,0
20150709,13.815,13.815,13.379,13.64,12809,0
20150710,13.756,13.824,13.457,13.815,9296,0
20150713,13.844,14.038,13.631,13.969,5889,0
20150714,13.708,14.483,13.708,14.066,5963,0
20150715,13.872,14.619,13.708,14.143,70451,0
20150716,14.241,14.483,14.086,14.386,20659,0
20150717,14.444,14.714,14.124,14.628,20452,0
20150720,14.337,14.579,14.231,14.279,11569,0
20150721,14.386,14.473,13.669,13.747,11260,0
20150722,13.505,13.756,13.505,13.66,2272,0
20150723,13.64,14.008,12.421,12.682,25101,0
20150724,12.74,13.253,12.004,12.914,53508,0
20150727,12.953,13.534,12.953,13.388,9401,0
20150728,14.415,14.724,13.34,13.824,16734,0
20150729,14.038,14.124,13.708,14.008,11467,0
20150730,13.863,14.56,12.789,13.708,14358,0
20150731,13.795,14.463,13.069,14.327,10020,0
20150803,13.795,14.038,13.485,13.485,6349,0
20150804,13.611,13.611,13.002,13.02,2789,0
20150805,11.715,12.828,11.715,12.74,6197,0
20150806,12.672,13.718,12.488,12.943,7237,0
20150807,12.808,12.808,12.391,12.44,2377,0
20150810,12.507,13.243,12.46,12.759,9194,0
20150811,12.73,12.963,12.46,12.73,2380,0
20150812,12.431,14.115,12.391,12.517,3512,0
20150813,12.585,12.672,12.536,12.536,5371,0
20150814,12.46,13.457,12.46,12.836,3512,0
20150817,12.972,13.495,12.972,13.495,2893,0
20150818,13.417,13.417,13.156,13.311,2685,0
20150819,13.147,13.147,12.556,12.672,8987,0
20150820,12.605,12.818,12.45,12.45,14152,0
20150821,12.159,12.634,11.965,12.313,15081,0
20150824,11.521,12.191,11.521,11.607,13752,0
20150825,12.217,12.362,11.908,11.985,5475,0
20150826,12.266,12.266,10.378,11.636,118379,0
20150827,11.587,12.575,11.587,12.546,5165,0
20150828,12.256,13.815,11.568,12.72,11054,0
20150831,12.759,12.759,12.343,12.343,2170,0
20150901,12.159,12.749,11.675,12.411,10330,0
20150902,12.605,13.012,11.83,12.914,4958,0
20150903,12.595,12.595,12.053,12.053,2996,0
20150904,11.889,13.03,11.889,11.965,5682,0
20150908,12.014,12.982,11.889,12.063,8884,0
20150909,11.908,12.188,11.859,12.188,4649,0
20150910,12.585,12.644,11.84,12.101,10767,0
20150911,11.985,12.217,11.975,12.014,10433,0
20150914,11.985,12.111,11.636,11.889,5682,0
20150915,12.004,12.024,11.926,12.004,3823,0
20150916,11.685,12.082,11.685,12.033,3202,0
20150917,11.879,12.605,11.781,12.431,7576,0
20150918,12.208,12.779,11.695,12.313,25205,0
20150921,12.556,12.963,11.781,12.033,3512,0
20150922,12.566,13.002,12.313,12.323,4545,0
20150923,12.556,12.856,12.546,12.595,10640,0
20150924,12.808,12.856,12.333,12.507,13365,0
20150925,12.546,12.585,11.568,11.627,21589,0
20150928,11.568,11.957,11.568,11.597,4336,0
20150929,11.568,11.86,11.276,11.393,22407,0
20150930,11.228,11.675,10.897,11.617,15212,0
20151001,11.675,11.675,11.286,11.286,5961,0
20151002,11.228,11.627,11.013,11.627,6784,0
20151005,11.695,12.176,11.491,12.026,17381,0
20151006,11.86,12.755,11.627,12.648,13876,0
20151007,12.726,13.027,11.695,12.687,13362,0
20151008,13.261,13.67,12.356,13.446,5550,0
20151009,13.475,13.475,12.132,12.852,5036,0
20151012,12.677,13.796,12.677,13.621,6757,0
20151013,13.592,13.592,13.135,13.241,4934,0
20151014,13.135,13.154,13.027,13.154,2672,0
20151015,13.251,14.088,12.979,13.806,5756,0
20151016,13.864,13.923,13.212,13.874,14698,0
20151019,13.621,13.776,13.037,13.446,62902,0
20151020,13.942,13.942,13.446,13.68,4172,0
20151021,13.621,13.786,13.475,13.68,6578,0
20151022,13.611,14.205,13.553,14.146,9661,0
20151023,14.264,14.496,13.621,14.488,9045,0
20151026,14.516,14.925,14.069,14.779,24051,0
20151027,14.74,14.818,14.303,14.331,10483,0
20151028,14.38,14.72,13.271,14.575,7503,0
20151029,14.478,15.023,14.303,14.866,19837,0
20151030,14.594,15.08,14.283,14.915,10690,0
20151102,15.051,15.538,14.944,15.285,7049,0
20151103,15.567,15.567,14.983,15.265,5653,0
20151104,15.392,15.392,14.604,15.373,6001,0
20151105,14.604,15.275,14.604,15.013,10278,0
20151106,14.799,15.615,14.604,15.605,16959,0
20151109,15.558,15.558,15.051,15.168,9959,0
20151110,15.178,15.294,14.847,15.294,8325,0
20151111,15.324,15.421,14.828,15.188,8531,0
20151112,15.334,15.518,15.11,15.11,15315,0
20151113,14.993,15.158,14.886,14.886,11615,0
20151116,15.1,15.178,14.672,15.003,18296,0
20151117,15.324,15.373,14.847,14.954,9045,0
20151118,15.07,15.509,14.993,15.178,21276,0
20151119,14.993,15.08,14.769,14.779,8120,0
20151120,14.886,15.08,14.886,15.003,6167,0
20151123,15.1,15.11,14.808,15.003,2981,0
20151124,14.818,14.944,14.663,14.789,6167,0
20151125,14.847,15.119,14.847,15.013,8017,0
20151127,15.032,15.382,14.964,15.285,4214,0
20151130,15.489,15.489,14.876,15.042,8840,0
20151201,15.1,15.43,14.118,14.789,12750,0
20151202,14.643,15.207,14.643,14.72,8696,0
20151203,14.779,15.217,14.75,14.759,11267,0
20151204,14.73,15.567,14.691,15.392,30834,0
20151207,15.489,15.762,15.003,15.43,23434,0
20151208,15.363,15.577,14.964,15.285,13527,0
20151209,15.343,15.577,14.886,15.061,10072,0
20151210,15.236,16.433,15.236,15.947,17267,0
20151211,15.684,16.199,15.597,15.829,21687,0
20151214,15.597,16.511,15.597,16.501,21841,0
20151215,16.511,16.511,16.258,16.492,12026,0
20151216,16.511,16.54,16.219,16.443,12642,0
20151217,16.511,16.53,16.16,16.248,10176,0
20151218,16.141,16.521,15.742,16.287,78216,0
20151221,16.364,16.472,15.966,15.975,20351,0
20151222,15.373,16.122,15.373,15.985,13358,0
20151223,15.829,15.995,15.44,15.975,12642,0
20151224,16.053,16.287,16.034,16.287,4966,0
20151228,16.287,16.948,16.053,16.073,17019,0
20151229,16.252,16.62,16.043,16.043,5156,0
20151230,16.143,16.501,15.993,16.053,3423,0
20151231,16.113,16.66,15.735,15.954,7135,0
20160104,15.775,15.775,14.919,15.148,10289,0
20160105,15.198,15.829,14.77,15.307,10381,0
20160106,15.098,15.347,14.879,15.208,11366,0
20160107,15.058,15.058,14.203,14.213,14087,0
20160108,14.312,14.442,13.523,13.537,38567,0
20160111,13.606,14.705,13.497,14.342,29924,0
20160112,14.442,14.609,13.835,14.183,14770,0
20160113,14.153,14.621,13.417,13.925,19353,0
20160114,14.124,14.581,13.925,14.074,9077,0
20160115,13.706,14.104,13.626,13.954,12580,0
20160119,14.303,14.303,13.666,14.163,12166,0
20160120,13.716,14.412,13.716,14.342,14349,0
20160121,14.322,15.148,14.322,14.72,11950,0
20160122,14.8,15.317,13.746,14.571,9388,0
20160125,14.462,15.218,13.994,13.994,13384,0
20160126,14.143,14.81,14.124,14.72,6257,0
20160127,14.521,14.959,14.273,14.541,7126,0
20160128,14.969,14.999,14.472,14.79,3738,0
20160129,15.446,15.446,14.959,14.979,8594,0
20160201,15.228,15.416,14.919,15.098,19020,0
20160202,14.7,15.436,13.76,14.501,10625,0
20160203,14.581,14.949,13.984,14.521,2224,0
20160204,14.392,14.671,13.905,14.382,6405,0
20160205,14.173,14.73,13.915,13.915,14798,0
20160208,13.905,14.511,13.905,14.203,6056,0
20160209,14.521,14.521,14.173,14.173,7215,0
20160210,14.919,14.919,14.056,14.472,10656,0
20160211,14.362,15.168,13.487,13.825,73504,0
20160212,14.392,15.098,13.9,14.979,8585,0
20160216,14.979,14.979,14.511,14.621,8403,0
20160217,14.69,14.8,14.223,14.462,7430,0
20160218,14.303,14.72,14.303,14.661,5887,0
20160219,14.631,14.84,14.312,14.372,7683,0
20160222,14.352,14.72,14.173,14.322,7031,0
20160223,14.566,14.671,14.193,14.631,17604,0
20160224,14.442,14.81,14.163,14.68,2516,0
20160225,14.72,15.048,14.659,14.86,16919,0
20160226,14.72,14.82,14.173,14.71,6060,0
20160229,14.651,15.397,14.651,14.889,8350,0
20160301,14.82,14.889,14.452,14.79,7870,0
20160302,14.661,14.74,14.551,14.7,2825,0
20160303,14.591,14.79,14.591,14.69,7214,0
20160304,14.72,14.84,14.332,14.72,5523,0
20160307,14.76,14.86,14.402,14.78,7607,0
20160308,14.78,14.889,14.511,14.521,5679,0
20160309,14.7,14.72,13.954,14.511,2068,0
20160310,14.511,14.661,14.482,14.521,3908,0
20160311,14.372,14.78,14.372,14.78,5737,0
20160314,14.71,14.71,14.541,14.601,2754,0
20160315,14.452,14.72,14.442,14.442,5781,0
20160316,14.7,14.77,14.412,14.521,3780,0
20160317,14.462,14.501,14.034,14.501,4178,0
20160318,14.72,14.73,14.173,14.7,26018,0
20160321,14.7,14.82,14.611,14.661,16245,0
20160322,14.621,14.804,14.621,14.72,2336,0
20160323,14.521,14.595,14.521,14.531,44296,0
20160324,14.273,14.68,14.273,14.322,3769,0
20160328,14.332,14.979,14.332,14.77,34144,0
20160329,14.73,15.31,14.71,15.28,10036,0
20160330,15.31,15.65,15.2,15.46,4550,0
20160331,15.9,16.1,15.29,15.55,17564,0
20160401,15.91,15.95,15.075,15.72,5955,0
20160404,15.9,15.93,15.25,15.45,10128,0
20160405,15.49,15.97,15.3,15.3,7219,0
20160406,15.34,16.665,15.34,15.72,7286,0
20160407,15.66,15.8,15.35,15.38,5246,0
20160408,15.4,15.45,15.12,15.12,3550,0
20160411,15.49,15.9,14.9,14.9,5928,0
20160412,14.87,15.45,14.5,14.95,47526,0
20160413,14.88,15.44,14.64,14.95,21698,0
20160414,14.94,15.04,14.57,14.62,12848,0
20160415,14.54,15.29,14.41,14.42,61523,0
