Date,Open,High,Low,Close,Volume,OpenInt
20071031,280,280,280,280,0,0
20071101,280,320,280,320,99334,0
20071102,327.8,407.2,315.6,375,31211,0
20071105,382,440.8,382,409,13076,0
20071106,421,440,407.4,420,3347,0
20071107,420.2,428,389.4,395.4,13232,0
20071108,395.6,395.6,310,341,11318,0
20071109,310.6,338,300,330,6195,0
20071112,321.8,348.2,320.6,320.6,2083,0
20071113,325,340,300,303.6,1969,0
20071114,298,338.6,295,304,2894,0
20071115,304,310,303,304,3196,0
20071116,304.6,337,252.6,280,7283,0
20071119,280,290,251,255,1850,0
20071120,250.6,264.4,247,250,4061,0
20071121,245,260.4,242,250.2,5627,0
20071123,254.4,259.6,243.4,250,2118,0
20071126,275.6,275.6,248,249.2,7848,0
20071127,250,278,240,245.4,4067,0
20071128,238.4,269.4,238.4,256.4,2696,0
20071129,263.2,288.6,253.2,280,4829,0
20071130,265,318.6,265,288.4,4466,0
20071203,310.4,311.2,289.6,293.6,2569,0
20071204,297.8,299,268.4,271.8,2069,0
20071205,284.8,292.8,253.4,257.8,11799,0
20071206,256,259.8,239.8,246.6,7674,0
20071207,249.6,257.8,245,249.4,5815,0
20071210,254.4,256.2,240.8,248.4,3873,0
20071211,295,301,266,270.2,26965,0
20071212,274.8,294.8,248,252.8,10170,0
20071213,250,250,238.6,241.8,11278,0
20071214,236.2,249.6,236.2,238.6,13827,0
20071217,243,243,230,239.4,7335,0
20071218,245.8,245.8,236.2,240.2,6457,0
20071219,244.8,244.8,237,240,4042,0
20071220,244,244,230,243.6,4207,0
20071221,243,248,232.8,232.8,28008,0
20071224,237,245.8,237,240,7160,0
20071226,241.2,243.8,238,239.4,4751,0
20071227,242,289.8,242,275,17614,0
20071228,293.8,296,272,279.6,33108,0
20071231,285.2,289.6,271.2,279.8,4830,0
20080102,278.4,283.8,256.8,263.2,2248,0
20080103,261.6,265.4,254.8,263.2,2437,0
20080104,261.6,266.6,255.4,256,2244,0
20080107,256,271.4,250.8,255,3406,0
20080108,259.8,270.4,259.8,262.8,2176,0
20080109,262.8,278.4,257,275.4,4345,0
20080110,273.6,279.6,266.2,278.6,5529,0
20080111,277,285.6,270,281.6,8633,0
20080114,283,292.2,279,281,3150,0
20080115,279.4,286,279,281.6,1408,0
20080116,282.8,286.4,268.2,277.4,2316,0
20080117,279.6,280.4,270,273.6,3719,0
20080118,272,279.6,259.8,261,2195,0
20080122,239,251.4,225,250.6,3428,0
20080123,248.2,252.6,246,252.2,3656,0
20080124,253.8,260,237.6,241.2,1495,0
20080125,242,249,235,241,1517,0
20080128,242.6,255,242,253.8,1876,0
20080129,254.4,254.4,245.2,250,1295,0
20080130,248.8,254.8,238.6,240,4973,0
20080131,239.8,243.6,235.4,240.4,1767,0
20080201,241.8,246.6,239.2,240.2,1925,0
20080204,241.4,247.8,238.4,247,1668,0
20080205,245.4,246.2,229,229.2,2530,0
20080206,230.4,242.8,229.4,230.2,1230,0
20080207,229.4,233,228.4,231.4,1472,0
20080208,231,231.4,226.2,227,3928,0
20080211,226.2,229.6,226.2,228,585,0
20080212,229.2,232,213.4,217.6,10709,0
20080213,218.8,220.8,216.8,220.2,1092,0
20080214,219.4,220,195.6,202.4,8980,0
20080215,201.4,206.6,190,192,4243,0
20080219,193.2,197.2,180.4,180.8,1724,0
20080220,181.6,189.6,180.8,186.6,1773,0
20080221,187.6,199.6,187.6,192,1046,0
20080222,192,200,179.2,191,2479,0
20080225,192,200,192,196,914,0
20080226,200,200,194.2,194.2,884,0
20080227,196.8,199.8,181.4,181.6,1435,0
20080228,181.6,196.2,161,174,5375,0
20080229,174.8,194.6,168.2,185,2246,0
20080303,185.8,194.2,185,193.8,2309,0
20080304,192.6,192.6,185.8,188.8,2580,0
20080305,189.8,195,186.2,187.6,1041,0
20080306,187.4,204.6,182.6,185,1689,0
20080307,184.2,196.8,184.2,193.2,888,0
20080310,194.2,209.4,178,178,1625,0
20080311,184,192.8,177.8,189.6,990,0
20080312,193.6,193.6,164,170.4,5428,0
20080313,169.4,169.4,158,165.2,2534,0
20080314,166,166,142.6,147.2,3110,0
20080317,145.6,146.2,135.8,136.6,2027,0
20080318,135.6,155.4,135.6,153.2,4069,0
20080319,154,156.8,144.6,144.6,1426,0
20080320,145.6,160,145.6,156.4,7661,0
20080324,157.4,158,149.2,154.2,1642,0
20080325,155.2,161.2,153.4,154,12650,0
20080326,152.8,158.8,149,157,15776,0
20080327,158.6,204,154.2,200,7947,0
20080328,202.2,210,182.4,186.8,7826,0
20080331,189,189,172.4,173.2,2965,0
20080401,174.8,179.2,155.6,164.8,4014,0
20080402,166.4,169.4,159.2,169.4,2282,0
20080403,166.6,168.6,162.2,167,593,0
20080404,165.8,171.8,162.2,166.4,1500,0
20080407,166.2,168.4,165.2,168,670,0
20080408,166,170.6,166,167,682,0
20080409,166,166.8,162.6,162.6,5839,0
20080410,161,175,157.4,159,790,0
20080411,159,162.6,150,150.6,792,0
20080414,150.8,158,148,152.2,12452,0
20080415,149.6,155.4,149.6,155.4,4612,0
20080416,158.4,159.6,150.8,152.6,2299,0
20080417,152.8,152.8,140.8,141,1368,0
20080418,144.4,149.8,144,144.4,1175,0
20080421,144.4,146.4,141.4,142.6,1261,0
20080422,140.6,143,137.4,138.2,2605,0
20080423,139.2,143,138,139.2,1163,0
20080424,139.6,144.2,135.6,136.4,4095,0
20080425,137.6,144,135.6,136,1391,0
20080428,136,143.2,134.4,136.2,1586,0
20080429,137,138,135,135,1169,0
20080430,136,138.8,132.6,133.2,2180,0
20080501,132.8,136.2,132.8,136.2,1508,0
20080502,138.4,138.4,133.6,134.6,712,0
20080505,133.6,138.4,132.4,133.8,1768,0
20080506,132.8,135.4,132.8,134.6,3708,0
20080507,135,138.8,135,136.8,2191,0
20080508,136.8,144,136,142.8,2121,0
20080509,143.8,151.4,143.8,151,2878,0
20080512,150.6,155.4,149.2,150.8,1277,0
20080513,150.4,153,149.4,152,1514,0
20080514,150.4,157.6,142.8,142.8,4740,0
20080515,141.8,155.6,140.6,152.2,1915,0
20080516,153.8,190,142.2,177.8,4916,0
20080519,181.4,190.2,175.4,179.8,3385,0
20080520,179.8,183.2,167.4,174.4,1218,0
20080521,175.8,180.4,172,178.2,1184,0
20080522,177.8,180.4,172,179.4,1494,0
20080523,178.2,180,166.6,179.4,1291,0
20080527,180,191.6,170.8,191.6,2271,0
20080528,192.2,192.2,176,191.4,1215,0
20080529,190.4,196.6,183.2,190.4,1874,0
20080530,190.4,194.4,182.8,192,10381,0
20080602,191.4,198.4,188,198,1461,0
20080603,199.4,199.4,191.2,199,2195,0
20080604,198.8,199.6,191.4,198,1244,0
20080605,201.6,204,200.2,203.4,5823,0
20080606,201.6,206.2,197,198.2,1327,0
20080609,197,201.2,192,199,710,0
20080610,198,202.4,190,193.8,1789,0
20080611,193,193,180,183,1548,0
20080612,187.4,195,185.2,185.6,1682,0
20080613,189.2,194.2,180,193,1600,0
20080616,194,196.2,190.2,191.4,606,0
20080617,190.4,190.4,181.8,182,691,0
20080618,182,189.8,172.6,173,1756,0
20080619,175.2,178.2,172.2,174.8,1649,0
20080620,173.4,179,159.8,164.6,3363,0
20080623,164.6,164.6,158,158,1197,0
20080624,156.6,164,153.2,161.2,1857,0
20080625,156.6,170.8,154.8,156,7790,0
20080626,154.4,163.4,148.6,149.8,2163,0
20080627,149.2,150.8,145.2,147.6,32523,0
20080630,147.4,164.2,147.4,157.2,6288,0
20080701,155.2,162,149.6,158.2,5184,0
20080702,157.4,161.8,157,159,3722,0
20080703,159.2,162.4,145.2,147,1531,0
20080707,148.2,155,142,153.4,5416,0
20080708,152.6,183.6,150.2,172,5307,0
20080709,171.8,182.4,170.2,171,3428,0
20080710,171,188.4,170.4,181.2,2662,0
20080711,179.2,188.4,178.4,187.6,2498,0
20080714,189,189,178.6,185.2,1643,0
20080715,183.6,188.8,170.6,174.2,5114,0
20080716,174.2,180,170.6,178.2,2447,0
20080717,178.6,185.6,178.6,185.6,1192,0
20080718,186.2,188.6,165,179,1083,0
20080721,179,188,170.6,176.4,1003,0
20080722,174.8,191.8,170,191,1560,0
20080723,190.4,192.2,186.8,190,985,0
20080724,191.2,198.4,188,198.4,2631,0
20080725,198.6,204,195.4,202.8,1943,0
20080728,201.4,202,193.8,194.6,700,0
20080729,194.6,209.4,194.6,206.8,2283,0
20080730,209.2,215,205,205.8,2272,0
20080731,204.2,206.2,191.6,197.8,2088,0
20080801,192.2,199.6,184,185,1191,0
20080804,184.6,186.6,175.4,178,2054,0
20080805,179.4,183.4,167.6,176.4,6306,0
20080806,176.4,189.4,174.4,189,622,0
20080807,187,187,173,178,794,0
20080808,175,218.6,173.2,218.2,3380,0
20080811,218.6,240,212.2,226.2,2891,0
20080812,224.8,239,224.8,232.8,1457,0
20080813,232.4,232.4,217.6,222,1715,0
20080814,219.2,221,211.6,215.6,2027,0
20080815,226.8,226.8,190,193.6,4765,0
20080818,193.2,193.2,180,182.2,2244,0
20080819,180.2,189.6,178.6,186.6,2424,0
20080820,187,197.4,182.2,188.8,1541,0
20080821,186.8,200,185.4,200,1017,0
20080822,200.8,200.8,187.8,197.2,1103,0
20080825,197,198.8,180,180,1917,0
20080826,180.6,195.2,179.8,181,1585,0
20080827,182,194.2,182,190.4,1147,0
20080828,190.8,200.2,190.8,196.2,1411,0
20080829,198.4,205.6,184.4,191,860,0
20080902,195,199.8,171.6,174,3988,0
20080903,176.2,189.2,171.4,172.2,1385,0
20080904,172.8,178.6,155,157.2,3595,0
20080905,158,170.8,154.2,169,2191,0
20080908,170.2,183.2,170.2,176,2495,0
20080909,176.4,176.4,168.6,169.4,675,0
20080910,174.4,179.2,158.2,160,3088,0
20080911,161,161.2,151.6,159,2872,0
20080912,157.6,162.4,150.8,158.6,1289,0
20080915,155.2,179.2,155.2,171.8,1139,0
20080916,181.4,195.6,161,195.6,2554,0
20080917,195.4,195.4,174,178,1018,0
20080918,183,215,183,207.6,8152,0
20080919,220,226.6,211.4,223,10106,0
20080922,218.2,218.2,169.2,195.2,3513,0
20080923,203.4,222.4,203,220,655,0
20080924,219.4,223.4,200.8,210,1591,0
20080925,210,222,190.2,193.6,1525,0
20080926,190.4,210.8,175.8,181.4,2917,0
20080929,178.8,181.2,160.2,175.6,6904,0
20080930,178,178,170,170.6,2209,0
20081001,170,170,118.6,146.2,16737,0
20081002,145,148.2,138,138,4494,0
20081003,139.4,143.4,138,138,3086,0
20081006,136.2,142.6,130,137,5402,0
20081007,126,142.8,126,132,1993,0
20081008,130,158,130,137.6,1954,0
20081009,140.2,154.6,132.2,132.2,2518,0
20081010,133.6,133.6,103.4,123.6,7215,0
20081013,130,130,112.2,124.8,3252,0
20081014,128.4,129,117,118.2,1245,0
20081015,116.8,117.6,105,105.2,1445,0
20081016,105.8,125.8,98.2,118.8,3254,0
20081017,113.6,130.8,107.4,121.8,3217,0
20081020,124.6,132.4,116,124.6,3440,0
20081021,122.4,127.4,111.6,114.2,1311,0
20081022,113.4,119.4,98.4,98.8,2157,0
20081023,99.4,109.4,80.2,89,3410,0
20081024,83,83,75,78.8,2654,0
20081027,78,78,60.6,62.2,8478,0
20081028,64,71.8,60.8,68.4,3279,0
20081029,70.8,82.6,69,79.2,2609,0
20081030,82.6,83.2,77.2,82.6,1079,0
20081031,82.4,99.6,79.4,99.6,1813,0
20081103,99.6,109.8,93,109.8,1632,0
20081104,110,118.2,107.2,114.8,1776,0
20081105,114,122,103.2,103.2,2416,0
20081106,102.6,103,94.6,94.6,833,0
20081107,95.6,103,94.2,98.2,876,0
20081110,102.6,102.6,78.8,78.8,2674,0
20081111,80.6,87,78.8,79.4,1683,0
20081112,78.4,81.4,74.4,75,1879,0
20081113,75.6,96.6,72.2,90.4,2020,0
20081114,87.4,87.4,68.6,68.8,1362,0
20081117,70,80.4,66.6,75.4,2994,0
20081118,74.4,78.4,70.2,75,1817,0
20081119,74.8,76.8,62.6,62.6,26381,0
20081120,62.2,75.4,62.2,68.2,2768,0
20081121,69.2,88.4,69.2,88.4,2700,0
20081124,89.4,90.8,82,83.6,2336,0
20081125,84.8,85.6,74.8,85.6,678,0
20081126,83.4,92.6,80.2,92.6,2031,0
20081128,91.2,100,91.2,100,294,0
20081201,97.2,100.4,69.6,70.8,2822,0
20081202,72.4,78.8,65.4,75.2,2939,0
20081203,73.4,84,68,75.2,1157,0
20081204,74.6,90,69,70,5312,0
20081205,69.4,86.2,68,82.4,5321,0
20081208,84.2,88.8,81,88.8,2347,0
20081209,88.2,94,83.6,85,1838,0
20081210,86.2,88.8,80,81.8,2076,0
20081211,80.6,94,79.4,88,3320,0
20081212,85.8,102.4,85,102.4,5251,0
20081215,102.8,112.4,102.8,109.2,2982,0
20081216,113.6,127.4,107.2,127.4,5227,0
20081217,126,151.6,113,146,2978,0
20081218,145.4,147.4,132,135.4,2054,0
20081219,144.8,144.8,126.8,127.6,6617,0
20081222,128,133,112,125.2,2972,0
20081223,125.8,133,125.6,130.8,1458,0
20081224,133,137.8,128.4,137.8,1126,0
20081226,139.6,143.6,131.4,135.8,1413,0
20081229,135.8,135.8,83.4,85.2,9487,0
20081230,85.6,96,85.6,93.2,7088,0
20081231,92.6,95.6,87,95.2,4860,0
20090102,95.6,125.2,95.6,118.8,4483,0
20090105,119.2,125,109.8,115.4,2082,0
20090106,116.4,120.4,109.8,112.2,3542,0
20090107,114.2,114.2,100.6,105,1420,0
20090108,106,111.6,105.6,110.2,1179,0
20090109,109.8,112.4,102,102.4,1433,0
20090112,102.4,107.8,97.8,97.8,871,0
20090113,98,104.8,95.2,103.2,627,0
20090114,101,104.4,92,92,1860,0
20090115,92.8,99,88.8,98.8,1843,0
20090116,99.6,104.8,96.8,104.4,1759,0
20090120,102.6,108.8,91.2,91.2,2001,0
20090121,97.2,97.2,92,94.4,1654,0
20090122,93.2,93.2,90.2,90.2,875,0
20090123,88,93,86.6,90.2,910,0
20090126,90.2,94.6,88.4,90.2,1167,0
20090127,90,93.8,90,92,733,0
20090128,96.2,101,94.4,100.8,2700,0
20090129,103.2,103.2,92.6,92.6,668,0
20090130,91.6,93,91,91,668,0
20090202,90,95.8,90,95.2,934,0
20090203,96,101.6,93.4,100,2736,0
20090204,100,102.4,92.4,92.4,1646,0
20090205,91.6,94.8,90.6,91.6,864,0
20090206,91.2,96.8,90.4,96.8,820,0
20090209,96,97,92.4,95.6,908,0
20090210,98,98,87.6,87.6,1386,0
20090211,88.6,89.4,86.2,86.4,655,0
20090212,84.6,86,82.4,83.6,1148,0
20090213,87,87,80.8,81.6,1152,0
20090217,80,81.2,67.2,68.4,2978,0
20090218,69.8,70,67.2,67.2,1833,0
20090219,68.8,73.2,67.8,71.4,1509,0
20090220,70.2,78.2,69.6,77.8,2907,0
20090223,80,82.6,72,72.2,1795,0
20090224,71.8,75.4,71,72,3208,0
20090225,71.4,77.2,70.2,70.2,1014,0
20090226,71.4,72.6,65,65,1397,0
20090227,65,73.8,65,65.2,1941,0
20090302,63.8,66.4,60.4,61,2042,0
20090303,63.4,66.8,58.8,58.8,5954,0
20090304,60.6,61.4,58,60,1343,0
20090305,58.2,59,54.2,54.2,1548,0
20090306,55,61,55,60.8,1678,0
20090309,60,61.8,59.6,61,1665,0
20090310,63.4,73.2,62.2,73.2,1855,0
20090311,73.6,78,72.2,77.2,2578,0
20090312,76.4,88,73.4,88,1921,0
20090313,88.2,96,79.2,94.4,2135,0
20090316,94.4,102,94.4,100,6308,0
20090317,99.6,100,85,92.8,1843,0
20090318,92.4,94.8,87.6,94.8,838,0
20090319,97.2,99.2,87.2,92,1442,0
20090320,93.4,96,80,80,2570,0
20090323,83.6,97.4,82.4,97.2,1777,0
20090324,85.2,95.2,80.8,80.8,1760,0
20090325,81.6,88,80,84.8,1667,0
20090326,86.6,95,85.2,94.6,1545,0
20090327,94,104.8,94,101.2,6495,0
20090330,99.4,108.8,93.6,101.8,7065,0
20090331,104,104.6,95.6,99.4,5165,0
20090401,97.4,97.4,90.8,93.8,909,0
20090402,97.4,97.4,90.6,93.2,1592,0
20090403,93.2,97.8,89.8,96,543,0
20090406,93,93.8,86.6,86.6,899,0
20090407,85.2,89.8,84,84,1142,0
20090408,84.8,85.2,81.6,83,1056,0
20090409,85.8,94.8,85.8,92,1622,0
20090413,90.6,92,86.4,89.2,451,0
20090414,86.8,89,82.2,82.2,1176,0
20090415,81.6,90,80.4,83.6,1787,0
20090416,85,85.8,73.8,77.2,10956,0
20090417,79.4,79.8,76.6,77,2813,0
20090420,74.2,75.6,69.8,69.8,1331,0
20090421,69.6,76.2,69.6,76.2,1290,0
20090422,74.4,79,74.4,76.2,872,0
20090423,76.4,90.8,69,69,2420,0
20090424,70.2,75.8,70.2,73.2,1900,0
20090427,71.2,77.8,67.8,67.8,1358,0
20090428,67,70,65.4,68.2,1336,0
20090429,68.6,71.2,68.2,70.8,1624,0
20090430,71.6,73.4,67,70,1656,0
20090501,69.6,70.4,66.6,66.8,1362,0
20090504,68.6,68.6,64.2,65.8,1985,0
20090505,65.8,67.6,61.8,63.2,2333,0
20090506,63,65.4,59.6,60.8,4381,0
20090507,61,66,61,62,2245,0
20090508,63.8,73.2,63.8,73.2,3242,0
20090511,73.6,76,72,72.2,1436,0
20090512,73.2,79,72.2,73.8,1292,0
20090513,73,77.8,70,70.6,1646,0
20090514,71,71,62,63.8,1829,0
20090515,64.4,65.8,60,60.2,2991,0
20090518,62.8,67.8,61.4,67.8,1527,0
20090519,65,66.6,63.2,64.6,800,0
20090520,65,68.2,62.8,63.2,1385,0
20090521,62.2,62.6,59,59.8,3470,0
20090522,60.6,75,60.6,73,32429,0
20090526,72,78.6,71.2,77.6,3983,0
20090527,77.2,77.4,66.2,68.4,4385,0
20090528,72.6,77.8,69.8,77.2,4826,0
20090529,77.8,89.8,77.2,89,9164,0
20090601,90,98.8,90,96,4720,0
20090602,95.6,96,91.4,96,2688,0
20090603,95,99.6,95,99.6,2577,0
20090604,98,100.6,96.2,100.6,1741,0
20090605,101.2,104.4,100.2,102,1519,0
20090608,100.2,105,100.2,102.2,2067,0
20090609,103,105.6,102.8,104.2,1606,0
20090610,105.8,108.8,104,107.6,3004,0
20090611,108,111.6,103.6,107.2,3261,0
20090612,108.4,109.6,102.4,109.6,1640,0
20090615,109.8,111,102.2,103.4,1693,0
20090616,106.6,106.6,100.4,102.2,1700,0
20090617,102,105.6,100.2,103.2,2293,0
20090618,102.6,106.6,101,106,1004,0
20090619,107.8,110,104.8,106.8,2876,0
20090622,105.6,105.6,91,91.4,2209,0
20090623,92.2,92.6,87.8,88.4,1087,0
20090624,89.4,90,81.8,81.8,2790,0
20090625,83.6,98.2,83.4,97.4,6031,0
20090626,98,100.6,92.6,99.2,14028,0
20090629,99.8,111,99.2,106.4,8293,0
20090630,107.6,108.6,97,98.2,4362,0
20090701,99.6,100.4,89.8,91.2,2690,0
20090702,82.8,90.4,82,86.6,4654,0
20090706,85.8,85.8,81.4,82.2,2716,0
20090707,82,88.2,82,83.8,2784,0
20090708,84,87.2,80.8,82.2,3335,0
20090709,83,84.6,80.4,80.4,2041,0
20090710,80,81.4,78.8,80.4,1933,0
20090713,81.4,84,80.2,83.2,2785,0
20090714,83.2,88,82.6,86.6,2487,0
20090715,88.2,99.8,87.6,99.4,3790,0
20090716,98.4,98.4,88.8,95.8,2780,0
20090717,96.2,99,92.2,92.6,2574,0
20090720,93.4,95.8,92,92.8,1344,0
20090721,91.4,91.4,87.6,88.4,976,0
20090722,89.8,94,86.6,92.2,1810,0
20090723,91.8,95.4,91.8,94,2545,0
20090724,92.4,97,91.8,96,2411,0
20090727,96,104,95.2,104,4175,0
20090728,102.2,105,101,102.8,2378,0
20090729,101.8,128,101,118.4,10938,0
20090730,123.2,135,119.2,130.8,11166,0
20090731,133,159.2,129.2,141.2,16099,0
20090803,144,150.8,120.4,135,12365,0
20090804,133,146.6,129.8,138.4,5448,0
20090805,138.8,142.6,137,140.8,3460,0
20090806,144,144,132,134.4,3421,0
20090807,138.2,142,134.4,138.6,2043,0
20090810,138,140.8,128,140.2,3685,0
20090811,146,146,141,143.2,3333,0
20090812,143,148,128,140.8,4309,0
20090813,142.4,142.4,135,137.2,3286,0
20090814,136,137.8,125.8,129,2316,0
20090817,125.2,127.4,120.4,121.6,2974,0
20090818,123,125.2,120.6,124.8,1674,0
20090819,122.8,137.6,122.8,136.4,3483,0
20090820,136.4,138.8,132.8,138.8,2907,0
20090821,141.2,141.2,134,138.2,3719,0
20090824,139,142,131.4,139.6,1622,0
20090825,143.6,144,136.6,139.6,2073,0
20090826,139,148.6,135.2,148.4,5283,0
20090827,147.6,170,137.8,167,3884,0
20090828,168.6,169,148.6,154.8,6354,0
20090831,152.8,166.8,145.6,160.2,4280,0
20090901,157.2,172.2,150.8,151.4,4292,0
20090902,151.2,155,148,150.4,5336,0
20090903,152.4,153.8,149.4,152.6,1072,0
20090904,152.6,161,152.6,157.8,1080,0
20090908,161.2,164.4,152,152.8,946,0
20090909,154.4,155.8,148,152,3465,0
20090910,151.8,155.4,150,153.4,4051,0
20090911,154,154.6,150,150.2,2042,0
20090914,150,160.8,150,160.6,1649,0
20090915,160,160,154.4,156,1672,0
20090916,156.4,164.8,156.4,163.2,2854,0
20090917,163.2,164,151.8,154.8,2192,0
20090918,155.2,160,155.2,158.4,2336,0
20090921,156.4,160,153.2,160,1865,0
20090922,160,162,158.8,158.8,2049,0
20090923,156.4,158.8,151.4,151.4,2549,0
20090924,152.8,153.8,145.4,146.6,3095,0
20090925,146,149,145.4,148.6,1717,0
20090928,145.4,148.6,145,145,5517,0
20090929,145.6,150.2,144.4,144.4,9230,0
20090930,145,146.4,136.6,143.2,4456,0
20091001,142.8,142.8,134,134.6,3629,0
20091002,133,135,130,132.2,2008,0
20091005,132.4,134.2,126.6,126.8,2938,0
20091006,128.4,140,126.2,129.8,1859,0
20091007,130.2,146.6,129.4,146,2897,0
20091008,147,153.4,146.4,147.6,2372,0
20091009,149.4,153,148.2,150.2,1130,0
20091012,150.6,153.6,140.4,140.8,836,0
20091013,156,156,146.8,149.4,2615,0
20091014,152.6,157,148,153,2159,0
20091015,151.8,156.8,147.6,153,1167,0
20091016,144.8,144.8,133.8,140.2,26265,0
20091019,141.4,142.8,138,141,7679,0
20091020,142.8,144.8,135.6,137.2,8288,0
20091021,137,140,136,136.6,4920,0
20091022,136.4,138,131.6,133,7621,0
20091023,134.2,134.4,117.2,119,7791,0
20091026,121.2,135.8,121.2,124.4,6043,0
20091027,125.4,130,122.2,122.6,1974,0
20091028,122.8,124.2,117.8,120.8,5039,0
20091029,121,140.8,121,137.2,16899,0
20091030,135.2,140,132.4,133.6,18456,0
20091102,133.4,138.6,127.4,134,4019,0
20091103,132.6,134.2,120.2,127,9955,0
20091104,127.8,128.4,123,127.2,2934,0
20091105,128.8,134,125.6,132,1868,0
20091106,130,138.2,130,135.4,3218,0
20091109,137.8,139.6,134.8,136.8,4773,0
20091110,136,136.6,127.6,129,1407,0
20091111,131.2,133.8,127.2,131.2,2051,0
20091112,131.2,135,121.2,122,2726,0
20091113,122.4,123.2,119,120.2,2212,0
20091116,121.2,133.6,121.2,130,3027,0
20091117,128.6,133.2,127.6,133,924,0
20091118,132.6,132.6,123.6,127,1396,0
20091119,126,126.2,120.6,122.6,2039,0
20091120,121.2,125.8,120.6,125.2,3560,0
20091123,128.4,130.8,127.4,127.8,1739,0
20091124,131.2,131.2,121,125.2,2817,0
20091125,126,127,121,121.2,1013,0
20091127,120.6,121,116.4,119.4,2061,0
20091130,119,119,112,118,13591,0
20091201,119.8,126.8,119.8,125.4,1800,0
20091202,125.2,131.8,125.2,130.8,1916,0
20091203,131.6,131.6,123,123.4,1540,0
20091204,127.6,129.8,120.2,125.6,3585,0
20091207,126,130,125.2,126.4,1281,0
20091208,124.6,130.8,122,125.2,4664,0
20091209,125,128.2,124,127.6,793,0
20091210,128.2,129.8,127,127.4,563,0
20091211,128.4,130,126.6,127.4,743,0
20091214,127.6,134,127.2,134,8685,0
20091215,132.8,134.6,128.2,133,2454,0
20091216,134.2,134.2,128.6,128.6,2108,0
20091217,127.2,132.2,126,129.4,1242,0
20091218,130.4,131.4,124,125,9179,0
20091221,125.6,129,121,123.2,4605,0
20091222,123.8,127.6,120.6,126,9584,0
20091223,126.4,133.4,126,132.2,2051,0
20091224,132.8,133.4,128.2,133.4,840,0
20091228,132.4,134,128.8,131.8,3341,0
20091229,132,134.6,131.2,134,1538,0
20091230,132.4,134.6,129.6,131.4,4354,0
20091231,131.6,134.2,128.8,128.8,3297,0
20100104,130.6,135,130.6,134.8,1544,0
20100105,134,135.2,129,134.6,1420,0
20100106,134,136,131,131.4,1817,0
20100107,131.4,134.4,128.8,128.8,20446,0
20100108,128.4,131,127.8,129.6,1226,0
20100111,131,131,126,126.2,3701,0
20100112,124.6,127.8,123.6,126.4,2046,0
20100113,127,129.2,126.4,127.6,890,0
20100114,126.8,129,126,128.2,1891,0
20100115,128.8,128.8,125.8,126.4,2825,0
20100119,127.4,128,124.4,125.8,2894,0
20100120,124.8,127.6,120,122.4,1380,0
20100121,122.8,124.8,115.2,115.2,3623,0
20100122,115.6,118.8,115.6,117,2762,0
20100125,118.6,121.6,115.4,116,1260,0
20100126,115.2,116.4,110,110,2251,0
20100127,109.2,114.2,105.8,107.8,1473,0
20100128,109,117.2,105.2,111,3114,0
20100129,112,112,109.2,109.8,1435,0
20100201,110.4,114.2,106.6,113.8,2200,0
20100202,113.6,115.6,108,109.4,1388,0
20100203,108,112.6,102.2,103.8,3807,0
20100204,102.8,107,97.8,98,5362,0
20100205,98.4,103.2,98.4,100.2,1504,0
20100208,100.6,101,93.2,93.2,2056,0
20100209,95.2,96.2,90.6,91.4,3109,0
20100210,91.2,91.2,83,84.4,6222,0
20100211,84.8,89.4,84.8,88,5322,0
20100212,87,89.4,86.8,88,5172,0
20100216,89.4,98.2,86.4,87.6,2248,0
20100217,89,89,86,88,4577,0
20100218,88,90.8,86.8,87.8,2123,0
20100219,88.2,89.8,87.2,87.8,3271,0
20100222,88,88.2,87,88.2,1630,0
20100223,87.4,89.4,83.4,86.8,3754,0
20100224,87.6,89,87.2,87.6,1214,0
20100225,86,86,75.2,76.4,9357,0
20100226,77,79.4,70.4,70.8,4949,0
20100301,71.4,72.8,70.4,70.6,4139,0
20100302,70.6,73,70.6,72,5776,0
20100303,72,72,67.8,68.2,5790,0
20100304,69.8,69.8,63,64,8457,0
20100305,64.4,68.4,64,67.6,11337,0
20100308,69.2,79.6,69.2,79,13098,0
20100309,78.8,85.8,76.8,84.4,9665,0
20100310,85.8,94.8,84.6,89.6,16337,0
20100311,90,91.4,87,89.8,7218,0
20100312,88.4,90.4,86.2,87.2,5162,0
20100315,87.4,88.8,85,86.4,4538,0
20100316,88.6,98,86.8,93.4,14832,0
20100317,94,95.6,88.4,91.6,6471,0
20100318,90.4,92.8,89,89.6,2359,0
20100319,90.2,90.2,85,87.4,7539,0
20100322,87.6,88.2,86.6,87.8,2216,0
20100323,87.8,94,86.8,93.2,5749,0
20100324,93.2,97.4,93.2,96.8,4987,0
20100325,98,102.8,98,102,6622,0
20100326,103.2,103.2,96,96.6,8582,0
20100329,97.6,102.2,90.6,101,7447,0
20100330,102,103.2,95.2,97.4,9651,0
20100331,96.6,98,93,95.8,5078,0
20100401,96.2,100.8,95.8,98.6,3990,0
20100405,99.6,100.2,98.2,99,2530,0
20100406,98.2,100,96.4,99.8,2725,0
20100407,99.8,100,95.4,95.4,2721,0
20100408,95.4,101,93.4,99.6,4779,0
20100409,100.2,100.2,98.2,98.4,2451,0
20100412,98.2,98.8,97.6,98.2,1836,0
20100413,97.8,98.8,89.8,90,4646,0
20100414,90.6,94.4,90.2,91.8,2183,0
20100415,92,96,90.2,94.2,4146,0
20100416,94,101,94,100.4,5248,0
20100419,100.2,111.4,100.2,110.6,12152,0
20100420,116.8,125.4,113,121.4,20038,0
20100421,122.4,123.8,114.4,115,11844,0
20100422,114.4,120.2,112.6,120,4207,0
20100423,119.8,121,117.2,119.8,6463,0
20100426,119.2,120,118.6,119.2,2552,0
20100427,118.6,122,117.8,119,3316,0
20100428,119.4,123.6,119.4,121.2,4940,0
20100429,122,129.2,120.6,129,4100,0
20100430,129,129,124.4,126,4170,0
20100503,126.2,126.6,122.6,125.8,2054,0
20100504,123,125.6,121.2,123.8,3509,0
20100505,121,121.6,116.4,119,5161,0
20100506,116.4,117.4,102.6,104.2,8283,0
20100507,104,111.4,104,107.4,4276,0
20100510,115.2,117.2,108.4,114.4,4434,0
20100511,112.8,124,112.2,122.2,5925,0
20100512,121.2,122.2,116,119.8,9727,0
20100513,120,120,114.4,115.2,1402,0
20100514,114.4,114.4,104.4,105.8,3149,0
20100517,107,110.2,101.4,103.4,1878,0
20100518,105.4,107.4,101,102.8,17898,0
20100519,102,104.8,101,103.4,3538,0
20100520,101.4,103.2,99.8,102.4,4193,0
20100521,100.8,111.2,100.4,106.6,6038,0
20100524,104,109.4,104,108.2,1658,0
20100525,104.4,106.2,100,102.6,1856,0
20100526,104,106.4,100,100.6,1989,0
20100527,103.8,113.8,103.6,113.6,1949,0
20100528,112.8,114.6,109.2,109.8,2908,0
20100601,108.2,110.6,101.6,101.6,1521,0
20100602,103,109,100.6,109,2610,0
20100603,108.4,112,107.4,111.6,1037,0
20100604,108.2,108.4,100,100.2,2679,0
20100607,100.6,100.6,90.6,91,3045,0
20100608,92,92,86,90.6,3851,0
20100609,92.2,94,84,86.4,1895,0
20100610,88.6,92.8,86.8,92.8,2039,0
20100611,91,96.6,91,96.6,1090,0
20100614,97.6,105.6,97.6,101.4,2315,0
20100615,101.6,109,100.4,108.4,1962,0
20100616,106.6,108.6,106.2,107.2,1047,0
20100617,108,109.6,106.2,109,1145,0
20100618,109.8,111.4,108.6,110.2,3122,0
20100621,112.6,112.6,104,105.2,4064,0
20100622,106,111.6,102.4,102.8,2212,0
20100623,102.4,102.4,96.6,97.4,1937,0
20100624,96.2,106.4,96.2,104.2,2229,0
20100625,105,105,95.2,97.8,20228,0
20100628,98,105.2,98,100.6,2877,0
20100629,98.6,103.2,92.6,94.2,4441,0
20100630,94.4,94.6,87,87.2,2135,0
20100701,88.2,92,83,84.2,1948,0
20100702,85.2,87.8,82.4,82.4,1693,0
20100706,83.8,89.4,80.4,80.4,3038,0
20100707,81,83.2,80,82,3740,0
20100708,83.4,86.8,78,82.8,4814,0
20100709,82.8,86.2,82.8,83,1973,0
20100712,82.4,86,79.8,79.8,2630,0
20100713,81.6,83.2,78.6,82.8,3175,0
20100714,82,85.2,82,82.8,3377,0
20100715,83.2,85,80,81,2433,0
20100716,80.2,80.6,78,78.8,3266,0
20100719,79,80.8,78,80.4,3545,0
20100720,78.8,80.8,78.8,80.8,1626,0
20100721,81.6,81.6,79.2,80,1513,0
20100722,81.4,81.8,79.4,80.2,2225,0
20100723,79.6,84,79,84,2118,0
20100726,84.6,85.8,82,85.6,3217,0
20100727,86.8,89.4,85.4,87.4,1980,0
20100728,87,87,84.8,86.4,1425,0
20100729,87,91.4,85.2,90.6,5257,0
20100730,88.4,95.2,88.4,92,3462,0
20100802,94.4,95,90.2,91,5271,0
20100803,90.2,93.6,90.2,91.4,746,0
20100804,92,96.8,91.8,95,924,0
20100805,93.6,96,92,93,496,0
20100806,90.6,90.6,85,85,3027,0
20100809,86,88,85.2,85.8,1191,0
20100810,85,86.4,85,85,2552,0
20100811,85,85.8,79.2,79.4,3565,0
20100812,78,81,75.6,75.6,1728,0
20100813,75.4,78,70,70,2475,0
20100816,69.8,72.8,67,70.8,2320,0
20100817,72.2,72.2,67,67.4,2314,0
20100818,67.2,67.6,65,66,1925,0
20100819,66,67.2,62,62.4,3092,0
20100820,62,67,61.6,62.2,2254,0
20100823,62.6,65.6,61.6,61.6,1899,0
20100824,61,62,60.6,61,2067,0
20100825,61,66.6,61,64.6,1738,0
20100826,65,66.4,63,63.6,1523,0
20100827,64.4,65.6,62.6,64.8,1980,0
20100830,64.4,64.4,60,60.4,2828,0
20100831,60.4,61.6,58.2,58.2,1640,0
20100901,59.6,62.2,59,60.8,2369,0
20100902,60.8,63.4,60.8,62.8,4747,0
20100903,58.4,63.8,58.4,63.6,2358,0
20100907,63.2,63.2,60.4,60.4,1223,0
20100908,60.4,63.4,60.4,62.2,1511,0
20100909,63.4,63.4,61.8,61.8,1463,0
20100910,62.2,63.4,60.6,61,991,0
20100913,61.6,64.6,61.6,63.2,3051,0
20100914,63.6,64.2,63,64,6518,0
20100915,63.4,64.4,63.2,63.8,3425,0
20100916,63.8,65.8,63.2,65.2,2602,0
20100917,66.4,66.4,63.2,65.8,2631,0
20100920,65.8,70.8,65.8,70.2,2932,0
20100921,70.8,71.6,69.8,69.8,1739,0
20100922,69.2,73.6,67.8,73.2,4193,0
20100923,72.2,73.8,71.4,73,3133,0
20100924,74.4,78.8,72,78,1984,0
20100927,78,81.6,76.4,80.4,2168,0
20100928,82.8,95.2,82.8,90.8,10539,0
20100929,91,100.2,88.2,99.8,17915,0
20100930,94,101.8,92,100.6,5811,0
20101001,101,104.8,87.6,92,5990,0
20101004,92,92,83.2,84,4205,0
20101005,85.4,96.8,84.8,94.2,3163,0
20101006,94.2,94.2,85.8,89,4411,0
20101007,90.4,91.2,86,89.2,2358,0
20101008,89,99,89,97.6,2048,0
20101011,98,100,96.2,98,1674,0
20101012,97.4,98.4,93.6,97.2,1551,0
20101013,97.6,103.2,96.8,103,2277,0
20101014,103.2,103.6,97.4,99.8,3347,0
20101015,101.6,101.6,97.4,99.8,5754,0
20101018,99.6,100.8,97.2,97.4,2508,0
20101019,96,96,91.6,92.4,2932,0
20101020,93.6,96.4,91,92.6,2260,0
20101021,93.4,94.2,90,91,1886,0
20101022,91.6,92.2,91,91.4,518,0
20101025,92.6,96.2,90.8,93.6,1405,0
20101026,92.6,94.6,92.2,93.2,616,0
20101027,92.2,94,90.2,92.6,2062,0
20101028,93.6,93.6,90,90.8,867,0
20101029,90.8,92,90.8,90.8,744,0
20101101,91.2,92.4,87.2,89.2,2033,0
20101102,90.8,92,87.8,91.6,1921,0
20101103,91.2,93.4,89.6,93.4,692,0
20101104,91.2,99,90.2,97.8,2420,0
20101105,98,100,95.8,99.4,6570,0
20101108,98.8,101.8,98.4,99,8238,0
20101109,99.4,99.8,98,98.8,3651,0
20101110,99.4,101.6,93.6,99,3902,0
20101111,97.4,99.6,96.6,99,1514,0
20101112,97.6,100.4,97.6,99.6,1231,0
20101115,100.6,101.4,99.2,100,1005,0
20101116,99,101.8,99,101,10637,0
20101117,101.4,102,100.4,101,1820,0
20101118,102.2,102.4,100.6,102,1128,0
20101119,102,103.8,101,103.6,2338,0
20101122,102.8,106.6,102.8,106.6,3214,0
20101123,105,105.8,104.6,104.8,1582,0
20101124,106,110,105.4,110,2113,0
20101126,109.4,110,108.6,108.8,161,0
20101129,108.4,109,104.4,108.6,2004,0
20101130,105.6,108,104.6,104.6,2083,0
20101201,107.4,109.2,104.4,106,1738,0
20101202,105.8,109.2,105.8,108,1637,0
20101203,107,107,104.6,106.2,927,0
20101206,105.6,109.6,105.2,108.4,1260,0
20101207,110,116.6,107.8,116.2,4417,0
20101208,116,119,94.2,106,23838,0
20101209,105,112.4,105,109.6,18656,0
20101210,108.8,111,99.6,100.8,6085,0
20101213,101,101.2,95.6,96,2771,0
20101214,96.2,101,94.2,100.4,1695,0
20101215,100.4,106,99.2,104.8,7879,0
20101216,105.4,107,102.8,105.8,8148,0
20101217,105.6,107.8,104.8,105.6,7973,0
20101220,106,106.8,102.6,105.4,3845,0
20101221,106.4,106.4,101.6,102,3745,0
20101222,102,104,98,101.2,2128,0
20101223,99,102.8,98.6,101.4,2175,0
20101227,102.4,102.4,100.4,101.6,939,0
20101228,101.4,101.4,97.6,98.8,1900,0
20101229,98.8,98.8,93.2,93.4,2741,0
20101230,93,95.6,90.4,90.4,21583,0
20101231,90.6,91.6,86,87.2,4876,0
20110103,89.4,92.8,88,92,2446,0
20110104,94.4,94.4,88.2,88.2,3075,0
20110105,88,89.2,85.4,88.4,3824,0
20110106,88.8,89.6,85.4,88.2,1820,0
20110107,88.6,90.2,85.4,89,3990,0
20110110,86,88.8,86,87.6,1858,0
20110111,87.8,89,86.4,87.2,2843,0
20110112,88.4,90,88,89.2,1329,0
20110113,89.2,110.8,88.4,89.2,45884,0
20110114,90.2,92.2,88.8,90.2,10159,0
20110118,88.8,89.4,86.4,87.8,4371,0
20110119,88,90.2,82.2,88.4,13655,0
20110120,86.2,91,86.2,88.4,8712,0
20110121,89.8,89.8,83.2,83.2,4601,0
20110124,83.2,83.4,79.4,79.6,2600,0
20110125,79.6,79.8,75.6,76.8,2354,0
20110126,77.4,77.6,74.6,77,932,0
20110127,76.4,78.4,76.4,77.6,1223,0
20110128,77.2,77.8,72.4,72.4,2360,0
20110131,72.6,74.4,72.2,73.2,1797,0
20110201,74,76,72.2,75.8,3252,0
20110202,75.4,76.4,73.4,73.8,549,0
20110203,74,75.2,70.6,72,1822,0
20110204,71.2,71.2,66,66.8,4828,0
20110207,66,70.6,64.4,64.8,6469,0
20110208,64,68.8,62.2,67.6,5482,0
20110209,68.2,69.2,65.4,65.6,3701,0
20110210,66.6,73.6,66.6,70.8,5545,0
20110211,70.2,71.6,68.4,70.2,4393,0
20110214,70,71.2,67,67.8,1906,0
20110215,68,68.8,65.2,66.6,1468,0
20110216,67,70,66,70,3527,0
20110218,67.8,67.8,65,66.8,3891,0
20110222,66,66.6,63.6,63.6,3457,0
20110223,65.4,65.8,63.6,63.6,2304,0
20110224,63.6,63.8,62.2,63,5062,0
20110225,62.8,65.2,62.4,65.2,2579,0
20110228,65.6,67,64.6,65.8,4908,0
20110301,66.2,66.2,63.2,63.8,5428,0
20110302,63.8,64.6,63.2,63.8,5447,0
20110303,63.8,65,62.4,63.4,5057,0
20110304,63.6,64,61.8,62.4,6831,0
20110307,63.2,64,62,63,7667,0
20110308,63.6,64.4,62.6,63.2,4237,0
20110309,62.4,63.4,62.2,63,7882,0
20110310,62.2,63,61.6,62,4483,0
20110311,62,63,60.6,62.4,3616,0
20110314,62,62,61,61.2,1592,0
20110315,60.6,62.8,60.4,61.2,1998,0
20110316,60.8,61.4,59.4,59.6,3470,0
20110317,60.2,60.8,59.8,60.2,1292,0
20110318,61.4,63,61,61.8,4340,0
20110321,63.2,63.2,61.2,62.4,1793,0
20110322,61.8,62.8,60.8,60.8,1168,0
20110323,60.6,62,60.2,62,845,0
20110324,62,62.2,61.4,62.2,1140,0
20110325,61.6,63.2,61.6,62,2542,0
20110328,62,64.4,62,63,2897,0
20110329,63.6,68.6,63.4,66.6,23223,0
20110330,67.2,67.2,64,65.4,26326,0
20110331,64.2,67,64,65,10540,0
20110401,66,72,61,61.4,6833,0
20110404,62,62.6,61.4,62,3173,0
20110405,62,62.6,61.4,62.2,2082,0
20110406,62.4,62.6,61,62.2,3340,0
20110407,62.4,63,62,62.2,903,0
20110408,62.4,62.6,60.4,60.4,4732,0
20110411,60.8,61,60.2,60.6,2614,0
20110412,60.2,60.6,59.8,60,3083,0
20110413,60.2,60.4,58.2,58.4,2794,0
20110414,58.2,58.4,56.4,56.4,3562,0
20110415,58,58,53.6,56,10887,0
20110418,53.6,55.4,53.4,54.2,2743,0
20110419,54.2,58.8,54.2,58.2,8166,0
20110420,59.2,59.8,57.6,58,3120,0
20110421,56.6,58.2,55,55.4,2045,0
20110425,56.4,58.4,55.6,58.2,3195,0
20110426,58,60.6,57,60,19400,0
20110427,60,61,59.8,59.8,8130,0
20110428,59.8,60.8,57.2,58.2,3757,0
20110429,58.6,60,57.6,59.4,4409,0
20110502,59.6,60.8,57.6,57.6,1583,0
20110503,57.6,57.8,57,57,1428,0
20110504,57.2,58,55,55,1452,0
20110505,54.2,57,54,56,1707,0
20110506,57.2,58.8,57,57.4,1891,0
20110509,57.6,58.8,56,58.6,7251,0
20110510,45,46.2,42,44.4,128342,0
20110511,45,47.8,44.4,46.6,31686,0
20110512,46.4,48.4,45.4,46.4,22434,0
20110513,47.2,49,46.8,47.6,28083,0
20110516,48.8,48.8,46.6,47,13881,0
20110517,46.8,48.2,45.6,47.6,17206,0
20110518,47.8,50.6,44.8,46.8,18107,0
20110519,47.6,48.8,46,48.6,11915,0
20110520,48.8,49.6,47.6,47.8,4995,0
20110523,47.6,48.6,47.2,48.2,9760,0
20110524,48.2,48.2,46.4,47.2,5106,0
20110525,47.2,47.2,45.2,46.6,19247,0
20110526,47,50.6,46.8,50.2,17259,0
20110527,50.6,53.4,49.8,52.8,15781,0
20110531,53.6,53.8,50.4,51.2,36439,0
20110601,50.8,50.8,47,47.4,13911,0
20110602,48,49.6,47.4,47.8,12235,0
20110603,47.8,49.2,47.2,48.2,12819,0
20110606,47.8,50.2,47.2,47.6,15451,0
20110607,48.2,50.2,45.2,45.2,16736,0
20110608,45.2,45.6,42.2,42.8,14765,0
20110609,43.2,46.6,42.6,44.6,5749,0
20110610,44.6,44.6,42.8,43,7300,0
20110613,43.8,46.8,42.4,44,15867,0
20110614,44.8,48,44.2,45.4,12251,0
20110615,44.8,45.8,43.2,44.6,8566,0
20110616,44.4,47,42.8,45,11214,0
20110617,45.4,47.2,44.4,45.2,16335,0
20110620,45.6,46.4,43.8,44.4,6766,0
20110621,43,43,32.6,32.8,149952,0
20110622,32.8,33.8,29.8,30.2,103167,0
20110623,31.2,32.8,29.2,30.4,108633,0
20110624,31.2,35.4,30,32.8,307432,0
20110627,33,33.8,32,33.6,39416,0
20110628,34,35.2,32.8,35,35181,0
20110629,36,37.4,35.6,37,106349,0
20110630,37,37.6,36,36.2,25800,0
20110701,37,37.4,36,36.8,39133,0
20110705,37,37.6,36,36.2,16209,0
20110706,36.4,38.2,36.2,37.2,16302,0
20110707,37.6,37.6,36.6,37,21094,0
20110708,37,37.8,36.6,37.4,19734,0
20110711,37.6,39.2,36.4,36.6,99402,0
20110712,38.4,38.4,36.4,38.2,77887,0
20110713,38.2,41,37.6,40.8,95747,0
20110714,41.4,43.2,40.4,41,30913,0
20110715,41.8,41.8,39.4,40,17694,0
20110718,40.8,42,39.4,41.2,24303,0
20110719,41.4,43.6,40,42.4,14692,0
20110720,42.2,43.8,41.4,43,16994,0
20110721,44.2,44.8,42.8,43.8,27092,0
20110722,44,48.2,44,47.6,28301,0
20110725,46.8,47,45.2,46.6,16783,0
20110726,47.8,47.8,44,44.4,30045,0
20110727,44,44.2,40,41.8,20496,0
20110728,42,44.8,41,42,62076,0
20110729,41.8,42.4,41,41.2,10911,0
20110801,42.4,43.4,40,41.2,12569,0
20110802,40.8,41.4,39.2,39.2,7991,0
20110803,39,40.8,34,37.6,34401,0
20110804,37.6,39,35,35.2,12644,0
20110805,35,35.8,31.6,33.6,27585,0
20110808,31.8,34.6,27.6,27.6,29468,0
20110809,28.4,30.6,26,29.4,21972,0
20110810,31.8,32.8,27,27.6,12612,0
20110811,27.6,29.4,27.6,29,23887,0
20110812,29.2,30.4,28.4,29.6,12361,0
20110815,30.4,34,30.4,32.4,18842,0
20110816,32,32,29.2,29.8,15008,0
20110817,30,31.6,30,30.8,9970,0
20110818,29.8,31,27.6,29,14275,0
20110819,28.4,29,27.8,29,3126,0
20110822,29,29.8,25.2,26,22078,0
20110823,26.4,27.8,25,27.2,11213,0
20110824,27.8,27.8,25.8,26.6,11625,0
20110825,27.2,27.6,26.2,26.4,11141,0
20110826,26.6,28.4,26.4,27.6,9992,0
20110829,28.4,29.2,27.8,28.8,6204,0
20110830,28.4,29.2,27.8,28.8,6463,0
20110831,29.2,29.6,27.2,28.4,10316,0
20110901,28.2,28.8,27.4,27.6,16568,0
20110902,27.2,27.6,25,26.2,14892,0
20110906,25.4,26.2,24.6,25.4,10994,0
20110907,26,27,25.2,26.6,5918,0
20110908,26.2,26.6,25.6,25.6,3605,0
20110909,25.6,26.6,25.4,25.6,5573,0
20110912,25.4,26,24.8,25.4,9065,0
20110913,26.6,26.6,25.6,26.6,2829,0
20110914,26.4,27.6,26,26.8,4955,0
20110915,27,28.6,27,28.4,5623,0
20110916,28.4,28.4,27.4,27.4,4314,0
20110919,26.8,27,25,26.2,11504,0
20110920,27,27.6,25.8,26.4,13952,0
20110921,26.8,27,25.2,25.8,6049,0
20110922,25.8,25.8,24.4,24.4,15515,0
20110923,24,25,23.6,23.8,12454,0
20110926,24,24.6,23.2,23.6,3915,0
20110927,24.2,24.2,23,23,10072,0
20110928,22.2,22.2,20.2,20.4,66656,0
20110929,20,21.6,18.2,18.2,99855,0
20110930,18.2,21,18.2,20,41858,0
20111003,18.6,20,17.8,18.6,17593,0
20111004,18,20.4,18,20.4,7956,0
20111005,20.6,20.6,18.2,19.2,17224,0
20111006,19,20.6,19,20.6,9284,0
20111007,20.6,21,19.8,19.8,14044,0
20111010,21,21,20,20.4,8441,0
20111011,20.4,21.4,20.2,20.4,11343,0
20111012,21,21.4,20,20.6,20767,0
20111013,20.2,20.8,20,20.6,19279,0
20111014,20.8,23.2,20.2,22.6,32145,0
20111017,22.8,22.8,21.8,22.8,8213,0
20111018,22.6,22.6,21.4,21.8,10029,0
20111019,22.4,24.2,22.4,23,33540,0
20111020,23.4,25.4,23.2,25,36013,0
20111021,25.4,27.2,24.8,26.4,54346,0
20111024,26.4,27.4,26.4,26.8,18273,0
20111025,27,27.4,26,26.4,17841,0
20111026,27,29.4,26,28.8,22509,0
20111027,30,30.8,29.2,30.2,21480,0
20111028,30.2,31.6,29,30.4,11928,0
20111031,30.4,30.8,29,30.2,10920,0
20111101,29,29.6,28.4,29,10764,0
20111102,29.2,29.6,28.2,28.4,11406,0
20111103,28.2,29.6,26.6,29.4,15901,0
20111104,30,32,28.2,31,35140,0
20111107,31,31.4,29.4,31,17696,0
20111108,31,31.8,30.4,30.8,7586,0
20111109,29.8,31,29.2,30.6,14713,0
20111110,31,31.8,29.6,31.2,11381,0
20111111,32,33.6,31.6,33.6,15272,0
20111114,33,34.2,32.4,33,7327,0
20111115,33.2,33.2,31,31.6,3466,0
20111116,31,33,28.2,32.4,7958,0
20111117,32.4,33,30.8,32.2,4861,0
20111118,31.4,34.6,31.4,34.4,13530,0
20111121,33.8,35,31.6,32.4,4852,0
20111122,32,32.4,31.8,32,3820,0
20111123,31.8,33.8,30,32,6600,0
20111125,31.2,31.6,31,31.2,3435,0
20111128,31.4,32.8,31,32.6,4812,0
20111129,32.2,33.2,31,33,4088,0
20111130,32.8,33,32,32.2,3831,0
20111201,32.2,33.2,32.2,32.6,1747,0
20111202,32.8,32.8,32.2,32.2,3872,0
20111205,33,33,31.6,32,11191,0
20111206,32,32,30.4,31.2,7982,0
20111207,31.4,31.8,27.6,30.4,11594,0
20111208,29.4,30,28,28,3387,0
20111209,28,29.2,27.2,27.8,3153,0
20111212,27.6,27.6,26.8,27.2,4769,0
20111213,27,27.8,25.8,27.4,8561,0
20111214,27.2,27.2,24.6,25.4,12556,0
20111215,26.4,26.8,24.2,25.6,4362,0
20111216,25.6,26.6,24.6,25.8,4134,0
20111219,24,28,24,25.4,8090,0
20111220,25,27.2,25,25.6,6963,0
20111221,27,31,26.6,27.6,28404,0
20111222,28,28.4,25.6,26,7144,0
20111223,25.4,26.8,24.6,25.4,5383,0
20111227,25.2,34,24.6,30.6,55055,0
20111228,30,31.8,27,27.6,16827,0
20111229,27.6,29.4,27.4,29.4,6012,0
20111230,29,30.6,28,29.4,8947,0
20120103,30.8,31.8,30.2,30.4,7392,0
20120104,30.8,30.8,28.4,29.2,2982,0
20120105,29.6,30.4,28.6,29.2,3819,0
20120106,29.6,29.8,29,29,1643,0
20120109,29.6,32.8,29.6,32.4,13368,0
20120110,32.8,33,31.6,31.6,7117,0
20120111,31.6,32,30.2,31.8,6192,0
20120112,31.6,32.6,31.6,32.4,12555,0
20120113,32,35.8,31.8,34.8,25564,0
20120117,36,36.6,32.8,34.2,18381,0
20120118,34.6,35,33.8,34,2179,0
20120119,34,34.8,33.6,34.4,16748,0
20120120,34.2,34.4,32.4,33.8,12206,0
20120123,34.4,34.4,31.8,32.2,13788,0
20120124,31.4,32.6,30.2,31.6,11993,0
20120125,31.8,34.4,31,33.8,20236,0
20120126,34,36,33,35.8,18129,0
20120127,35.4,38.2,34.4,37.6,11883,0
20120130,38,38,36,36.8,6850,0
20120131,36.2,39.2,36,37.4,5964,0
20120201,37,41,36.8,39.6,22425,0
20120202,39.8,42.6,39.8,41.6,16064,0
20120203,41.8,42.6,39.6,40.6,10663,0
20120206,40,40.4,38.2,38.8,12884,0
20120207,38.6,38.6,37.2,38,6383,0
20120208,37.8,39,34.8,37.4,14124,0
20120209,37.6,38.2,36.4,37.6,6914,0
20120210,37.6,37.6,34.8,35.4,12804,0
20120213,36,36.6,35.2,35.6,12771,0
20120214,35.4,36.8,35.4,35.6,5559,0
20120215,35.2,36.4,34.8,35.8,4351,0
20120216,34,36.8,34,35.2,9840,0
20120217,35,38,34.8,37.8,5826,0
20120221,38.4,40,37.8,38.4,6977,0
20120222,37.8,39.4,37.6,39,3232,0
20120223,39,40.8,38,40.6,5914,0
20120224,40,41.4,39.4,41,9503,0
20120227,41,41.8,40.4,41.6,3650,0
20120228,41.4,42.6,41.2,42,7479,0
20120229,41.8,44.2,41,43.2,11279,0
20120301,44,44,42.4,43,5982,0
20120302,42.8,43.2,42.4,42.4,3482,0
20120305,42.4,43.4,40.4,41.4,9859,0
20120306,40.8,40.8,40,40.2,4758,0
20120307,38.6,40.6,38.4,40.4,1736,0
20120308,40.4,42,39.8,41.8,4385,0
20120309,42,42,40.8,41.4,881,0
20120312,40.8,40.8,39.4,39.6,2348,0
20120313,40.2,40.2,37.6,38.4,6047,0
20120314,38.4,39.2,37.6,38.4,2304,0
20120315,36.8,39.4,36.6,37.2,5036,0
20120316,38,38.2,36.4,36.8,5839,0
20120319,36,36.4,34.2,35,12742,0
20120320,35,35,32.8,34.6,11588,0
20120321,34.2,34.4,32.8,34.2,5976,0
20120322,33.6,34.2,33.2,34,11602,0
20120323,33.4,35,32.8,34,18922,0
20120326,34.8,37.2,34.6,36.8,5755,0
20120327,36.2,39,34.6,38.8,4944,0
20120328,41.4,43.4,37,41,35918,0
20120329,40.4,41,39,40.8,40374,0
20120330,41,41,39.2,39.4,3444,0
20120402,39.6,41.2,39.4,40.4,5111,0
20120403,40.6,41,39.8,40,3092,0
20120404,40.2,40.2,37.4,38,3803,0
20120405,37.8,38.4,37.2,38.2,2381,0
20120409,37.4,37.6,36.4,36.6,2463,0
20120410,37.4,38.6,36.6,36.8,9864,0
20120411,37,37.4,36.4,36.4,5871,0
20120412,36.2,36.8,36,36.8,2375,0
20120413,36.4,36.4,34.2,34.6,18310,0
20120416,35.2,35.2,33.6,34,9975,0
20120417,34.2,34.8,33,33.6,5363,0
20120418,33.4,33.8,32.4,32.8,3658,0
20120419,33,33.8,33,33.2,2440,0
20120420,33.6,34.4,31.8,32,4214,0
20120423,32,33,32,32.4,5149,0
20120424,32,32.4,30.2,31.6,6835,0
20120425,32.4,32.4,31.2,31.8,1545,0
20120426,32.4,34.4,31.8,34.4,2998,0
20120427,34.6,34.8,33.2,33.4,3128,0
20120430,33,35.6,33,35.6,3699,0
20120501,36,38.4,34.8,36.4,6710,0
20120502,36.8,36.8,33.8,34.4,5157,0
20120503,33.8,36.2,33.2,35.4,1523,0
20120504,34.4,34.4,33.4,33.4,5032,0
20120507,33.4,35,32.6,34,4486,0
20120508,33.6,34.4,33.4,34,1795,0
20120509,33.4,35,33.4,34.8,3201,0
20120510,35.4,36.4,34.6,36.2,1482,0
20120511,35.6,37,34.8,35.6,2964,0
20120514,35.2,37,35.2,36,2328,0
20120515,36.6,36.8,32,32,7364,0
20120516,31.8,34.6,31,33,244730,0
20120517,34.4,35.4,32.2,34.6,4957,0
20120518,34.6,36,33.4,34.2,1324,0
20120521,34.4,36.6,31.6,35.8,7276,0
20120522,36.6,37.4,35,35.6,21576,0
20120523,36,36.4,33.6,33.8,16581,0
20120524,34.4,35.2,33,33.8,8599,0
20120525,34.6,34.6,33,33.8,1986,0
20120529,34.6,34.6,33,33.8,3035,0
20120530,34.2,34.4,33.6,33.6,4067,0
20120531,33.8,34.8,32.6,34.6,4523,0
20120601,34.2,35,33.8,33.8,6137,0
20120604,33.6,35.2,33.6,35,8179,0
20120605,35.2,36.6,33,36.2,37781,0
20120606,36.4,39,36.2,37.8,6533,0
20120607,37.8,39.4,37,38,4018,0
20120608,37.2,39.8,37.2,39.4,9859,0
20120611,39,39.4,38,38.6,2360,0
20120612,39,40,37.2,40,3228,0
20120613,40,40,38.4,39,8547,0
20120614,39.2,40.2,38.4,39.8,10703,0
20120615,40,41.4,39.4,41.2,19336,0
20120618,41.2,41.2,39.8,40,7297,0
20120619,40.6,40.8,39,39.6,5968,0
20120620,40,40,38.2,38.8,9226,0
20120621,38.6,39.6,37.4,38,9169,0
20120622,36.8,39.2,36.8,39.2,4730,0
20120625,39.2,39.2,37.6,38.2,2466,0
20120626,38.2,38.6,37,38.2,2579,0
20120627,38.2,51,37,46.4,193750,0
20120628,46,50.8,45,45.2,106903,0
20120629,46,47.4,43.4,44,40252,0
20120702,44.8,51.8,44.8,50.4,104859,0
20120703,60,69,57.6,59.6,306633,0
20120705,61.8,62.8,57.2,58.8,94515,0
20120706,58.6,64.4,58.2,63.8,87593,0
20120709,68,71.4,66,68.2,171405,0
20120710,69,71,61,62.4,135170,0
20120711,62,64,58.8,60,75669,0
20120712,59,63.4,58.8,60,51629,0
20120713,60,61.2,58.8,59.8,42619,0
20120716,59,60,54.2,54.8,62990,0
20120717,55,57.4,53.6,55.4,34559,0
20120718,54.4,56,52,52.2,40323,0
20120719,50.4,57.8,50.4,57,195621,0
20120720,55.2,56.4,52.4,53.8,67760,0
20120723,52.4,52.8,51,52.8,30465,0
20120724,55.4,58.8,53.4,57.6,123529,0
20120725,58.8,63.2,58.8,60.6,97692,0
20120726,62,62,57.2,59.8,58141,0
20120727,60,62.6,58.4,59.8,35195,0
20120730,60,60.8,57,57.4,31953,0
20120731,59.6,62.8,59.4,59.6,58979,0
20120801,60.2,63.8,59.6,60.4,49979,0
20120802,60.4,61,57,57.2,42737,0
20120803,57.8,59,56,56.2,28929,0
20120806,57.2,61,56.4,57,51473,0
20120807,57.4,58.8,52.6,54,52798,0
20120808,53.6,55,52,52.6,37282,0
20120809,52.6,59,52,58.2,36276,0
20120810,58.2,59.6,55.6,59,20296,0
20120813,59.8,65.6,57,63.6,117251,0
20120814,64,66.4,61.2,64.6,72284,0
20120815,65,70.2,65,67.8,116277,0
20120816,68.6,68.6,65.4,67.6,59619,0
20120817,67.8,68,65.4,66.8,28205,0
20120820,68.4,73.6,65.6,72,103184,0
20120821,73,74.6,67.8,69.6,86855,0
20120822,70,71.7,68.6,71,27469,0
20120823,71.6,71.6,68,68.2,36214,0
20120824,69,69.6,67.2,67.8,38081,0
20120827,68.8,73,67.6,72.4,59997,0
20120828,72.8,77.8,71.4,72,94247,0
20120829,71.8,74.8,70.2,72.4,33178,0
20120830,68,71,65.8,66,105952,0
20120831,67.8,68.8,63.2,65.8,54083,0
20120904,66.8,69,64.6,68.4,29766,0
20120905,68.6,68.8,64.8,65.2,35392,0
20120906,65.8,68.6,64.2,66.8,39724,0
20120907,67.2,68.2,65.6,66.8,28484,0
20120910,67.8,67.8,64.6,65.2,31416,0
20120911,65.2,65.7,64.4,64.8,22939,0
20120912,64.8,65.8,63,64.6,33614,0
20120913,64.6,65,63.6,64.2,17694,0
20120914,64.2,67.8,63.8,65.8,29870,0
20120917,62.6,65.2,60.2,62,38250,0
20120918,63,71,63,69.6,120249,0
20120919,70,71.6,67.2,70,36402,0
20120920,70.6,70.6,67.8,68.6,32085,0
20120921,69.6,75.8,68.6,75.8,86194,0
20120924,75.4,75.8,71,73.4,52533,0
20120925,74,75.198,71,71.6,44037,0
20120926,71.6,71.6,66.4,66.8,62899,0
20120927,67.8,72.4,66.6,68.8,48753,0
20120928,69,70,66,66.4,48254,0
20121001,67.2,68,66,66.4,19821,0
20121002,66.2,68,65,65.8,20123,0
20121003,66,72.8,66,71.8,66630,0
20121004,72,74.8,67.8,68.6,66694,0
20121005,69.2,69.6,67,69,25585,0
20121008,69.8,71.2,67.6,69,30650,0
20121009,69,69,64.4,64.6,61865,0
20121010,64.6,67.4,63,64.6,33046,0
20121011,64.8,66.598,63.2,64,19043,0
20121012,64.6,65.6,63.6,64.2,11167,0
20121015,63.8,64.6,61,62.8,38303,0
20121016,63.4,64.15,62,64,20820,0
20121017,64.2,65,62.2,63.8,16151,0
20121018,64,64,62,62.6,24181,0
20121019,62,63,58,60.4,63884,0
20121022,59.8,63.6,59.4,60.8,30211,0
20121023,60.8,61,58.2,60.2,25737,0
20121024,60,60.6,58.8,59.4,19151,0
20121025,59.6,60.8,57.8,60.8,28822,0
20121026,61.6,63,60.4,62.2,17595,0
20121031,63,63.2,61.9,62.6,14677,0
20121101,62.4,63.4,60.3,60.81,15673,0
20121102,61.4,61.8,59.8,60,12345,0
20121105,60.2,61.6,59,60.2,19131,0
20121106,61,61.184,59.6,60.2,14250,0
20121107,59.6,60.8,57.2,58.2,23349,0
20121108,58,58,51.6,55,196552,0
20121109,54,59,52.2,54.6,22971,0
20121112,53.4,54.4,52,52.736,52811,0
20121113,58,59.6,53.6,53.8,46116,0
20121114,54.8,55.2,51.6,52.5,25261,0
20121115,51.6,52.6,50.4,51.2,37421,0
20121116,50.8,51.6,47.8,48.4,53535,0
20121119,49,52.8,49,52,39738,0
20121120,52.6,53.2,51.2,51.8,17191,0
20121121,52.2,55,52,54.4,12818,0
20121123,53.4,56,52.6,55.8,8624,0
20121126,56,56,54.2,55.2,12908,0
20121127,54.8,55.8,54.4,54.6,8874,0
20121128,54.4,55.6,54,55.2,8347,0
20121129,54.6,59,54.6,58.4,24368,0
20121130,59.2,59.8,57,58,8943,0
20121203,58.2,59.8,55.2,56.2,9610,0
20121204,55.4,58.4,53.4,54.6,12884,0
20121205,53.8,55,51.2,52,18189,0
20121206,52.8,54.2,51.2,54.2,13988,0
20121207,54.8,56.4,54.4,55.2,14072,0
20121210,55.4,61,55,56.6,47074,0
20121211,57.2,57.6,55,55.8,11821,0
20121212,56.8,58,55.2,57,11303,0
20121213,57,57.4,56,57,5329,0
20121214,56.4,57.8,55.2,56.6,8672,0
20121217,56.6,57.4,54.4,54.6,9417,0
20121218,55.4,56.798,54,54.002,12804,0
20121219,54.4,55.6,53.6,53.6,9360,0
20121220,54,58.8,53.8,57.6,17859,0
20121221,55,57.2,54.6,55.8,10930,0
20121224,56.6,56.6,55,55.6,2837,0
20121226,55.4,57.8,55.4,56.4,7847,0
20121227,56.4,57.4,55,57,10970,0
20121228,56.6,58.4,56.2,58,12461,0
20121231,58,58,56.2,57.6,12736,0
20130102,60.2,62,59.2,60.2,26020,0
20130103,59.4,61.2,59.4,60,23730,0
20130104,60.6,61,59.6,60,12133,0
20130107,60,64,60,62,27550,0
20130108,62.4,65,62,63,33537,0
20130109,63,63.166,62.2,62.8,7712,0
20130110,63.2,63.2,61.6,62,11127,0
20130111,62,63,61.4,62.6,11383,0
20130114,62.6,63,62.2,63,6522,0
20130115,62.2,63,61.6,62.2,14339,0
20130116,62,62,60.2,60.8,13247,0
20130117,60.6,62,56.8,58,18982,0
20130118,57.8,60.4,57,59.8,15705,0
20130122,60.6,60.6,57.6,59.2,10247,0
20130123,59.4,60,58,58.8,8030,0
20130124,58.4,60.69,57,57.2,11545,0
20130125,57,58.1,56.6,57,9606,0
20130128,57.8,58.2,56.8,57,9252,0
20130129,56.4,56.94,54.2,55.2,19090,0
20130130,54.2,55.8,54.2,55,10895,0
20130131,54.8,56.2,54.6,56.2,19740,0
20130201,56.2,56.89,55,55.6,8970,0
20130204,55.6,57,54.8,56,7583,0
20130205,56.6,60,55,58.8,14728,0
20130206,59,60.2,58.6,58.8,8779,0
20130207,58.6,58.94,55,55.4,18744,0
20130208,56,58.4,54.8,55.4,11689,0
20130211,55.4,55.4,52.8,53.2,36283,0
20130212,52.8,53.2,52,53,24788,0
20130213,54,55.2,52,52.8,40195,0
20130214,43,44.4,34.4,35.8,337473,0
20130215,37,37.4,35.8,37.2,83628,0
20130219,37.2,40.6,37,40,80900,0
20130220,40.2,41,37.6,40.8,53831,0
20130221,41.4,41.4,38,38,32996,0
20130222,38.6,39.8,38,39.2,21830,0
20130225,40,41.2,39.2,40.2,27900,0
20130226,40.4,41.2,40,40.4,19778,0
20130227,40.2,40.6,38.4,38.8,21769,0
20130228,38.8,40,38.2,39,12004,0
20130301,41.4,45.6,40.6,44.4,83377,0
20130304,44.8,45.8,42,42.6,30365,0
20130305,42.6,44.4,42.22,43.2,17752,0
20130306,43.4,43.4,40.8,41.8,14337,0
20130307,41.6,44.2,41.6,44,15809,0
20130308,44.4,45.8,43.4,44,16264,0
20130311,44,44.8,42,44.4,11497,0
20130312,44.6,47.2,44.4,45.8,28102,0
20130313,47,48,44,44.2,33460,0
20130314,44.6,46.6,43.2,46.2,16098,0
20130315,46.6,46.8,45,46.4,23924,0
20130318,46,47.6,44.8,47.2,22007,0
20130319,48.2,48.4,46,47.4,20993,0
20130320,48,48.4,46.8,48,16226,0
20130321,48,48.4,46,46.4,15077,0
20130322,47,47,42,44,40261,0
20130325,43.8,45.6,43,43.8,10048,0
20130326,43.4,43.598,40.6,41.4,22458,0
20130327,41.6,42.2,40.4,41.8,22937,0
20130328,41.2,44,40.6,43.8,18674,0
20130401,43,43.4,41.6,42.8,16586,0
20130402,42.6,45.4,42.5,44.8,16916,0
20130403,44.8,46,44,45,15902,0
20130404,45.2,45.4,44.4,45.4,9138,0
20130405,45,47,44,46.6,17385,0
20130408,46.8,47,45.8,46.2,7997,0
20130409,45.8,47,45.4,46.2,5785,0
20130410,46.4,47.8,46,47.6,16587,0
20130411,47.8,50.2,47,49.8,18396,0
20130412,49.4,52,49.4,50.2,34896,0
20130415,49.8,50,46.6,47,18972,0
20130416,47.998,51.8,47.5,51,17474,0
20130417,50.2,50.8,49,49.6,7005,0
20130418,48,50.6,45.8,47.6,25006,0
20130419,48.4,50,48.2,50,11240,0
20130422,51.2,54.8,50.6,53.8,35709,0
20130423,54.4,55.6,53.8,54.7,21074,0
20130424,54.6,55.8,53.8,55,11985,0
20130425,55.4,59,55.4,56.6,31946,0
20130426,54,55.98,53.8,55,14148,0
20130429,55,57,54.8,55.2,15765,0
20130430,55.8,56.2,55,55.4,9477,0
20130501,54.8,55.598,52,52.2,16120,0
20130502,52.2,54.2,52.2,52.8,8467,0
20130503,53.4,54.4,52.6,53.8,9542,0
20130506,53,54.4,51.2,51.8,11766,0
20130507,51.2,52.4,50.2,52,11879,0
20130508,52,53,49,49.8,22126,0
20130509,50,52.8,49.8,52,21978,0
20130510,52.6,53.8,52.4,53.8,15060,0
20130513,54,56.6,53.6,55.8,25303,0
20130514,63.6,67,60,62.2,123739,0
20130515,63,63,60,60.4,36227,0
20130516,62.8,63.5,60.4,62,23329,0
20130517,62.4,63.6,61.4,62,16751,0
20130520,62.2,66.4,62.2,66,56955,0
20130521,66.8,70,66.602,70,51658,0
20130522,70,76.8,70,74,82720,0
20130523,72.4,76,69,75.8,41042,0
20130524,74.6,87.8,72.2,85.2,108763,0
20130528,85.2,89.8,81.6,84.8,103469,0
20130529,82.4,86,78,82.4,57249,0
20130530,83.2,83.2,76.6,77.6,49081,0
20130531,83.2,84.4,77.6,83.8,64175,0
20130603,83.8,85.8,80.8,84.8,28580,0
20130604,84.6,84.8,79.8,80.6,25088,0
20130605,80.6,82.2,79,80.4,21981,0
20130606,80.2,81.592,78.8,80.6,15816,0
20130607,80.8,82.8,79.22,80.4,14110,0
20130610,79.6,82.4,78,81.8,15627,0
20130611,80,84.4,76,77.8,141326,0
20130612,78,79.6,70.2,72.8,67824,0
20130613,73,76.6,72,75.4,27697,0
20130614,74,74.6,69.4,70.6,40078,0
20130617,71.6,76.2,71.4,74.4,37160,0
20130618,74.2,75.6,72,74,23584,0
20130619,74.2,76.2,73.4,74.4,14815,0
20130620,73.2,74.6,71.6,72,21240,0
20130621,71.4,76,70.6,74,18457,0
20130624,72,74.4,71.8,72.8,21872,0
20130625,73.2,74.8,66,67.2,54535,0
20130626,67.8,71.4,66.5,70.8,25102,0
20130627,72,72,66,66.2,65573,0
20130628,65.6,65.6,60,61.4,367213,0
20130701,62,65.8,61.8,63.8,41998,0
20130702,64,64.8,60.4,62.2,39975,0
20130703,62.2,64.4,60.8,63.4,12531,0
20130705,62.4,64.4,62,63.2,20332,0
20130708,63.6,64,60,62.4,29091,0
20130709,62.6,64.3,62.2,63.6,27906,0
20130710,64,66.2,62.4,65.6,25343,0
20130711,67.2,69.4,65.8,68.8,26130,0
20130712,68.4,70.6,63.2,64.8,43406,0
20130715,65,66.8,62,66.2,34700,0
20130716,66.4,67,64.6,65.8,33376,0
20130717,66,66.6,64.4,65.2,14874,0
20130718,65.6,65.9,64.8,65,13113,0
20130719,64.6,65.2,63.2,64,18102,0
20130722,63.8,64.6,62.6,63,18278,0
20130723,62.8,63.2,59,62.2,47680,0
20130724,62.4,63.8,62,62.4,9992,0
20130725,62.2,62.4,60.4,62.4,15867,0
20130726,62,63.6,62,63.2,15149,0
20130729,62.6,63,61,61.8,13815,0
20130730,62.4,65.6,61.8,63.6,19118,0
20130731,64.4,64.4,62.4,63.2,10493,0
20130801,63.8,64.6,63,63.8,12409,0
20130802,64,64,61.2,62,12592,0
20130805,61.6,62.2,59.4,60,24263,0
20130806,60.8,61,56.4,58.4,42137,0
20130807,45.6,45.8,39,41.4,254026,0
20130808,41.6,42.8,40,40.8,69446,0
20130809,41.8,43.398,41,42.8,42226,0
20130812,43,43.8,41.2,41.8,38823,0
20130813,42.2,42.8,40.8,41,37237,0
20130814,40.8,41.4,40.6,41,13722,0
20130815,40.8,41,40,40.4,23784,0
20130816,40.2,41.4,40,40.4,17336,0
20130819,40.2,40.4,39.6,39.6,24637,0
20130820,39.2,40.2,39,39.6,18331,0
20130821,39.2,39.6,37.8,39,28470,0
20130822,39.4,41.6,39.2,40.6,22276,0
20130823,40.2,41.9,40.2,41.6,17032,0
20130826,42,44,41,42.6,27583,0
20130827,42.2,42.4,40,40.2,23735,0
20130828,40,42.4,40,42.2,16503,0
20130829,43,43.2,42.4,43,20169,0
20130830,43,43.2,41.6,42,11112,0
20130903,42.4,43.2,42,42.4,23507,0
20130904,42.2,43.2,41.6,42.8,12787,0
20130905,42.2,43.4,42.2,43,20431,0
20130906,43,43.2,41.4,41.8,18345,0
20130909,42,43.2,41.8,43.2,22677,0
20130910,43,43.4,42.6,42.8,11795,0
20130911,42.4,42.6,42,42.2,12915,0
20130912,42,42,38.8,40.2,32367,0
20130913,38,38,35.4,36.8,176144,0
20130916,37.4,38,36.4,36.6,38069,0
20130917,36.8,38.6,36.4,38.2,29984,0
20130918,38.4,39.2,36.8,36.8,33219,0
20130919,36.8,37.4,36.8,37,31582,0
20130920,37.4,37.6,36.6,36.8,27974,0
20130923,37,37.6,36.4,37.58,23455,0
20130924,37.6,39.4,37.2,39,44528,0
20130925,39.6,41.8,39,41.8,49370,0
20130926,42,43.2,40.8,42.4,47266,0
20130927,41.8,42.8,41.2,41.4,37300,0
20130930,41,41.2,39.2,40,88385,0
20131001,39.8,43.2,39.8,42,53200,0
20131002,41.8,42.2,39.8,41,29235,0
20131003,41,41.6,39,39.2,23786,0
20131004,39.6,40.4,39.2,39.4,21922,0
20131007,39.4,39.6,38.4,39,28820,0
20131008,39.2,39.8,38,38.4,22405,0
20131009,38.8,38.8,37.6,38,29050,0
20131010,38.8,38.8,38,38.2,13705,0
20131011,38.4,39.2,38,38.6,20145,0
20131014,38,38.4,38,38.2,21985,0
20131015,38.4,38.8,38,38,13115,0
20131016,38,39,38,38.8,11240,0
20131017,38.6,41.2,38.2,40.8,26750,0
20131018,41.4,41.4,40,41.2,19175,0
20131021,41,41.8,40.6,40.6,11890,0
20131022,40.6,40.6,38,38.6,26430,0
20131023,38.4,41.2,38,40.8,20980,0
20131024,40.8,41,39.4,40.8,16714,0
20131025,41,43.2,40.2,42.8,37085,0
20131028,42.8,42.8,41,42.4,19825,0
20131029,40.6,43,40.4,41,14480,0
20131030,41.2,41.8,40,40.2,13890,0
20131031,40.2,40.6,39,39,15263,0
20131101,39.8,39.8,37.8,38,24770,0
20131104,38.6,39.4,38,39.2,24190,0
20131105,39,39.6,36.6,37.4,37205,0
20131106,38,40.2,36.2,39,36005,0
20131107,39,43,39,42,48760,0
20131108,42,43,40,41.2,23746,0
20131111,41.2,42.4,40.4,41.8,17385,0
20131112,41.8,44.2,40.8,43.4,84470,0
20131113,43.6,45.4,42.4,45.2,101200,0
20131114,45.4,48.8,45.2,47.4,103745,0
20131115,47.8,51.6,46.4,49.8,80096,0
20131118,49.8,50,42.8,45.8,79800,0
20131119,45.2,48.4,45.2,46.6,25700,0
20131120,46.6,46.6,42.2,43,27685,0
20131121,43.2,45.6,43.2,45,20637,0
20131122,45,45.2,41.8,42.2,30910,0
20131125,43.4,46.4,43.3,44.6,30582,0
20131126,44.4,45,42.6,44.8,16300,0
20131127,45,45.6,44,45.2,11368,0
20131129,45.4,46,45.2,46,5130,0
20131202,45.4,45.798,43.6,45,21101,0
20131203,44.4,45,43.4,43.8,13535,0
20131204,43.4,43.6,42.4,43,17480,0
20131205,43,43.6,42,42.2,11265,0
20131206,42.2,43,42,42,16785,0
20131209,42.8,42.8,40.4,40.6,20720,0
20131210,40.8,41.2,40.2,40.4,15405,0
20131211,40.4,40.6,39,39,19637,0
20131212,39,40,38.4,38.8,26505,0
20131213,39,41,38.6,40.2,33410,0
20131216,40.6,42.4,40.6,42.2,24265,0
20131217,42,44.4,41.6,43.2,28075,0
20131218,43.6,43.8,42,43.2,19448,0
20131219,43,43.8,42.2,42.6,13160,0
20131220,42.6,43.8,42.4,43.4,52570,0
20131223,43.8,44.8,43.4,44.6,20995,0
20131224,44.6,45,39.8,43.8,24708,0
20131226,43.6,45,41,43,11450,0
20131227,43.2,43.2,41.8,42.4,16562,0
20131230,42.2,46.4,41.8,46,32676,0
20131231,46,46.4,44.2,45.8,26085,0
20140102,45.2,49.8,44.8,49.4,26477,0
20140103,49.4,51,47.6,50.4,33635,0
20140106,50.6,51.6,48,49.4,26274,0
20140107,49.4,51.2,48.4,49.6,34555,0
20140108,49.6,55,49.2,52.4,56840,0
20140109,53,55.8,51.4,53.2,50660,0
20140110,57.6,59.4,49.2,50,114035,0
20140113,50,52.4,48,49.4,55075,0
20140114,50,52,49.6,51.8,29660,0
20140115,51.8,54.8,51.8,54.6,28545,0
20140116,54.8,56.6,54,56.2,58975,0
20140117,56.8,57,51,52.8,49640,0
20140121,53,54.6,51,52.8,30249,0
20140122,53,53.8,51.2,51.6,21399,0
20140123,50.4,51,49,50.8,25955,0
20140124,50.2,50.2,47.8,48.8,24930,0
20140127,48,48.8,43.6,46,31730,0
20140128,46.4,47,44.6,45,18840,0
20140129,44.4,45,42.4,43.8,18362,0
20140130,44.4,44.4,40.8,43,39302,0
20140131,42.4,43.8,41.4,42.2,30520,0
20140203,42.4,43.6,41.6,42,27467,0
20140204,42.4,44,42.2,43,16084,0
20140205,43.2,43.4,41.4,41.8,24455,0
20140206,42.4,43.6,41.8,43,17045,0
20140207,44,45,42.4,44.4,19632,0
20140210,44.4,45,44,45,9926,0
20140211,45,46.8,43,43,47339,0
20140212,43.4,50.8,43.4,47.4,71859,0
20140213,49.8,51,47.8,47.8,68873,0
20140214,48.4,50.8,48,49.4,54720,0
20140218,50.4,53,49.4,51.6,63901,0
20140219,51.6,53.8,49.6,49.8,46855,0
20140220,50.4,52.4,49.4,49.8,33168,0
20140221,50.2,51,49.4,50.2,38039,0
20140224,50.2,51.2,47.8,48,34387,0
20140225,48,48.4,46.2,47.8,25078,0
20140226,48,50.4,47.4,49.2,52515,0
20140227,49.2,50.6,48.8,48.8,18081,0
20140228,49,51,47.8,48,29517,0
20140303,47.6,50,47.2,49.6,32674,0
20140304,50.8,50.8,49.2,49.8,39470,0
20140305,49.4,51,48.4,50.6,36941,0
20140306,50.6,50.602,48.4,49,21142,0
20140307,49.4,52.3,47.6,49.8,63346,0
20140310,50,50.2,48.6,49.8,17036,0
20140311,50.4,50.8,47.2,48.8,34471,0
20140312,48.6,48.6,46,46.8,29223,0
20140313,47,47.2,44.2,44.6,26663,0
20140314,44.4,45,43.2,43.8,30612,0
20140317,44,45.4,43.2,43.4,22452,0
20140318,43.8,45.8,43.6,45.8,27081,0
20140319,46.2,47,43.6,43.798,53969,0
20140320,45.6,45.8,43.8,43.8,36815,0
20140321,44.4,44.4,42.02,42.2,51654,0
20140324,42.6,43.6,40.2,41,43741,0
20140325,41.6,43.8,40.3,41.2,33693,0
20140326,41.8,43.4,40.6,41.2,28130,0
20140327,41.6,43.4,40.2,41,31289,0
20140328,41.2,42.2,40.4,41,38262,0
20140331,41.6,43.2,41.2,43,28556,0
20140401,43.4,44.6,42.8,44.2,22851,0
20140402,44.6,45.4,43.8,44.8,46575,0
20140403,44.8,45.4,44.2,44.8,39305,0
20140404,45,45,41.2,41.4,31104,0
20140407,42.4,43.6,41.6,42,35169,0
20140408,42,45.2,41.4,45,75632,0
20140409,45,45.6,43.8,45,23880,0
20140410,44.8,44.8,41.6,41.8,60488,0
20140411,41.8,42.4,40.6,40.8,26786,0
20140414,41,41.2,37,37.8,65674,0
20140415,38,39,33.6,37.4,63282,0
20140416,38,38.8,36.4,37,56626,0
20140417,38.4,38.4,36.5,36.6,23624,0
20140421,36.6,37.6,36.6,37.4,17941,0
20140422,37.6,38.8,37.4,38.8,18601,0
20140423,38.4,38.8,36.2,37,24973,0
20140424,37.6,37.6,35.2,36.4,20924,0
20140425,36.4,36.6,34.4,34.8,27058,0
20140428,35.2,35.98,32,33.4,41963,0
20140429,33.4,34.6,33.2,33.8,16056,0
20140430,33.6,34.6,33,34.2,20595,0
20140501,34,34.408,32.8,33.2,36096,0
20140502,33.4,33.8,32,32.4,53458,0
20140505,32.2,33.6,32,33.2,18375,0
20140506,33.6,34,32.2,32.6,29472,0
20140507,33.2,33.8,30.2,30.4,99694,0
20140508,30.4,31,26.7,27,89681,0
20140509,27.4,29,27,28.8,30678,0
20140512,29.2,30.8,28.9,30,25636,0
20140513,30.6,31.2,28.8,29.8,27939,0
20140514,31.2,32.2,29.4,29.6,27928,0
20140515,28.6,29.6,27.8,28.6,22390,0
20140516,28.4,29.8,28,29.4,25853,0
20140519,29.4,29.8,29,29.6,13143,0
20140520,29.6,29.8,27.4,27.6,54709,0
20140521,27.8,28.7,26.8,28,42415,0
20140522,27.6,28.8,27.4,28.2,46472,0
20140523,28.6,28.6,27.6,28,17790,0
20140527,27.8,28.8,27.6,28,20407,0
20140528,28.4,28.4,27,27.4,26047,0
20140529,27.4,27.6,27,27,22531,0
20140530,27.2,28,26.8,27,21816,0
20140602,27.42,27.598,26,26.4,26895,0
20140603,27,27.2,25,25.4,34702,0
20140604,25.2,25.2,24,24.6,32655,0
20140605,25,26,24.6,25,52795,0
20140606,25.4,25.8,24.8,25.4,34004,0
20140609,25.2,27.4,25,26.8,44109,0
20140610,27,27.8,26.6,26.8,36635,0
20140611,26.8,27.04,26.2,26.4,20213,0
20140612,26.2,27,25.6,26,21986,0
20140613,27.2,27.4,25.6,25.6,13143,0
20140616,25.4,26.2,25.4,25.8,14046,0
20140617,25.6,26.6,25.2,25.6,20628,0
20140618,25.6,26.4,24.9,25.2,31924,0
20140619,25.4,26,24.6,25.6,23607,0
20140620,25.8,28.8,25.8,27.4,71399,0
20140623,32.2,35.6,30.4,31.4,411404,0
20140624,31.4,31.4,28.2,28.4,107757,0
20140625,32.6,33.8,31.4,33,351291,0
20140626,33,33.2,30.4,31.6,91879,0
20140627,31.2,33,30,33,443698,0
20140630,32,32.8,31,31.6,55381,0
20140701,32,32.8,31.6,32.6,38734,0
20140702,32.6,35.4,32.6,33.8,119950,0
20140703,33.6,33.8,32,32.4,36695,0
20140707,32.4,32.6,30,30.6,56319,0
20140708,30.8,32,30,30.6,42546,0
20140709,30.4,31,29.4,30.4,34120,0
20140710,29.2,30.8,29,30.4,29723,0
20140711,30.2,30.6,29.602,30.2,15843,0
20140714,30.4,30.8,29.4,29.4,27391,0
20140715,29.6,29.8,27.6,27.8,53525,0
20140716,28,28.6,27.6,27.8,19671,0
20140717,27.6,28.2,26.8,27,17338,0
20140718,26.8,27.6,26.6,27.4,13395,0
20140721,27.2,28.6,27,28.4,14006,0
20140722,29,29.8,28.8,29.2,23502,0
20140723,29.2,29.6,28.2,29.2,17300,0
20140724,29,29.002,28.2,28.6,8092,0
20140725,28,30.4,27.602,29.4,27351,0
20140728,27.6,30.4,27.6,29.8,22090,0
20140729,30,30.4,29.2,29.4,18923,0
20140730,29.6,30.4,29,29.2,14072,0
20140731,29.2,30.6,28.6,30.4,22163,0
20140801,30.6,31,28.4,28.6,21173,0
20140804,28.8,28.8,26.7,28,29932,0
20140805,28,28.4,27.4,28.4,13792,0
20140806,28.4,28.4,27.4,28.4,32586,0
20140807,18.6,20.8,18.4,19,246650,0
20140808,19.8,19.8,17.4,17.8,138251,0
20140811,18,18.08,17.642,17.948,55087,0
20140812,18.8,19.374,18,19.16,35299,0
20140813,19,19.7,18.7,19.202,45857,0
20140814,19.4,19.4,18.4,18.4,13974,0
20140815,18.964,19.35,18.4,18.83,26006,0
20140818,18.6,19,18.204,18.402,30227,0
20140819,18.4,18.62,17.8,18,25169,0
20140820,18.1,18.39,17.76,18,17078,0
20140821,18.2,18.2,17.4,17.6,25279,0
20140822,17.4,17.898,17,17.6,19922,0
20140825,17.4,17.968,17.02,17.4,27282,0
20140826,17.596,17.78,17.2,17.204,12425,0
20140827,17.2,17.8,17.2,17.3,11354,0
20140828,17.2,17.6,16.6,16.6,30009,0
20140829,17,17.002,16.602,16.776,14898,0
20140902,17,17.298,15.6,15.776,53612,0
20140903,16,16,15.2,15.27,31127,0
20140904,15.4,15.4,13,13,143377,0
20140905,13.002,13.982,10.802,11.144,169179,0
20140908,11.2,12.6,11.2,12.4,165867,0
20140909,12.8,13,12.2,12.2,20064,0
20140910,12.2,12.35,11.238,11.772,49527,0
20140911,11.77,12.196,11.4,11.81,23271,0
20140912,12,13,11.7,13,46722,0
20140915,12.8,12.8,11.894,12.2,24021,0
20140916,12.1,12.4,11.7,12,18353,0
20140917,12.2,12.302,11.7,12.108,13602,0
20140918,12,13.2,11.804,12.602,32674,0
20140919,13.2,13.2,11.94,12.692,17557,0
20140922,12.2,12.564,12.054,12.054,8922,0
20140923,12,12.4,11.9,12.2,11078,0
20140924,12,12.998,11.9,12.226,34526,0
20140925,12.4,12.58,12.002,12.16,9534,0
20140926,12.4,12.6,11.9,11.9,12740,0
20140929,12,12,11.8,11.806,6536,0
20140930,12,12,11.4,11.4,29709,0
20141001,11.2,11.398,10.8,10.86,13020,0
20141002,10.86,10.99,9.828,9.84,50417,0
20141003,9.8,10.6,9.8,10.5,26196,0
20141006,10.404,11.16,10.2,10.5,8292,0
20141007,9.96,11,9.828,10.348,25525,0
20141008,10.402,11.576,10,10.81,40098,0
20141009,11,11.26,10.2,10.3,16788,0
20141010,10.4,14,10.4,13,145996,0
20141013,14.8,25.4,14,24.6,791309,0
20141014,18.2,19.4,13.6,14.4,363254,0
20141015,15,18.006,13.8,16,177062,0
20141016,16,17.2,14.2,15.2,80477,0
20141017,15.4,15.8,14,14.552,54427,0
20141020,14.8,14.8,13.23,14.69,57135,0
20141021,14.6,15.6,14,14.722,64110,0
20141022,10,10.102,9.12,9.82,609183,0
20141023,10,10.2,9.79,10.002,458183,0
20141024,10.6,10.6,10,10.2,310006,0
20141027,10.2,10.3,9.63,9.8,80588,0
20141028,9.978,9.978,9.4,9.526,69566,0
20141029,9.888,9.888,8.002,8.796,136581,0
20141030,8.8,10,8.6,8.8,268016,0
20141031,9.178,9.406,8.602,8.8,102839,0
20141103,9.1,9.38,8.26,8.68,92860,0
20141104,8.8,9,8.274,8.6,62129,0
20141105,8.6,9.2,8.2,8.8,74942,0
20141106,9.16,9.16,8.252,8.94,93452,0
20141107,8.82,8.82,8.3,8.36,71249,0
20141110,8.5,8.6,8,8.366,114964,0
20141111,8.2,8.6,8,8.558,123328,0
20141112,8.6,9.6,8.07,8.754,156199,0
20141113,8.76,9.18,8.45,8.702,59127,0
20141114,8.4,8.98,8.4,8.774,45559,0
20141117,8.6,9.42,8.6,8.726,222831,0
20141118,8.8,9,8.4,8.4,67133,0
20141119,8.4,8.72,8.234,8.384,58717,0
20141120,8.376,8.498,8.2,8.216,51040,0
20141121,8.4,8.578,8.2,8.4,35150,0
20141124,8.48,8.576,8,8.164,65993,0
20141125,8.158,8.2,7.6,7.708,135279,0
20141126,8,8.064,7.252,7.884,198975,0
20141128,8.196,8.2,7.4,7.598,81097,0
20141201,7.8,7.848,6.872,7,86874,0
20141202,6.6,7.2,6.4,6.4,171845,0
20141203,6.456,7.202,6.456,7.192,295372,0
20141204,7.4,7.4,6.4,7,62653,0
20141205,7,7.224,6.6,7.04,49043,0
20141208,7.02,7.38,6.6,6.604,97247,0
20141209,6.6,7,6.42,7,21974,0
20141210,6.82,7.18,6.606,7,25030,0
20141211,7,8.6,6.7,6.82,339933,0
20141212,6.832,7.198,6.6,7.198,138422,0
20141215,7.2,7.35,6.788,7.08,47506,0
20141216,6.9,7.652,6.9,7.38,48546,0
20141217,7.4,7.792,7.05,7.08,65032,0
20141218,7.2,8.194,7.08,7.598,64086,0
20141219,7.9,8.2,7.8,7.954,39943,0
20141222,8,8.2,7.456,7.8,41153,0
20141223,7.626,8.198,7.5,8,28866,0
20141224,8.002,8.1,7.6,7.8,15865,0
20141226,7.8,8,7.5,8,26353,0
20141229,8,8.094,7.6,7.6,72045,0
20141230,7.6,8.1,7.56,7.7,43993,0
20141231,7.56,8.16,7.4,7.842,36678,0
20150102,7.8,8.2,7.734,8.2,9456,0
20150105,8.196,8.196,7.926,8.058,19932,0
20150106,8.08,8.08,7.62,8.01,21132,0
20150107,8.08,8.08,7.702,7.932,14455,0
20150108,8,8.6,7.61,7.88,45034,0
20150109,7.8,8,7.2,7.304,74682,0
20150112,7.22,7.498,6.6,7.074,60798,0
20150113,7.186,7.698,6.78,6.9,24953,0
20150114,7.17,7.2,6.66,6.85,27022,0
20150115,7,7.098,6.48,6.82,14721,0
20150116,6.5,6.996,6.202,6.596,39665,0
20150120,6.586,6.594,5.602,5.884,71020,0
20150121,6.098,6.22,5.202,5.484,53005,0
20150122,5.6,5.6,4.85,5.19,65623,0
20150123,5.2,5.356,4.55,4.8,104207,0
20150126,4.8,4.8,4.4,4.6,49668,0
20150127,4.72,6.376,4.7,6.162,252154,0
20150128,6.6,6.958,5.6,6.2,153220,0
20150129,5.8,5.9,4.898,5.2,166816,0
20150130,5.4,5.54,4.9,4.9,72983,0
20150202,5.266,5.282,4.92,5.06,24972,0
20150203,5.2,5.2,4.92,4.956,36192,0
20150204,4.92,5.2,4.72,4.8,45221,0
20150205,4.974,4.998,4.62,4.72,49830,0
20150206,4.798,4.978,4.6,4.8,57946,0
20150209,5,5.08,4.63,4.8,58362,0
20150210,5,6.2,4.9,5.5,232833,0
20150211,5.51,6,5.2,5.78,88530,0
20150212,5.43,5.6,4.7,5.1,148305,0
20150213,5.08,5.18,4.8,4.918,107934,0
20150217,4.75,5.4,4.75,5.4,77700,0
20150218,5.282,5.5,5.1,5.23,60549,0
20150219,5,7.2,5,7.2,619447,0
20150220,6.84,7,5.8,5.87,305435,0
20150223,5.64,6.358,5,5.522,174205,0
20150224,5.96,6.148,5.25,5.796,102877,0
20150225,6,6.192,5.422,5.716,173308,0
20150226,5.6,6.6,5.4,5.8,210131,0
20150227,6.076,6.966,5.8,6.584,549751,0
20150302,6.8,9,6.8,7.8,845980,0
20150303,8,8.4,7,7.2,330170,0
20150304,6,6.2,4.8,5,552085,0
20150305,5.2,5.6,5,5.4,257340,0
20150306,5.6,5.6,5.2,5.2,65310,0
20150309,5.4,5.4,5.2,5.2,92205,0
20150310,5.2,5.2,5,5.2,52975,0
20150311,5.2,5.4,5,5.2,74630,0
20150312,5.2,5.4,5,5.2,58125,0
20150313,5.6,5.6,5.2,5.2,192020,0
20150316,5.4,5.6,5,5.2,42950,0
20150317,5.2,5.4,5,5.2,38260,0
20150318,5.2,5.2,5,5.2,43050,0
20150319,5.2,5.2,5,5.2,57880,0
20150320,5.2,5.2,4.8,5,51925,0
20150323,4.8,5.2,4.8,5,34620,0
20150324,5,5,4.8,5,49035,0
20150325,5,5,4.8,4.8,40170,0
20150326,4.8,5,4.8,5,19415,0
20150327,5,5,4.4,4.6,124035,0
20150330,4.8,4.8,4.4,4.6,55630,0
20150331,4.6,4.764,4.44,4.64,17190,0
20150401,4.8,5,4.4,5,31670,0
20150402,4.8,5,4.6,4.8,21005,0
20150406,4.8,5,4.6,4.8,33160,0
20150407,4.65,5.8,4.65,4.826,234327,0
20150408,5.2,5.2,4.6,4.8,98325,0
20150409,5.14,5.14,4.2,4.48,151187,0
20150410,4.7,4.89,4.34,4.37,105400,0
20150413,4.5,4.5,3.84,4.11,199300,0
20150414,4.2,4.24,3.88,4.02,112400,0
20150415,3.9,4.19,3.9,4.15,106255,0
20150416,4.12,4.44,4.04,4.32,65712,0
20150417,4.27,4.37,3.91,3.97,70600,0
20150420,4.1,4.2699,3.93,4.035,77354,0
20150421,4.03,4.06,3.86,3.95,35533,0
20150422,3.92,4.12,3.92,4.05,57497,0
20150423,4.09,4.09,3.95,4,23800,0
20150424,4.03,4.08,3.94,4.04,28545,0
20150427,4.05,4.09,3.86,3.87,60200,0
20150428,3.89,4.1699,3.8601,4.08,96751,0
20150429,4.05,4.09,3.97,4,18700,0
20150430,3.92,4,3.82,3.85,68700,0
20150501,3.87,4.01,3.77,3.88,22800,0
20150504,3.9,4,3.87,3.93,15800,0
20150505,3.91,4.01,3.76,3.8,97200,0
20150506,3.75,3.81,3.72,3.74,25782,0
20150507,3.7,3.7,3.5,3.5901,29828,0
20150508,3.64,3.7,3.53,3.64,35700,0
20150511,3.6,4.87,3.51,4.29,474200,0
20150512,4.2,4.29,3.87,4.07,259489,0
20150513,4,4.07,3.76,3.89,85600,0
20150514,3.94,4.12,3.84,4.08,86000,0
20150515,4.14,4.17,3.92,3.95,49406,0
20150518,3.92,3.9788,3.73,3.8,98005,0
20150519,3.79,3.89,3.53,3.57,96446,0
20150520,3.55,3.69,3.55,3.64,44400,0
20150521,3.65,4.22,3.63,3.82,1911700,0
20150522,3.9,3.9,3.63,3.73,207000,0
20150526,3.7,3.71,3.33,3.54,235500,0
20150527,3.75,3.9,3.48,3.63,907900,0
20150528,3.73,3.73,3.4,3.6,257420,0
20150529,3.52,3.56,3.41,3.43,162500,0
20150601,3.47,3.48,3.25,3.315,156545,0
20150602,3.29,3.5,3.2,3.48,74935,0
20150603,3.33,3.6,3.33,3.55,95400,0
20150604,3.39,3.62,3.35,3.48,55000,0
20150605,3.45,3.58,3.36,3.53,34800,0
20150608,3.58,3.8,3.52,3.63,280800,0
20150609,3.5,3.62,3.32,3.45,203521,0
20150610,3.42,3.45,3.3301,3.44,74862,0
20150611,3.39,3.43,3.3,3.38,136684,0
20150612,3.38,3.46,3.3,3.34,110800,0
20150615,3.35,3.6,3.3,3.49,191100,0
20150616,3.5,3.5,3.41,3.45,50900,0
20150617,3.46,3.49,3.4,3.46,111300,0
20150618,3.46,3.59,3.38,3.54,178300,0
20150619,3.57,3.69,3.55,3.63,199500,0
20150622,3.53,3.73,3.53,3.72,178400,0
20150623,3.9,3.9,3.6,3.73,399053,0
20150624,3.72,3.72,3.55,3.64,117200,0
20150625,3.67,3.71,3.62,3.66,85300,0
20150626,3.65,3.68,3.43,3.43,103900,0
20150629,3.42,3.46,3.21,3.34,133600,0
20150630,3.39,3.4,3.0112,3.24,120266,0
20150701,3.25,3.34,3.21,3.29,84700,0
20150702,3.28,3.28,3.09,3.11,66700,0
20150706,3.09,3.09,2.76,2.91,144400,0
20150707,2.94,3,2.8,2.88,61200,0
20150708,2.93,2.93,2.77,2.79,38100,0
20150709,2.81,2.87,2.79,2.86,12200,0
20150710,2.84,3.03,2.8,2.9,96800,0
20150713,2.93,3.07,2.91,2.99,78000,0
20150714,2.98,3.0599,2.978,3,42480,0
20150715,3.01,3.05,2.97,3.0001,118660,0
20150716,2.99,3.03,2.97,3,83000,0
20150717,2.99,3.05,2.97,3.02,92100,0
20150720,3,3.18,2.99,3.12,124400,0
20150721,3.1,3.1,3.01,3.06,24800,0
20150722,3.01,3.03,2.85,2.88,70100,0
20150723,2.87,2.93,2.77,2.9,51900,0
20150724,2.78,2.94,2.75,2.92,45800,0
20150727,2.9,2.91,2.8,2.89,16400,0
20150728,2.85,2.98,2.85,2.96,30800,0
20150729,2.94,3.08,2.85,2.91,70500,0
20150730,2.95,3.05,2.87,3.01,69600,0
20150731,3.03,3.03,2.88,2.98,68300,0
20150803,2.95,3.04,2.77,2.82,50508,0
20150804,2.82,2.87,2.74,2.8,84800,0
20150805,2.83,2.83,2.52,2.7,92900,0
20150806,2.7,2.88,2.68,2.71,27586,0
20150807,2.62,2.65,2.4,2.51,110000,0
20150810,2.49,2.81,2.49,2.69,106600,0
20150811,2.65,2.797,2.493,2.6,111411,0
20150812,2.57,2.6,2.45,2.54,34800,0
20150813,2.51,2.54,2.43,2.46,36800,0
20150814,2.51,2.51,2.25,2.31,64400,0
20150817,2.34,2.46,2.3,2.4,44300,0
20150818,2.44,2.44,2.39,2.4,9300,0
20150819,2.42,2.68,2.42,2.6,82000,0
20150820,2.62,2.62,2.45,2.51,46600,0
20150821,2.51,2.61,2.5,2.51,35300,0
20150824,2.4,2.5,2.06,2.24,121313,0
20150825,2.3,2.4,2.26,2.4,11300,0
20150826,2.46,2.46,2.28,2.36,87300,0
20150827,2.4,2.48,2.4,2.47,13200,0
20150828,2.45,2.7,2.45,2.62,68600,0
20150831,2.62,2.72,2.51,2.64,25000,0
20150901,2.7,2.75,2.6,2.7,53500,0
20150902,2.7,2.7,2.62,2.68,8500,0
20150903,2.69,2.71,2.65,2.66,8800,0
20150904,2.6,2.7,2.6,2.7,38100,0
20150908,3.38,3.64,2.86,2.87,9754200,0
20150909,2.84,2.91,2.44,2.5,867900,0
20150910,2.49,2.49,2.29,2.33,331584,0
20150911,2.31,2.31,2.16,2.19,230500,0
20150914,2.23,2.23,2.05,2.09,261700,0
20150915,2.02,2.17,2.02,2.11,175000,0
20150916,2.11,2.42,2.09,2.33,505800,0
20150917,2.37,2.37,2.07,2.19,224860,0
20150918,2.2,2.26,2.09,2.23,92500,0
20150921,2.23,2.24,2.07,2.1,124500,0
20150922,2.14,2.19,2.05,2.07,148800,0
20150923,2.03,2.1,1.91,2.02,148262,0
20150924,1.98,2,1.93,1.98,55434,0
20150925,1.98,2.02,1.82,1.83,154400,0
20150928,1.77,1.87,1.64,1.7,147975,0
20150929,1.7,1.75,1.58,1.67,99600,0
20150930,1.7,1.71,1.6,1.68,82900,0
20151001,1.66,1.7,1.62,1.66,23600,0
20151002,1.63,1.86,1.63,1.83,78300,0
20151005,1.89,1.92,1.78,1.9,88710,0
20151006,1.9,1.92,1.85,1.9,50000,0
20151007,1.93,2.05,1.93,1.98,85700,0
20151008,2,2,1.91,1.99,38000,0
20151009,1.99,2.12,1.95,2.07,56200,0
20151012,2.07,2.07,1.96,1.96,18613,0
20151013,1.95,2.08,1.95,2.04,36000,0
20151014,2.02,2.07,1.97,2.03,27900,0
20151015,2.06,2.06,1.97,2.02,19900,0
20151016,2.04,2.04,1.96,2.01,32600,0
20151019,1.98,1.98,1.71,1.75,163757,0
20151020,1.83,1.84,1.7301,1.76,88308,0
20151021,1.76,1.95,1.74,1.74,22400,0
20151022,1.83,1.83,1.72,1.75,19200,0
20151023,1.75,1.79,1.73,1.76,12200,0
20151026,1.75,1.78,1.65,1.78,122800,0
20151027,1.78,1.89,1.67,1.73,146300,0
20151028,1.72,1.75,1.66,1.73,25800,0
20151029,1.79,1.79,1.68,1.78,26000,0
20151030,1.8,1.8,1.71,1.74,18900,0
20151102,1.73,1.86,1.73,1.8,51851,0
20151103,1.82,1.91,1.82,1.85,43600,0
20151104,1.82,1.9,1.76,1.79,70003,0
20151105,1.78,1.8,1.69,1.79,29000,0
20151106,1.78,1.8,1.71,1.75,37000,0
20151109,1.73,1.84,1.7,1.7641,70639,0
20151110,1.78,1.83,1.51,1.55,229000,0
20151111,1.54,1.57,1.43,1.47,123000,0
20151112,1.44,1.47,1.37,1.39,211700,0
20151113,1.44,1.44,1.36,1.4,28200,0
20151116,1.36,1.49,1.36,1.39,62100,0
20151117,1.37,1.4,1.26,1.31,83000,0
20151118,1.31,1.37,1.28,1.28,184800,0
20151119,1.24,1.37,1.17,1.18,165500,0
20151120,1.21,1.34,1.2,1.3,235900,0
20151123,1.35,1.35,1.2,1.26,132200,0
20151124,1.25,1.37,1.14,1.26,375600,0
20151125,1.25,1.25,1.15,1.16,263800,0
20151127,1.15,1.17,1.1,1.13,80300,0
20151130,1.11,1.19,1.11,1.15,109500,0
20151201,1.17,1.2,1.1274,1.16,187242,0
20151202,1.16,1.23,1.13,1.14,91059,0
20151203,1.14,1.23,1.11,1.19,99894,0
20151204,1.21,1.22,1.16,1.2,102900,0
20151207,1.18,1.2,1.12,1.16,153800,0
20151208,1.15,1.19,1.1,1.1,116780,0
20151209,1.1,1.14,0.94,0.94,249000,0
20151210,0.93,0.99,0.8,0.83,320300,0
20151211,0.84,0.84,0.73,0.77,346100,0
20151214,0.74,0.75,0.63,0.67,138683,0
20151215,0.62,0.65,0.55,0.56,501600,0
20151216,0.52,0.58,0.48,0.54,368200,0
20151217,0.54,0.54,0.48,0.49,293600,0
20151218,0.51,0.81,0.51,0.76,2174700,0
20151221,0.72,0.75,0.57,0.67,510400,0
20151222,0.68,0.77,0.67,0.75,325601,0
20151223,0.76,0.79,0.68,0.72,204100,0
20151224,0.7174,0.7394,0.68,0.72,37407,0
20151228,0.73,0.75,0.7,0.7276,129310,0
20151229,0.71,0.73,0.64,0.681,118462,0
20151230,0.65,0.67,0.64,0.64,93133,0
20151231,0.65,0.677,0.61,0.612,218014,0
20160104,0.6006,0.64,0.6,0.6,78015,0
20160105,0.63,0.6479,0.57,0.59,142723,0
20160106,0.59,0.59,0.5609,0.58,58921,0
20160107,0.78,0.78,0.651,0.712,697306,0
20160108,0.7556,0.7799,0.68,0.69,166562,0
20160111,0.69,0.72,0.6601,0.69,105814,0
20160112,0.7,0.7,0.6399,0.65,186791,0
20160113,0.66,0.683,0.623,0.634,73822,0
20160114,0.62,0.685,0.62,0.674,59834,0
20160115,0.68,0.68,0.6212,0.6479,97547,0
20160119,0.66,0.68,0.62,0.67,89600,0
20160120,0.6308,0.666,0.6212,0.6656,80968,0
20160121,0.68,0.68,0.6334,0.66,82571,0
20160122,0.674,0.698,0.6401,0.66,92954,0
20160125,0.66,0.68,0.62,0.6321,103988,0
20160126,0.66,0.69,0.64,0.67,58133,0
20160127,0.642,0.68,0.63,0.68,51828,0
20160128,0.665,0.7599,0.665,0.7232,382625,0
20160129,0.7016,0.755,0.69,0.7334,124506,0
20160201,0.741,0.741,0.68,0.738,200141,0
20160202,0.73,0.73,0.692,0.72,79057,0
20160203,0.7,0.7179,0.6911,0.7055,87432,0
20160204,0.71,0.72,0.6998,0.7,60858,0
20160205,0.71,0.718,0.682,0.7,65092,0
20160208,0.69,0.735,0.6299,0.6617,150294,0
20160209,0.6901,0.71,0.65,0.6701,68333,0
20160210,0.6897,0.7099,0.655,0.6625,94290,0
20160211,0.682,0.69,0.63,0.63,66533,0
20160212,0.649,0.65,0.61,0.64,131894,0
20160216,0.649,0.649,0.6,0.6255,27809,0
20160217,0.623,0.649,0.611,0.6201,45190,0
20160218,0.6486,0.649,0.61,0.6155,49799,0
20160219,0.62,0.6475,0.61,0.61,67852,0
20160222,0.608,0.649,0.6,0.648,83244,0
20160223,0.73,0.73,0.6851,0.72,189493,0
20160224,0.72,0.7349,0.68,0.7289,159051,0
20160225,0.735,0.735,0.68,0.73,154807,0
20160226,0.73,0.73,0.69,0.722,53079,0
20160229,0.714,0.73,0.7001,0.71,18915,0
20160301,0.71,0.7299,0.71,0.7132,37378,0
20160302,0.72,0.73,0.71,0.73,32886,0
20160303,0.735,0.91,0.7303,0.871,642000,0
20160304,0.859,0.878,0.83,0.84,93982,0
20160307,0.86,0.88,0.85,0.8702,110810,0
20160308,0.9,0.98,0.8999,0.91,336060,0
20160309,0.94,0.945,0.87,0.87,144971,0
20160310,0.91,0.91,0.83,0.83,115634,0
20160311,0.8599,0.899,0.84,0.855,53824,0
20160314,0.87,0.88,0.8,0.84,111318,0
20160315,0.84,0.91,0.78,0.8,86749,0
20160316,0.7978,0.85,0.7752,0.8,78895,0
20160317,0.8,0.82,0.76,0.82,140122,0
20160318,0.82,0.85,0.81,0.8105,53442,0
20160321,0.834,0.87,0.81,0.815,81146,0
20160322,0.84,0.84,0.76,0.82,59655,0
20160323,0.82,0.83,0.78,0.819,29519,0
20160324,0.8,0.8189,0.7801,0.79,18095,0
20160328,0.795,0.81,0.78,0.8,20561,0
20160329,0.79,0.814,0.79,0.809,24042,0
20160330,0.8,0.8199,0.77,0.81,64424,0
20160331,0.81,0.815,0.781,0.79,29720,0
20160401,0.8098,0.814,0.8001,0.801,7635,0
20160404,0.8,0.814,0.78,0.7821,63828,0
20160405,0.805,0.81,0.751,0.7724,77997,0
20160406,0.761,0.8,0.76,0.79,50300,0
20160407,0.771,0.8,0.76,0.8,66509,0
20160408,0.8,0.815,0.761,0.77,81030,0
20160411,0.793,0.8,0.7726,0.7997,16707,0
20160412,0.7826,0.8,0.76,0.78,91982,0
20160413,0.771,0.8,0.771,0.79,20122,0
20160414,0.7999,0.837,0.78,0.8355,125830,0
20160415,0.83,0.86,0.8,0.83,88732,0
