Date,Open,High,Low,Close,Volume,OpenInt
20111116,19.75,20,19.75,20,400000,0
20111128,20.03,20.03,20.03,20.03,640,0
20111129,21,21,21,21,200,0
20111130,22.25,22.25,22,22,1500,0
20111201,22,22,22,22,19600,0
20111202,24.99,32,24.99,26.5,5779,0
20111205,26.54,26.64,25.8,26.2,1065,0
20111207,25.9,25.9,25.7,25.7,700,0
20111209,31,31,27,27.9,600,0
20111212,28,30,27.95,30,40180,0
20111213,30,30,29,29.01,35238,0
20111214,29.5,29.55,28.45,29,15640,0
20111215,26.47,40,26.47,28.74,6849,0
20111216,29.4,29.4,27.45,29,116347,0
20111219,29.25,29.25,26.72,28.3,15400,0
20111220,23.05,28.25,23.05,28.25,700,0
20111221,28.25,28.25,28.25,28.25,600,0
20111223,28.25,28.39,27.8,28.16,1500,0
20111228,28.25,28.25,28,28,800,0
20111230,25.25,27.95,25.25,26.16,33044,0
20120103,26.49,26.51,26.48,26.49,16000,0
20120104,26.55,26.55,26.55,26.55,100,0
20120105,26.01,28.45,26,28.02,1100,0
20120106,27.39,28.22,27.39,28,2615,0
20120110,28.17,28.17,27.95,27.95,700,0
20120111,28,28,28,28,596,0
20120112,27.99,27.99,27.99,27.99,100,0
20120113,28,28,28,28,275,0
20120117,28,28.24,27.73,27.73,800,0
20120118,26.7,26.7,26.7,26.7,390,0
20120119,26.55,26.68,26,26.68,1810,0
20120124,27.25,27.35,27,27,28741,0
20120130,27.14,27.66,26.76,27.01,28415,0
20120201,27.5,27.5,27.5,27.5,2100,0
20120202,26.05,27.03,26.05,26.45,900,0
20120203,27,28.01,27,28.01,1367,0
20120208,28.42,28.42,28,28.15,263173,0
20120209,29.69,30.19,29.69,30,2100,0
20120210,30.87,30.87,30.84,30.84,200,0
20120213,31.25,31.25,31.25,31.25,600,0
20120214,31,31.1,31,31.1,4790,0
20120215,29.03,30.07,29.02,30.07,4089,0
20120217,30.95,31.18,30.95,31.18,1403,0
20120221,31.2,31.61,31.2,31.61,3065,0
20120222,31.72,31.74,31.72,31.72,309,0
20120223,32,32.76,32,32.76,1000,0
20120224,32.9,33,32.9,33,6900,0
20120227,33.08,34.25,32.7,34.25,1500,0
20120228,33.69,33.95,33.5,33.75,3344,0
20120301,35.96,36.12,32,35.7,72176,0
20120302,35.65,35.65,35.65,35.65,200,0
20120305,35.6,35.6,35.31,35.31,300,0
20120306,34.97,35.09,34.04,34.3,1200,0
20120307,34,34.25,33.94,34.25,1896,0
20120308,35.87,35.87,34.2,34.2,200,0
20120312,34.92,34.92,34,34,800,0
20120313,34.08,34.98,34.08,34.22,900,0
20120314,34.2,34.2,34.2,34.2,1182,0
20120316,34.95,35.56,34.5,35.56,5087,0
20120319,35.38,35.38,35.25,35.25,2100,0
20120320,35.03,37.7,35.03,37.6,12558,0
20120321,38.42,43.57,38,40,3287,0
20120322,40.48,40.98,39.7,39.9,2100,0
20120323,39.45,40.24,39.45,40.24,6252,0
20120326,40.21,40.24,39.92,40.1,6009,0
20120327,40.33,40.33,39.95,40,4450,0
20120328,39.59,39.59,39.04,39.5,3000,0
20120329,39.37,40.39,39,39.5,1436,0
20120330,39.54,44.96,39.54,43.99,51600,0
20120402,44.96,44.96,41,42.49,45714,0
20120403,43.12,43.12,41.92,42,6176,0
20120404,42,43.14,41.25,41.38,2660,0
20120405,41.5,41.5,40.33,40.6,3300,0
20120409,41.18,41.18,39.29,39.82,1656,0
20120410,39.83,40.15,39.53,40.15,3300,0
20120411,40.25,40.25,39.25,39.91,37154,0
20120412,40.24,40.25,39.96,40,3500,0
20120413,39.99,40,39.76,39.94,2800,0
20120416,40.25,40.49,39.94,40.49,4600,0
20120417,40.53,42.73,39.76,40.47,426357,0
20120418,40.52,42.24,40.45,42.13,1004816,0
20120419,42.14,45.62,41.27,41.58,9124,0
20120420,41.61,43.96,41.61,42.12,499698,0
20120423,41.91,44.06,41.27,42.44,26534,0
20120424,42.99,46.47,42.99,45.57,8250,0
20120425,46.36,47.11,44,44.8,21041,0
20120426,44.57,45.9,43.82,45.06,11150,0
20120427,45.25,46.33,44.68,45.89,8725,0
20120430,45.91,48.79,45.461,45.75,7650,0
20120501,46.16,48.35,46.16,47.36,22992,0
20120502,48.74,48.74,47.65,47.84,20632,0
20120503,48,48,47.04,47.86,22276,0
20120504,47.29,47.81,46.43,46.8,12401,0
20120507,46.32,48.14,46.32,47.49,11980,0
20120508,47.34,47.71,46.25,46.25,14167,0
20120509,46.26,48.35,46,46.93,11784,0
20120510,47.3,47.43,46,47,13948,0
20120511,46.54,58.38,46.54,49.81,43785,0
20120514,49.22,50.75,49.22,49.8,26817,0
20120515,49.5,51.61,48.5,49.89,28317,0
20120516,49.99,50.01,49.16,49.99,8900,0
20120517,50,50,47.37,48.67,14982,0
20120518,48.69,50,46.72,47.98,19933,0
20120521,48.03,49.14,47.19,48.66,16667,0
20120522,48.25,49.85,47.02,49.14,12629,0
20120523,49.09,49.09,46.62,48.01,11400,0
20120524,47.68,49.21,47.13,48.42,6222,0
20120525,48.98,49.12,47.28,48.07,8340,0
20120529,48.56,49.41,47.64,49.21,13952,0
20120530,48.88,48.88,45.81,47.51,20023,0
20120531,47.26,48.87,46.71,47.93,15620,0
20120601,46.87,48.42,46,47.69,92207,0
20120604,47.73,48.46,47.37,47.85,24987,0
20120605,47.79,48.24,47.1,47.75,31518,0
20120606,48.33,48.5,47.03,47.79,23404,0
20120607,48.41,48.85,47.66,48.02,16876,0
20120608,48.3,48.44,47.11,48.1,25455,0
20120611,48.07,48.19,46.3,46.47,36374,0
20120612,47.82,47.99,46,46.88,21500,0
20120613,46.02,48.98,46.02,48.98,22312,0
20120614,49.21,50.78,47.6,50,38711,0
20120615,49.75,50.75,48.94,49.7,62374,0
20120618,49.31,53.56,48.05,48.59,42832,0
20120619,49.4,50.1,48.27,49.4,31596,0
20120620,49.71,49.98,47.98,49.26,30747,0
20120621,49.4,49.8,47.87,49.35,57482,0
20120622,49.75,50.56,48.81,49.38,1022343,0
20120625,46.29,49.8,46.29,49.27,50262,0
20120626,49.59,49.62,49,49.45,18272,0
20120627,49.34,51.34,49.15,49.92,30752,0
20120628,49.41,49.98,47.38,49.86,20754,0
20120629,50.63,50.92,49.55,50.04,43085,0
20120702,50.24,50.94,49.62,50.03,49957,0
20120703,50.23,50.66,49.63,50.03,11756,0
20120705,49.68,51.25,49.56,51.08,92536,0
20120706,50.81,54.3,50.81,53.53,17308,0
20120709,53.35,53.35,51.7,52.23,25468,0
20120710,52.25,52.25,51.5,51.68,34328,0
20120711,51.75,53.06,51.75,52.53,46054,0
20120712,52.05,52.55,51.78,52.47,31216,0
20120713,52.5,53.15,52.06,52.74,54928,0
20120716,52.8,53.06,52.69,52.81,16500,0
20120717,52.79,53.15,52.53,53,26092,0
20120718,53,53.34,52.8,52.94,40848,0
20120719,53,53.45,52.58,52.58,21858,0
20120720,52.29,53,52.18,52.65,15357,0
20120723,52,52.57,52,52.08,7387,0
20120724,52.18,52.25,51.1,51.58,16874,0
20120725,51.95,51.95,50.55,50.88,12601,0
20120726,51.38,52.95,51.18,51.57,22849,0
20120727,51.79,52,51.55,51.75,19709,0
20120730,51.75,52.93,51.42,51.66,12401,0
20120731,51.57,52.6,50.9,51.02,19705,0
20120801,51.05,52.26,50.12,50.26,29183,0
20120802,50.46,52,49.97,51.68,13894,0
20120803,52.27,52.79,51.66,51.74,16767,0
20120806,51.97,53.26,51.6,52.25,26375,0
20120807,52.5,52.77,51.51,52.14,18353,0
20120808,52.15,52.15,51.52,51.76,4343,0
20120809,51.95,51.95,50.5,51.47,8690,0
20120810,52.39,52.81,51.5,51.67,6202,0
20120813,51.8,51.91,48.94,50.99,27775,0
20120814,51.06,51.51,50.48,50.67,7347,0
20120815,50.76,52,50.55,51.8,26031,0
20120816,51.87,52.25,50.72,51.94,42281,0
20120817,51.92,53.76,51.66,52.28,33591,0
20120820,52,52,51.08,51.98,20483,0
20120821,51.6,52,51,51.35,12505,0
20120822,51.01,51.42,50.58,50.93,17681,0
20120823,51.07,52.35,50.88,51.94,22746,0
20120824,51.7,52.5,51.7,52.29,6776,0
20120827,52.33,53.13,51.32,53.12,8026,0
20120828,53,53.5,51.54,52.01,20592,0
20120829,52.05,52.59,51.33,51.82,19504,0
20120830,51.65,52,50.015,51.75,9322,0
20120831,52.16,52.39,51.01,51.47,18836,0
20120904,51.77,52.61,50.93,52.16,49611,0
20120905,51.86,52.36,51.503,51.81,21645,0
20120906,51.77,52.9,51.73,52.28,28840,0
20120907,52.62,53.08,51.29,52.65,28481,0
20120910,52.81,52.81,51.69,52.06,9594,0
20120911,52.12,53.1,52.12,52.7,27779,0
20120912,52.98,53.125,52.15,53,15569,0
20120913,52.19,53.5,52.19,52.9,46981,0
20120914,52.88,53.65,52.27,53.05,54897,0
20120917,52.77,53.26,52.19,53.06,28100,0
20120918,52.82,53.6,52.04,53.55,33349,0
20120919,53.46,53.89,52.95,53.5,32699,0
20120920,53.22,54.05,52.26,53.24,17074,0
20120921,53.95,54.3,52.17,53.08,115138,0
20120924,53.14,54.52,53.14,54.39,13758,0
20120925,54.41,55.7,54.21,54.77,25545,0
20120926,54.34,55.15,53.9,54.13,17739,0
20120927,54.62,55.83,54.31,55.7,9955,0
20120928,55.29,55.7,54.21,54.73,12395,0
20121001,55.12,56.31,54.49,55.94,43928,0
20121002,55.9,57.1,55.63,56.51,14877,0
20121003,56.83,57.13,56.01,56.93,18332,0
20121004,56.95,57.11,56.71,57,38788,0
20121005,57.16,57.57,56.58,57.17,15303,0
20121008,57.31,57.55,56.84,56.89,4081,0
20121009,57.58,57.58,56.55,56.64,12931,0
20121010,56.86,57.74,56.72,57.71,10871,0
20121011,57.99,58.79,57.57,58.78,24431,0
20121012,58.62,59.93,58.04,58.81,21061,0
20121015,58.81,59.5,58.81,59.2,13865,0
20121016,59.47,59.47,58.75,59,8792,0
20121017,59.1,60.69,58.93,59.5,23869,0
20121018,59.64,59.64,56.21,59.49,24419,0
20121019,59,59.89,58.1,59.27,52234,0
20121022,59.32,59.5,57.3,59.12,21021,0
20121023,59.12,59.264,58.13,58.74,4453,0
20121024,58.6,59.69,57.82,59.43,6025,0
20121025,59.56,59.75,59.1,59.69,8425,0
20121026,59.39,59.65,59.21,59.32,1645,0
20121031,59.32,60.94,59.18,59.51,15658,0
20121101,59.71,60.61,59.43,60.24,29783,0
20121102,60.19,60.19,56.51,59.69,11349,0
20121105,59.08,60.45,59,60.03,93783,0
20121106,60.21,60.93,58.54,60.21,18303,0
20121107,60.32,60.32,59.47,59.62,28365,0
20121108,59.21,59.84,58.37,58.37,16602,0
20121109,58.34,62.7,57.43,61.85,19085,0
20121112,61.81,64.5,60.4,60.72,20675,0
20121113,61.83,62.43,59.85,60.3,27948,0
20121114,60.45,62,59.71,59.71,34726,0
20121115,60.28,61,59.63,60.15,9860,0
20121116,60.02,62.1,59.5,61.5,52600,0
20121119,61.5,64.25,61.47,63.03,21764,0
20121120,62.15,63.96,62.15,63.55,5240,0
20121121,64.12,64.215,62.72,63.48,9325,0
20121123,63.37,63.64,60.3,63.49,3830,0
20121126,63.43,63.71,62.75,63.14,9773,0
20121127,63.3,64.57,63.3,63.89,4022,0
20121128,63.7,63.7,63.3,63.42,900,0
20121129,63.9,65,63.68,65,4183,0
20121130,64.61,65.86,64.34,65.29,16956,0
20121203,65.34,65.39,64.18,65.3,46371,0
20121204,65.12,65.68,63.6,65.37,63590,0
20121205,65.55,65.775,64.95,65.21,5509,0
20121206,65.15,65.89,62.5,62.75,20603,0
20121207,63.34,64.09,62.24,64.09,21106,0
20121210,63.8,65.96,63.8,64.7,20889,0
20121211,64.7,67,63.99,66.88,20107,0
20121212,67.74,67.74,66.04,66.28,18203,0
20121213,66.18,66.25,64.99,65.29,37605,0
20121214,65.39,66,64.07,66,111406,0
20121217,66.8,66.8,65.62,66,16735,0
20121218,65.85,67.155,65.85,67,10781,0
20121219,67.22,67.3,65.15,65.94,10910,0
20121220,65.63,66,65.63,66,8401,0
20121221,66.39,66.39,63.52,66,64709,0
20121224,64.4,66.18,64.4,65.44,2929,0
20121226,65.39,66.99,64.98,66.65,7266,0
20121227,66.61,66.89,65.41,65.8,10206,0
20121228,65.83,66.53,65.482,65.76,10534,0
20121231,64.45,66.25,64.45,66.25,44841,0
20130102,66,69.63,66,68.14,39237,0
20130103,67.73,68.4,65.99,65.99,23115,0
20130104,66.51,67,65.68,66,25465,0
20130107,65.62,66.07,64.84,65.85,13107,0
20130108,65.56,66.8,65.52,66.77,24171,0
20130109,67.13,69.4,67.13,68.58,12723,0
20130110,68.67,69.9,68.62,69.6,17780,0
20130111,69.17,70.17,68.7,68.9,21099,0
20130114,69.33,69.99,68.72,69.92,17326,0
20130115,69.64,70.11,69.59,69.9,32367,0
20130116,69.49,70.29,69.47,69.55,5830,0
20130117,69.38,70.5,69.38,70,15797,0
20130118,70.44,70.44,69.76,70.15,20957,0
20130122,70.21,70.21,69.86,70.1,11164,0
20130123,69.86,70,69.68,69.8,6400,0
20130124,69.65,70.5,68.65,69.89,25128,0
20130125,69.84,72.55,69.83,71.96,18685,0
20130128,71.8,72.9,71.8,72.35,12293,0
20130129,72.82,73.27,71.92,72.5,73503,0
20130130,74.646,74.646,72.09,72.79,18497,0
20130131,72.79,72.94,70.26,72.15,36428,0
20130201,72.48,72.48,71.38,72.03,61341,0
20130204,71.39,72.2,71.15,71.46,43548,0
20130205,71.54,72.94,71.54,72.5,16987,0
20130206,72.47,73.73,71.71,73,21067,0
20130207,72.76,72.88,71.04,71.86,23243,0
20130208,71.9,72.71,71.6,71.94,9286,0
20130211,71.71,72.3,70.71,71.78,20666,0
20130212,71.84,73.425,71.33,73.19,26887,0
20130213,73.62,73.85,72.03,72.94,11478,0
20130214,72.8,73.91,72.09,73.44,26673,0
20130215,74.02,74.05,72.47,73,23647,0
20130219,73.33,73.95,72.93,73.48,10667,0
20130220,73.73,73.73,72.12,72.13,13769,0
20130221,72.52,72.75,71.51,72.1,17980,0
20130222,72.25,72.48,72,72.27,8163,0
20130225,72.5,73.765,69.03,70.36,51626,0
20130226,70.83,73.25,69.88,72.67,32188,0
20130227,72.25,73.46,72.05,72.64,26080,0
20130228,72.56,73.17,71.33,71.94,26619,0
20130301,70.89,72.7,70.89,72.64,20037,0
20130304,71.64,73,71.64,72.56,14906,0
20130305,73,73,72.17,72.65,27941,0
20130306,72.6,73.11,72.18,72.83,5278,0
20130307,72.74,72.75,71.9,72.4,12731,0
20130308,72.9,73.49,72.7,73,60550,0
20130311,72.68,74.07,72.635,73.97,18694,0
20130312,73.95,74.5,73.43,74.1,14953,0
20130313,74,74.63,73.49,73.98,27600,0
20130314,73.92,74.6,73.13,74.24,34898,0
20130315,74.1,74.68,66.9,73.5,81927,0
20130318,72.72,73.7,72.03,72.16,19272,0
20130319,72.5,72.5,71.81,72.23,12688,0
20130320,72.31,72.44,72.03,72.31,10338,0
20130321,71.71,71.85,69.81,70.82,15582,0
20130322,71.24,71.99,71,71.47,14627,0
20130325,71.45,71.7,70.35,71.49,25290,0
20130326,71.9,71.9,70.7,71.09,5434,0
20130327,70.33,71.47,69.865,71.14,14010,0
20130328,71.39,71.88,70.45,71.36,36632,0
20130401,70.76,71.2,67.85,68.38,54486,0
20130402,68.76,69.68,67.79,68.75,18911,0
20130403,68.22,68.99,66.82,67.51,37483,0
20130404,66.89,68.28,66.89,68.28,32639,0
20130405,67.27,68.42,66.8,67.73,35157,0
20130408,67.41,68.6,67.25,68.29,36139,0
20130409,68.53,69.49,67.69,68.98,38308,0
20130410,69.21,70.9,69.16,70.33,39701,0
20130411,70.95,71.99,70.85,71.49,14038,0
20130412,70.88,71.87,70.6,71.58,26052,0
20130415,71.09,71.3,67.74,67.81,23569,0
20130416,67.49,71.6,67.49,71.32,40163,0
20130417,70.2,70.77,67.52,68.67,17548,0
20130418,68.84,69.03,66.34,67.13,14074,0
20130419,66.98,69.37,66.98,68.83,22109,0
20130422,69.45,69.45,67.22,68.03,28169,0
20130423,68.62,70.02,68.62,70,35618,0
20130424,70.04,71.29,70.04,70.84,6486,0
20130425,71.25,71.59,70.92,71.14,21579,0
20130426,71.14,71.33,70.65,70.81,8270,0
20130429,71.75,72.45,70.99,71.67,19810,0
20130430,71.83,73,71.65,71.86,22470,0
20130501,71.79,71.79,70.27,70.4,235014,0
20130502,70.77,71.94,70.24,71.8,6892,0
20130503,73.73,73.73,71.65,71.92,119436,0
20130506,71.7,72.17,70.1,71.6,4525,0
20130507,71.05,72,71.047,71.82,13148,0
20130508,71.18,72.16,71.18,71.85,16585,0
20130509,71.56,71.84,70.56,71.41,5710,0
20130510,71.69,71.69,69.32,71.06,35519,0
20130513,70.75,71.41,70.155,70.56,7999,0
20130514,70.48,70.985,70.19,70.49,8474,0
20130515,69.88,71.67,69.79,71.53,17314,0
20130516,70.96,72.24,70.96,71.41,15079,0
20130517,71.52,72.19,71.51,71.8,16685,0
20130520,71.47,72.06,70.7,71.39,7687,0
20130521,71.32,71.5,70.65,70.99,9792,0
20130522,70.83,72,70.67,71.55,43784,0
20130523,71.29,72.37,71.29,72,33214,0
20130524,71.86,72.06,71.35,71.39,6319,0
20130528,72.34,72.41,70.86,72.05,56110,0
20130529,71.54,72.085,71.39,71.86,5800,0
20130530,71.94,72.34,71.23,71.9,57430,0
20130531,71.42,72.15,70.55,70.65,33547,0
20130603,70.77,70.77,68.3,69.83,153960,0
20130604,69.7,69.85,68.31,68.99,34142,0
20130605,68.56,68.83,66.52,66.67,24565,0
20130606,66.81,69,65.71,68.95,24548,0
20130607,69.45,69.45,68.21,68.81,18411,0
20130610,68.79,68.79,67.5,68.15,7111,0
20130611,67.31,67.31,65.72,66.55,17481,0
20130612,67.1,67.58,66.12,66.36,12800,0
20130613,66.25,67.52,65.54,67.49,10198,0
20130614,67.25,67.89,66.7,67.21,4160,0
20130617,67.88,69.035,66.88,68.06,15888,0
20130618,67.75,69,67.21,68.99,25078,0
20130619,68.13,69,67.9,68.19,28028,0
20130620,67.26,67.69,65.05,65.38,6280,0
20130621,65.74,66.31,63.75,64.51,62000,0
20130624,63.85,64.04,61.47,61.99,31643,0
20130625,62.51,64.42,62,64.09,64407,0
20130626,64.33,64.33,62.95,63.32,41052,0
20130627,63.71,66.2,63.17,65.71,49520,0
20130628,65.74,66.855,64.28,64.43,161538,0
20130701,64.51,65.35,62.34,64.41,136597,0
20130702,64.04,66.46,62.93,65.81,42584,0
20130703,65.54,66.65,64.51,65.64,22774,0
20130705,66.89,67.01,65.17,66.01,27075,0
20130708,66.15,67.05,65.94,66.33,19215,0
20130709,65.33,69.7,65.33,68.92,25604,0
20130710,69.6,69.79,68.33,69.07,45464,0
20130711,69.97,70,68.51,69.38,24579,0
20130712,69.1,69.15,66.71,68.25,44969,0
20130715,68.88,69.32,67,68.6,47126,0
20130716,68.7,68.96,67.41,68.83,62566,0
20130717,69,69,68.125,68.76,40141,0
20130718,68.81,69,67.62,68.05,38765,0
20130719,67.7,68.35,67.13,68.21,17574,0
20130722,68.05,68.71,67.5,68.55,12142,0
20130723,68.65,68.71,67.84,68.26,18142,0
20130724,68.32,68.69,67.65,67.9,18117,0
20130725,67.55,68.51,67.44,68.46,11867,0
20130726,68.09,68.34,67.58,68.01,9136,0
20130729,67.72,68.29,66.36,66.6,76356,0
20130730,66.7,67.39,65.21,67.31,10021,0
20130731,67.57,68.47,67.07,67.51,13992,0
20130801,67.88,68.84,67.2,68.81,27592,0
20130802,68.16,69.22,68.16,68.96,32258,0
20130805,68.88,69.205,68.499,69.12,47618,0
20130806,68.68,68.91,68.03,68.48,14135,0
20130807,68.44,68.59,67.3,67.77,20975,0
20130808,68.46,69,68.46,68.85,5120,0
20130809,68.95,69.01,68.09,68.8,10912,0
20130812,68.09,69.15,67.43,69.05,12852,0
20130813,68.81,69.31,68.35,68.77,3700,0
20130814,68.85,69.58,67.725,67.74,17269,0
20130815,67.23,68.05,66.25,67.59,21527,0
20130816,67.26,68.2,67.26,68.14,46427,0
20130819,68.17,68.18,67.19,67.26,11972,0
20130820,67.78,69,67.4,68.87,17779,0
20130821,68.32,68.56,67.41,67.55,7948,0
20130822,67.98,68.663,67.43,68.54,4243,0
20130823,68.57,69,68.38,68.95,11580,0
20130826,68.85,68.98,68.24,68.44,4955,0
20130827,67.8,68.13,66.52,67.61,25612,0
20130828,67.35,67.97,67.35,67.85,5932,0
20130829,67.43,68.22,66.97,68.15,10103,0
20130830,67.83,68,66.155,66.95,21190,0
20130903,67.52,68.64,66.08,67.38,43101,0
20130904,67.68,68.27,67.12,68.1,11110,0
20130905,67.85,68.27,67.25,68.27,10222,0
20130906,68.42,68.56,67.22,67.93,5865,0
20130909,67.95,68.37,67.8,68.07,7684,0
20130910,68.29,68.95,68,68.51,20371,0
20130911,68.5,68.92,68.36,68.57,7566,0
20130912,68.57,68.79,68.32,68.43,8664,0
20130913,68.76,69.34,68.13,69.23,36213,0
20130916,69.23,69.26,68.51,69.06,38944,0
20130917,69.2,69.66,68.52,68.87,25476,0
20130918,68.86,69.04,67.53,69,44571,0
20130919,68.86,69.26,68.71,68.9,11970,0
20130920,69.01,69.09,68.74,69.02,89806,0
20130923,68.95,69.19,68.78,69.05,21600,0
20130924,69.21,69.86,68.54,68.88,15648,0
20130925,68.78,69.15,67.92,67.93,31000,0
20130926,68.01,68.56,67.14,68.56,43878,0
20130927,68,68.95,68,68.73,22300,0
20130930,67.89,69.13,66.68,68.71,108200,0
20131001,68.69,69.4,68.41,69.01,42800,0
20131002,69,69.21,68.51,68.68,9400,0
20131003,67.83,68.09,67,67.3,13734,0
20131004,67.21,68.52,67.21,67.95,5823,0
20131007,67.43,68.33,66.28,67.11,46600,0
20131008,67.18,67.22,65.95,66.31,34900,0
20131009,66.82,67.78,66.45,66.7,8500,0
20131010,67.63,69.16,66.96,68.49,21200,0
20131011,68.48,69,68.21,68.88,18400,0
20131014,68.65,69,68.65,69,12500,0
20131015,68.84,69.9,68.18,69.45,459000,0
20131016,70.57,70.57,68.87,69.16,19700,0
20131017,69,70.24,68.91,70,12800,0
20131018,70.35,70.82,69.8,70.5,31000,0
20131021,70.68,70.82,70.19,70.36,14000,0
20131022,70.8,71.19,70.57,70.94,10700,0
20131023,70.81,71.48,70.59,71.12,7800,0
20131024,71.14,72.78,71.14,72.62,9311,0
20131025,72.37,73.39,72.2,73.35,9600,0
20131028,74.31,74.31,73.29,73.87,9500,0
20131029,74.1,74.69,73.1,73.37,14100,0
20131030,73.38,74.24,70.34,70.34,16500,0
20131031,70.61,71.3,69.21,70.17,34476,0
20131101,69.87,71.04,68.42,70.58,44300,0
20131104,70.94,72.04,70.69,71.47,13700,0
20131105,71.91,71.91,70.73,71.54,43100,0
20131106,72.46,72.47,70.74,71.4,5310,0
20131107,71.44,71.88,71.05,71.53,27900,0
20131108,73.77,73.77,70.67,71.27,21745,0
20131111,71.99,72.54,71.26,71.75,6500,0
20131112,71.28,71.99,70.61,71.59,250300,0
20131113,71.3,72.39,70.9,72.25,19000,0
20131114,72.1,72.16,71.27,72.05,15595,0
20131115,72.27,72.5,71.99,72.36,19148,0
20131118,72.5,72.5,71.92,71.92,6700,0
20131119,72.99,72.99,70.61,71.64,37900,0
20131120,71.79,72.02,70.89,71.58,11100,0
20131121,72.1,72.61,71.53,72.6,52311,0
20131122,72.41,72.66,71.46,71.72,52100,0
20131125,72.64,72.79,72.16,72.5,21455,0
20131126,73.22,73.46,73.05,73.24,13700,0
20131127,73.25,73.69,73.15,73.5,41350,0
20131129,73.57,73.57,72.99,73.04,5685,0
20131202,72.84,72.99,70.96,72.26,21477,0
20131203,71.05,72.2,71.05,71.25,30200,0
20131204,71.05,72.05,70.23,71.66,18700,0
20131205,71.47,72,70.59,71.73,15900,0
20131206,71.94,72.54,71.38,71.97,20200,0
20131209,72.47,72.88,71.62,71.97,15300,0
20131210,71.83,71.84,70.27,70.42,20300,0
20131211,70.37,70.68,68.76,69.01,16764,0
20131212,69.33,69.56,68.15,69.18,16700,0
20131213,69.15,70.06,69.15,69.9,8600,0
20131216,69.99,72.79,69.99,72.47,21100,0
20131217,74.29,74.29,71.03,71.72,37800,0
20131218,72.03,72.92,70.41,72.5,45459,0
20131219,72.44,72.71,69.95,72.07,41800,0
20131220,72.4,73.58,71.45,73.25,110600,0
20131223,73.48,74.31,73.31,74,22300,0
20131224,74.56,74.56,73.78,74.31,7211,0
20131226,74.1,75.25,73.78,75.19,8100,0
20131227,75.5,76.29,75.16,76.19,12385,0
20131230,76.14,76.33,74.68,75.51,7727,0
20131231,75.75,76.82,74.26,74.6,14000,0
20140102,74.63,75.05,73.14,74.82,91488,0
20140103,75.27,77,75.22,76.02,10903,0
20140106,76.22,76.36,75.04,75.65,14450,0
20140107,75.69,76.8,75.69,76.45,18000,0
20140108,76.34,76.34,74.5,75.05,19900,0
20140109,76.22,76.22,74.77,75.25,9000,0
20140110,75.39,75.8,74.86,75.8,25315,0
20140113,75.42,75.85,74.33,75.4,31100,0
20140114,75.4,75.88,75.08,75.85,19528,0
20140115,75.68,76.68,75.5,76.63,20400,0
20140116,76.26,77.75,76.02,77.13,34600,0
20140117,76.8,77.77,76.24,76.82,11600,0
20140121,77.36,77.36,75.48,76.77,18047,0
20140122,76.21,76.92,76.21,76.49,7122,0
20140123,76,77.56,75.45,77.56,62800,0
20140124,77,77,74.92,75.7,22800,0
20140127,75.73,77.41,72.92,76.04,40400,0
20140128,76.48,76.76,75.5,76.09,30300,0
20140129,75.86,75.86,72.98,75.07,208854,0
20140130,75.52,75.85,75,75.19,20297,0
20140131,74,75.5,74,75.21,30100,0
20140203,75.33,75.47,71.09,73,44790,0
20140204,73.06,74.47,71.86,72.16,21116,0
20140205,70.69,73.34,70.69,71.32,586955,0
20140206,71.75,72.86,71.71,72.33,20410,0
20140207,72.38,73.8,72.18,73.08,22550,0
20140210,74.5,74.5,71.2,72.63,18072,0
20140211,71.65,73.58,71.65,73.35,19811,0
20140212,73.09,75.19,72.7,75.19,21120,0
20140213,74.3,75.87,74.3,75.59,5979,0
20140214,75.66,75.68,74.69,75.11,19044,0
20140218,75.31,75.59,74.68,75.59,11922,0
20140219,75.95,75.95,72.81,73.22,41442,0
20140220,73.08,73.9,72.5,73.75,25109,0
20140221,74.13,74.78,72.52,73.58,24542,0
20140224,73.13,74.37,73.13,73.79,11785,0
20140225,73.57,73.57,71.72,71.99,49902,0
20140226,72.04,72.95,71.83,72.65,7858,0
20140227,71.8,72.99,71.66,72.99,35676,0
20140228,71.72,73.19,71.72,72.39,39220,0
20140303,71.38,72.23,70.1,71.86,56680,0
20140304,72.86,73.54,71.86,72.8,61591,0
20140305,72.85,72.9,71.78,72.48,46663,0
20140306,72.13,72.68,71.93,72.58,21775,0
20140307,72.7,72.94,72.41,72.8,5646,0
20140310,72.65,73.87,72.65,73.2,29146,0
20140311,73.55,73.77,72.7,73.77,17620,0
20140312,73.56,76.66,72.898,76.37,32756,0
20140313,76.55,76.55,74.09,74.8,11796,0
20140314,74.77,76.28,74.77,75.96,15825,0
20140317,76.42,77.17,75.84,76.74,18338,0
20140318,76.59,78.73,76.59,78.73,12328,0
20140319,78.77,79.57,77.87,78.85,11788,0
20140320,78.97,80.58,78.245,78.96,20221,0
20140321,79.81,83,79.81,81.25,79302,0
20140324,80.81,81.16,79.5,80.37,26626,0
20140325,81.01,81.949,79.52,81.01,20322,0
20140326,81.72,81.72,78.15,80.62,40900,0
20140327,80.66,81.18,79.53,80.17,12924,0
20140328,80.08,82.2,79.73,79.96,15699,0
20140331,80.07,82.76,80,82.21,17154,0
20140401,81.91,84.475,81.52,83.52,40264,0
20140402,83.7,83.7,83,83.03,14673,0
20140403,82.77,84.1,82.2,83.93,32393,0
20140404,85.3,85.47,80.72,81.64,32267,0
20140407,81.03,82.39,80.44,81.04,17502,0
20140408,81.45,84.5,81.45,81.74,11394,0
20140409,81.1,82.35,81.1,82.04,7669,0
20140410,82.85,82.85,81.1,82.09,26326,0
20140411,80.97,81.35,80.97,81,23799,0
20140414,81.99,82.028,80.47,81.49,26470,0
20140415,80.85,81.56,79.75,80.65,6397,0
20140416,80.91,81.3,79.74,81,11309,0
20140417,81,82.19,81,81.75,7978,0
20140421,81.68,84.03,81.68,83.66,24481,0
20140422,83.55,84.15,83.04,84.12,14917,0
20140423,84.12,84.3,83.31,84.07,62483,0
20140424,84.06,85.452,83.75,85.05,23920,0
20140425,84.98,84.98,83.5,83.51,26880,0
20140428,83.57,84.2,81.23,83.08,12576,0
20140429,83.12,83.15,81.54,81.85,29838,0
20140430,82,82.8,81.49,82.16,28555,0
20140501,81.77,82.99,81.7,82.82,37976,0
20140502,82.58,84.76,82.16,82.7,16364,0
20140505,82,82.74,81.67,82.38,63392,0
20140506,81.35,83.22,79.28,79.28,71905,0
20140507,79.13,83.29,79.13,83.06,45554,0
20140508,82.54,82.96,80.9,81.2,11872,0
20140509,80.67,82.47,80.3,82.47,18128,0
20140512,83.8,86.48,83.49,86.17,36840,0
20140513,84.54,85.45,83.473,84.2,25024,0
20140514,84.44,84.44,80.8,81.5,27087,0
20140515,79.89,80.9,79.25,80.88,33662,0
20140516,80.56,81.63,79.668,81.49,27902,0
20140519,81.4,82.7,80.44,81.1,21732,0
20140520,80.93,81.29,80.02,80.49,99410,0
20140521,81.03,82.05,80.5,81.56,136702,0
20140522,81.99,83.2,81.94,82.77,64948,0
20140523,83.31,85.18,82.91,84.66,23794,0
20140527,85,86.88,85,86.39,20005,0
20140528,86.01,87.39,85.8,86.12,16342,0
20140529,86.1,86.79,84.34,85.13,19756,0
20140530,85.32,85.32,83.42,84.02,11148,0
20140602,83.36,84.5,82.6,83.97,25428,0
20140603,84.05,85.07,83.48,84.16,18912,0
20140604,83.75,84.62,83.59,84.3,9882,0
20140605,84.22,86.49,84.22,86.34,14947,0
20140606,86.61,89.48,86.61,89.11,25562,0
20140609,89.55,91.78,88.79,89.99,21551,0
20140610,89.62,90.27,89.22,89.99,11200,0
20140611,89.82,89.82,87.15,89.26,25739,0
20140612,89.26,89.28,87.65,88.71,19850,0
20140613,89.3,89.33,88.45,88.97,11801,0
20140616,88.85,90,88.13,89.88,20086,0
20140617,89.66,89.89,88.05,89.66,20149,0
20140618,89.95,90.8,89.41,90,24610,0
20140619,90.09,90.95,89.26,89.5,6836,0
20140620,88.2,90.51,88.2,89.99,50502,0
20140623,88.11,90,88.11,89.52,7334,0
20140624,89.54,90.5,89.26,89.66,18411,0
20140625,88.77,89.53,88.35,88.92,9530,0
20140626,87.63,88.95,87.63,88.62,5841,0
20140627,88.02,88.62,87.92,88.23,20378,0
20140630,88.67,90.63,88.31,89.76,50050,0
20140701,90.6,92.06,90.165,90.83,34744,0
20140702,90.32,92.3,90.23,90.35,14100,0
20140703,90.55,91.15,90.1,91.13,9343,0
20140707,90.01,90.71,89.82,89.86,12329,0
20140708,89.59,89.8,88.72,89.05,9327,0
20140709,89.89,90.92,89.89,90.33,4412,0
20140710,89.22,89.22,87.67,88.02,10589,0
20140711,87.77,87.77,85.6,86.47,8770,0
20140714,87.26,87.57,86.14,86.99,23549,0
20140715,86.46,87.66,85.51,86.97,14890,0
20140716,87.07,87.07,85.43,85.51,9578,0
20140717,85.04,86.595,82.93,83.41,26244,0
20140718,83.01,85,83.01,84.57,25741,0
20140721,83.61,84,82.94,83.9,16328,0
20140722,84.273,84.93,84.273,84.69,6261,0
20140723,85.12,85.12,84.35,84.71,3676,0
20140724,84.45,85.78,83.41,83.55,7969,0
20140725,82.97,84,82.97,83.77,24391,0
20140728,83.55,83.8,82.79,82.88,51396,0
20140729,82.7,83.035,81.96,82.51,111674,0
20140730,83,83,81.67,82.04,16607,0
20140731,81,82.03,79.52,79.77,20896,0
20140801,79.98,80.96,78.86,80.96,29731,0
20140804,81.63,82.14,80.31,81.63,17205,0
20140805,80.09,81.7,78.78,79.11,49342,0
20140806,78.86,80.7,77.59,80.45,19177,0
20140807,80.27,80.27,78.1,80.09,40613,0
20140808,79.77,80.78,78.81,79.93,20177,0
20140811,80.61,80.79,79.38,79.98,24151,0
20140812,79.75,80.49,78.13,80.19,21474,0
20140813,80.15,81.37,79.22,81,16656,0
20140814,81.7,82,80.33,82,28894,0
20140815,82,83.335,81.33,82.17,23855,0
20140818,83.28,84.44,82.93,84.44,11225,0
20140819,85.32,85.32,82.82,83.71,36214,0
20140820,83.64,83.65,82.24,83.43,32727,0
20140821,81.7,83.95,81.7,83.81,47969,0
20140822,83.38,84.21,82.17,82.17,21957,0
20140825,82.97,83.6,82.33,82.5,12179,0
20140826,82.87,84.4,82.38,83.35,37859,0
20140827,83.8,84.5,83.195,83.96,18169,0
20140828,83.99,84,82.2,83.3,69937,0
20140829,83.11,83.8,82.3,83.32,26082,0
20140902,83.5,84.63,82.91,83.79,28955,0
20140903,84.34,84.34,82.54,83.48,17322,0
20140904,83.56,84.29,83.3,83.55,20140,0
20140905,83.13,84.403,83.13,83.8,73008,0
20140908,84.68,84.76,83.5,84.41,25183,0
20140909,84.5,84.84,83.22,83.54,30634,0
20140910,83.61,84.3,81.32,82.04,51186,0
20140911,81.84,82.33,80.45,80.93,30918,0
20140912,81.15,81.15,78.2,78.52,27280,0
20140915,78.2,78.51,75.34,76.51,66363,0
20140916,76.14,76.89,75.11,76.51,37919,0
20140917,75.99,77.72,75.96,76.27,24523,0
20140918,76.2,76.245,75.04,75.44,45033,0
20140919,75.7,75.77,73.24,75.77,167355,0
20140922,75.12,77.55,75.12,76.85,66430,0
20140923,76.77,76.77,75.42,76.31,56868,0
20140924,76.26,76.75,75.84,76.24,64985,0
20140925,75.42,75.88,74.46,75.43,33518,0
20140926,75.55,77.06,74.87,76.2,41550,0
20140929,75.86,76.69,75.04,76.5,66985,0
20140930,76.47,76.56,73.92,74.5,62764,0
20141001,73.13,73.56,72.2,72.45,30061,0
20141002,72.9,73.12,70.73,72.91,26778,0
20141003,73.76,73.89,73.11,73.83,29789,0
20141006,73.9,75.71,73.78,74.98,23943,0
20141007,74.07,74.78,72.78,72.92,27556,0
20141008,72.03,74.15,71.79,73.94,21907,0
20141009,73.212,74.562,71.07,71.38,28978,0
20141010,70.99,72.67,70.99,71.48,22538,0
20141013,71.98,74.23,71.148,72.14,27012,0
20141014,73.05,74.45,72.03,72.88,50222,0
20141015,73.58,74.81,71.34,74.52,24499,0
20141016,74,76.15,71.4,75.92,45964,0
20141017,77.16,78.4,74.78,76.35,68639,0
20141020,75.14,77.02,75.14,76.97,19476,0
20141021,76.97,79.94,76.758,78.73,13788,0
20141022,75.63,79.13,75.63,78,22487,0
20141023,79.57,80.12,79.03,79.39,13372,0
20141024,79.62,79.92,78.45,79.53,25063,0
20141027,78.89,79.95,78.64,78.95,6463,0
20141028,79.62,82.4,79.431,82.23,24088,0
20141029,81.17,83.01,81.11,81.23,29951,0
20141030,81.18,82,79.94,81.96,34388,0
20141031,83.57,83.94,82.43,83.28,80816,0
20141103,83.14,85.67,82.09,82.8,33609,0
20141104,82.77,83,81.62,82.15,31507,0
20141105,83.14,83.38,81.37,81.51,24087,0
20141106,81.79,82.09,81.26,81.97,108995,0
20141107,81.95,82.9,81.88,82.66,28290,0
20141110,81.6,82.74,81.6,82.25,23815,0
20141111,81.71,82.69,80.82,82.02,19680,0
20141112,80.78,82.42,80.65,82.2,23715,0
20141113,82.2,82.4,80.68,80.84,17086,0
20141114,80.4,82.17,80.28,80.75,18692,0
20141117,80.23,81.13,79.62,80.25,19672,0
20141118,80.77,81.11,79.77,80.28,19322,0
20141119,80.13,80.13,77.75,79.08,58455,0
20141120,79.09,79.72,78.83,79.3,12297,0
20141121,80.49,80.49,79.5,80.24,47594,0
20141124,80.72,81.72,79.68,81.41,22261,0
20141125,81.17,82.5,81.05,81.22,16634,0
20141126,81.07,81.45,80.42,81.19,15581,0
20141128,80.43,81.37,79.68,79.73,9240,0
20141201,79.49,80.65,78.98,79.39,23781,0
20141202,80.22,81.48,79.95,81.21,34302,0
20141203,76.05,81.3,75.96,80.83,29499,0
20141204,81.37,81.59,79.86,80.33,13200,0
20141205,80.21,81.98,80.21,81.59,26234,0
20141208,81.5,82.47,80.85,81.04,23409,0
20141209,82.04,83.12,81.02,83.1,18588,0
20141210,82.45,83.495,80.75,80.83,30864,0
20141211,80.46,82.71,80.46,82.19,26005,0
20141212,81.07,81.65,80.09,80.43,20908,0
20141215,81.08,82.51,79.3,79.67,23531,0
20141216,80.91,81.54,79.79,80.96,19232,0
20141217,80.67,83.01,80.67,82.51,38440,0
20141218,83.13,83.62,82.53,83.31,24015,0
20141219,82.95,82.95,79.98,80.04,111272,0
20141222,80.58,80.64,79.35,80.28,26713,0
20141223,80.51,82.48,79.74,81.74,31465,0
20141224,81.51,82.59,81.38,81.8,10354,0
20141226,81.83,82.8,81.83,82.66,21866,0
20141229,82.45,84.22,82.45,83.6,14390,0
20141230,82.9,83.34,82.56,83.03,9821,0
20141231,83.18,83.5,80.55,81.33,20412,0
20150102,82.08,82.08,80.2,81.61,55249,0
20150105,81.24,81.72,79.62,80.13,10800,0
20150106,80.61,80.61,78.17,78.5,20748,0
20150107,78.71,79.1,76.555,77.45,18286,0
20150108,78.25,79.52,77.84,79.52,17793,0
20150109,79.19,80.51,78.965,79.55,23051,0
20150112,78.42,79.6,78.42,79.25,22114,0
20150113,77.93,80.94,77.93,79.55,32270,0
20150114,79.02,80.15,78.21,79.27,13902,0
20150115,79.82,79.82,74.02,75.35,28141,0
20150116,75.11,78.389,75.11,77.87,28784,0
20150120,79.11,79.11,76.91,77.88,10318,0
20150121,76.95,77.82,75.63,76.22,14400,0
20150122,81.89,81.89,75.01,78.69,51524,0
20150123,81.36,81.36,77.53,77.82,61069,0
20150126,78.11,80.99,77.74,80.44,18268,0
20150127,79.91,79.91,78.04,79.55,13509,0
20150128,77.95,80.14,77.13,77.13,12905,0
20150129,77.7,78.96,76.95,78.86,6241,0
20150130,78.23,79.71,76.32,76.33,18579,0
20150202,76.99,76.99,75.04,76.11,10754,0
20150203,77.31,78.04,75.7,77.85,12716,0
20150204,76.98,78.98,76.88,76.93,11524,0
20150205,77.65,79.94,77.11,79.6,17919,0
20150206,79.27,80.7,78.75,79.76,12912,0
20150209,79.25,80.48,78.37,79.24,14768,0
20150210,79.4,79.4,78.284,78.89,10234,0
20150211,78.44,78.84,77.88,78.01,6898,0
20150212,78.76,79.39,78.59,79.39,6128,0
20150213,78.59,79.85,78.56,79,5695,0
20150217,79.09,80.97,78.89,79.67,11195,0
20150218,79.081,80.16,79.081,79.93,9742,0
20150219,79.42,80,79,79.28,4036,0
20150220,79.6,80.49,79.52,80.31,10225,0
20150223,80.17,80.17,79.14,79.14,6423,0
20150224,79.23,80.95,79.23,80.84,11955,0
20150225,79.86,80.85,79.81,80.79,6464,0
20150226,80.94,80.94,80.01,80.45,6653,0
20150227,80,80.1,77.65,77.65,9320,0
20150302,78.98,79.64,77.66,79.41,6000,0
20150303,79.5,86.63,79.5,85.67,34700,0
20150304,82.32,83.5,82.32,82.77,20700,0
20150305,83.73,85.52,81.17,84.44,21700,0
20150306,84.45,84.6,83.3,83.46,15900,0
20150309,83.86,85.55,82.56,85.48,10100,0
20150310,83.2,84.51,81.01,81.76,13000,0
20150311,81.44,84.87,81.44,84.12,25700,0
20150312,84.82,85.06,82.99,84.81,24900,0
20150313,84.47,85.24,83.75,84.4,9100,0
20150316,85.06,85.35,82.41,83.67,11500,0
20150317,82.95,84.37,81.88,84.37,10600,0
20150318,84.08,86.15,80.61,85.76,32000,0
20150319,85.09,85.85,83.87,85.65,13100,0
20150320,86,87.48,85,87.4,119400,0
20150323,86.68,88.59,86.06,88.19,32000,0
20150324,87.68,88.52,87.5,88.1,17600,0
20150325,88.1,88.15,86.96,87,11200,0
20150326,85.81,87.5,85.81,86.9,10700,0
20150327,86.82,87.77,86.59,86.99,12700,0
20150330,87.68,87.99,86.84,87.88,10600,0
20150331,87.68,88.425,86.06,88.25,19719,0
20150401,87.62,89.03,87.62,88.73,20600,0
20150402,88.86,89.61,87.44,87.83,10600,0
20150406,87.52,88.74,87.49,87.95,8800,0
20150407,89.5,89.5,87.04,87.4,14026,0
20150408,87.71,88.71,87.32,88.14,6400,0
20150409,88.22,88.43,86.94,87.99,5643,0
20150410,88.27,88.59,87.73,87.75,5800,0
20150413,87.85,88.86,87.37,87.9,10900,0
20150414,88.28,88.8,88.1,88.21,8000,0
20150415,88.53,89.923,88.36,89.16,20870,0
20150416,89.25,89.25,87.36,87.73,7897,0
20150417,87.06,88.15,84.94,86.02,12000,0
20150420,85.93,87.6,85.93,87.23,11959,0
20150421,86.42,87.335,86.42,87,4074,0
20150422,87.33,87.6,86.37,86.61,8337,0
20150423,86.85,87.13,86.07,86.96,6700,0
20150424,86.64,87.64,86.64,87.62,9800,0
20150427,87.07,89.29,85.63,86.78,17700,0
20150428,87.22,87.49,86.52,86.81,6200,0
20150429,87.31,89.5,86.6,87,12600,0
20150430,87.25,87.58,84.58,84.62,19700,0
20150501,85.42,85.42,82.97,84.29,12900,0
20150504,84.78,88.96,84.19,86.92,17400,0
20150505,86.9,86.9,82.65,82.71,19900,0
20150506,82.23,84.15,82.03,82.1,30653,0
20150507,81.5,81.725,80.62,81,30243,0
20150508,81.95,81.95,79.28,79.92,27400,0
20150511,79.57,79.88,78.56,79.49,57500,0
20150512,78.01,81,78.01,78.83,17645,0
20150513,79.24,80.79,78.23,79.45,21800,0
20150514,84.57,85.79,79.52,83.92,22400,0
20150515,83,84.99,82.43,84,19946,0
20150518,83.2,85.81,81.75,83.82,24528,0
20150519,83.67,85.5,81.69,84.4,11200,0
20150520,81.65,84.96,81.65,84.49,7600,0
20150521,83.75,85.1,81.7,83.78,26100,0
20150522,81.42,85.28,81.42,84.43,14500,0
20150526,83.6,83.6,82.4,82.71,10358,0
20150527,83.3,84.37,82.13,83.64,34100,0
20150528,84.84,84.84,82.2,83.76,7619,0
20150529,83.22,84.56,82.14,82.6,16400,0
20150601,82.7,83.76,81.57,82.69,7422,0
20150602,84.31,84.86,81.87,83.24,31266,0
20150603,83.75,84.91,83.75,84.42,20100,0
20150604,83.97,89.5,83.34,83.4,8200,0
20150605,83.66,89.48,81.99,84.2,25600,0
20150608,83.75,83.88,82.59,82.8,8500,0
20150609,83.34,86.38,82.51,83.01,2919,0
20150610,83.75,84.693,82.4,83.6,16306,0
20150611,84.98,84.98,82.68,83.77,5945,0
20150612,83.07,83.73,82.31,83,5600,0
20150615,83.44,85,82.04,84,14300,0
20150616,84.69,84.9,83.22,84.05,17400,0
20150617,84.07,85,83.81,84.41,8400,0
20150618,84.65,84.9,83.14,83.55,20200,0
20150619,83.29,84.89,81.24,81.3,52200,0
20150622,82,83.4,81.31,83.22,27500,0
20150623,83.4,84.99,82.95,84.89,6744,0
20150624,84.11,85,82.54,83.09,17100,0
20150625,83,84.83,82.39,84.22,15700,0
20150626,84.34,84.56,82.74,83.58,55100,0
20150629,83.08,83.79,81.05,81.75,21300,0
20150630,82.93,83.14,81.85,83.13,15630,0
20150701,83.56,85.51,83.47,84.32,58900,0
20150702,84.32,84.72,82.34,83.2,19200,0
20150706,82.33,83.19,80.76,81.59,18200,0
20150707,81.24,84.38,79.72,83.16,21100,0
20150708,82.66,84.39,81.97,83.68,22200,0
20150709,82.98,83.61,81.28,81.4,9900,0
20150710,82.4,84.29,80.82,83.54,26600,0
20150713,84.34,85.38,83.5,84.08,19500,0
20150714,84.26,84.46,82.673,83.55,5153,0
20150715,83.75,84.52,82.635,83.6,28328,0
20150716,83.91,83.93,82.47,82.73,11400,0
20150717,82.99,83.58,82.12,83.15,9500,0
20150720,83.4,83.4,81.1,82.02,7600,0
20150721,82.57,82.57,80.8,80.9,7800,0
20150722,81.27,81.88,80.75,81.5,7100,0
20150723,81.72,81.72,78.55,79.73,9500,0
20150724,79.28,79.28,77.31,78.13,13000,0
20150727,78.15,78.15,75.16,76.05,7100,0
20150728,76.74,82.14,75.71,79.58,80000,0
20150729,79.09,80.7,77.97,78.92,15200,0
20150730,78.74,80.44,77.73,79.95,14100,0
20150731,80.62,82.2,79.21,81.59,12500,0
20150803,81.84,82.39,77.68,79.88,13906,0
20150804,78.33,79.42,74.72,75.22,22800,0
20150805,76.08,77.43,74.15,75.77,21000,0
20150806,76.56,79.28,73.79,77.2,13175,0
20150807,76.47,79.38,74.23,75.06,7500,0
20150810,75.42,77.62,74,75.78,27200,0
20150811,75.2,78.535,74.04,76.67,4628,0
20150812,75.77,77.37,73.76,74.7,11300,0
20150813,75.15,76.31,73.12,73.94,29600,0
20150814,73.53,75.63,71.42,74.63,40400,0
20150817,74.79,74.79,72.63,73.5,14200,0
20150818,74.01,75,72.8,73.5,41000,0
20150819,72.45,74.99,72.2,74.16,28500,0
20150820,73.89,92.96,73.16,86.78,309000,0
20150821,85.28,92.23,84.87,85.62,118800,0
20150824,74.38,91.62,74.38,83.75,249902,0
20150825,84.48,85.97,80.86,80.89,64500,0
20150826,82.74,82.74,78.47,82.3,80000,0
20150827,83,83.58,81.2,82,34000,0
20150828,81.49,83.4,81.49,83.35,21200,0
20150831,82.57,83.35,81.3,81.81,29500,0
20150901,80.77,81.46,78.53,79.01,36900,0
20150902,79.88,81.71,79.69,81.26,38200,0
20150903,80.62,81.39,79.15,80.1,22800,0
20150904,78.93,79.52,78.03,78.11,17600,0
20150908,79.46,81.63,79,79.98,73500,0
20150909,80.66,81.68,78.13,78.65,65600,0
20150910,78.64,79.33,75.371,78.32,69820,0
20150911,77.97,78.23,76.68,77.73,24100,0
20150914,77.76,81.61,75.57,78,38400,0
20150915,78.09,78.62,76.36,77.9,40400,0
20150916,78.07,79.25,77.77,78.96,30500,0
20150917,78.91,79.18,78.32,78.32,36015,0
20150918,76.94,77.32,75.16,76.58,57600,0
20150921,77.55,77.55,74.28,74.76,18300,0
20150922,74.1,74.28,71.06,71.96,27600,0
20150923,71.87,72,68.92,69.93,26000,0
20150924,69.05,69.05,66.025,68.71,50117,0
20150925,69.1,69.57,64.38,64.76,38600,0
20150928,64.83,64.83,61.98,63.04,32265,0
20150929,63.01,63.73,60.72,61.25,108500,0
20150930,61.78,63.6,59.21,63.31,59800,0
20151001,62.97,64.34,61,62.02,85700,0
20151002,61.7,62.08,59.45,62.08,35300,0
20151005,62.25,66.79,61.94,65.51,76677,0
20151006,65.13,67.06,62.51,63.21,48400,0
20151007,64.25,65.05,63.5,65.05,47600,0
20151008,64.65,67.25,64.65,66.5,39400,0
20151009,66.18,66.5,62.89,63.97,41000,0
20151012,64,64,62.65,63.64,28736,0
20151013,63.12,64.25,62.66,63.66,36800,0
20151014,63.5,64.38,61.32,61.37,41900,0
20151015,61.53,63.01,59.26,62.8,48400,0
20151016,63,63,60.64,62.55,46900,0
20151019,62.02,63.39,61.79,62.3,53800,0
20151020,62.06,62.97,61.73,62.64,37540,0
20151021,63,63.52,61.18,61.84,32900,0
20151022,62.05,63.46,61.75,62.79,33300,0
20151023,63.42,63.49,61.73,62.33,33200,0
20151026,61.49,62.21,61.21,61.3,19800,0
20151027,60.6,61.65,59.05,61,52800,0
20151028,60.85,64.45,60.85,63.21,36700,0
20151029,62.79,63.03,61.66,62.16,21600,0
20151030,62.22,62.6,61.12,61.35,23300,0
20151102,61.47,62.69,60.63,62.69,14647,0
20151103,63.02,65.3,62.04,63.4,37500,0
20151104,63.13,63.13,55.68,57.58,136654,0
20151105,57.48,57.48,53.12,54.76,54600,0
20151106,54.41,61.07,53.36,54.03,56300,0
20151109,53.46,53.8,51.34,51.34,31957,0
20151110,51.38,51.67,49.51,49.8,41600,0
20151111,50.12,50.49,47.8,48,29300,0
20151112,48.13,48.13,46.54,46.69,50700,0
20151113,46.5,46.5,44.41,45.67,131300,0
20151116,45.94,47.7,45.43,47.38,43500,0
20151117,47.27,47.3,45.08,45.67,64800,0
20151118,45.6,47.07,45.03,45.87,94400,0
20151119,46.13,46.93,44.68,45.4,72500,0
20151120,45.76,46.32,45.47,45.88,41800,0
20151123,45.62,47.35,45.49,46.5,36800,0
20151124,46.7,47.22,46.29,46.98,35300,0
20151125,46.9,48.3,46.59,48.11,51400,0
20151127,47.93,49.71,46.68,48.95,24500,0
20151130,49.02,49.14,47.38,48.14,81000,0
20151201,48.35,48.63,47.89,48.16,55621,0
20151202,48.49,48.7,47.1,47.94,47345,0
20151203,47.98,47.98,46.02,46.12,54334,0
20151204,45.96,46.63,44.83,45.44,49400,0
20151207,45.75,45.75,44.1,44.69,35200,0
20151208,44.13,45.1,43.5,44.08,60185,0
20151209,44.05,45.68,42.96,43.5,44600,0
20151210,43.47,44.09,43.12,43.68,39500,0
20151211,42.97,43.91,42.97,43.49,49200,0
20151214,44.14,44.32,41.525,42.48,54357,0
20151215,42.45,43.19,41.02,42.08,36900,0
20151216,42.17,43.09,42.05,42.88,18500,0
20151217,43.18,43.43,42.22,43,35300,0
20151218,42.69,43.43,42.08,42.71,124100,0
20151221,43.06,43.91,41.69,43.85,22400,0
20151222,43.71,43.71,42.91,43.47,33351,0
20151223,43.55,45.16,43.25,43.74,77200,0
20151224,43.31,44.26,42.77,43.34,39181,0
20151228,42.9,43.61,42.51,43.26,31946,0
20151229,43.7,44.64,42.94,43.99,37490,0
20151230,43.04,45.09,43.04,44.21,126930,0
20151231,44.13,45.58,43.41,43.62,70026,0
20160104,42.91,42.91,40.77,42.51,392185,0
20160105,42.55,43.84,41.695,43.45,30358,0
20160106,42.7,43.5399,41.42,41.61,63950,0
20160107,40.67,42.43,40.12,41.37,65821,0
20160108,41.31,41.61,40.53,41.05,45494,0
20160111,40.97,41.995,38.69,39.79,54408,0
20160112,39.84,40.53,39.115,39.74,40995,0
20160113,40.03,40.81,37.14,38.16,75504,0
20160114,38.18,39.38,37.3,38.74,45583,0
20160115,37.74,39.09,35.4,37.52,46079,0
20160119,38.16,38.16,35.44,36.82,65300,0
20160120,36.12,36.98,33.96,36.45,33129,0
20160121,37.02,38.28,37.02,37.41,22425,0
20160122,38.14,38.88,37.62,38.03,22640,0
20160125,37.69,38.11,36.03,36.44,21571,0
20160126,35.34,38.84,35.34,38.45,30872,0
20160127,37.72,38.27,36.5,36.8,21627,0
20160128,37.28,37.69,36.3,37.07,16211,0
20160129,37.09,39.2533,37.09,38.99,18825,0
20160201,38.52,39.75,37.45,39.16,31777,0
20160202,38.42,39,36.43,36.61,26594,0
20160203,36.98,38.72,36.15,37.84,23510,0
20160204,37.63,39.49,37.6,39,27315,0
20160205,38.96,42.175,36.07,36.41,48091,0
20160208,35.83,36.337,35.04,35.93,21157,0
20160209,35.13,35.9226,34.85,34.85,12320,0
20160210,35.465,36.5199,35.14,35.26,14574,0
20160211,34.67,35.46,33.85,34.28,36388,0
20160212,34.47,36.43,33.92,35.88,9827,0
20160216,36.45,39.37,35.19,37.15,20921,0
20160217,37.69,37.86,35.345,37.53,46713,0
20160218,37.53,38.22,36.25,37.17,34041,0
20160219,36.98,39.64,35.21,37.01,42187,0
20160222,37.8,38.28,37.8,38.07,16968,0
20160223,37.48,39.29,37.48,38.98,21288,0
20160224,38.24,39.75,38.24,39.73,26033,0
20160225,39.63,40.69,38.96,40.22,32600,0
20160226,40.29,40.69,39.72,40.61,23799,0
20160229,40.69,41.73,40.16,41.28,16594,0
20160301,41.7,47.96,40.7,42.24,223125,0
20160302,42.01,42.66,41.78,42.26,28717,0
20160303,41.96,42.55,40.85,42.21,34879,0
20160304,42.17,43.18,41.66,43.18,39371,0
20160307,42.56,44.05,42.56,43.99,30091,0
20160308,43.87,43.87,42.61,43.28,34860,0
20160309,43.64,43.98,43.55,43.82,29585,0
20160310,43.88,44.28,43.61,43.8,27652,0
20160311,44.345,46.51,43.08,46.47,41467,0
20160314,46.12,46.43,44.46,45,47398,0
20160315,44.2,44.8,43.37,44.42,44794,0
20160316,43.91,46.54,43.78,45.47,30726,0
20160317,45.28,48.86,45.28,48,56939,0
20160318,47.86,49.99,47.74,48.72,108963,0
20160321,48.8,48.935,47.06,47.14,46854,0
20160322,46.97,47.56,46.4201,47.12,39682,0
20160323,47.02,47.82,44.98,44.98,50132,0
20160324,43.29,46.44,43.29,45.86,18629,0
20160328,46.13,47.79,46.07,46.83,25317,0
20160329,46.96,48.69,46.84,48,36065,0
20160330,48.68,48.68,47.44,47.7,114695,0
20160331,47.54,48.65,47.485,48.29,15279,0
20160401,47.99,53.09,47.88,49.97,128698,0
20160404,50.14,50.3,46.99,47.18,33009,0
20160405,46.97,47.26,46.34,46.95,23328,0
20160406,43.97,47.1,43.97,47.05,22124,0
20160407,46.44,46.58,45.46,45.91,15520,0
20160408,46.82,47.52,45.89,46.57,19845,0
20160411,47.2,47.84,46.59,47.67,14688,0
20160412,47.61,52.21,46.655,47.65,15025,0
20160413,47.8,49.385,47.8,48.88,15969,0
20160414,48.79,50.38,47.94,48.29,14818,0
20160415,47.99,48.48,45.01,48.18,12936,0
