Date,Open,High,Low,Close,Volume,OpenInt
20111201,16.488,16.873,16.433,16.68,117142,0
20111202,17,17.159,16.457,16.672,53632,0
20111205,17,17.375,16.824,17.359,142082,0
20111206,17.311,17.479,17.104,17.215,79001,0
20111207,17.119,17.335,16.896,17.064,174106,0
20111208,16.904,16.976,16.593,16.608,99038,0
20111209,16.713,17.119,16.616,17.055,132412,0
20111212,16.888,17.112,16.689,16.888,77415,0
20111213,16.984,17.288,16.696,16.785,82880,0
20111214,16.545,16.601,16.146,16.178,122211,0
20111215,16.377,16.601,16.185,16.369,92078,0
20111216,15.977,16.417,15.555,16.233,730581,0
20111219,16.265,16.337,15.763,15.834,136461,0
20111220,16.313,16.569,16.097,16.361,129734,0
20111221,16.289,16.713,16.281,16.457,129761,0
20111222,16.649,16.728,16.401,16.441,83424,0
20111223,16.497,16.633,16.154,16.552,77554,0
20111227,16.505,16.649,16.313,16.584,44956,0
20111228,16.657,16.657,16.05,16.082,102028,0
20111229,16.161,16.385,15.97,16.178,106791,0
20111230,16.129,16.417,16.129,16.274,109621,0
20120103,16.625,16.864,16.465,16.713,130759,0
20120104,16.625,16.728,16.305,16.337,172099,0
20120105,16.257,16.473,15.986,16.21,105144,0
20120106,16.122,16.297,16.05,16.082,94283,0
20120109,16.169,16.409,15.994,16.137,232402,0
20120110,16.321,16.353,16.002,16.178,163735,0
20120111,16.034,16.385,15.994,16.321,157411,0
20120112,16.545,16.584,16.265,16.473,147243,0
20120113,16.505,16.513,16.321,16.329,120550,0
20120117,16.369,16.52,16.289,16.425,147516,0
20120118,16.417,16.576,16.353,16.552,101398,0
20120119,16.576,16.928,16.529,16.873,76580,0
20120120,16.873,17.343,16.873,17.183,99409,0
20120123,17.247,17.399,17.168,17.335,68749,0
20120124,17.232,17.335,17.104,17.271,77823,0
20120125,17.271,17.63,17.159,17.535,108830,0
20120126,17.566,17.726,17.423,17.511,63117,0
20120127,17.439,17.863,17.367,17.726,64300,0
20120130,17.575,17.782,17.566,17.694,67728,0
20120131,17.846,18.261,17.503,18.229,139232,0
20120201,18.278,18.517,18.03,18.389,379125,0
20120202,18.494,18.948,18.357,18.757,84937,0
20120203,18.853,19.268,18.813,19.164,103740,0
20120206,18.956,19.108,18.853,19.02,51523,0
20120207,18.972,19.212,18.964,19.212,61860,0
20120208,19.196,19.204,18.813,19.124,63272,0
20120209,18.932,19.132,18.813,19.068,41539,0
20120210,18.988,19.076,18.533,18.908,105455,0
20120213,19.028,19.3,18.964,19.204,101224,0
20120214,19.228,19.307,18.845,19.155,60284,0
20120215,19.164,19.395,18.964,19.332,76941,0
20120216,19.283,19.571,19.283,19.484,101612,0
20120217,19.467,19.794,19.427,19.723,93521,0
20120221,19.85,19.97,19.675,19.875,128371,0
20120222,19.786,19.843,19.571,19.651,73626,0
20120223,19.651,19.723,19.563,19.651,89635,0
20120224,19.643,19.818,19.452,19.475,62763,0
20120227,19.292,19.531,18.98,19.076,103979,0
20120228,19.052,19.259,18.853,19.012,80107,0
20120229,19.324,19.332,18.517,18.565,162066,0
20120301,18.381,18.565,18.205,18.301,185048,0
20120302,18.269,18.325,17.831,17.942,114837,0
20120305,17.647,17.854,17.543,17.758,134538,0
20120306,17.575,17.767,17.391,17.415,143667,0
20120307,17.559,17.559,17.327,17.431,84950,0
20120308,17.407,17.519,17.207,17.343,149769,0
20120309,17.32,17.679,17.311,17.327,186209,0
20120312,16.96,17.271,16.873,17.104,206935,0
20120313,17.159,17.311,17.031,17.151,236553,0
20120314,17.072,17.223,17.008,17.087,229194,0
20120315,17.104,17.191,16.888,17.048,144650,0
20120316,17.048,17.136,16.856,16.904,226783,0
20120319,16.832,17.191,16.832,17.08,170893,0
20120320,16.952,17.096,16.824,16.873,75629,0
20120321,16.896,17.031,16.816,16.88,74846,0
20120322,16.792,16.792,16.265,16.393,159723,0
20120323,16.353,16.488,16.257,16.377,125246,0
20120326,16.584,16.64,16.465,16.569,108754,0
20120327,16.561,16.912,16.409,16.713,125293,0
20120328,16.649,16.744,16.281,16.377,167283,0
20120329,16.345,16.449,16.146,16.425,88985,0
20120330,16.552,16.552,16.345,16.529,83159,0
20120402,16.473,16.721,16.385,16.721,97638,0
20120403,16.696,16.728,16.369,16.488,68085,0
20120404,16.457,16.457,16.026,16.361,162995,0
20120405,16.369,16.497,16.034,16.185,165216,0
20120409,15.922,16.041,15.706,15.763,235958,0
20120410,15.778,15.778,15.355,15.363,117966,0
20120411,15.466,15.69,15.395,15.65,104049,0
20120412,15.626,15.962,15.586,15.858,78545,0
20120413,15.763,15.763,15.491,15.699,105439,0
20120416,15.834,15.882,15.507,15.53,77771,0
20120417,15.579,15.818,15.523,15.611,68489,0
20120418,15.491,15.491,14.94,15.139,186985,0
20120419,15.06,15.227,14.796,14.916,234479,0
20120420,15.155,15.291,15.051,15.179,91715,0
20120423,14.94,15.044,14.812,14.955,94370,0
20120424,14.916,15.036,14.844,14.844,124028,0
20120425,15.051,15.155,14.899,14.972,129498,0
20120426,14.98,15.132,14.867,15.091,161090,0
20120427,15.139,15.139,14.86,14.908,114040,0
20120430,15.363,16.377,15.132,16.146,229306,0
20120501,16.785,17.335,16.353,16.481,267255,0
20120502,16.345,16.713,15.938,16.68,156317,0
20120503,16.64,16.952,16.497,16.649,137401,0
20120504,16.625,16.824,16.146,16.201,154882,0
20120507,16.161,16.345,15.97,16.193,246908,0
20120508,16.073,16.249,16.018,16.082,189637,0
20120509,15.882,16.105,15.786,15.795,356718,0
20120510,15.93,16.361,15.618,16.201,250333,0
20120511,16.041,16.201,15.682,15.746,169733,0
20120514,15.594,15.874,15.427,15.547,153700,0
20120515,15.53,15.795,15.498,15.722,88096,0
20120516,15.818,16.002,15.714,15.842,132187,0
20120517,15.81,15.906,15.466,15.523,86906,0
20120518,15.507,15.714,15.139,15.227,154397,0
20120521,15.227,15.378,15.06,15.363,187565,0
20120522,15.378,15.435,14.98,15.107,140409,0
20120523,14.932,15.243,14.7,15.203,131256,0
20120524,15.188,15.259,15.036,15.188,66681,0
20120525,15.139,15.259,15.012,15.107,92240,0
20120529,15.275,15.371,14.963,15.363,52168,0
20120530,15.22,15.299,14.867,14.932,83835,0
20120531,14.932,15.371,14.835,15.284,196174,0
20120601,14.987,15.419,14.955,14.987,123114,0
20120604,14.996,15.124,14.828,14.955,138652,0
20120605,14.86,15.132,14.852,15.083,132749,0
20120606,15.275,15.515,15.252,15.331,91458,0
20120607,15.419,15.675,15.378,15.403,98430,0
20120608,15.339,15.515,15.259,15.347,78034,0
20120611,15.523,15.523,15.06,15.06,120161,0
20120612,15.164,15.539,15.091,15.427,141337,0
20120613,15.012,15.339,14.796,15.195,120484,0
20120614,15.171,15.722,15.171,15.571,134330,0
20120615,15.643,15.938,15.571,15.682,269644,0
20120618,15.547,15.763,15.355,15.443,76948,0
20120619,15.483,15.842,15.252,15.658,108232,0
20120620,15.658,15.682,15.451,15.635,109745,0
20120621,15.594,15.675,15.291,15.323,64771,0
20120622,15.355,15.763,15.355,15.714,86206,0
20120625,15.523,15.635,15.387,15.419,42663,0
20120626,15.603,15.65,15.188,15.211,75390,0
20120627,15.179,15.347,14.82,15.051,112140,0
20120628,14.987,15.203,14.924,15.012,145021,0
20120629,15.275,15.275,14.893,15.051,129173,0
20120702,15.027,15.403,14.924,15.331,205943,0
20120703,15.371,15.435,15.188,15.267,132567,0
20120705,15.291,15.395,15.188,15.331,255220,0
20120706,15.188,15.515,15.132,15.427,162970,0
20120709,15.419,15.962,15.419,15.954,152072,0
20120710,15.977,16.601,15.977,16.561,187117,0
20120711,16.576,16.768,16.425,16.64,173824,0
20120712,16.473,16.753,16.433,16.721,112894,0
20120713,16.704,17.087,16.64,16.672,234006,0
20120716,16.608,16.809,16.473,16.792,154540,0
20120717,16.928,17.096,16.873,17.04,99858,0
20120718,16.992,17.175,16.928,17.024,136862,0
20120719,17.031,17.055,16.497,16.593,123222,0
20120720,16.465,16.68,16.337,16.552,112291,0
20120723,16.257,16.481,16.129,16.257,74587,0
20120724,16.257,16.257,15.88,15.97,87310,0
20120725,16.009,16.201,15.826,15.898,90316,0
20120726,16.161,16.161,15.826,16.09,65323,0
20120727,16.114,16.465,16.034,16.465,130676,0
20120730,16.417,16.848,16.417,16.696,123007,0
20120731,16.672,17.016,16.633,16.928,186189,0
20120801,16.952,17.2,16.337,16.345,260090,0
20120802,15.586,15.722,13.415,13.494,601996,0
20120803,13.494,13.726,12.305,12.352,698199,0
20120806,12.376,12.767,12.121,12.281,462454,0
20120807,12.408,12.64,12.297,12.576,360556,0
20120808,12.568,12.983,12.568,12.784,258619,0
20120809,12.744,13.247,12.744,13.207,227364,0
20120810,13.199,13.558,13.143,13.239,110306,0
20120813,13.263,13.295,12.959,13.047,106714,0
20120814,13.103,13.592,13.103,13.558,159395,0
20120815,13.494,13.67,13.391,13.631,98309,0
20120816,13.663,13.726,13.366,13.654,117937,0
20120817,13.614,13.742,13.471,13.592,282111,0
20120820,13.606,13.79,13.391,13.535,169838,0
20120821,13.654,13.71,13.455,13.471,170340,0
20120822,13.407,13.415,13.095,13.287,115129,0
20120823,13.263,13.47,13.039,13.391,89777,0
20120824,13.335,13.614,13.175,13.479,84247,0
20120827,13.486,13.694,13.335,13.43,78670,0
20120828,13.391,13.606,13.271,13.575,137396,0
20120829,13.558,13.71,13.366,13.582,132802,0
20120830,13.494,13.702,13.407,13.462,116596,0
20120831,13.518,13.734,13.374,13.71,129144,0
20120904,13.734,13.782,13.335,13.638,184813,0
20120905,13.582,13.806,13.494,13.718,249026,0
20120906,13.726,14.181,13.654,13.663,217097,0
20120907,13.71,13.926,13.567,13.894,177299,0
20120910,13.87,14.157,13.87,14.029,281153,0
20120911,14.062,14.155,13.866,13.874,126772,0
20120912,13.915,14.112,13.858,13.956,133698,0
20120913,13.906,13.948,13.546,13.686,264557,0
20120914,13.695,13.932,13.506,13.539,168333,0
20120917,13.522,13.776,13.498,13.759,136423,0
20120918,13.669,14.095,13.653,14.095,144903,0
20120919,14.046,14.046,13.645,13.726,136727,0
20120920,13.612,14.086,13.605,13.874,248624,0
20120921,14.013,14.299,13.726,13.972,1012222,0
20120924,13.882,14.316,13.785,14.226,165917,0
20120925,14.292,14.406,13.752,13.759,196031,0
20120926,13.759,14.022,13.759,13.923,202256,0
20120927,13.906,14.316,13.825,14.266,112068,0
20120928,14.226,14.389,14.128,14.209,93440,0
20121001,14.235,14.382,13.858,14.307,138154,0
20121002,14.349,14.61,14.095,14.112,238903,0
20121003,14.112,14.152,14.022,14.07,77019,0
20121004,14.07,14.112,13.809,14.062,258196,0
20121005,14.07,14.218,14.029,14.152,153582,0
20121008,14.079,14.185,13.996,14.046,103477,0
20121009,14.046,14.128,13.768,13.776,136235,0
20121010,13.785,13.899,13.629,13.662,171525,0
20121011,13.71,13.785,13.629,13.636,86179,0
20121012,13.636,13.797,13.605,13.678,273014,0
20121015,13.686,13.858,13.653,13.702,193605,0
20121016,13.71,13.752,13.579,13.702,129527,0
20121017,13.686,13.686,13.465,13.555,152044,0
20121018,13.506,13.539,13.342,13.465,153705,0
20121019,13.375,13.399,13.129,13.162,115471,0
20121022,13.162,13.269,12.834,13.023,187075,0
20121023,12.958,12.966,12.769,12.868,148349,0
20121024,12.933,12.933,12.795,12.819,115586,0
20121025,12.885,12.885,12.525,12.606,130369,0
20121026,12.606,12.762,12.262,12.369,230700,0
20121031,12.418,12.532,12.214,12.475,87277,0
20121101,12.451,12.574,12.393,12.442,122873,0
20121102,12.466,12.61,12.345,12.385,191120,0
20121105,12.361,12.466,12.229,12.319,173200,0
20121106,12.435,12.466,12.229,12.451,99435,0
20121107,12.312,12.451,12.017,12.181,166408,0
20121108,12.091,12.451,11.682,11.698,283870,0
20121109,11.599,11.911,11.469,11.772,171798,0
20121112,11.837,11.992,11.731,11.805,110834,0
20121113,11.731,11.944,11.731,11.854,184355,0
20121114,11.927,12.066,11.575,11.632,196698,0
20121115,11.608,11.747,11.526,11.625,147215,0
20121116,11.682,12.557,11.616,12.508,404012,0
20121119,12.574,12.991,12.574,12.917,125858,0
20121120,12.762,12.859,12.266,12.345,202852,0
20121121,12.361,12.646,12.181,12.541,93686,0
20121123,12.631,12.729,12.483,12.729,84169,0
20121126,12.786,13.162,12.646,12.942,212321,0
20121127,12.917,13.105,12.917,13.056,120685,0
20121128,12.949,13.063,12.826,12.958,53217,0
20121129,13.105,13.26,13.039,13.228,91209,0
20121130,10.888,11.011,9.915,10.553,2001425,0
20121203,10.888,11.338,10.635,10.995,907216,0
20121204,11.121,11.199,10.917,11.093,258839,0
20121205,11.117,11.232,11.002,11.182,219274,0
20121206,11.215,11.215,10.962,11.109,299985,0
20121207,11.134,11.272,11.011,11.232,179669,0
20121210,11.248,11.371,11.052,11.125,229543,0
20121211,11.182,11.289,11.142,11.281,192504,0
20121212,11.383,11.41,11.086,11.272,255591,0
20121213,11.231,11.356,10.784,10.859,196776,0
20121214,10.875,11.213,10.875,11.027,182381,0
20121217,10.968,11.222,10.968,11.145,217119,0
20121218,11.163,11.39,11.129,11.264,220159,0
20121219,11.29,11.331,11.188,11.272,142504,0
20121220,11.29,11.374,11.213,11.315,205755,0
20121221,11.222,11.29,10.842,11.231,1083779,0
20121224,11.095,11.222,11.011,11.086,71248,0
20121226,11.07,11.095,10.946,10.977,131216,0
20121227,10.968,11.07,10.791,10.875,191896,0
20121228,10.859,10.918,10.691,10.741,201028,0
20121231,10.716,11.066,10.698,11.061,308980,0
20130102,10.842,10.961,9.855,9.981,873509,0
20130103,9.999,10.362,9.881,10.362,304040,0
20130104,10.335,10.547,10.192,10.463,182001,0
20130107,10.462,10.757,10.217,10.698,170309,0
20130108,10.682,10.716,10.437,10.564,186400,0
20130109,10.757,10.986,10.564,10.935,201312,0
20130110,11.045,11.045,10.909,11.02,234682,0
20130111,11.045,11.095,10.842,10.935,127663,0
20130114,10.918,11.002,10.521,10.539,290737,0
20130115,10.462,10.539,10.133,10.244,241326,0
20130116,10.21,10.251,9.914,10.015,358131,0
20130117,10.024,10.378,10.015,10.142,177695,0
20130118,10.167,10.639,10.092,10.546,220571,0
20130122,10.487,10.623,10.403,10.487,195802,0
20130123,10.462,10.816,10.387,10.732,231705,0
20130124,10.775,11.205,10.639,10.977,347727,0
20130125,11.045,11.045,10.353,10.428,297278,0
20130128,10.462,10.682,10.421,10.673,166073,0
20130129,10.673,10.85,10.623,10.75,177809,0
20130130,10.716,10.809,10.421,10.446,203543,0
20130131,10.462,10.968,10.462,10.909,232982,0
20130201,10.927,11.095,10.741,10.927,215410,0
20130204,10.902,10.942,10.673,10.673,250852,0
20130205,10.632,10.968,10.632,10.8,136774,0
20130206,10.791,10.8,10.639,10.732,177564,0
20130207,10.757,10.943,10.732,10.943,146842,0
20130208,10.961,11.112,10.834,11.011,108382,0
20130211,11.112,11.135,10.716,10.784,92473,0
20130212,10.816,11.138,10.757,11.133,83850,0
20130213,11.138,11.213,10.809,11.07,131061,0
20130214,11.002,11.095,10.698,10.884,176997,0
20130215,10.918,10.977,10.766,10.943,139862,0
20130219,10.994,11.07,10.943,11.045,316688,0
20130220,11.036,11.264,10.935,11.061,165322,0
20130221,11.07,11.213,10.977,11.112,93693,0
20130222,11.138,11.534,11.138,11.441,160617,0
20130225,11.467,11.719,11.441,11.492,311577,0
20130226,11.56,11.619,11.112,11.129,166480,0
20130227,11.002,11.467,11.002,11.349,130609,0
20130228,11.297,11.323,10.403,10.53,388913,0
20130301,10.513,10.716,10.217,10.546,452114,0
20130304,10.505,10.598,10.302,10.335,306995,0
20130305,10.378,10.505,10.31,10.31,208611,0
20130306,10.362,10.648,10.269,10.521,201178,0
20130307,10.589,10.825,10.45,10.564,223350,0
20130308,10.639,10.825,10.632,10.809,210504,0
20130311,10.842,10.986,10.673,10.968,339154,0
20130312,10.916,11.475,10.664,11.422,322079,0
20130313,11.422,11.466,10.951,11.143,195432,0
20130314,11.134,11.335,11.116,11.231,238560,0
20130315,11.222,11.509,11.156,11.501,491176,0
20130318,11.414,11.57,11.239,11.3,165500,0
20130319,11.344,11.372,11.116,11.231,100663,0
20130320,11.292,11.431,11.073,11.178,182196,0
20130321,11.3,11.483,11.178,11.326,196124,0
20130322,11.37,11.37,11.151,11.231,124167,0
20130325,11.274,11.527,11.151,11.422,197088,0
20130326,11.457,11.553,11.3,11.335,137419,0
20130327,11.248,11.309,11.099,11.213,138635,0
20130328,11.196,11.196,10.977,11.169,244552,0
20130401,11.196,11.544,11.116,11.527,155929,0
20130402,11.544,11.666,11.448,11.562,123073,0
20130403,11.623,11.753,11.466,11.466,100569,0
20130404,11.57,11.666,11.396,11.422,225814,0
20130405,11.213,11.657,11.125,11.579,78593,0
20130408,11.588,11.823,11.379,11.814,139135,0
20130409,11.771,11.84,11.553,11.701,125529,0
20130410,11.779,12.103,11.727,11.997,106499,0
20130411,12.006,12.129,11.727,11.814,166711,0
20130412,11.797,12.338,11.692,12.303,185708,0
20130415,12.198,12.268,11.701,11.805,257528,0
20130416,11.823,12.268,11.788,12.233,277388,0
20130417,12.207,12.303,11.579,11.701,222319,0
20130418,11.805,12.006,11.649,11.954,139724,0
20130419,12.015,12.198,11.91,12.146,151338,0
20130422,12.181,12.281,11.91,12.129,193160,0
20130423,12.181,12.477,12.006,12.451,147548,0
20130424,12.277,12.425,12.181,12.259,139593,0
20130425,12.243,12.799,12.207,12.529,214513,0
20130426,12.529,12.66,12.434,12.477,112925,0
20130429,12.538,12.747,12.407,12.643,99527,0
20130430,12.677,12.904,12.599,12.834,128837,0
20130501,12.773,12.86,12.294,12.312,150303,0
20130502,12.39,12.669,12.225,12.643,97579,0
20130503,12.799,12.996,12.651,12.834,169638,0
20130506,12.869,12.939,12.643,12.66,128985,0
20130507,12.721,13.079,12.721,12.948,154589,0
20130508,12.992,13.471,12.904,13.454,171388,0
20130509,13.515,13.515,13.253,13.271,175542,0
20130510,13.323,13.506,13.253,13.488,94334,0
20130513,13.506,13.506,13.314,13.462,49907,0
20130514,13.515,13.515,13.227,13.358,123783,0
20130515,13.384,13.602,13.34,13.515,109036,0
20130516,13.515,13.515,13.001,13.105,229642,0
20130517,13.201,13.602,13.184,13.575,137613,0
20130520,13.575,13.68,13.436,13.628,142993,0
20130521,13.602,13.776,13.567,13.697,106245,0
20130522,13.776,13.916,13.227,13.236,176843,0
20130523,13.157,13.48,13.09,13.48,110107,0
20130524,13.732,14.343,13.654,14.238,156521,0
20130528,14.256,14.491,14.099,14.134,209398,0
20130529,14.247,14.378,13.515,13.619,415348,0
20130530,13.689,14.247,13.689,14.177,219645,0
20130531,14.182,14.577,14.109,14.273,230686,0
20130603,14.395,14.534,14.177,14.343,154604,0
20130604,14.386,14.517,13.986,14.143,154039,0
20130605,14.099,14.221,13.96,13.995,110313,0
20130606,14.064,14.369,13.951,14.169,134478,0
20130607,14.325,14.474,14.125,14.256,206676,0
20130610,14.299,14.43,14.195,14.36,123683,0
20130611,14.317,14.386,14.116,14.169,319348,0
20130612,14.232,14.232,13.585,13.882,362398,0
20130613,13.864,14.339,13.786,14.15,177898,0
20130614,14.177,14.446,14.099,14.285,81074,0
20130617,14.473,14.571,13.792,14.097,197537,0
20130618,14.15,14.285,14.106,14.142,66057,0
20130619,14.097,14.232,13.924,13.99,114002,0
20130620,13.792,13.935,13.605,13.828,173748,0
20130621,13.9,14.186,13.524,13.981,363127,0
20130624,13.963,14.124,13.659,13.891,130579,0
20130625,14.088,14.186,13.927,14.15,74322,0
20130626,14.267,14.329,14.12,14.232,92507,0
20130627,14.321,14.544,14.106,14.508,95076,0
20130628,14.437,14.876,14.294,14.733,320314,0
20130701,14.805,14.849,14.554,14.607,123343,0
20130702,14.59,14.687,14.51,14.643,89880,0
20130703,14.554,14.679,14.508,14.643,32529,0
20130705,14.742,14.742,14.518,14.697,47501,0
20130708,14.723,14.723,14.625,14.661,122641,0
20130709,14.769,14.822,14.671,14.75,159250,0
20130710,14.723,14.992,14.723,14.956,153933,0
20130711,15.073,15.171,14.858,15.054,146442,0
20130712,15.037,15.126,14.938,15.018,95605,0
20130715,15.243,16.245,15.216,15.941,718463,0
20130716,15.976,18.321,15.941,16.648,913802,0
20130717,16.8,16.97,16.218,16.728,359614,0
20130718,16.97,17.211,16.783,17.015,261335,0
20130719,17.006,17.265,16.737,17.175,188697,0
20130722,17.185,17.265,16.783,16.996,305811,0
20130723,17.051,17.051,16.818,16.907,152112,0
20130724,16.907,16.952,16.594,16.63,175005,0
20130725,16.675,16.952,16.568,16.925,117922,0
20130726,16.872,16.961,16.604,16.809,102563,0
20130729,16.827,16.961,16.665,16.684,128971,0
20130730,16.845,17.668,16.701,17.364,255994,0
20130731,17.48,17.48,16.747,16.764,255951,0
20130801,16.854,16.988,16.442,16.46,309224,0
20130802,16.594,16.88,16.29,16.604,216552,0
20130805,16.665,16.783,16.46,16.639,245610,0
20130806,16.639,16.71,16.37,16.469,262255,0
20130807,16.469,16.952,16.431,16.818,179697,0
20130808,16.925,17.042,16.415,16.514,268832,0
20130809,16.522,17.006,16.522,16.88,161001,0
20130812,16.827,17.006,16.558,16.665,176243,0
20130813,16.737,16.845,16.514,16.585,131279,0
20130814,16.585,16.836,16.565,16.693,132689,0
20130815,16.558,16.665,16.227,16.317,200997,0
20130816,16.317,16.362,16.039,16.317,148609,0
20130819,15.054,15.126,13.56,13.667,1057706,0
20130820,13.425,14.544,13.211,14.473,539355,0
20130821,14.258,14.795,14.196,14.294,330767,0
20130822,14.294,14.697,14.258,14.491,171832,0
20130823,14.491,14.661,14.464,14.571,214452,0
20130826,14.607,14.956,14.554,14.777,156495,0
20130827,14.607,14.938,14.571,14.795,192779,0
20130828,14.831,15.135,14.795,14.885,120425,0
20130829,14.858,15.243,14.858,15.018,90211,0
20130830,15.054,15.126,14.733,14.876,147969,0
20130903,14.99,15.467,14.797,14.962,234320,0
20130904,14.972,15.036,14.623,14.751,216625,0
20130905,14.715,14.87,14.504,14.687,208220,0
20130906,14.723,14.723,14.124,14.392,225896,0
20130909,14.482,14.661,14.329,14.482,272342,0
20130910,14.527,14.813,14.411,14.715,249503,0
20130911,14.669,14.669,14.136,14.283,232971,0
20130912,14.301,14.31,13.915,14.209,190581,0
20130913,14.265,14.356,14.044,14.209,94881,0
20130916,14.356,14.356,13.396,13.851,458945,0
20130917,13.842,14.328,13.594,14.255,239039,0
20130918,14.209,14.641,14.154,14.439,237268,0
20130919,14.448,14.944,14.347,14.715,221412,0
20130920,14.724,14.724,14.328,14.393,470753,0
20130923,14.384,14.745,14.209,14.604,209192,0
20130924,14.475,14.788,14.347,14.651,172858,0
20130925,15.146,16.258,15.054,15.817,703094,0
20130926,15.844,16.965,15.844,16.662,497280,0
20130927,16.606,17.213,16.322,16.864,351764,0
20130930,16.809,17.635,16.533,17.268,587364,0
20131001,17.314,17.663,17.176,17.232,232876,0
20131002,17.112,17.506,16.993,17.176,134130,0
20131003,17.204,17.204,16.818,17.13,190830,0
20131004,17.103,17.14,16.845,16.993,184606,0
20131007,16.809,17.075,16.708,16.763,143058,0
20131008,16.8,16.993,16.717,16.745,142949,0
20131009,16.754,16.845,16.056,16.056,349588,0
20131010,16.267,16.322,16.12,16.166,233095,0
20131011,16.185,16.506,16.185,16.432,189873,0
20131014,16.24,16.377,16.111,16.24,343055,0
20131015,16.24,16.423,16.221,16.322,182469,0
20131016,16.377,16.68,16.322,16.432,234183,0
20131017,16.625,16.993,16.451,16.909,308761,0
20131018,16.993,17.24,16.735,17.13,338700,0
20131021,17.148,17.451,17.13,17.268,327161,0
20131022,17.287,17.543,17.277,17.424,249425,0
20131023,17.406,17.774,17.36,17.543,233747,0
20131024,17.645,17.737,17.369,17.516,192674,0
20131025,17.59,17.81,17.424,17.443,142404,0
20131028,17.443,17.608,17.396,17.543,153400,0
20131029,17.645,17.782,17.379,17.543,212845,0
20131030,17.617,17.626,17.305,17.488,215131,0
20131031,17.443,17.562,17.029,17.488,213968,0
20131101,17.488,17.488,16.946,17.24,287531,0
20131104,17.342,17.764,17.24,17.737,374846,0
20131105,18.334,20.189,18.269,20.171,1010222,0
20131106,20.143,21.153,19.858,20.171,544998,0
20131107,20.161,20.271,19.876,19.987,292321,0
20131108,19.987,20.74,19.891,20.115,290116,0
20131111,20.143,20.382,19.766,20.106,319104,0
20131112,19.987,20.657,19.987,20.437,409140,0
20131113,20.41,20.446,20.032,20.373,241804,0
20131114,20.373,20.52,20.06,20.235,305615,0
20131115,20.318,20.437,20.107,20.299,297508,0
20131118,20.437,20.529,20.161,20.326,315511,0
20131119,20.363,20.474,20.032,20.308,295152,0
20131120,20.281,20.547,19.987,20.087,282631,0
20131121,20.06,20.446,19.923,20.244,311466,0
20131122,19.794,19.821,18.793,19.132,866402,0
20131125,19.132,19.422,19.096,19.224,305553,0
20131126,19.224,19.674,19.077,19.527,304406,0
20131127,19.564,19.649,19.132,19.527,287403,0
20131129,19.601,19.908,19.326,19.665,160041,0
20131202,19.729,19.84,18.645,19.169,557275,0
20131203,19.105,19.344,18.637,18.701,514201,0
20131204,18.719,19.445,18.682,19.105,566024,0
20131205,19.16,19.16,18.664,18.719,268369,0
20131206,18.876,19.077,18.59,18.618,309088,0
20131209,18.554,19.298,18.517,19.105,398579,0
20131210,19.105,19.234,18.48,18.6,397383,0
20131211,18.646,18.89,18.375,18.468,343609,0
20131212,18.384,18.572,18.037,18.046,228367,0
20131213,18.112,18.44,17.99,18.29,243932,0
20131216,18.281,18.468,18.244,18.375,407798,0
20131217,18.553,18.581,18.187,18.328,245958,0
20131218,18.366,18.918,18.3,18.656,292884,0
20131219,18.956,19.575,18.956,19.35,530723,0
20131220,19.397,19.791,19.012,19.04,643288,0
20131223,19.04,19.322,18.946,19.125,324959,0
20131224,19.228,19.575,19.182,19.322,97109,0
20131226,19.406,19.538,19.116,19.247,231992,0
20131227,19.294,19.463,19.05,19.332,216337,0
20131230,19.341,19.361,18.882,18.984,181070,0
20131231,19.059,19.238,18.928,18.975,240840,0
20140102,18.882,18.91,18.384,18.45,249669,0
20140103,18.488,19.022,18.31,18.928,215423,0
20140106,18.91,19.294,18.844,19.238,277091,0
20140107,19.247,19.838,19.247,19.707,269839,0
20140108,19.744,20.073,19.51,19.632,353531,0
20140109,19.66,19.829,19.012,19.125,316323,0
20140110,19.172,19.378,19.022,19.332,337313,0
20140113,19.332,19.575,18.768,18.956,395963,0
20140114,18.928,19.547,18.768,19.275,298450,0
20140115,19.406,19.913,19.304,19.782,259178,0
20140116,19.819,19.932,19.378,19.819,303742,0
20140117,19.857,20.035,19.707,19.838,311098,0
20140121,20.035,20.054,19.332,19.36,349908,0
20140122,19.369,19.669,19.088,19.2,581630,0
20140123,19.116,19.116,18.796,18.89,403427,0
20140124,19.012,19.022,17.784,17.878,325279,0
20140127,18,18.046,17.231,17.475,336686,0
20140128,17.446,17.446,16.893,16.987,343616,0
20140129,16.903,16.987,15.969,16.067,769855,0
20140130,16.077,16.086,15.28,15.458,681323,0
20140131,15.233,15.439,15.026,15.392,673159,0
20140203,15.374,15.392,14.304,14.398,587810,0
20140204,14.416,14.792,14.098,14.679,540601,0
20140205,14.595,14.82,14.323,14.632,394021,0
20140206,14.642,14.807,14.249,14.435,214745,0
20140207,14.473,15.148,14.36,15.102,503927,0
20140210,15.064,15.204,14.708,14.726,321338,0
20140211,14.904,14.904,14.679,14.81,391690,0
20140212,14.848,15.045,14.698,15.036,258475,0
20140213,14.932,15.166,14.782,15.13,267865,0
20140214,15.11,15.195,14.698,14.932,251182,0
20140218,14.96,15.158,14.858,15.092,295115,0
20140219,15.064,15.242,15.008,15.13,267960,0
20140220,15.12,15.317,15.036,15.232,198343,0
20140221,15.242,15.252,14.876,15.008,322795,0
20140224,15.082,15.092,14.595,14.642,376238,0
20140225,14.632,14.801,14.229,14.37,384506,0
20140226,14.332,14.508,14.088,14.107,290688,0
20140227,14.069,14.586,12.569,13.938,1352956,0
20140228,13.835,13.91,12.766,13.113,1175778,0
20140303,13.075,13.169,12.691,12.953,807955,0
20140304,13.029,13.366,13.009,13.324,883715,0
20140305,13.347,13.366,13.009,13.273,562404,0
20140306,13.329,13.395,13.225,13.301,392602,0
20140307,13.431,13.431,13.113,13.319,483531,0
20140310,13.301,13.385,12.963,13.009,498047,0
20140311,13.075,13.263,12.757,12.803,600692,0
20140312,12.706,12.755,12.194,12.368,905780,0
20140313,12.387,12.532,12.097,12.203,432266,0
20140314,12.203,12.677,12.203,12.513,482405,0
20140317,12.542,12.9,12.474,12.784,640697,0
20140318,12.697,12.726,12,12.019,827083,0
20140319,12.039,12.61,12.019,12.377,425513,0
20140320,12.377,12.61,12.281,12.523,280395,0
20140321,12.561,13.655,12.358,13.568,2267644,0
20140324,13.597,13.597,12.905,12.929,644195,0
20140325,13.055,13.21,12.929,13.055,468012,0
20140326,13.103,13.21,12.794,12.823,366523,0
20140327,12.871,13.035,12.774,12.823,320434,0
20140328,12.939,13.258,12.784,13.229,478584,0
20140331,13.345,13.365,12.997,13.065,429665,0
20140401,13.161,13.481,12.919,13.403,414727,0
20140402,13.394,13.5,13.297,13.432,417304,0
20140403,13.403,13.481,13.152,13.297,374409,0
20140404,13.365,13.365,12.842,13.006,351819,0
20140407,12.997,12.997,12.377,12.523,582569,0
20140408,12.571,12.939,12.503,12.919,411728,0
20140409,12.958,13.035,12.789,12.968,346079,0
20140410,12.997,13.103,12.339,12.368,431258,0
20140411,12.377,12.581,12.106,12.252,477771,0
20140414,12.348,12.56,11.942,12.068,450200,0
20140415,12.097,12.344,11.923,12.3,331719,0
20140416,12.426,12.769,12.377,12.658,366731,0
20140417,12.629,12.726,12.339,12.581,332257,0
20140421,12.658,12.745,12.523,12.59,350748,0
20140422,12.619,13.103,12.456,13.103,401417,0
20140423,13.055,13.055,12.668,12.774,261425,0
20140424,12.89,12.9,12.64,12.726,199792,0
20140425,12.658,12.765,12.542,12.571,308433,0
20140428,12.581,12.668,12.397,12.416,328798,0
20140429,12.445,13.161,12.406,12.919,477938,0
20140430,12.929,13.355,12.668,13.345,489591,0
20140501,13.355,13.684,13.229,13.606,486273,0
20140502,13.616,14.613,13.577,14.197,962642,0
20140505,14.081,14.177,13.597,13.655,335368,0
20140506,13.616,13.761,13.229,13.268,437377,0
20140507,12.668,12.91,11.855,12.377,723043,0
20140508,12.29,12.561,12.097,12.358,334657,0
20140509,12.29,13.584,12.29,13.471,606614,0
20140512,13.5,13.519,13.094,13.239,438547,0
20140513,13.268,13.374,13.152,13.181,337646,0
20140514,13.181,13.287,12.919,12.968,291465,0
20140515,12.919,13.035,12.629,12.755,472758,0
20140516,12.784,12.9,12.677,12.803,309751,0
20140519,12.803,12.803,12.184,12.576,430931,0
20140520,11.032,11.69,10.839,11.535,1557507,0
20140521,11.613,11.681,11.419,11.671,294196,0
20140522,13.539,14.274,13.123,13.858,3619231,0
20140523,13.606,13.79,13.365,13.597,789868,0
20140527,13.277,13.403,12.358,12.552,1174494,0
20140528,12.484,12.532,11.816,11.855,858595,0
20140529,11.923,12.097,11.719,12.01,680515,0
20140530,12.039,12.194,11.845,12.126,930811,0
20140602,12.106,12.59,11.981,12.135,754684,0
20140603,12.097,12.184,11.865,12.087,398181,0
20140604,12.048,12.048,11.719,11.845,428923,0
20140605,11.768,12.077,11.729,12.077,327184,0
20140606,12.116,12.184,11.923,12.106,315659,0
20140609,12.019,12.484,11.961,12.397,582064,0
20140610,12.387,12.61,12.377,12.6,718167,0
20140611,12.5,12.6,12.08,12.36,547565,0
20140612,12.32,12.358,12.02,12.29,357639,0
20140613,12.32,12.92,12.29,12.85,465321,0
20140616,12.75,12.75,12.28,12.44,552334,0
20140617,12.85,13.42,12.6,12.69,676611,0
20140618,12.64,12.89,12.61,12.87,288364,0
20140619,12.87,13,12.75,12.86,396767,0
20140620,12.788,12.97,12.31,12.48,1224540,0
20140623,12.36,12.47,12.13,12.21,445706,0
20140624,12.2,12.38,12.09,12.17,497108,0
20140625,12.1,12.24,12.01,12.16,379089,0
20140626,12.17,12.17,12,12.1,313177,0
20140627,12,12.333,12,12.29,539033,0
20140630,12.23,12.58,12.12,12.46,261100,0
20140701,12.51,12.8,12.44,12.73,379513,0
20140702,12.67,12.85,12.45,12.75,270600,0
20140703,12.83,13.11,12.6,13.05,265286,0
20140707,12.99,13.04,12.74,12.87,222457,0
20140708,12.82,12.95,12.7,12.83,328163,0
20140709,12.83,13.03,12.73,12.97,358030,0
20140710,12.75,13.13,12.7,13.12,432409,0
20140711,13.13,13.47,13.01,13.32,296879,0
20140714,13.4,13.61,13.02,13.06,705256,0
20140715,13.12,13.5,12.99,13.5,383700,0
20140716,13.56,13.583,13.32,13.51,215816,0
20140717,13.47,13.56,13.27,13.49,222492,0
20140718,13.47,13.47,13.07,13.3,232847,0
20140721,13.27,13.39,13.07,13.16,171795,0
20140722,13.14,13.43,13.13,13.18,205877,0
20140723,13.21,13.31,13.11,13.24,148326,0
20140724,13.25,13.34,13.12,13.15,213661,0
20140725,13.11,13.26,12.86,13.2,239553,0
20140728,12.72,13.15,12.47,12.64,864170,0
20140729,12.88,13.16,12.21,12.3,616717,0
20140730,12.34,12.6,12.08,12.34,368023,0
20140731,12.24,12.386,11.95,12.04,361600,0
20140801,12.14,12.15,11.73,12.02,432756,0
20140804,12.06,12.08,11.775,11.98,462750,0
20140805,11.89,12.11,11.71,11.88,344551,0
20140806,11.77,11.92,11.71,11.85,197620,0
20140807,11.92,12.04,11.64,11.73,316625,0
20140808,11.74,11.78,11.58,11.73,158499,0
20140811,11.74,11.95,11.68,11.79,143696,0
20140812,11.73,12.05,11.73,11.94,224079,0
20140813,11.92,12.13,11.92,12.13,152039,0
20140814,12.13,12.5,12.02,12.44,180739,0
20140815,12.5,12.63,12.24,12.41,221971,0
20140818,12.46,12.75,12.46,12.64,192569,0
20140819,12.7,12.762,12.52,12.61,140694,0
20140820,12.58,12.58,12.24,12.28,158935,0
20140821,12.31,12.81,12.13,12.73,195849,0
20140822,12.75,12.79,12.45,12.51,101170,0
20140825,12.54,12.59,12.18,12.38,131286,0
20140826,12.392,12.72,12.38,12.69,161295,0
20140827,12.69,12.98,12.67,12.84,199001,0
20140828,12.83,12.93,12.65,12.79,139634,0
20140829,12.86,13.25,12.591,13.19,292810,0
20140902,13.25,13.25,12.96,13.23,182236,0
20140903,13.24,13.25,12.8,12.83,214427,0
20140904,12.84,13.02,12.79,12.79,159029,0
20140905,12.72,12.89,12.7,12.83,143052,0
20140908,12.84,13,12.75,12.82,175051,0
20140909,12.77,12.87,12.49,12.66,167711,0
20140910,12.62,12.62,12.34,12.47,133286,0
20140911,12.39,12.9,12.39,12.55,361169,0
20140912,12.55,12.84,12.195,12.8,458402,0
20140915,12.76,12.77,12.25,12.43,187628,0
20140916,12.38,12.51,12.15,12.37,166433,0
20140917,12.4,12.67,12.3,12.32,156164,0
20140918,12.33,12.48,12.11,12.2,186881,0
20140919,12.19,12.38,12.1,12.2,518132,0
20140922,12.07,12.2,11.72,11.88,333776,0
20140923,11.88,11.915,11.41,11.5,375582,0
20140924,11.49,11.73,11.49,11.56,155678,0
20140925,11.5,11.64,11.09,11.22,295221,0
20140926,11.22,11.32,11.08,11.21,219885,0
20140929,11.13,11.2,10.78,10.86,282926,0
20140930,10.85,10.913,10.44,10.64,293006,0
20141001,10.6,10.826,10.27,10.29,336475,0
20141002,10.25,10.66,10.14,10.64,222146,0
20141003,10.64,10.74,10.42,10.5,115063,0
20141006,10.52,10.82,10.5,10.72,239701,0
20141007,10.69,11.065,10.65,10.88,290109,0
20141008,10.88,10.94,10.57,10.85,245297,0
20141009,10.79,10.9,10.07,10.07,190870,0
20141010,9.93,10.12,9.5,9.51,324745,0
20141013,9.5,9.71,9.25,9.51,231389,0
20141014,9.59,10,9.57,9.89,279413,0
20141015,9.72,9.93,9.54,9.87,311919,0
20141016,9.65,10.51,9.6,10.01,396091,0
20141017,10.15,10.419,9.693,9.89,249976,0
20141020,9.95,10.27,9.841,10.17,280349,0
20141021,10.36,10.5,10.2,10.42,223920,0
20141022,10.4,10.49,10.17,10.24,235257,0
20141023,10.31,10.45,10.17,10.3,179070,0
20141024,10.26,10.339,9.79,10.01,238073,0
20141027,9.91,10.124,9.65,9.82,222259,0
20141028,9.84,10.07,9.7,10.06,249704,0
20141029,10.04,10.33,9.9,10.27,217235,0
20141030,10.3,10.3,10.03,10.07,234621,0
20141031,9.7,10.272,9.7,10.08,523406,0
20141103,9.92,10.04,9.54,9.7,433344,0
20141104,9.71,9.98,9.54,9.82,253980,0
20141105,9.7,9.84,9.1301,9.17,470957,0
20141106,9.18,9.22,8.55,8.8,596224,0
20141107,8.77,9,8.39,8.96,453822,0
20141110,8.88,9.15,8.7625,9.04,360976,0
20141111,9.02,9.16,8.9,8.96,252842,0
20141112,8.94,9.38,8.94,9.25,485016,0
20141113,9.24,9.5,9.02,9.07,297840,0
20141114,9.08,9.3,9.02,9.25,231277,0
20141117,9.23,9.25,9,9.07,188117,0
20141118,9.04,9.215,9.04,9.08,197261,0
20141119,9.08,9.08,8.79,8.81,200005,0
20141120,8.78,8.97,8.73,8.86,163019,0
20141121,8.99,9.03,8.8,8.89,169557,0
20141124,8.86,8.96,8.7,8.9,127979,0
20141125,8.978,8.978,8.31,8.4,874214,0
20141126,8.4,8.72,8.4,8.51,245369,0
20141128,8.48,8.5926,8.35,8.4,136335,0
20141201,8.35,8.375,8.11,8.12,688106,0
20141202,7.75,7.97,4.35,4.46,3719128,0
20141203,4.95,5.25,4.41,4.55,2779264,0
20141204,4.53,4.7,4.4227,4.56,1132729,0
20141205,4.56,4.63,4.18,4.22,923511,0
20141208,4.22,4.44,4.22,4.25,871047,0
20141209,4.22,4.23,3.86,4.11,800550,0
20141210,4.1,4.16,3.86,3.87,551927,0
20141211,3.85,4.05,3.85,3.9,369027,0
20141212,3.85,4,3.85,3.91,286969,0
20141215,3.97,4.2,3.91,4.06,947707,0
20141216,4.06,4.32,4.03,4.29,796342,0
20141217,4.3,4.6,4.28,4.57,570281,0
20141218,4.59,4.9,4.58,4.89,566732,0
20141219,4.89,5.06,4.64,4.97,4138782,0
20141222,4.95,4.96,4.295,4.31,539696,0
20141223,4.31,4.46,4.31,4.38,292362,0
20141224,4.36,4.495,4.3,4.39,199104,0
20141226,4.39,4.59,4.37,4.49,312407,0
20141229,4.48,4.55,4.43,4.46,459041,0
20141230,4.37,4.47,4.2,4.26,452552,0
20141231,4.26,4.26,4.05,4.19,494315,0
20150102,4.24,4.24,4.01,4.1,248754,0
20150105,4.1,4.34,4.0201,4.15,395305,0
20150106,4.21,4.3,4.1,4.2,368044,0
20150107,4.23,4.33,4.14,4.17,282336,0
20150108,4.19,4.285,4.15,4.18,531437,0
20150109,4.02,4.05,3.93,3.99,976208,0
20150112,4.01,4.03,3.91,3.97,384447,0
20150113,3.99,4.05,3.87,3.98,756506,0
20150114,3.91,4,3.87,3.955,361164,0
20150115,3.95,3.98,3.85,3.88,2047298,0
20150116,3.89,4.27,3.88,4.23,650391,0
20150120,4.25,4.39,4.195,4.21,356325,0
20150121,4.21,4.34,4.21,4.3,215223,0
20150122,4.31,4.34,4.15,4.24,301585,0
20150123,4.25,4.32,4.19,4.26,213384,0
20150126,4.28,4.33,4.21,4.28,92225,0
20150127,4.28,4.32,4.19,4.21,207307,0
20150128,4.22,4.25,4.11,4.13,209796,0
20150129,4.13,4.17,4,4.16,236354,0
20150130,4.11,4.1798,4.06,4.1,173021,0
20150202,4.16,4.26,4.14,4.21,228926,0
20150203,4.24,4.44,4.1,4.4,413405,0
20150204,4.35,4.4501,4.31,4.32,169614,0
20150205,4.36,4.73,4.32,4.6,233260,0
20150206,4.62,4.6769,4.465,4.5,255371,0
20150209,4.45,4.65,4.43,4.51,188521,0
20150210,4.57,4.7,4.44,4.66,166667,0
20150211,4.63,4.98,4.62,4.93,353959,0
20150212,4.94,5.19,4.83,5.14,342388,0
20150213,5.12,5.24,5.07,5.19,172009,0
20150217,5.18,5.32,5.166,5.28,126709,0
20150218,5.26,5.6,5.26,5.44,254241,0
20150219,5.45,5.48,5.26,5.31,219728,0
20150220,5.33,5.36,4.89,4.97,262073,0
20150223,4.97,4.97,4.68,4.81,212203,0
20150224,4.8,4.94,4.6,4.64,116476,0
20150225,4.63,4.74,4.5,4.67,180408,0
20150226,4.66,4.84,4.4,4.82,267762,0
20150227,4.68,4.76,4.51,4.52,464338,0
20150302,4.55,4.77,4.5,4.69,240100,0
20150303,4.66,5.15,4.63,5.04,495200,0
20150304,5,5.06,4.86,4.99,190500,0
20150305,5.02,5.8,4.93,5.6,463000,0
20150306,5.53,5.97,5.17,5.9,534000,0
20150309,5.97,6.25,5.8,6.04,637400,0
20150310,6.1,6.1,5.84,6.03,311500,0
20150311,6.07,6.07,5.79,5.95,434500,0
20150312,5.94,6.12,5.7,6.01,370900,0
20150313,6.05,6.41,5.8,6.36,528600,0
20150316,6.4,6.4,4.8,4.85,1468800,0
20150317,4.79,4.93,4.37,4.73,1525100,0
20150318,4.73,4.73,4.45,4.69,644100,0
20150319,4.66,4.82,4.52,4.65,482000,0
20150320,4.69,5.3,4.6,4.83,5697800,0
20150323,4.83,5.29,4.83,5.08,511800,0
20150324,5.07,5.1,4.91,4.93,257800,0
20150325,4.92,4.93,4.64,4.65,312900,0
20150326,4.61,4.73,4.34,4.38,410100,0
20150327,4.36,4.67,4.25,4.6,501800,0
20150330,4.76,5.07,4.54,5.06,743600,0
20150331,5.1,5.11,4.685,4.8,724828,0
20150401,4.76,4.91,4.76,4.8,289400,0
20150402,4.8,4.98,4.73,4.88,226100,0
20150406,4.81,5.03,4.75,4.89,267100,0
20150407,4.81,5.05,4.81,4.9,335381,0
20150408,4.97,5.1,4.91,4.98,168300,0
20150409,4.98,5.32,4.95,5.3,441273,0
20150410,5.47,5.99,5.4,5.44,555500,0
20150413,5.42,5.42,4.95,5.01,357600,0
20150414,5.03,5.25,4.85,5.21,266000,0
20150415,5.15,5.48,5.15,5.36,281485,0
20150416,5.39,5.8,5.31,5.7,549680,0
20150417,5.66,5.75,5.43,5.51,257700,0
20150420,5.57,5.65,5.47,5.51,145192,0
20150421,5.49,5.5,5.16,5.29,201848,0
20150422,5.35,5.55,5.25,5.46,119055,0
20150423,5.42,5.65,5.39,5.57,212100,0
20150424,5.57,5.67,5.26,5.42,236935,0
20150427,5.4,5.61,5.32,5.56,191400,0
20150428,5.51,5.91,5.42,5.88,312445,0
20150429,5.85,6.05,5.61,5.93,309500,0
20150430,5.86,5.98,5.74,5.81,400000,0
20150501,6.04,6.69,5.58,5.99,598100,0
20150504,5.97,6.28,5.92,6.12,375600,0
20150505,6.12,6.25,6.01,6.15,325100,0
20150506,6.22,6.23,5.79,6.15,444737,0
20150507,6.01,6.14,5.78,6.08,238468,0
20150508,6.14,6.14,5.81,5.98,165500,0
20150511,5.94,6.18,5.94,6.17,321400,0
20150512,6.11,6.255,6.03,6.2,553038,0
20150513,6.22,8.21,6.17,8.09,5384600,0
20150514,8,8.42,7.61,8.23,1363700,0
20150515,8.31,8.6,8.22,8.46,605211,0
20150518,8.5,8.5,8.01,8.2,693976,0
20150519,8.09,8.27,8.08,8.17,327033,0
20150520,8.2,8.39,8.05,8.18,656300,0
20150521,8.18,8.75,8.18,8.38,683400,0
20150522,8.43,8.7,8.3,8.52,569000,0
20150526,8.46,8.74,8.44,8.54,429579,0
20150527,8.58,8.76,8.54,8.74,338800,0
20150528,8.74,8.79,8.45,8.69,333654,0
20150529,8.68,8.68,8.4,8.65,265300,0
20150601,8.69,8.76,8.45,8.64,833877,0
20150602,8.63,8.64,7.8425,8.33,1207942,0
20150603,8.33,8.69,8.3,8.49,511100,0
20150604,8.42,8.53,8.37,8.47,224000,0
20150605,8.45,8.52,7.95,8.01,573700,0
20150608,8.02,8.12,7.38,7.4,1065300,0
20150609,7.59,7.59,6.22,6.8,1903868,0
20150610,6.55,6.97,6.42,6.43,625353,0
20150611,6.43,6.43,5.73,5.77,1044021,0
20150612,5.75,5.84,5.26,5.3,1758000,0
20150615,5.3,5.57,5.23,5.55,784200,0
20150616,5.34,5.59,5.34,5.56,542900,0
20150617,5.57,5.78,5.45,5.48,340400,0
20150618,5.57,5.7,5.53,5.66,316900,0
20150619,5.74,5.74,5.51,5.53,271900,0
20150622,5.53,5.73,5.53,5.6,264400,0
20150623,5.64,5.76,5.54,5.66,269068,0
20150624,5.68,5.88,5.67,5.68,256200,0
20150625,5.67,5.8,5.61,5.72,277000,0
20150626,5.71,5.77,5.16,5.21,814000,0
20150629,5.16,5.38,4.87,4.9,813000,0
20150630,4.93,5.09,4.4888,4.62,799198,0
20150701,4.65,5.32,4.65,5.09,524600,0
20150702,5.05,5.08,4.85,5.04,227300,0
20150706,5,5.06,4.82,5,349200,0
20150707,4.98,5.01,4.75,4.97,300300,0
20150708,4.92,5.03,4.45,4.52,357700,0
20150709,4.59,4.77,4.58,4.71,218300,0
20150710,4.8,4.85,4.63,4.75,287900,0
20150713,4.77,4.86,4.66,4.68,184500,0
20150714,4.71,5.15,4.71,5.04,343464,0
20150715,5.04,5.074,4.705,4.75,209666,0
20150716,4.86,5.04,4.78,4.98,336400,0
20150717,5,5.01,4.86,4.91,148100,0
20150720,4.95,4.95,4.51,4.66,253000,0
20150721,4.58,4.66,4.28,4.53,201300,0
20150722,4.5,5.04,4.41,5.02,328400,0
20150723,5.05,5.48,5,5.43,783100,0
20150724,5.45,6.24,5.29,5.84,1149100,0
20150727,5.77,5.77,5.01,5.37,402700,0
20150728,6.2,6.84,5.96,6.15,2800700,0
20150729,6.08,6.31,5.27,5.83,928500,0
20150730,5.79,5.95,5.66,5.93,240200,0
20150731,5.92,6.94,5.92,6.39,719400,0
20150803,6.35,6.74,6.04,6.61,367560,0
20150804,6.64,6.7,6.35,6.69,389500,0
20150805,6.69,7.48,6.66,7.11,731000,0
20150806,7.15,7.8,7.03,7.29,985391,0
20150807,7.26,7.74,7.11,7.38,570200,0
20150810,7.23,7.61,7.05,7.31,1028200,0
20150811,8.92,9,8.9,8.99,7615670,0
20150812,8.99,9.1,8.96,9.07,3028900,0
20150813,9.02,9.09,8.99,8.99,1818400,0
20150814,9,9.35,9,9.23,1125100,0
20150817,9.13,9.23,9.08,9.15,464300,0
20150818,9.15,9.2,9.07,9.18,806800,0
20150819,9.17,9.2,9.1,9.15,760600,0
20150820,9.15,9.21,9.11,9.17,713500,0
20150821,9.12,9.2,9.06,9.14,949700,0
20150824,9.04,9.17,8.99,9.05,869849,0
20150825,9.18,9.18,9,9,505800,0
20150826,9.12,9.2,9.06,9.16,922800,0
20150827,9.18,9.24,9.1,9.17,809100,0
20150828,9.19,9.22,9.12,9.15,872700,0
20150831,9.15,9.21,9.07,9.17,889000,0
20150901,9.12,9.17,9.05,9.05,560000,0
20150902,9.12,9.15,9.07,9.13,299300,0
20150903,9.14,9.16,9.05,9.07,435800,0
20150904,9.06,9.1,9.05,9.1,221000,0
20150908,9.14,9.14,9.06,9.07,302100,0
20150909,9.11,9.13,9.07,9.07,349800,0
20150910,9.07,9.12,9.07,9.1,498378,0
20150911,9.08,9.18,9.08,9.17,306300,0
20150914,9.14,9.14,9.08,9.1,373800,0
20150915,9.1,9.14,9.08,9.09,318300,0
20150916,9.1,9.13,9.08,9.09,245300,0
20150917,9.09,9.14,9.09,9.1,411791,0
20150918,9.08,9.11,9.05,9.05,457700,0
20150921,9.08,9.15,9.07,9.09,200100,0
20150922,9.09,9.12,9.06,9.06,328100,0
20150923,9.08,9.1,9.06,9.07,244594,0
20150924,9.07,9.1,9.06,9.08,471040,0
20150925,9.1,9.14,9.04,9.06,326000,0
20150928,9.06,9.11,9,9.05,268807,0
20150929,9.04,9.08,9.01,9.04,191700,0
20150930,9.06,9.08,9.01,9.03,205700,0
20151001,9.04,9.13,9.04,9.08,220500,0
20151002,9.06,9.13,9.05,9.13,155200,0
20151005,9.13,9.19,9.13,9.17,285392,0
20151006,9.17,9.21,9.14,9.16,191000,0
20151007,9.18,9.21,9.16,9.2,286200,0
20151008,9.17,9.21,9.15,9.17,203700,0
20151009,9.18,9.22,9.15,9.16,292500,0
20151012,9.17,9.18,9.11,9.17,91288,0
20151013,9.13,9.19,9.13,9.14,140100,0
20151014,9.14,9.17,9.09,9.1,256400,0
20151015,9.11,9.15,9.1,9.13,151400,0
20151016,9.15,9.18,9.13,9.15,125500,0
20151019,9.14,9.18,9.08,9.14,160139,0
20151020,9.13,9.16,9.12,9.15,45427,0
20151021,9.15,9.17,9.08,9.1,142100,0
20151022,9.12,9.17,9.1,9.11,222600,0
20151023,9.14,9.15,9.1,9.11,244000,0
20151026,9.12,9.13,9.06,9.09,251700,0
20151027,9.09,9.11,9.05,9.08,158100,0
20151028,9.1,9.15,9.08,9.14,293400,0
20151029,9.1,9.2,9.09,9.16,479000,0
20151030,9.15,9.2,9.14,9.19,777300,0
20151102,9.17,9.19,9.11,9.19,493217,0
20151103,9.18,9.19,9.16,9.16,522900,0
20151104,9.17,9.17,9.1,9.15,202230,0
20151105,9.14,9.18,9.12,9.15,198000,0
20151106,9.14,9.17,9.1,9.14,160300,0
20151109,9.13,9.14,9.06,9.1,183273,0
20151110,9.1,9.1,9.07,9.08,280800,0
20151111,9.09,9.12,9.05,9.09,278500,0
20151112,9.07,9.11,9.06,9.08,162300,0
20151113,9.07,9.14,9.07,9.08,208100,0
20151116,9.09,9.15,9.07,9.15,146100,0
20151117,9.14,9.18,9.12,9.15,144700,0
20151118,9.15,9.16,9.1,9.15,138200,0
20151119,9.14,9.16,9.11,9.12,258600,0
20151120,9.14,9.14,9.1,9.11,250300,0
20151123,9.1,9.15,9.1,9.12,106000,0
20151124,9.12,9.14,9.12,9.14,78800,0
20151125,9.14,9.16,9.12,9.15,97300,0
20151127,9.14,9.18,9.14,9.14,40500,0
20151130,9.15,9.17,9.15,9.17,197800,0
20151201,9.17,9.18,9.15,9.16,247992,0
20151202,9.16,9.18,9.15,9.17,112510,0
20151203,9.18,9.185,9.15,9.18,201709,0
20151204,9.17,9.19,9.16,9.17,93800,0
20151207,9.16,9.19,9.16,9.16,139100,0
20151208,9.16,9.21,9.16,9.18,156283,0
20151209,9.17,9.21,9.16,9.16,129700,0
20151210,9.17,9.19,9.16,9.17,89700,0
20151211,9.16,9.18,9.15,9.15,382600,0
20151214,9.15,9.17,9.15,9.15,350734,0
20151215,9.16,9.18,9.14,9.16,388900,0
20151216,9.16,9.17,9.15,9.15,267500,0
20151217,9.15,9.17,9.15,9.15,173900,0
20151218,9.15,9.16,9.15,9.15,228600,0
20151221,9.16,9.16,9.15,9.15,106700,0
20151222,9.15,9.16,9.15,9.16,51704,0
20151223,9.16,9.19,9.15,9.19,875200,0
20151224,9.17,9.25,9.17,9.23,82654,0
20151228,9.2,9.23,9.17,9.18,191784,0
20151229,9.17,9.23,9.16,9.17,569961,0
20151230,9.17,9.18,9.16,9.17,254941,0
20151231,9.16,9.17,9.12,9.14,303071,0
20160104,9.14,9.15,9.13,9.14,381860,0
20160105,9.16,9.16,9.145,9.16,283165,0
20160106,9.15,9.19,9.15,9.19,180322,0
20160107,9.16,9.19,9.16,9.17,161464,0
20160108,9.17,9.195,9.15,9.16,239795,0
20160111,9.17,9.2,9.16,9.16,177443,0
20160112,9.18,9.19,9.16,9.17,254115,0
20160113,9.17,9.19,9.16,9.17,198840,0
20160114,9.18,9.25,9.17,9.21,314665,0
20160115,9.19,9.19,9.16,9.16,519375,0
20160119,9.19,9.22,9.17,9.17,305700,0
20160120,9.17,9.185,9.15,9.18,694600,0
20160121,9.18,9.19,9.16,9.19,182789,0
20160122,9.21,9.21,9.18,9.2,251150,0
20160125,9.2,9.21,9.2,9.2,189726,0
20160126,9.21,9.22,9.195,9.21,169012,0
20160127,9.2,9.22,9.19,9.2,200353,0
20160128,9.22,9.23,9.2,9.22,158555,0
20160129,9.21,9.23,9.19,9.215,361561,0
20160201,9.23,9.24,9.2,9.22,269326,0
20160202,9.22,9.23,9.21,9.22,136409,0
20160203,9.22,9.235,9.2,9.21,186223,0
20160204,9.21,9.23,9.2,9.2,144630,0
20160205,9.2,9.21,9.2,9.2,154175,0
20160208,9.2,9.21,9.2,9.21,216974,0
20160209,9.2,9.21,9.18,9.18,271127,0
20160210,9.19,9.19,9.16,9.18,330639,0
20160211,9.16,9.19,9.16,9.17,217905,0
20160212,9.17,9.2,9.17,9.18,258784,0
20160216,9.18,9.205,9.12,9.16,627955,0
20160217,9.18,9.19,9.15,9.17,144329,0
20160218,9.17,9.19,9.15,9.17,179022,0
20160219,9.18,9.1988,9.16,9.16,103022,0
20160222,9.17,9.19,9.16,9.16,100546,0
20160223,9.16,9.17,9.15,9.15,80999,0
20160224,9.15,9.2,9.15,9.19,179893,0
20160225,9.17,9.2,9.15,9.2,181498,0
20160226,9.18,9.2,9.17,9.18,220194,0
20160229,9.17,9.2,9.163,9.19,199921,0
20160301,9.19,9.19,9.18,9.19,73153,0
20160302,9.18,9.2,9.18,9.2,382761,0
20160303,9.2,9.2,9.19,9.2,369278,0
20160304,9.2,9.215,9.195,9.2,149729,0
20160307,9.2,9.21,9.2,9.21,113451,0
20160308,9.2,9.21,9.18,9.2,247767,0
20160309,9.19,9.21,9.19,9.2,54835,0
20160310,9.2,9.21,9.2,9.21,187719,0
20160311,9.21,9.22,9.2,9.21,118391,0
20160314,9.21,9.21,9.17,9.19,212927,0
20160315,9.19,9.21,9.18,9.18,120687,0
20160316,9.18,9.2,9.18,9.2,143662,0
20160317,9.21,9.21,9.19,9.21,121545,0
20160318,9.21,9.23,9.15,9.23,525889,0
20160321,9.22,9.22,9.19,9.2,88633,0
20160322,9.2,9.21,9.2,9.2,39912,0
20160323,9.2,9.225,9.18,9.2,139723,0
20160324,9.19,9.21,9.18,9.19,67208,0
20160328,9.19,9.2,9.18,9.2,61853,0
20160329,9.19,9.21,9.19,9.2,165262,0
20160330,9.21,9.21,9.19,9.21,222923,0
20160331,9.21,9.21,9.18,9.2,276538,0
20160401,9.2,9.21,9.2,9.21,192226,0
20160404,9.2,9.22,9.2,9.21,92970,0
20160405,9.21,9.26,9.21,9.26,450094,0
20160406,9.26,9.265,9.24,9.26,573790,0
20160407,9.24,9.265,9.24,9.265,1144795,0
20160408,9.25,9.26,9.24,9.25,206234,0
20160411,9.25,9.26,9.24,9.24,104523,0
20160412,9.24,9.26,9.24,9.25,114611,0
20160413,9.25,9.25,9.24,9.25,259173,0
20160414,9.24,9.25,9.21,9.21,140576,0
20160415,9.21,9.24,9.21,9.23,110304,0
