Date,Open,High,Low,Close,Volume,OpenInt
20130725,25,25,19.51,19.88,5081276,0
20130726,20,20.69,19.42,20.08,259657,0
20130729,20.44,22,20.11,21.5,278163,0
20130730,21.95,22.15,21.05,21.86,155003,0
20130731,22.01,22.14,21.523,21.79,76538,0
20130801,22,22.16,21.72,21.8,65780,0
20130802,22.5,23.8,21.69,23.59,140370,0
20130805,24.55,29.75,23.8,29.2,461360,0
20130806,29.88,30,27,27.75,241851,0
20130807,28.4,28.49,26.14,28.03,127231,0
20130808,28.91,28.91,27.51,28.87,65184,0
20130809,28.62,29.49,28.58,29.4,87131,0
20130812,29.7,29.98,28.81,28.81,81754,0
20130813,29.2,29.2,26.68,27.75,90986,0
20130814,27.75,27.75,25.26,27.67,98491,0
20130815,27.37,27.99,26.01,27,88970,0
20130816,27.12,27.77,25.61,25.69,196886,0
20130819,25.31,26,23.91,24.41,199803,0
20130820,24.5,24.95,24,24.35,79898,0
20130821,25.77,25.77,24.065,24.96,80179,0
20130822,25.1,26.25,25.1,25.76,58437,0
20130823,26.26,27.61,26.08,26.98,90692,0
20130826,27.84,27.84,27.03,27.16,44798,0
20130827,26.95,27,24.9,25.22,86699,0
20130828,25.158,26,24.51,25.365,45363,0
20130829,25.67,26.34,24.71,24.73,73514,0
20130830,25.84,25.85,24.34,24.34,39497,0
20130903,24.98,25.57,23.85,25.05,75566,0
20130904,25,26.29,24.77,25.21,72388,0
20130905,25.52,26.15,25.26,25.7,78362,0
20130906,26.4,26.4,24.75,26.02,83630,0
20130909,26.1,27.11,25.67,26.53,85773,0
20130910,26.83,27.047,26.27,26.4,57774,0
20130911,26.4,26.4,24.78,25.25,71203,0
20130912,25.34,25.83,24.161,24.9,109954,0
20130913,25.14,25.33,24.12,25,82215,0
20130916,25.59,25.59,24.5,25.15,64833,0
20130917,25.26,25.4,24.2,24.74,57151,0
20130918,24.33,25.04,24.2,24.98,74519,0
20130919,24.98,25.32,24.7,25.19,61155,0
20130920,25.15,25.33,24.51,24.66,184061,0
20130923,24.5,25.2,24.2,25.01,95685,0
20130924,24.87,25.13,24.3,24.41,32266,0
20130925,24.59,26.45,24.25,26.2,171300,0
20130926,26.33,27.94,26.33,27.75,147154,0
20130927,27.99,28.48,25.75,26.88,114300,0
20130930,26.12,26.65,25.16,26.47,769900,0
20131001,26.39,27.37,26.39,26.78,87700,0
20131002,26.53,27.65,25.98,27.42,79500,0
20131003,27.51,28.99,26.88,28.81,88392,0
20131004,29.3,31.13,29.09,29.14,181699,0
20131007,28.8,29.2,27.36,27.71,74400,0
20131008,27.38,27.86,26,26.64,89800,0
20131009,26.64,26.64,24.06,24.51,217500,0
20131010,24.95,25.15,24.08,24.58,145600,0
20131011,24.6,24.92,23.76,23.98,171600,0
20131014,23.76,23.98,22.49,22.64,239000,0
20131015,22.64,23.08,21.7,21.96,160800,0
20131016,22,22.6,20.72,21.85,223300,0
20131017,21.85,22.24,21.63,21.94,81400,0
20131018,21.94,22.8,20.5,20.68,261700,0
20131021,20.81,21.33,19.65,19.94,190800,0
20131022,19.94,19.96,18.25,18.77,243900,0
20131023,18.83,19.14,17.25,17.65,227400,0
20131024,18.04,18.04,16.41,16.66,273900,0
20131025,16.62,16.84,15.12,15.69,385400,0
20131028,15.72,16.95,15.69,16.68,390728,0
20131029,17.73,18.66,17.38,17.94,582300,0
20131030,17.91,18,16.27,16.35,328100,0
20131031,16.37,16.608,15.35,15.74,197411,0
20131101,15.75,15.92,14.67,14.98,329100,0
20131104,15,15.33,14.53,14.86,187800,0
20131105,14.85,16.91,14.6,16.3,478900,0
20131106,16.43,16.68,15.31,15.35,236018,0
20131107,15.56,15.6,13.16,13.25,576900,0
20131108,13.31,14.24,12.8,12.97,250929,0
20131111,13,13.81,12.03,13.39,337300,0
20131112,13.3,13.5,12.65,13.07,216900,0
20131113,12.93,13.19,12.39,13.15,244900,0
20131114,13.14,13.51,11.85,12,345376,0
20131115,12.02,12.46,11.745,11.97,251176,0
20131118,12.03,12.57,11.73,11.75,247500,0
20131119,12.25,13.08,12.25,13.01,758700,0
20131120,13.15,15.4,13.15,15.21,701400,0
20131121,15.19,15.19,14.25,14.57,309595,0
20131122,14.75,15.34,14.15,14.22,241900,0
20131125,14.29,14.94,12.81,13.7,317500,0
20131126,13.75,14.5,13.58,14.17,193800,0
20131127,14.19,14.69,14.15,14.34,207983,0
20131129,14.42,15.02,14.4,14.67,138650,0
20131202,14.7,15.39,14.514,15.2,256328,0
20131203,15.26,16.15,15.02,15.37,298700,0
20131204,15.37,16.04,15.21,15.73,254100,0
20131205,15.7,16.49,15.64,16.36,306000,0
20131206,16.54,16.61,16,16.22,306400,0
20131209,17.19,17.19,14.35,15.06,601300,0
20131210,15.05,15.4,14.83,14.91,265400,0
20131211,14.84,14.99,13.774,14,295123,0
20131212,14.02,15,14,14.68,186700,0
20131213,14.68,14.72,13.98,14.59,98800,0
20131216,14.59,16.46,14.54,16.08,365500,0
20131217,16.21,16.72,15.66,16.38,348700,0
20131218,14.43,14.75,12.77,13.32,1051031,0
20131219,13.33,13.86,13.03,13.48,198146,0
20131220,13.46,13.85,12.69,12.83,979200,0
20131223,12.85,13.05,12.19,12.42,239200,0
20131224,12.3,12.46,12,12.05,189275,0
20131226,12.18,12.48,12.02,12.15,288000,0
20131227,12.22,12.29,11.95,11.99,165399,0
20131230,11.94,12.13,11.31,11.99,305800,0
20131231,12.04,12.41,11.4,11.48,318100,0
20140102,11.53,11.656,11.25,11.5,230736,0
20140103,11.5,11.6,11.15,11.3,144906,0
20140106,11.47,11.75,10.8,11.15,293582,0
20140107,11.15,11.43,10.93,11.32,199900,0
20140108,11.42,11.55,11.08,11.24,204300,0
20140109,11.8,11.8,11.02,11.36,220700,0
20140110,11.43,12.1,11.42,11.98,201789,0
20140113,12.1,13.09,12.04,12.27,236000,0
20140114,12.27,12.825,12.27,12.51,138554,0
20140115,12.46,12.66,12.01,12.15,124300,0
20140116,12.26,12.75,12.26,12.64,140600,0
20140117,12.7,13.45,12.67,13.18,198400,0
20140121,13.39,14.36,13.34,14.29,414802,0
20140122,14.33,14.67,13.6,13.95,350655,0
20140123,13.8,13.8,12.61,12.68,297300,0
20140124,12.95,12.99,11.91,12.02,278500,0
20140127,12.15,12.25,11.44,11.97,162900,0
20140128,12.39,13.57,12.3,13.53,344500,0
20140129,13.35,13.73,12.815,13.62,230813,0
20140130,13.81,16.22,13.63,15.16,504202,0
20140131,15.16,15.16,14.58,15.12,282500,0
20140203,15.17,15.335,14.73,15.05,364867,0
20140204,14.38,14.935,13.83,14.54,377721,0
20140205,14.13,14.54,13.84,14.41,239602,0
20140206,14.4,14.61,13.96,14.02,204988,0
20140207,14.05,15.2,13.862,15.08,195248,0
20140210,15.06,15.4,14.6,14.8,230899,0
20140211,14.93,15.1,13.97,14.17,423484,0
20140212,14.28,14.31,13.53,13.56,198051,0
20140213,13.53,14.12,13.27,14.05,183566,0
20140214,13.99,14.17,13.5,13.98,167390,0
20140218,14,14.32,13.5,13.87,298445,0
20140219,13.98,14.19,13.66,13.86,738065,0
20140220,8.28,8.87,7.75,8.79,3354683,0
20140221,8.8,9.2,8.5447,8.74,850175,0
20140224,9.07,9.34,8.87,9,547329,0
20140225,9.09,9.16,9,9.1,322998,0
20140226,9.08,9.09,8.7,8.81,306710,0
20140227,8.75,8.89,8.35,8.8,333715,0
20140228,8.8,8.825,8.38,8.5,443893,0
20140303,8.42,8.5,7.82,8.14,603844,0
20140304,8.15,8.47,8.02,8.22,475038,0
20140305,8.23,8.33,8.02,8.13,295151,0
20140306,8.08,8.15,7.85,7.89,327964,0
20140307,7.86,7.88,7.51,7.66,392369,0
20140310,7.68,8.37,7.618,8.15,375454,0
20140311,8.5,8.5,7.02,7.44,852175,0
20140312,7.41,7.68,7.267,7.61,198181,0
20140313,7.61,7.84,7.28,7.3,263428,0
20140314,7.26,7.4699,7.21,7.33,144199,0
20140317,7.35,7.9,7.29,7.53,377008,0
20140318,7.73,7.73,7.35,7.54,333207,0
20140319,7.6,7.74,7.44,7.51,191564,0
20140320,7.46,7.559,7.26,7.38,270865,0
20140321,7.45,7.45,7.1,7.12,266522,0
20140324,7.17,7.26,6.48,6.9,461645,0
20140325,7.06,7.15,6.72,6.77,254960,0
20140326,6.82,6.93,6.5,6.56,247500,0
20140327,6.52,6.83,6.46,6.64,178103,0
20140328,6.67,6.698,6.05,6.3,525702,0
20140331,6.33,6.37,6.06,6.34,272222,0
20140401,6.37,6.49,6.12,6.21,260173,0
20140402,6.25,6.35,6.12,6.19,207988,0
20140403,6.15,6.19,5.921,6.06,183237,0
20140404,6.08,6.2,5.56,5.69,528196,0
20140407,5.71,6.11,5.56,5.87,313296,0
20140408,5.9,6.08,5.78,6.03,287995,0
20140409,6.02,6.23,6.02,6.22,201886,0
20140410,6.23,6.25,5.79,5.87,183034,0
20140411,5.91,6.0801,5.6,5.63,307051,0
20140414,5.75,5.89,5.47,5.62,243807,0
20140415,5.6899,5.6899,5.25,5.58,334228,0
20140416,5.64,5.74,5.58,5.67,152213,0
20140417,5.69,5.95,5.62,5.7,200910,0
20140421,5.75,6.1255,5.72,6,287381,0
20140422,6,6.27,5.951,6.16,409997,0
20140423,6.1,6.2,5.88,5.96,189844,0
20140424,6,6,5.72,5.82,161545,0
20140425,5.8,5.849,5.63,5.63,213628,0
20140428,5.65,5.75,5.4,5.66,163290,0
20140429,5.7,5.81,5.65,5.72,89628,0
20140430,5.68,5.7,5.53,5.58,136558,0
20140501,5.61,5.83,5.5,5.72,166446,0
20140502,5.68,5.7725,5.41,5.49,165662,0
20140505,5.49,5.7499,5.38,5.61,94286,0
20140506,5.6,5.76,5.43,5.5,111002,0
20140507,5.55,5.55,5.31,5.39,122734,0
20140508,5.36,5.42,5.27,5.32,109416,0
20140509,5.27,5.42,5.25,5.28,369616,0
20140512,5.38,5.42,5.25,5.32,308287,0
20140513,5.25,5.25,5,5.02,406546,0
20140514,5,5.17,4.85,5.16,138820,0
20140515,5.12,5.16,4.95,5.07,102356,0
20140516,5.08,5.15,4.9,5,149267,0
20140519,4.94,5.048,4.72,4.86,90030,0
20140520,4.82,4.82,4.57,4.61,159396,0
20140521,4.6,4.7,4.5,4.52,105441,0
20140522,4.53,4.75,4.49,4.6,102437,0
20140523,4.67,4.67,4.51,4.57,40952,0
20140527,4.63,4.94,4.57,4.87,118286,0
20140528,4.89,4.94,4.83,4.85,135003,0
20140529,4.85,5.12,4.85,5.12,108220,0
20140530,5.12,5.12,4.75,4.85,129547,0
20140602,4.55,4.812,4.54,4.54,89810,0
20140603,4.54,4.56,4.33,4.37,120785,0
20140604,4.35,4.455,4.26,4.36,83729,0
20140605,4.41,4.42,4.1,4.24,131253,0
20140606,4.27,4.4,4.13,4.18,163794,0
20140609,4.16,4.47,4.12,4.28,178105,0
20140610,4.36,4.4,4.2,4.33,179600,0
20140611,4.31,4.65,4.2401,4.49,279237,0
20140612,4.54,5.52,4.54,5.12,1010864,0
20140613,5.22,5.22,4.79,4.88,266190,0
20140616,4.9,5.05,4.79,5,119050,0
20140617,4.99,5.13,4.9,4.99,141394,0
20140618,4.96,5.09,4.9,5.02,109040,0
20140619,5.04,5.19,4.9722,5.15,137574,0
20140620,5.13,5.24,5.0514,5.13,144366,0
20140623,5.16,5.164,4.9,4.99,120156,0
20140624,5.02,5.1578,4.9,4.96,161674,0
20140625,4.88,5.04,4.82,5,91237,0
20140626,5.02,5.14,4.92,5.07,140968,0
20140627,5.06,5.39,4.96,5.35,894582,0
20140630,5.41,5.5,5.19,5.43,236546,0
20140701,5.5,5.68,5.38,5.57,198454,0
20140702,5.61,5.61,5.21,5.3,225100,0
20140703,5.3,5.38,5.112,5.31,67267,0
20140707,5.34,5.34,4.98,4.99,141467,0
20140708,5,5.01,4.68,4.87,250295,0
20140709,4.94,4.9963,4.71,4.85,68518,0
20140710,4.79,4.9,4.6118,4.84,120114,0
20140711,4.87,5.01,4.78,4.96,114446,0
20140714,4.98,5.11,4.9,5.08,100284,0
20140715,5.05,5.15,4.86,4.94,101426,0
20140716,4.96,5.03,4.81,4.91,148426,0
20140717,5,5.008,4.76,4.78,101196,0
20140718,4.82,4.9499,4.75,4.82,42291,0
20140721,4.82,5.03,4.79,5,85689,0
20140722,5.01,5.15,4.87,5,62808,0
20140723,5.05,5.1,4.97,5.05,71231,0
20140724,5.06,5.14,4.97,5.08,93374,0
20140725,5.05,5.14,4.96,5,52562,0
20140728,4.98,4.98,4.82,4.94,49730,0
20140729,4.98,5.12,4.89,4.95,45655,0
20140730,5.11,5.11,4.82,4.93,63176,0
20140731,4.89,4.96,4.79,4.86,68735,0
20140801,4.84,4.91,4.57,4.69,86796,0
20140804,4.69,4.98,4.69,4.89,50746,0
20140805,4.83,5.01,4.81,4.99,72524,0
20140806,4.83,5.07,4.83,5.06,117995,0
20140807,4.87,5.15,4.86,5.09,58493,0
20140808,5.07,5.09,4.94,5.09,27478,0
20140811,5.12,5.12,4.94,5.07,40930,0
20140812,5.08,5.14,5.03,5.07,67468,0
20140813,5.06,5.1699,4.95,5.11,58490,0
20140814,5.05,5.4,5.01,5.37,187479,0
20140815,5.39,5.54,5.37,5.53,138390,0
20140818,5.54,5.72,5.47,5.64,129310,0
20140819,5.65,5.78,5.57,5.64,74256,0
20140820,5.64,5.65,5.33,5.37,79171,0
20140821,5.37,5.43,5.1,5.12,92192,0
20140822,5.11,5.31,5.11,5.22,31775,0
20140825,5.24,5.45,5.22,5.33,47162,0
20140826,5.3,5.46,5.3,5.42,35719,0
20140827,5.46,5.53,5.41,5.47,49821,0
20140828,5.47,5.5,5.15,5.17,55804,0
20140829,5.17,5.3,5.16,5.22,31740,0
20140902,5.22,5.44,5.15,5.38,71852,0
20140903,5.37,5.65,5.37,5.46,109139,0
20140904,5.43,5.54,5.21,5.25,79620,0
20140905,5.23,5.34,5.14,5.27,58215,0
20140908,5.29,5.57,5.29,5.52,92522,0
20140909,5.2601,5.64,5.2601,5.54,50426,0
20140910,5.48,5.61,5.42,5.53,46486,0
20140911,5.51,5.56,5.28,5.53,48753,0
20140912,5.54,5.54,5.2,5.29,103358,0
20140915,5.29,5.33,5.0901,5.25,59846,0
20140916,5.22,5.24,4.99,5.13,43693,0
20140917,5.09,5.239,4.97,4.97,88276,0
20140918,5.05,5.21,4.86,4.93,77231,0
20140919,4.95,4.9673,4.68,4.68,155579,0
20140922,4.68,4.68,4.26,4.33,108315,0
20140923,4.33,4.48,4.3,4.325,47311,0
20140924,4.31,4.45,4.31,4.35,59851,0
20140925,4.35,4.35,4.24,4.34,68024,0
20140926,4.34,4.41,4.295,4.39,25863,0
20140929,4.34,4.5,4.31,4.4,21394,0
20140930,4.4,4.525,4.29,4.3,35906,0
20141001,4.31,4.38,4.26,4.26,26986,0
20141002,4.26,4.32,4.2,4.29,19514,0
20141003,4.37,4.4,4.3,4.34,24007,0
20141006,4.31,4.37,4.25,4.26,33852,0
20141007,4.24,4.27,3.94,4.01,63141,0
20141008,4.04,4.1,3.88,4.1,50654,0
20141009,3.85,4.09,3.85,3.94,28451,0
20141010,3.96,4.09,3.94,3.96,52575,0
20141013,3.96,4.1,3.88,4,50467,0
20141014,4.04,4.06,3.88,3.94,27372,0
20141015,3.89,3.97,3.8,3.95,77576,0
20141016,3.88,4.33,3.851,4.33,60332,0
20141017,4.49,4.8,4.31,4.41,40939,0
20141020,4.42,4.52,4.42,4.52,13834,0
20141021,4.75,4.75,4.38,4.53,36540,0
20141022,4.5,4.58,4.231,4.39,30059,0
20141023,4.42,4.64,4.31,4.35,31103,0
20141024,4.3,4.53,4.29,4.48,15491,0
20141027,4.42,4.42,4.28,4.42,15514,0
20141028,4.41,4.62,4.41,4.58,31746,0
20141029,4.55,4.6,4.55,4.6,12051,0
20141030,4.6,4.7,4.429,4.65,14833,0
20141031,4.72,4.86,4.65,4.86,65977,0
20141103,4.77,4.9,4.69,4.89,46225,0
20141104,4.89,4.89,4.7,4.82,32597,0
20141105,4.85,4.9,4.69,4.8,25458,0
20141106,4.82,4.84,4.63,4.78,27947,0
20141107,4.74,4.99,4.74,4.78,123441,0
20141110,4.8,4.88,4.713,4.86,34051,0
20141111,4.9,4.92,4.85,4.85,40525,0
20141112,4.81,4.89,4.72,4.85,20579,0
20141113,4.9,4.96,4.7,4.82,28149,0
20141114,4.71,4.81,4.63,4.69,39241,0
20141117,4.76,4.76,4.6,4.67,34291,0
20141118,4.76,4.88,4.75,4.85,47423,0
20141119,4.9,4.94,4.8,4.82,29340,0
20141120,4.93,4.93,4.68,4.84,20886,0
20141121,4.89,4.92,4.72,4.81,20892,0
20141124,4.88,5,4.81,4.9,19357,0
20141125,4.89,5,4.73,4.95,43096,0
20141126,4.89,5,4.82,4.94,31720,0
20141128,4.88,4.92,4.75,4.75,11460,0
20141201,4.71,4.82,4.25,4.3,94998,0
20141202,4.36,4.44,4.26,4.38,67166,0
20141203,4.3,4.39,4.15,4.24,49555,0
20141204,4.28,4.5,4.21,4.33,23380,0
20141205,4.41,4.41,4.16,4.27,53130,0
20141208,4.44,4.44,4.01,4.05,52325,0
20141209,4.02,4.47,3.5,4.42,125629,0
20141210,4.3,4.47,4,4,61303,0
20141211,4.06,4.29,3.92,3.92,32386,0
20141212,3.84,4.0999,3.7,3.86,24889,0
20141215,3.82,4.15,3.82,4.06,80698,0
20141216,3.99,4.12,3.84,3.94,51470,0
20141217,3.8,4.06,3.8,3.98,78606,0
20141218,4,4.02,3.82,4,65907,0
20141219,3.95,4.19,3.95,3.99,772962,0
20141222,4.04,4.04,3.91,3.91,75063,0
20141223,3.87,3.97,3.76,3.76,106050,0
20141224,3.76,3.84,3.76,3.82,42624,0
20141226,3.85,3.94,3.75,3.77,61075,0
20141229,3.69,3.8599,3.55,3.66,202568,0
20141230,3.62,3.62,3.45,3.52,201099,0
20141231,3.45,3.55,3.24,3.29,400693,0
20150102,3.27,3.89,3.27,3.89,139385,0
20150105,4,4.41,3.85,4.2,181680,0
20150106,4.24,4.33,4.11,4.25,78514,0
20150107,4.28,4.38,4.28,4.36,99087,0
20150108,4.38,4.41,4.302,4.41,46825,0
20150109,4.43,4.43,4.33,4.37,35978,0
20150112,4.37,4.43,4.16,4.23,43567,0
20150113,3.99,4.2,3.91,4.01,54943,0
20150114,4,4.06,3.92,4.05,21728,0
20150115,4.06,4.1,4,4.03,26607,0
20150116,4.05,4.05,3.92,3.94,34899,0
20150120,3.96,3.96,3.77,3.82,39069,0
20150121,3.82,3.82,3.46,3.61,155274,0
20150122,3.54,3.673,3.53,3.59,49811,0
20150123,3.58,3.72,3.54,3.57,42788,0
20150126,3.53,3.67,3.51,3.58,27016,0
20150127,3.79,3.79,3.59,3.62,40154,0
20150128,3.83,3.83,3.62,3.72,34409,0
20150129,3.83,3.89,3.7101,3.79,61123,0
20150130,3.81,3.89,3.74,3.85,41773,0
20150202,3.95,4.05,3.82,4.005,105487,0
20150203,4,4,2.48,2.55,1160551,0
20150204,2.67,2.67,2.45,2.45,324927,0
20150205,2.53,2.62,2.44,2.5,181980,0
20150206,2.5,2.5,2.45,2.48,92159,0
20150209,2.52,2.55,2.46,2.48,51365,0
20150210,2.46,2.48,2.26,2.27,206225,0
20150211,2.28,2.45,2.28,2.35,76477,0
20150212,2.29,2.3,2.28,2.29,35078,0
20150213,2.32,2.35,2.26,2.27,68450,0
20150217,2.23,2.26,2.18,2.2,137061,0
20150218,2.22,2.3,2.15,2.28,89460,0
20150219,2.27,2.41,2.21,2.34,75646,0
20150220,2.38,2.4,2.34,2.38,48185,0
20150223,2.4,2.46,2.31,2.34,109053,0
20150224,2.3,2.32,2.25,2.28,35306,0
20150225,2.29,2.3,2.25,2.28,21711,0
20150226,2.25,2.35,2.25,2.3,38635,0
20150227,2.3,2.3,2.25,2.29,22199,0
20150302,2.24,2.31,2.24,2.28,43800,0
20150303,2.24,2.27,2.23,2.24,29900,0
20150304,2.21,2.32,2.21,2.26,18800,0
20150305,2.26,2.32,2.26,2.29,43000,0
20150306,2.29,2.37,2.23,2.3,57400,0
20150309,2.27,2.35,2.24,2.32,37700,0
20150310,2.32,2.34,2.28,2.29,24300,0
20150311,2.28,2.3,2.25,2.27,21100,0
20150312,2.3,2.3,2.27,2.3,17400,0
20150313,2.3,2.32,2.21,2.25,45300,0
20150316,2.29,2.42,2.21,2.37,89000,0
20150317,2.38,2.78,2.38,2.64,339500,0
20150318,2.67,2.75,2.47,2.59,99100,0
20150319,2.65,2.65,2.54,2.6,27600,0
20150320,2.58,2.6,2.37,2.57,106800,0
20150323,2.5,2.51,2.45,2.46,17900,0
20150324,2.43,2.51,2.4,2.41,25300,0
20150325,2.4,2.57,2.37,2.37,38100,0
20150326,2.33,2.38,2.31,2.35,15200,0
20150327,2.32,2.5,2.32,2.44,31600,0
20150330,2.42,2.42,2.32,2.36,34200,0
20150331,2.32,2.41,2.32,2.41,17300,0
20150401,2.37,2.4,2.32,2.4,14500,0
20150402,2.36,2.53,2.36,2.43,45800,0
20150406,2.43,2.43,2.35,2.35,18300,0
20150407,2.32,2.46,2.32,2.36,19175,0
20150408,2.37,2.4,2.36,2.36,7200,0
20150409,2.34,2.38,2.32,2.33,28577,0
20150410,2.35,2.4,2.32,2.39,23900,0
20150413,2.36,2.43,2.33,2.35,12200,0
20150414,2.35,2.39,2.32,2.34,17300,0
20150415,2.37,2.37,2.3,2.32,12896,0
20150416,2.33,2.47,2.33,2.36,36582,0
20150417,2.4,2.5,2.37,2.47,68800,0
20150420,2.5282,2.55,2.461,2.51,25660,0
20150421,2.51,2.55,2.475,2.53,38664,0
20150422,2.53,2.55,2.48,2.48,15402,0
20150423,2.45,2.45,2.32,2.39,27800,0
20150424,2.34,2.39,2.32,2.34,31500,0
20150427,2.34,2.35,2.26,2.27,39300,0
20150428,2.26,2.46,2.26,2.4,23200,0
20150429,2.37,2.44,2.37,2.39,12000,0
20150430,2.37,2.4,2.32,2.32,7700,0
20150501,2.32,2.37,2.27,2.28,7200,0
20150504,2.27,2.38,2.26,2.26,13600,0
20150505,2.45,2.45,2.27,2.28,66600,0
20150506,2.37,2.45,2.3,2.33,19484,0
20150507,2.38,2.44,2.32,2.37,23016,0
20150508,2.37,2.38,2.32,2.37,12500,0
20150511,2.4,2.44,2.3,2.41,51700,0
20150512,2.44,2.48,2.4,2.47,41331,0
20150513,2.47,2.5,2.47,2.5,11900,0
20150514,2.5,2.59,2.47,2.57,43300,0
20150515,2.65,2.78,2.59,2.72,151431,0
20150518,2.75,2.87,2.68,2.81,168428,0
20150519,2.74,2.99,2.73,2.82,123500,0
20150520,2.91,3.02,2.74,2.84,99500,0
20150521,2.79,2.91,2.71,2.74,26600,0
20150522,2.74,2.83,2.71,2.8,35200,0
20150526,2.8,2.85,2.711,2.7699,24731,0
20150527,2.73,2.8,2.61,2.8,38400,0
20150528,2.8,2.86,2.71,2.7899,11770,0
20150529,2.72,2.8,2.72,2.74,18300,0
20150601,2.67,2.75,2.67,2.69,5900,0
20150602,2.75,2.8,2.7,2.76,9339,0
20150603,2.8,2.85,2.8,2.8,29700,0
20150604,2.84,2.85,2.75,2.76,17100,0
20150605,2.8,2.85,2.68,2.75,14000,0
20150608,2.78,2.79,2.67,2.7,38800,0
20150609,2.73,2.77,2.61,2.61,33574,0
20150610,2.62,2.7,2.61,2.69,18976,0
20150611,2.631,2.75,2.631,2.75,14576,0
20150612,2.77,2.85,2.64,2.69,50000,0
20150615,2.64,2.75,2.64,2.74,46000,0
20150616,2.74,2.75,2.74,2.74,9300,0
20150617,2.74,2.75,2.71,2.71,30500,0
20150618,2.75,2.77,2.69,2.74,31800,0
20150619,2.74,2.77,2.66,2.73,13800,0
20150622,2.76,2.77,2.72,2.75,6800,0
20150623,2.7599,2.77,2.7031,2.75,2421,0
20150624,2.73,2.74,2.7,2.7,7900,0
20150625,2.69,2.7,2.5,2.54,19300,0
20150626,2.67,2.67,2.5,2.57,10000,0
20150629,2.45,2.63,2.32,2.37,47000,0
20150630,2.3,2.4001,2.29,2.37,29183,0
20150701,2.77,2.77,2.53,2.6,84200,0
20150702,2.74,2.83,2.59,2.7,76300,0
20150706,2.75,2.75,2.67,2.74,23400,0
20150707,2.77,2.81,2.67,2.7,40200,0
20150708,2.7,2.7,2.45,2.47,29200,0
20150709,2.47,2.73,2.47,2.6,18500,0
20150710,2.61,2.68,2.48,2.51,11300,0
20150713,2.52,2.69,2.51,2.55,13200,0
20150714,2.65,2.65,2.568,2.6,7856,0
20150715,2.56,2.59,2.48,2.485,19318,0
20150716,2.58,2.58,2.5,2.54,19500,0
20150717,2.6,2.6,2.47,2.51,27100,0
20150720,2.51,2.52,2.36,2.41,30000,0
20150721,2.41,2.42,2.35,2.39,22300,0
20150722,2.42,2.47,2.32,2.35,23700,0
20150723,2.31,2.35,2.25,2.29,47200,0
20150724,2.4,2.4,2.25,2.29,13100,0
20150727,2.26,2.26,2,2.12,45400,0
20150728,2.09,2.18,2.06,2.07,36600,0
20150729,2.1,2.15,2.03,2.03,13200,0
20150730,2.21,2.21,2.03,2.08,8000,0
20150731,2.13,2.13,2.03,2.1,10600,0
20150803,2.07,2.07,1.96,1.96,19111,0
20150804,1.97,2.02,1.95,1.95,10600,0
20150805,2.01,2.04,1.95,1.95,7900,0
20150806,1.95,1.98,1.9,1.9,19606,0
20150807,1.86,1.86,1.64,1.66,49800,0
20150810,1.63,1.74,1.52,1.64,42000,0
20150811,1.73,1.85,1.62,1.62,23233,0
20150812,1.7,1.84,1.7,1.84,23400,0
20150813,1.79,2.1,1.79,1.98,120600,0
20150814,3.8,4,2.34,2.43,17167500,0
20150817,2.27,2.33,2.01,2.12,1356300,0
20150818,2.09,2.15,1.9,1.95,493100,0
20150819,1.91,2.04,1.83,1.83,317300,0
20150820,1.82,1.85,1.61,1.61,436200,0
20150821,1.61,1.82,1.52,1.61,843500,0
20150824,1.53,1.6,1.32,1.48,262404,0
20150825,1.56,1.67,1.5,1.53,127300,0
20150826,1.59,1.59,1.4,1.45,200100,0
20150827,1.54,1.55,1.45,1.52,287200,0
20150828,1.55,1.65,1.5,1.6,297300,0
20150831,1.63,1.65,1.49,1.52,179300,0
20150901,1.48,1.53,1.46,1.51,176600,0
20150902,1.54,1.58,1.51,1.52,181900,0
20150903,1.51,1.55,1.47,1.5,124600,0
20150904,1.52,1.52,1.47,1.5,85300,0
20150908,1.53,1.55,1.5,1.5,91600,0
20150909,1.53,1.64,1.5,1.52,381600,0
20150910,1.52,1.53,1.4,1.51,326026,0
20150911,1.51,1.53,1.48,1.51,110600,0
20150914,1.55,1.55,1.43,1.48,126900,0
20150915,1.44,1.51,1.4,1.44,98500,0
20150916,1.42,1.5,1.42,1.47,57000,0
20150917,1.57,1.57,1.45,1.5,96088,0
20150918,1.51,1.51,1.43,1.46,117600,0
20150921,1.47,1.55,1.45,1.54,362700,0
20150922,1.53,1.53,1.35,1.47,220000,0
20150923,1.46,1.47,1.4,1.4,61600,0
20150924,1.4,1.49,1.36,1.48,88946,0
20150925,1.47,1.51,1.38,1.5,119300,0
20150928,1.46,1.547,1.41,1.47,72294,0
20150929,1.49,1.52,1.38,1.4,50600,0
20150930,1.46,1.49,1.36,1.36,42900,0
20151001,1.37,1.41,1.36,1.36,28300,0
20151002,1.35,1.44,1.33,1.42,51200,0
20151005,1.41,1.49,1.37,1.39,38948,0
20151006,1.45,1.47,1.38,1.45,38200,0
20151007,1.48,1.53,1.45,1.5,92300,0
20151008,1.46,1.49,1.44,1.45,40800,0
20151009,1.5,1.68,1.5,1.52,238200,0
20151012,1.54,1.55,1.5,1.52,33839,0
20151013,1.48,1.52,1.48,1.5,46800,0
20151014,1.48,1.51,1.4,1.47,65300,0
20151015,1.47,1.52,1.47,1.49,42800,0
20151016,1.5,1.51,1.45,1.5,26200,0
20151019,1.49,1.51,1.45,1.46,66400,0
20151020,1.46,1.51,1.46,1.5025,44171,0
20151021,1.51,1.51,1.45,1.46,81900,0
20151022,1.47,1.47,1.45,1.46,90700,0
20151023,1.48,1.51,1.46,1.49,65000,0
20151026,1.47,1.49,1.46,1.46,30100,0
20151027,1.46,1.54,1.44,1.47,105800,0
20151028,1.49,1.51,1.44,1.46,41800,0
20151029,1.48,1.5,1.39,1.4,61700,0
20151030,1.4,1.41,1.36,1.36,33200,0
20151102,1.43,1.5,1.38,1.5,68642,0
20151103,1.49,1.5,1.48,1.49,27700,0
20151104,1.5,1.55,1.45,1.45,68238,0
20151105,1.48,1.51,1.44,1.5,66700,0
20151106,1.49,1.55,1.39,1.45,99600,0
20151109,1.46,1.46,1.36,1.4,101173,0
20151110,1.37,1.5,1.33,1.38,60400,0
20151111,1.32,1.36,1.31,1.33,87800,0
20151112,1.4,1.4,1.31,1.34,35500,0
20151113,1.31,1.35,1.28,1.32,50800,0
20151116,1.33,1.33,1.23,1.24,83500,0
20151117,1.25,1.29,1.23,1.25,33900,0
20151118,1.24,1.29,1.2,1.2,43300,0
20151119,1.18,1.3,1.12,1.18,167000,0
20151120,1.23,1.38,1.2,1.2,97500,0
20151123,1.25,1.38,1.24,1.38,109800,0
20151124,1.4,1.5,1.38,1.47,136100,0
20151125,1.44,1.51,1.4,1.45,82600,0
20151127,1.45,1.45,1.4,1.41,17500,0
20151130,1.4,1.43,1.37,1.4,76500,0
20151201,1.38,1.46,1.3001,1.3336,107624,0
20151202,1.31,1.34,1.25,1.26,61378,0
20151203,1.25,1.3244,1.2301,1.28,86668,0
20151204,1.31,1.41,1.26,1.37,140600,0
20151207,1.27,1.42,1.19,1.31,157400,0
20151208,1.6,1.89,1.42,1.44,5645352,0
20151209,1.4,1.45,1.25,1.32,694500,0
20151210,1.33,1.33,1.25,1.27,273800,0
20151211,1.24,1.28,1.13,1.17,291500,0
20151214,1.16,1.229,1.1,1.11,204057,0
20151215,1.1,1.22,1.04,1.17,336100,0
20151216,1.17,1.2,1.03,1.07,170000,0
20151217,1.14,1.16,1.02,1.03,171600,0
20151218,1.03,1.04,0.94,0.94,384700,0
20151221,0.94,0.98,0.93,0.97,184900,0
20151222,0.99,1,0.94,0.9564,201794,0
20151223,0.96,1,0.93,0.95,183700,0
20151224,0.969,1.01,0.93,1.01,251308,0
20151228,1.01,1.06,0.98,0.998,207789,0
20151229,1.01,1.05,0.965,0.9829,154547,0
20151230,0.9829,1.02,0.965,0.98,67343,0
20151231,0.99,0.99,0.92,0.9568,150547,0
20160104,0.95,0.95,0.91,0.92,87235,0
20160105,0.92,1.0275,0.92,0.951,95794,0
20160106,0.969,0.969,0.7601,0.8,336171,0
20160107,0.8,0.85,0.75,0.7502,232565,0
20160108,0.76,0.81,0.75,0.8,84555,0
20160111,0.8,0.8,0.74,0.76,29307,0
20160112,0.78,0.78,0.72,0.74,26182,0
20160113,0.7549,0.7999,0.7,0.7,30069,0
20160114,0.68,0.6902,0.5112,0.65,102212,0
20160115,0.663,0.663,0.5951,0.6,60634,0
20160119,0.6,0.65,0.6,0.64,122200,0
20160120,0.653,0.74,0.6357,0.6601,53804,0
20160121,0.65,0.7,0.65,0.6899,53236,0
20160122,0.7099,0.73,0.64,0.68,39663,0
20160125,0.66,0.71,0.65,0.65,23738,0
20160126,0.65,0.69,0.639,0.6395,17905,0
20160127,0.6435,0.7,0.6371,0.64,51660,0
20160128,0.64,0.7,0.6301,0.6375,19044,0
20160129,0.64,0.645,0.63,0.63,25586,0
20160201,0.62,0.679,0.6175,0.6176,34721,0
20160202,0.6175,0.6248,0.5777,0.58,69559,0
20160203,0.6,0.6,0.4521,0.5301,140691,0
20160204,0.514,0.5659,0.3233,0.53,134187,0
20160205,0.514,0.63,0.462,0.55,25260,0
20160208,0.52,0.54,0.39,0.459,119990,0
20160209,0.39,0.49,0.39,0.46,52821,0
20160210,0.446,0.5,0.3701,0.46,51412,0
20160211,0.446,0.468,0.36,0.44,55799,0
20160212,0.46,0.5602,0.4501,0.4501,154386,0
20160216,0.46,0.49,0.43,0.48,78123,0
20160217,0.45,0.5,0.428,0.4601,53361,0
20160218,0.446,0.5,0.44,0.4712,51623,0
20160219,0.47,0.5,0.45,0.4801,24242,0
20160222,0.47,0.49,0.4,0.47,63650,0
20160223,0.45,0.5016,0.4221,0.44,28456,0
20160224,0.44,0.56,0.4101,0.4443,17411,0
20160225,0.4443,0.4895,0.42,0.44,94812,0
20160226,0.44,0.54,0.4301,0.488,54622,0
20160229,0.46,0.5099,0.45,0.4625,123355,0
20160301,0.451,0.4737,0.4501,0.4551,44026,0
20160302,0.4797,0.488,0.4401,0.4652,48016,0
20160303,0.46,0.49,0.4501,0.4625,50597,0
20160304,0.4,0.45,0.33,0.4005,348511,0
20160307,0.4,0.45,0.38,0.445,123639,0
20160308,0.45,0.48,0.425,0.4475,43891,0
20160309,0.44,0.447,0.4101,0.43,109709,0
20160310,0.43,0.45,0.41,0.43,86768,0
20160311,0.417,0.45,0.417,0.45,53063,0
20160314,0.45,0.4779,0.42,0.462,64842,0
20160315,0.47,0.48,0.42,0.43,253353,0
20160316,0.43,0.468,0.429,0.4579,75867,0
20160317,0.446,0.4789,0.4201,0.468,68215,0
20160318,0.48,0.565,0.4797,0.51,331281,0
20160321,0.55,0.64,0.55,0.601,569431,0
20160322,0.6,0.6101,0.55,0.57,228798,0
20160323,0.55,0.73,0.55,0.669,1389347,0
20160324,0.66,0.66,0.55,0.61,347174,0
20160328,0.61,0.72,0.61,0.649,309179,0
20160329,0.649,0.6702,0.5201,0.58,233604,0
20160330,0.6,0.6133,0.575,0.5921,84857,0
20160331,0.6,0.6099,0.54,0.58,244997,0
20160401,0.5902,0.6,0.55,0.58,67666,0
20160404,0.575,0.575,0.43,0.4902,358436,0
20160405,0.5,0.5299,0.44,0.47,84646,0
20160406,0.46,0.495,0.4501,0.4685,161947,0
20160407,0.47,0.5455,0.45,0.51,285456,0
20160408,0.5,0.51,0.462,0.498,62523,0
20160411,0.49,0.498,0.4499,0.49,91928,0
20160412,0.47,0.48,0.45,0.4651,122672,0
20160413,0.46,0.48,0.44,0.442,138176,0
20160414,0.43,0.45,0.43,0.45,230558,0
20160415,0.45,0.48,0.425,0.4601,266976,0
