Date,Open,High,Low,Close,Volume,OpenInt
20100823,2.2643,2.2643,1.4479,1.5053,133525,0
20100824,1.5053,1.5053,1.3842,1.4288,198262,0
20100825,1.5307,1.5307,1.3393,1.4032,70918,0
20100826,1.3842,1.3842,1.2821,1.2886,68896,0
20100827,1.2757,1.6584,1.2565,1.5116,139875,0
20100830,1.5307,1.6395,1.4416,1.4416,25589,0
20100831,1.7859,1.7859,1.2121,1.4288,104094,0
20100901,1.4161,1.4161,1.2821,1.3268,13921,0
20100902,1.3393,1.4288,1.3393,1.3393,6445,0
20100903,1.2886,1.4288,1.2757,1.3268,8840,0
20100907,1.3203,1.5307,1.3203,1.5181,13528,0
20100908,1.5116,1.5246,1.4032,1.5246,17623,0
20100909,1.5307,1.7477,1.5307,1.7286,22601,0
20100910,1.7477,1.8307,1.735,1.8178,19127,0
20100913,1.9136,2.2643,1.8499,2.0794,109148,0
20100914,2.2006,2.2006,2.1686,2.1686,6114,0
20100915,2.073,2.1686,1.9774,2.1686,11097,0
20100916,2.2324,2.2324,2.1686,2.1686,20010,0
20100917,2.0539,2.2006,1.9136,1.99,19942,0
20100920,2.0666,2.5449,2.0603,2.5449,65972,0
20100921,2.7108,2.7491,2.5514,2.6471,81891,0
20100922,2.6854,2.6854,2.4303,2.6471,119558,0
20100923,2.5578,2.5961,2.5578,2.5898,11429,0
20100924,2.5705,2.6726,2.5705,2.6279,17950,0
20100927,2.5768,2.6217,2.5705,2.6217,25280,0
20100928,2.6279,2.9342,2.6279,2.6471,37529,0
20100929,2.6854,2.6854,2.6152,2.6791,4817,0
20100930,2.6152,2.7491,2.6152,2.7491,19236,0
20101001,2.7428,2.8704,2.7428,2.8704,11136,0
20101004,2.8385,2.8704,2.6791,2.6791,19925,0
20101005,2.6662,2.8704,2.5961,2.8704,184369,0
20101006,2.7747,2.9978,2.7747,2.8576,41639,0
20101007,2.966,2.9978,2.845,2.9723,4705,0
20101008,3.1318,3.1318,2.73,3.0872,7431,0
20101011,2.9405,2.9405,2.6471,2.6534,34228,0
20101012,2.6025,2.7363,2.2772,2.6791,158814,0
20101013,2.73,2.8065,2.6217,2.6217,3605,0
20101014,2.6726,2.7491,2.6726,2.7046,5797,0
20101015,2.8385,2.8385,2.5514,2.7046,3640,0
20101018,2.8002,2.8002,2.7046,2.7046,5017,0
20101019,2.6088,2.8065,2.5833,2.8065,2486,0
20101020,2.6088,2.7747,2.6088,2.6279,5173,0
20101021,2.5642,2.6471,2.5642,2.5833,11443,0
20101022,2.5833,2.5833,2.5578,2.5578,471,0
20101025,2.6088,2.6088,2.5578,2.5578,2038,0
20101026,2.5514,2.5768,2.5514,2.5768,2038,0
20101027,2.6791,2.6791,2.6407,2.6407,3292,0
20101028,2.6471,2.7556,2.5833,2.5833,5958,0
20101029,2.5705,2.5768,2.5705,2.5705,2665,0
20101101,2.6726,2.6726,2.5578,2.5578,2745,0
20101102,2.6152,2.6217,2.6152,2.6217,471,0
20101103,2.5833,2.6088,2.4558,2.6088,17248,0
20101104,2.6088,2.6088,2.6088,2.6088,2225,0
20101105,2.6025,2.6088,2.4876,2.5514,14268,0
20101108,2.5196,2.5449,2.4876,2.5449,942,0
20101109,2.4876,2.4876,2.4876,2.4876,158,0
20101110,2.6152,2.6152,2.4876,2.4876,12073,0
20101111,2.5068,2.5389,2.5003,2.5003,8310,0
20101112,2.5259,2.5259,2.5131,2.5131,2351,0
20101115,2.5068,2.5833,2.4366,2.5833,79931,0
20101116,2.5833,2.5961,2.5514,2.5705,44368,0
20101117,2.5514,2.6152,2.5514,2.5898,5331,0
20101118,2.6152,2.6471,2.5833,2.6471,78119,0
20101119,2.6152,2.6471,2.5514,2.5514,26183,0
20101122,2.6088,2.6217,2.6088,2.6152,16932,0
20101123,2.5514,2.5514,2.5514,2.5514,391,0
20101124,2.5514,2.6791,2.5514,2.6471,80834,0
20101126,2.6471,2.7108,2.6407,2.6791,110553,0
20101129,2.6791,3.0489,2.6791,2.6854,14111,0
20101130,2.6344,2.6598,2.6344,2.6598,1567,0
20101201,2.6791,2.6791,2.5514,2.6152,8310,0
20101202,2.5833,2.5833,2.4876,2.4876,4860,0
20101203,2.5768,2.5768,2.5514,2.5514,5173,0
20101206,2.5833,2.6152,2.5833,2.5833,16784,0
20101207,2.5196,2.5196,2.5196,2.5196,784,0
20101208,2.6025,2.6088,2.4366,2.5449,2351,0
20101209,2.424,2.5449,2.424,2.5449,11443,0
20101210,2.5449,2.5514,2.4558,2.5449,8623,0
20101213,2.4558,2.5514,2.3921,2.4876,20123,0
20101214,2.5389,2.5389,2.5389,2.5389,447,0
20101215,2.3282,2.5389,2.2962,2.424,8623,0
20101216,2.5449,2.5449,2.2962,2.5196,7527,0
20101217,2.3921,2.3921,2.3344,2.3344,3292,0
20101220,2.5449,2.5449,2.3409,2.5131,14949,0
20101221,2.5068,2.5131,2.3282,2.4558,7154,0
20101222,2.5131,2.5131,2.3537,2.424,5332,0
20101223,2.36,2.424,2.2071,2.424,11183,0
20101227,2.424,2.4303,2.424,2.4303,3605,0
20101228,2.4303,2.5131,2.3474,2.5003,46876,0
20101229,2.5003,2.5196,2.3282,2.4876,15836,0
20101230,2.4812,2.4812,2.3537,2.3921,3449,0
20101231,2.4876,2.4876,2.424,2.4876,17089,0
20110103,2.4812,2.6152,2.4558,2.5196,53900,0
20110104,2.5323,2.5323,2.5323,2.5323,315,0
20110105,2.4876,2.6152,2.4303,2.5578,89049,0
20110106,2.6791,2.7428,2.6471,2.7108,25553,0
20110107,2.7108,2.7108,2.5514,2.5642,41389,0
20110110,2.494,2.6471,2.4876,2.5449,3449,0
20110111,2.6088,2.6471,2.5514,2.5514,16541,0
20110112,2.6407,2.6407,2.6344,2.6344,315,0
20110113,2.6407,2.6407,2.3537,2.5514,9643,0
20110114,2.5449,2.6279,2.5389,2.6279,3920,0
20110118,2.6279,2.7428,2.6279,2.7428,20286,0
20110119,2.6217,2.7363,2.5323,2.5323,7678,0
20110120,2.5259,2.5449,2.4748,2.5449,7838,0
20110124,2.5259,2.5259,2.424,2.424,5173,0
20110125,2.5389,2.5449,2.5389,2.5449,627,0
20110126,2.5389,2.5389,2.4303,2.5323,1880,0
20110127,2.3984,2.5131,2.3984,2.4303,471,0
20110128,2.3091,2.4494,2.3027,2.424,4782,0
20110131,2.4494,2.4812,2.3282,2.4812,9251,0
20110201,2.4812,2.5449,2.4812,2.5449,7681,0
20110202,2.5705,2.6088,2.5705,2.5833,2978,0
20110203,2.5514,2.5514,2.2708,2.3921,14558,0
20110204,2.2388,2.3474,2.0603,2.2263,34647,0
20110207,2.3855,2.3855,1.8433,2.105,42914,0
20110208,1.9774,2.1305,1.9136,2.1305,2588,0
20110209,2.0603,2.0921,1.9518,2.0539,2351,0
20110210,1.9774,2.0666,1.971,2.0666,2195,0
20110211,2.0603,2.0603,1.888,1.888,627,0
20110214,1.7668,1.9518,1.6329,1.9328,15083,0
20110215,1.9774,1.9774,1.9774,1.9774,158,0
20110216,1.99,1.99,1.8499,1.9455,48829,0
20110218,1.888,1.9199,1.888,1.9136,15364,0
20110222,1.9136,1.9136,1.8178,1.9136,3136,0
20110223,1.9071,1.9071,1.8178,1.8178,627,0
20110224,1.7541,1.9136,1.7541,1.9136,10034,0
20110225,1.9008,1.9136,1.9008,1.9136,9251,0
20110228,1.9136,1.9136,1.6648,1.8562,10659,0
20110301,2.0091,2.0091,1.6265,1.8945,8975,0
20110302,1.9136,1.9136,1.652,1.9136,3214,0
20110303,1.6584,1.9008,1.6584,1.7605,2507,0
20110304,1.7031,1.8945,1.6711,1.6967,5198,0
20110307,1.837,1.9008,1.6711,1.8562,12387,0
20110308,1.8562,1.8945,1.8562,1.8945,471,0
20110309,1.6967,1.8689,1.6967,1.6967,315,0
20110310,1.7286,1.735,1.7223,1.7223,3920,0
20110311,1.6711,1.8499,1.5945,1.7223,93045,0
20110314,1.6075,1.8178,1.4351,1.8178,7996,0
20110316,1.7733,1.7733,1.5373,1.5945,6897,0
20110318,1.5945,1.5945,1.5945,1.5945,784,0
20110321,1.8051,1.8499,1.4351,1.8242,5289,0
20110322,1.6075,1.8499,1.6075,1.7477,3449,0
20110323,1.6265,1.7541,1.6138,1.7223,11379,0
20110324,1.7095,1.7541,1.6775,1.7223,2507,0
20110325,1.7158,1.7223,1.6584,1.7223,15835,0
20110328,1.7541,1.7541,1.6584,1.7223,3097,0
20110329,1.7541,1.7541,1.7223,1.7223,471,0
20110330,1.7286,1.7859,1.6584,1.7859,42918,0
20110331,1.6967,2.0091,1.6775,1.9136,54177,0
20110401,1.9136,1.9136,1.8945,1.9008,4546,0
20110404,1.9008,1.9008,1.6904,1.8945,4546,0
20110405,1.9008,1.9136,1.837,1.9071,3605,0
20110406,1.9136,2.0091,1.9136,2.0091,3449,0
20110407,1.9966,1.9966,1.9518,1.9966,705,0
20110408,2.0091,2.0221,2.0091,2.0091,2507,0
20110411,2.0091,2.2263,1.9136,2.1114,3449,0
20110412,2.0985,2.1559,1.99,2.105,14579,0
20110413,1.9008,2.2324,1.9008,2.2324,6428,0
20110414,1.971,2.1686,1.9646,2.1686,4993,0
20110415,1.9136,2.2324,1.9136,1.9518,5629,0
20110418,2.0794,2.1624,2.0794,2.1624,627,0
20110419,2.073,2.073,1.9262,2.073,3605,0
20110420,2.073,2.073,2.0411,2.0475,17950,0
20110421,2.073,2.2324,2.073,2.2006,14421,0
20110425,2.1368,2.2324,2.0158,2.2006,4078,0
20110426,2.2006,2.3282,2.2006,2.3282,1880,0
20110427,2.105,2.105,2.105,2.105,158,0
20110428,2.5514,2.5514,2.1686,2.2324,4546,0
20110429,2.5196,2.5196,2.105,2.2643,25572,0
20110502,2.5196,2.5196,2.4111,2.4686,627,0
20110503,2.3027,2.4812,2.3027,2.4174,2665,0
20110504,2.3855,2.4558,2.2324,2.443,4468,0
20110506,2.2708,2.424,2.2708,2.4174,842,0
20110509,2.4111,2.424,2.3791,2.3984,1255,0
20110510,2.4174,2.4174,2.2962,2.4174,8779,0
20110511,2.4046,2.4046,2.4046,2.4046,158,0
20110512,2.36,2.424,2.36,2.424,4546,0
20110513,2.424,2.424,2.3282,2.3282,784,0
20110516,2.2772,2.4111,2.2643,2.4111,1896,0
20110517,2.3921,2.3921,2.3921,2.3921,158,0
20110518,2.2643,2.2643,2.2643,2.2643,158,0
20110519,2.2388,2.3791,2.2324,2.2324,2665,0
20110520,2.3153,2.3282,2.1559,2.2643,3292,0
20110523,2.2324,2.2324,2.2324,2.2324,784,0
20110524,2.2516,2.2962,2.2516,2.2962,2195,0
20110525,2.0857,2.2962,2.0857,2.1368,1880,0
20110526,2.2516,2.2516,2.2516,2.2516,158,0
20110527,2.2516,2.3921,2.2516,2.3921,14110,0
20110531,2.3791,2.424,2.3791,2.3921,3605,0
20110601,2.3855,2.3921,2.1814,2.3282,3486,0
20110602,2.3474,2.3666,2.3282,2.3282,4075,0
20110603,2.0794,2.0794,2.0794,2.0794,471,0
20110606,2.1114,2.3855,2.105,2.3855,10731,0
20110607,2.36,2.36,2.1114,2.2962,4498,0
20110608,2.105,2.1432,2.105,2.1432,471,0
20110609,2.2962,2.36,2.073,2.3282,24222,0
20110610,2.1494,2.2835,2.105,2.2708,19439,0
20110613,2.2643,2.36,2.2643,2.2962,1255,0
20110615,2.1176,2.1176,2.1114,2.1114,2902,0
20110616,2.1176,2.3091,2.0985,2.2962,22731,0
20110620,2.3282,2.36,2.2324,2.2324,471,0
20110621,2.1368,2.2197,2.1368,2.2197,6742,0
20110622,2.1241,2.1944,2.1241,2.1944,471,0
20110623,2.105,2.2006,2.105,2.1368,5487,0
20110624,2.1944,2.2006,2.1432,2.2006,4234,0
20110627,2.0921,2.36,2.073,2.36,20452,0
20110628,2.36,2.36,2.2388,2.3282,471,0
20110629,2.36,2.36,2.2006,2.2006,2507,0
20110630,2.3282,2.4111,2.2263,2.3344,10034,0
20110701,2.3282,2.3282,2.3282,2.3282,1567,0
20110705,2.3344,2.3344,2.2962,2.2962,315,0
20110708,2.1494,2.3282,2.073,2.1686,8936,0
20110711,2.1686,2.3282,2.1686,2.3282,5331,0
20110712,2.1114,2.1305,2.0794,2.1241,4703,0
20110713,2.073,2.1241,2.073,2.073,8623,0
20110714,2.2006,2.2962,2.105,2.105,6271,0
20110715,2.073,2.0857,2.073,2.073,3136,0
20110718,2.2643,2.2643,2.073,2.073,705,0
20110719,2.073,2.1241,2.073,2.1241,2507,0
20110720,2.1686,2.2643,2.1176,2.2132,16619,0
20110721,2.0985,2.1879,2.073,2.1814,14115,0
20110722,2.1686,2.1686,2.1686,2.1686,1723,0
20110726,2.1686,2.1686,2.105,2.1686,2038,0
20110728,2.2643,2.8576,2.2453,2.5514,126770,0
20110729,2.7046,2.7046,2.4558,2.5898,9093,0
20110801,2.4621,2.5833,2.4621,2.5833,16794,0
20110802,2.6025,2.8704,2.4621,2.5898,20645,0
20110803,2.6152,2.6344,2.5578,2.6152,7134,0
20110804,2.6152,2.6791,2.4876,2.6152,32767,0
20110805,2.5514,2.5514,2.5514,2.5514,1567,0
20110808,2.4621,2.494,2.4558,2.4558,784,0
20110809,2.4494,2.6471,2.4494,2.6152,6428,0
20110810,2.6025,2.6152,2.1494,2.6088,5331,0
20110811,2.6088,2.6088,2.4174,2.424,6271,0
20110812,2.5514,2.6791,2.5514,2.6791,5173,0
20110815,2.5514,2.7428,2.5323,2.5578,2665,0
20110816,2.6598,2.6598,2.6598,2.6598,158,0
20110817,2.6662,2.6791,2.5514,2.6726,3920,0
20110818,2.6662,2.6662,2.6662,2.6662,315,0
20110819,2.5389,2.5514,2.424,2.5514,3762,0
20110822,2.494,2.5833,2.424,2.4494,2665,0
20110823,2.4303,2.5514,2.4303,2.5514,2507,0
20110824,2.4174,2.5833,2.4111,2.4558,3449,0
20110825,2.5768,2.5768,2.4303,2.5514,1098,0
20110826,2.5705,2.6726,2.5705,2.6471,942,0
20110829,2.6726,2.6726,2.6662,2.6662,627,0
20110831,2.6726,2.6791,2.6152,2.6152,1255,0
20110901,2.5961,2.6152,2.5961,2.6152,1412,0
20110902,2.6152,2.6152,2.6152,2.6152,315,0
20110906,2.1686,2.6152,2.1686,2.6152,315,0
20110907,2.6088,2.6152,2.5833,2.5833,471,0
20110908,2.2324,2.5833,2.2324,2.5833,315,0
20110912,2.6152,2.6152,2.6152,2.6152,315,0
20110913,2.4876,2.6025,2.4046,2.6025,956,0
20110914,2.5961,2.6025,2.5196,2.6025,1255,0
20110915,2.6088,2.6152,2.5961,2.6025,2665,0
20110916,2.5514,2.5514,2.5514,2.5514,6744,0
20110919,2.3282,2.6025,2.1114,2.5323,4412,0
20110920,2.5961,2.6152,2.36,2.5705,13051,0
20110921,2.3282,2.4748,2.2835,2.4303,6271,0
20110927,2.5642,2.5833,2.4812,2.4812,2656,0
20110929,2.3344,2.3344,2.2962,2.2962,1098,0
20110930,2.3091,2.3091,2.2899,2.2899,1770,0
20111003,2.2899,2.5705,2.2899,2.4876,21167,0
20111004,2.2772,2.2772,2.2708,2.2708,315,0
20111005,2.4621,2.4812,2.4621,2.4812,627,0
20111007,2.4494,2.5833,2.4494,2.5833,15993,0
20111010,2.6152,2.6152,2.6152,2.6152,315,0
20111011,2.5514,2.6025,2.5514,2.6025,1567,0
20111013,2.6025,2.6025,2.6025,2.6025,1567,0
20111014,2.6025,2.6025,2.6025,2.6025,727,0
20111017,2.6025,2.6025,2.5833,2.5833,1880,0
20111018,2.4748,2.6025,2.3091,2.5898,3292,0
20111019,2.5961,2.6791,2.5961,2.6279,19382,0
20111020,2.4303,2.6152,2.4303,2.5449,627,0
20111021,2.6025,2.6791,2.5449,2.6791,4234,0
20111024,2.3984,2.4621,2.3984,2.4303,2822,0
20111025,2.5259,2.6791,2.5259,2.6152,9093,0
20111026,2.6726,2.6791,2.5705,2.6791,13013,0
20111027,2.6791,2.8704,2.6088,2.7747,18813,0
20111028,2.6152,2.7747,2.4812,2.6726,8310,0
20111102,2.4812,2.6662,2.4046,2.6662,50821,0
20111103,2.5833,2.6598,2.36,2.6598,7055,0
20111104,2.6471,2.6471,2.6407,2.6471,1567,0
20111107,2.6152,2.7428,2.6152,2.7428,8623,0
20111108,2.7108,2.73,2.6407,2.6407,1567,0
20111109,2.6917,2.6982,2.5705,2.5705,1960,0
20111110,2.6982,2.6982,2.6982,2.6982,1255,0
20111111,2.6982,2.6982,2.5514,2.6662,475500,0
20111114,2.6598,2.6662,2.6534,2.6662,471,0
20111115,2.5642,2.6662,2.5514,2.6662,161322,0
20111116,2.5642,2.6598,2.5449,2.6598,86854,0
20111117,2.6152,2.6598,2.6152,2.6598,315,0
20111118,2.6534,2.6534,2.5196,2.5196,27670,0
20111121,2.6152,2.6152,2.443,2.443,315,0
20111122,2.5389,2.6088,2.5068,2.6088,784,0
20111123,2.5961,2.5961,2.4876,2.4876,315,0
20111125,2.4494,2.4876,2.4494,2.4876,2195,0
20111128,2.6534,2.6534,2.6534,2.6534,471,0
20111129,2.6407,2.6791,2.4366,2.4366,3762,0
20111130,2.6407,2.6407,2.3344,2.6025,6742,0
20111201,2.5705,2.6088,2.5449,2.6088,2822,0
20111202,2.6217,2.6279,2.3855,2.5578,9408,0
20111205,2.5578,2.6279,2.424,2.5898,85914,0
20111207,2.6088,2.6088,2.4812,2.4812,2195,0
20111208,2.6152,2.6152,2.6152,2.6152,315,0
20111212,2.4876,2.5705,2.4876,2.5003,9563,0
20111213,2.5898,2.5898,2.5768,2.5768,627,0
20111214,2.4812,2.494,2.4812,2.4876,3292,0
20111215,2.5961,2.5961,2.5961,2.5961,315,0
20111216,2.5705,2.5833,2.5705,2.5833,1098,0
20111219,2.5196,2.5833,2.4558,2.5642,16618,0
20111220,2.5705,2.5705,2.5389,2.5389,7055,0
20111222,2.5449,2.5705,2.4366,2.443,1255,0
20111223,2.5259,2.5259,2.424,2.424,5331,0
20111227,2.4621,2.5768,2.4621,2.4876,12778,0
20111228,2.5449,2.5833,2.5449,2.5833,315,0
20111229,2.5642,2.5833,2.4876,2.5833,3294,0
20111230,2.5705,2.5833,2.4876,2.5768,3444,0
20120103,2.5003,2.5003,2.4876,2.4876,471,0
20120104,2.4876,2.4876,2.4876,2.4876,4078,0
20120106,2.5514,2.5514,2.424,2.4303,2978,0
20120109,2.5196,2.5196,2.2324,2.3666,1880,0
20120110,2.4621,2.5323,2.3855,2.5131,5958,0
20120112,2.5578,2.5578,2.4366,2.4366,471,0
20120117,2.5449,2.5578,2.5449,2.5578,315,0
20120118,2.5389,2.5642,2.4686,2.4686,471,0
20120119,2.5578,2.5705,2.5514,2.5578,13118,0
20120123,2.5514,2.5833,2.5514,2.5768,20693,0
20120124,2.5389,2.5514,2.5389,2.5514,1175,0
20120125,2.5389,2.5833,2.5196,2.5514,60358,0
20120126,2.5449,2.5514,2.5449,2.5514,45620,0
20120127,2.5323,2.5514,2.4621,2.4621,3292,0
20120130,2.5259,2.5259,2.5003,2.5003,942,0
20120131,2.5833,2.5833,2.5514,2.5642,13013,0
20120201,2.5642,2.5642,2.4621,2.5578,2038,0
20120203,2.5642,2.5642,2.4558,2.4558,10396,0
20120206,2.5196,2.5196,2.4748,2.5196,12387,0
20120207,2.5389,2.5514,2.5196,2.5323,12887,0
20120208,2.5449,2.5514,2.5449,2.5514,82936,0
20120209,2.5833,2.5833,2.5705,2.5705,2163,0
20120210,2.5514,2.5514,2.4621,2.4621,9759,0
20120213,2.3984,2.5514,2.3984,2.5514,48913,0
20120214,2.5514,2.5514,2.5068,2.5514,89832,0
20120215,2.4876,2.5514,2.4876,2.5514,13953,0
20120216,2.5514,2.5768,2.494,2.494,125137,0
20120217,2.5578,2.6088,2.5068,2.5068,9235,0
20120221,2.5514,2.5705,2.5514,2.5514,47191,0
20120223,2.5259,2.5514,2.494,2.494,3920,0
20120224,2.4876,2.4876,2.3984,2.424,7996,0
20120227,2.5449,2.5449,2.5449,2.5449,315,0
20120228,2.4366,2.4366,2.4366,2.4366,471,0
20120229,2.5196,2.5514,2.5196,2.5449,2038,0
20120301,2.5259,2.5259,2.5259,2.5259,1098,0
20120302,2.5259,2.5259,2.5259,2.5259,1880,0
20120305,2.4686,2.5449,2.4686,2.4876,8928,0
20120306,2.5449,2.5449,2.5003,2.5196,14736,0
20120308,2.5449,2.5514,2.5449,2.5449,3158,0
20120309,2.5514,2.5514,2.5131,2.5131,34042,0
20120312,2.5131,2.5514,2.5131,2.5514,10034,0
20120313,2.5514,2.6152,2.5514,2.5514,94693,0
20120314,2.5642,2.5961,2.5514,2.5514,11955,0
20120316,2.6088,2.9533,2.6088,2.9533,9243,0
20120319,2.7363,2.8704,2.7363,2.7747,5495,0
20120320,2.8641,2.8704,2.7747,2.8641,5487,0
20120321,2.8193,2.8257,2.7046,2.8257,23047,0
20120322,2.9022,2.9214,2.7621,2.7621,14268,0
20120323,2.9214,2.9469,2.9214,2.9342,2822,0
20120326,2.9978,2.9978,2.8002,2.9978,3449,0
20120327,3.0108,3.4636,3.0108,3.3424,6584,0
20120328,3.3424,3.4509,3.2275,3.2659,18029,0
20120329,3.3807,3.3934,3.304,3.304,9971,0
20120330,3.3488,3.3807,3.3169,3.3169,20107,0
20120403,3.1893,3.2084,3.1893,3.2084,5234,0
20120404,3.6295,3.6295,3.3615,3.3615,627,0
20120405,3.336,3.4762,3.2084,3.2084,942,0
20120409,3.3169,3.336,3.0617,3.1893,10112,0
20120410,3.2466,3.2466,3.1001,3.1192,3175,0
20120411,3.1893,3.2084,3.1001,3.1127,7838,0
20120412,3.1893,3.2212,3.1893,3.2212,5800,0
20120413,3.1956,3.1956,3.1702,3.1829,13953,0
20120416,3.1001,3.1956,3.1001,3.1956,34278,0
20120417,3.151,3.151,3.0617,3.1318,41075,0
20120420,2.9852,3.1192,2.966,3.1192,8710,0
20120423,3.0298,3.0298,3.0171,3.0171,18955,0
20120424,3.0554,3.0617,3.0489,3.0617,5487,0
20120425,3.0489,3.1255,3.0489,3.1255,7681,0
20120426,3.0298,3.1829,2.9723,3.0233,32610,0
20120427,3.1192,3.1255,3.1192,3.1255,3289,0
20120430,3.1893,3.5083,3.1893,3.4762,14797,0
20120501,3.4762,3.9675,3.3807,3.6486,46001,0
20120502,3.6486,3.7378,3.604,3.6357,93880,0
20120503,3.5529,3.5529,3.5339,3.54,2507,0
20120504,3.7505,3.7505,3.6996,3.6996,471,0
20120507,3.6805,3.6805,3.604,3.604,14579,0
20120508,3.4762,3.6357,3.4762,3.6357,7619,0
20120509,3.5784,3.604,3.572,3.604,12699,0
20120510,3.5529,3.5529,3.4636,3.4762,5643,0
20120511,3.572,3.572,3.3488,3.3488,5017,0
20120514,3.3488,3.3488,3.2404,3.2531,14980,0
20120515,3.2913,3.2913,3.2531,3.2531,5800,0
20120516,3.2659,3.4762,3.2659,3.4762,12893,0
20120517,3.3679,3.3679,3.2594,3.2785,11525,0
20120521,3.2978,3.2978,3.2339,3.2339,1567,0
20120522,3.2466,3.2531,3.2466,3.2531,1175,0
20120523,3.2084,3.2084,3.2084,3.2084,471,0
20120524,3.2084,3.2594,3.2084,3.2594,14110,0
20120525,3.2594,3.2594,3.2594,3.2594,158,0
20120530,3.1574,3.2594,3.1574,3.1893,5863,0
20120531,3.2594,3.3558,3.2531,3.339,8404,0
20120601,3.1893,3.1893,3.1893,3.1893,784,0
20120605,3.285,3.285,3.285,3.285,315,0
20120606,3.285,3.2978,3.285,3.2913,5870,0
20120607,3.438,3.4444,3.438,3.4444,438,0
20120612,3.3296,3.3296,3.3169,3.3169,1332,0
20120613,3.4636,3.4698,3.4636,3.4698,315,0
20120614,3.2531,3.2722,3.2531,3.2531,1880,0
20120619,3.3424,3.3488,3.3169,3.3488,34098,0
20120621,3.3488,3.3488,3.2404,3.2404,1255,0
20120626,3.2084,3.3169,3.2084,3.3169,5506,0
20120628,3.2147,3.2275,3.2147,3.2275,548,0
20120629,3.2594,3.2594,3.2021,3.2531,1369,0
20120706,3.1766,3.2212,3.1636,3.2212,7605,0
20120709,3.2212,3.2212,3.2212,3.2212,627,0
20120710,3.1893,3.2913,3.1893,3.2913,1098,0
20120712,3.1893,3.304,3.1893,3.304,1909,0
20120713,3.2212,3.2212,3.2212,3.2212,1168,0
20120716,3.2339,3.3169,3.2339,3.3169,5017,0
20120717,3.2275,3.2275,3.2212,3.2212,79324,0
20120718,3.2212,3.2212,3.2025,3.2025,5797,0
20120719,3.285,3.2978,3.285,3.285,1412,0
20120720,3.285,3.2913,3.2212,3.2212,3892,0
20120723,3.2212,3.2275,3.1956,3.2212,9643,0
20120724,3.1956,3.1956,3.1893,3.1893,12541,0
20120725,3.3169,3.3742,3.3169,3.3615,4153,0
20120726,3.4253,3.4253,3.2021,3.2021,12856,0
20120727,3.3806,3.3806,3.2404,3.2404,942,0
20120730,3.2404,3.2404,3.2404,3.2404,233,0
20120731,3.2531,3.285,3.2531,3.285,1098,0
20120801,3.3488,3.3615,3.2084,3.2084,4610,0
20120803,3.3169,3.3742,3.3169,3.3741,21478,0
20120806,3.4126,3.5019,3.4126,3.5019,15835,0
20120807,3.604,3.604,3.5083,3.5083,7134,0
20120808,3.5083,3.5083,3.3986,3.4126,1731,0
20120809,3.3551,3.3551,3.3551,3.3551,627,0
20120810,3.4126,3.4126,3.4126,3.4126,3136,0
20120814,3.5656,3.5656,3.4126,3.4953,7681,0
20120817,3.4827,3.5019,3.3488,3.3488,3920,0
20120820,3.4188,3.5083,3.3551,3.5083,3605,0
20120821,3.4953,3.5019,3.4953,3.5019,942,0
20120822,3.5082,3.5082,3.4762,3.4762,1567,0
20120823,3.3807,3.3807,3.3807,3.3807,471,0
20120824,3.4762,3.4762,3.4762,3.4762,1723,0
20120827,3.4953,3.5083,3.4953,3.4953,1027,0
20120828,3.5083,3.5083,3.5083,3.5083,15678,0
20120904,3.54,3.54,3.54,3.54,643,0
20120905,3.5717,3.8272,3.5717,3.8272,4936,0
20120906,3.3104,3.84,3.3104,3.604,22634,0
20120907,3.8272,3.8334,3.7005,3.7005,8581,0
20120910,3.604,3.7889,3.604,3.6868,4624,0
20120912,3.7505,3.7505,3.6868,3.6868,2351,0
20120913,3.6996,3.8272,3.667,3.8266,13427,0
20120914,3.8272,4.0643,3.8272,4.043,51560,0
20120917,4.0951,4.1843,4.0185,4.1077,11916,0
20120918,4.0822,4.0823,4.0619,4.0619,5922,0
20120919,4.0313,4.0631,4.0185,4.0631,5718,0
20120920,4.0185,4.0567,4.0185,4.0567,4693,0
20120921,4.0631,4.4268,4.0631,4.1459,26503,0
20120924,4.1459,4.2736,4.0696,4.2418,19855,0
20120925,4.2418,4.2736,4.2097,4.2736,18342,0
20120926,4.1459,4.2418,4.1459,4.2418,13013,0
20120927,4.2735,4.4268,4.2735,4.4268,16304,0
20120928,4.3183,4.3183,4.1459,4.1588,8153,0
20121001,4.3054,4.7074,4.2097,4.5607,57074,0
20121002,4.3631,4.5224,4.3501,4.4395,9877,0
20121003,4.4778,4.4778,4.4713,4.4713,1723,0
20121004,4.4841,4.4841,4.2544,4.4011,30439,0
20121005,4.4395,4.4395,4.2863,4.3183,12856,0
20121008,4.414,4.414,4.414,4.414,158,0
20121009,4.516,4.516,4.516,4.516,784,0
20121010,4.4011,4.4841,4.4011,4.4459,1723,0
20121011,4.4587,4.5289,4.3691,4.4521,25829,0
20121012,4.465,4.465,4.4076,4.4587,8466,0
20121015,4.4521,4.4521,4.3948,4.3948,1567,0
20121017,4.382,4.4331,4.382,4.4211,4976,0
20121018,4.4011,4.465,4.4011,4.465,12605,0
20121019,4.4395,4.4395,4.4331,4.4331,1255,0
20121023,4.465,4.465,4.3948,4.3948,5643,0
20121024,4.465,4.465,4.465,4.465,784,0
20121025,4.2928,4.4076,4.2097,4.4076,5331,0
20121026,4.4268,4.4268,4.4268,4.4268,158,0
20121031,4.4268,4.4395,4.2863,4.3119,7212,0
20121101,4.3119,4.3119,4.3119,4.3119,1098,0
20121102,4.3374,4.465,4.3054,4.465,13674,0
20121105,4.414,4.414,4.414,4.414,1681,0
20121106,4.3374,4.414,4.3374,4.414,5173,0
20121107,4.3691,4.382,4.2226,4.2226,10235,0
20121108,4.2481,4.2481,4.2226,4.2226,3136,0
20121113,4.2544,4.4331,4.2544,4.4331,784,0
20121114,4.2289,4.2289,4.2289,4.2289,158,0
20121115,4.2418,4.3691,3.9101,4.3246,2665,0
20121116,4.3054,4.3183,4.3054,4.3183,1412,0
20121119,4.0886,4.3119,4.0759,4.1459,4624,0
20121120,4.1397,4.1459,4.1397,4.1459,1567,0
20121126,4.1971,4.2034,4.0121,4.0121,19570,0
20121127,4.1525,4.2097,4.0185,4.0185,14421,0
20121128,4.3119,4.3119,4.3119,4.3119,158,0
20121129,4.3054,4.3884,4.3054,4.3884,5017,0
20121203,4.3183,4.3183,4.3183,4.3183,705,0
20121205,4.0567,4.3246,4.0567,4.2928,10740,0
20121206,4.2418,4.2673,4.0823,4.0823,4296,0
20121210,4.2481,4.2544,4.1588,4.1588,1098,0
20121211,4.2609,4.2673,4.2544,4.2673,2588,0
20121212,4.2418,4.2736,4.2418,4.2736,23673,0
20121213,4.2609,4.4011,4.2609,4.3631,11289,0
20121217,4.1779,4.414,4.1779,4.3246,6859,0
20121218,4.414,4.4204,4.3054,4.3691,10363,0
20121219,4.3884,4.414,4.2418,4.414,8310,0
20121220,4.3374,4.4204,4.3374,4.4204,2939,0
20121221,4.3948,4.4011,4.3948,4.3948,3185,0
20121224,4.4268,4.4268,4.4268,4.4268,158,0
20121226,4.4268,4.4521,4.414,4.4521,5340,0
20121227,4.2164,4.4521,4.2164,4.2736,6080,0
20121228,4.2736,4.4395,4.2163,4.4395,6506,0
20121231,4.4204,4.4459,4.4011,4.4459,4115,0
20130102,4.3183,4.5607,4.2863,4.5375,16881,0
20130103,4.465,4.618,4.465,4.5414,19847,0
20130104,4.5096,4.5351,4.4521,4.5351,24613,0
20130107,4.5414,4.5414,4.5414,4.5414,197,0
20130108,4.4656,4.5542,4.433,4.433,9877,0
20130109,4.5798,4.5926,4.5798,4.5926,1412,0
20130110,4.4076,4.618,4.4076,4.618,13522,0
20130111,4.618,4.7516,4.4331,4.7516,18491,0
20130114,4.6563,4.6563,4.6563,4.6563,669,0
20130115,4.6308,4.6437,4.4778,4.6437,5793,0
20130116,4.5607,4.6244,4.5607,4.6244,15716,0
20130117,4.6244,5.0072,4.6244,4.9728,12269,0
20130118,4.9753,4.9944,4.72,4.9179,25129,0
20130122,4.9243,5.1921,4.9243,5.1028,31355,0
20130123,5.256,5.3262,5.1028,5.307,55611,0
20130124,5.1538,5.307,5.1476,5.2305,14893,0
20130125,5.3899,5.3899,5.2827,5.307,5173,0
20130128,5.2941,5.7024,5.2916,5.7024,37155,0
20130129,5.7018,5.7406,5.5886,5.677,18657,0
20130130,5.677,5.8683,5.677,5.7727,6964,0
20130131,5.8046,5.8046,5.5301,5.543,25025,0
20130201,5.5748,5.7535,5.5686,5.7221,16936,0
20130204,5.7216,5.7279,5.6706,5.7279,3795,0
20130205,5.5813,5.5813,5.5657,5.5657,1647,0
20130206,5.5813,5.7279,5.4219,5.6515,4757,0
20130207,5.4219,5.6131,5.4219,5.6131,2507,0
20130208,5.453,5.6769,5.453,5.6768,11443,0
20130211,5.6769,5.6769,5.6521,5.6521,2507,0
20130212,5.6769,5.8748,5.6515,5.8236,12341,0
20130213,5.9321,5.9321,5.7406,5.7406,15520,0
20130214,5.6323,5.6323,5.6131,5.6131,627,0
20130215,5.5557,6.0597,5.5557,6.0597,784,0
20130219,5.9538,5.9538,5.6067,5.9321,2391,0
20130220,5.7981,5.7981,5.7726,5.7726,1412,0
20130221,5.7853,6.219,5.7406,6.2133,4468,0
20130222,5.7024,6.0852,5.645,6.0571,4703,0
20130226,5.9959,5.9959,5.9321,5.9321,7291,0
20130227,5.9256,5.9321,5.9256,5.9321,1412,0
20130228,5.9383,5.9383,5.9321,5.9321,1332,0
20130301,5.9641,5.9641,5.948,5.948,2038,0
20130304,5.9321,5.9321,5.8983,5.8983,1567,0
20130306,6.1873,6.1873,5.5876,5.7286,12853,0
20130307,5.7406,5.7406,5.4856,5.5174,12092,0
20130308,5.7345,5.7345,5.6323,5.7151,2902,0
20130311,5.6258,5.6258,5.6258,5.6258,1098,0
20130312,5.7406,5.7406,5.5748,5.5748,5173,0
20130313,5.7406,5.9003,5.7216,5.8236,30571,0
20130314,5.7406,5.8365,5.631,5.635,10426,0
20130315,5.7536,5.9321,5.7536,5.8365,36456,0
20130318,5.7536,5.8108,5.7406,5.8046,8105,0
20130320,5.7917,5.8046,5.677,5.8046,7525,0
20130321,5.8046,5.83,5.8046,5.8046,1158,0
20130322,5.8809,5.9003,5.8809,5.8873,10816,0
20130327,5.7981,5.7981,5.7597,5.7981,54870,0
20130328,5.7406,5.9103,5.7406,5.9103,943779,0
20130401,5.8493,5.8493,5.8493,5.8493,1175,0
20130402,5.932,6.219,5.932,6.0597,18872,0
20130403,6.1235,6.1235,6.1235,6.1235,471,0
20130404,6.0597,6.1425,5.9703,6.1043,2351,0
20130409,5.9321,6.1132,5.9003,6.0597,7055,0
20130410,6.0532,6.0532,5.9894,5.9959,784,0
20130411,5.9831,5.9895,5.8873,5.9065,6034,0
20130412,5.9895,5.9959,5.9895,5.9895,4014,0
20130415,5.83,5.9641,5.8174,5.9641,1255,0
20130416,5.9826,5.9826,5.9422,5.9422,315,0
20130417,5.9826,5.9826,5.9486,5.9623,1723,0
20130418,5.83,5.9448,5.8236,5.8365,1599,0
20130419,5.9448,5.9448,5.8492,5.8492,815,0
20130422,5.9192,5.9321,5.9192,5.9321,1567,0
20130423,5.9256,5.9576,5.8879,5.8879,7251,0
20130424,5.9065,5.9065,5.8683,5.8683,920,0
20130425,6.0597,6.3657,6.0531,6.219,79840,0
20130426,6.2255,6.3147,6.219,6.3147,14634,0
20130429,6.3276,6.3276,6.2255,6.251,10503,0
20130430,6.302,6.3931,6.302,6.3784,10978,0
20130501,6.385,6.603,6.385,6.5637,4469,0
20130502,6.5444,6.5444,6.4997,6.5381,2665,0
20130503,6.774,6.7931,6.5189,6.5381,42738,0
20130506,6.8455,6.8455,6.6975,6.6975,1175,0
20130507,6.6081,6.8889,6.5763,6.6975,3836,0
20130508,6.6975,6.6975,6.6975,6.6975,4234,0
20130509,6.8034,6.825,6.8034,6.825,1960,0
20130510,6.825,6.825,6.8059,6.825,3136,0
20130513,6.7167,6.7167,6.6975,6.6975,2978,0
20130514,6.8633,6.8633,6.7612,6.7612,2351,0
20130515,6.6592,6.7612,6.6338,6.64,4546,0
20130516,6.7167,6.8563,6.6018,6.6018,1880,0
20130517,6.8441,6.8889,6.8441,6.8761,17558,0
20130520,6.9463,6.9526,6.9463,6.9526,7212,0
20130522,6.9844,7.1696,6.9206,6.9526,11758,0
20130523,6.908,7.1696,6.6656,6.825,14270,0
20130524,6.7612,6.8366,6.7548,6.7677,5958,0
20130529,6.8761,6.9399,6.8761,6.9399,8911,0
20130531,6.9271,6.9334,6.9271,6.9334,315,0
20130605,6.9711,6.9711,6.9553,6.9553,1567,0
20130606,6.9526,6.9718,6.9526,6.9718,2978,0
20130607,6.9718,6.9718,6.9463,6.9526,5487,0
20130610,6.9463,6.9463,6.8889,6.8889,1880,0
20130611,6.9526,6.9591,6.9526,6.9526,4078,0
20130613,6.9718,6.9783,6.9718,6.9783,942,0
20130614,6.9014,7.1439,6.9014,7.1439,1567,0
20130617,7.1376,7.1376,7.1376,7.1376,784,0
20130618,6.9973,7.1439,6.9463,7.1376,24810,0
20130619,6.9973,7.0163,6.9909,7.0035,25085,0
20130620,7.061,7.061,6.9591,6.9591,7838,0
20130621,6.9399,6.9399,6.9334,6.9393,942,0
20130624,6.8889,6.897,6.825,6.825,5487,0
20130625,6.908,7.0163,6.908,7.0163,3449,0
20130627,7.1121,7.1121,7.0797,7.0865,4078,0
20130708,7.0163,7.0163,7.0163,7.0163,629,0
20130709,6.8889,6.8889,6.8889,6.8889,784,0
20130710,6.9334,6.9334,6.9334,6.9334,1567,0
20130711,7.0035,7.0163,7.0035,7.0163,3920,0
20130712,6.9206,6.9206,6.9206,6.9206,784,0
20130715,7.0673,7.2717,7.0673,7.2717,1567,0
20130716,7.0163,7.0163,7.0163,7.0163,2351,0
20130717,7.0163,7.0814,6.9206,7.0163,54244,0
20130718,7.0802,7.1121,7.0739,7.0865,8310,0
20130719,6.9463,7.1121,6.9463,7.1121,4234,0
20130722,7.1121,7.2651,7.068,7.2651,5800,0
20130723,7.1759,7.1759,7.0802,7.0802,627,0
20130725,7.1759,7.1759,7.1121,7.1121,4884,0
20130729,7.1759,7.1759,7.1759,7.1759,471,0
20130730,7.1121,7.1121,7.1121,7.1121,158,0
20130801,7.1376,7.2077,7.0802,7.2077,114014,0
20130802,7.2077,7.2077,7.1121,7.2077,111625,0
20130805,7.1759,7.2396,7.1759,7.2396,119929,0
20130807,7.1075,7.1075,7.0802,7.0802,1567,0
20130809,7.1376,7.1376,7.1121,7.1121,2038,0
20130812,7.1121,7.1121,7.1057,7.1121,784,0
20130814,7.1121,7.1184,7.0695,7.0695,3762,0
20130815,7.0865,7.0865,7.0548,7.0548,8466,0
20130816,7.0227,7.0419,7.0227,7.0419,2902,0
20130819,7.0356,7.1439,7.0227,7.0293,8373,0
20130820,7.0293,7.0496,6.9399,6.9399,7055,0
20130821,6.9718,7.0548,6.9718,7.0419,49933,0
20130826,7.0865,7.0865,7.0865,7.0865,158,0
20130827,7.0419,7.0802,7.0419,7.0802,1723,0
20130829,7.0802,7.1759,7.0802,7.1376,16665,0
20130830,7.1439,7.1951,7.0865,7.1951,5643,0
20130903,7.2396,7.2396,7.1121,7.1121,3136,0
20130904,7.2396,7.399,7.2332,7.399,50482,0
20130905,7.3928,7.399,7.3353,7.399,4703,0
20130906,7.3035,7.3035,7.3035,7.3035,1255,0
20130909,7.2717,7.2717,7.2396,7.2396,3136,0
20130910,7.1504,7.2077,7.1504,7.2077,4140,0
20130911,7.1849,7.2077,7.1822,7.1822,5017,0
20130912,7.3289,7.3289,7.3226,7.3226,1489,0
20130913,7.1504,7.3353,7.1504,7.3353,5643,0
20130917,7.3353,7.3353,7.3353,7.3353,1123,0
20130918,7.3226,7.399,7.3226,7.399,20068,0
20130920,7.431,7.431,7.431,7.431,2978,0
20130924,7.2906,7.3353,7.2077,7.2717,6742,0
20130925,7.3035,7.399,7.3035,7.3035,10816,0
20130926,7.4119,7.431,7.4119,7.431,8466,0
20130927,7.3289,7.399,7.3289,7.3674,4703,0
20130930,7.3099,7.3674,7.3099,7.3674,7525,0
20131001,7.3353,7.431,7.3289,7.431,3762,0
20131002,7.4629,7.4694,7.4629,7.4629,1567,0
20131003,7.4503,7.5586,7.2142,7.5586,2507,0
20131004,7.4629,7.4757,7.3735,7.4757,6586,0
20131007,7.3799,7.565,7.3735,7.565,4391,0
20131008,7.5076,7.5076,7.431,7.4948,9877,0
20131009,7.4374,7.5586,7.4374,7.4438,471,0
20131010,7.5012,7.565,7.431,7.5138,5173,0
20131011,7.5521,7.5586,7.5521,7.5586,4860,0
20131014,7.565,7.565,7.565,7.565,1567,0
20131015,7.431,7.431,7.431,7.431,6271,0
20131016,7.5586,7.5586,7.5586,7.5586,315,0
20131018,7.5586,7.5586,7.5586,7.5586,10659,0
20131021,7.5904,7.7945,7.5904,7.648,10973,0
20131022,7.6607,7.6607,7.648,7.6607,942,0
20131023,7.6541,7.6607,7.6541,7.6541,627,0
20131024,7.6861,7.7181,7.6861,7.699,157716,0
20131025,7.8137,7.8137,7.7819,7.8137,6114,0
20131029,7.7372,7.7691,7.7372,7.7691,78387,0
20131031,7.6861,7.7691,7.6541,7.7181,7370,0
20131101,7.6607,7.8137,7.6607,7.8137,5487,0
20131105,7.6541,7.6541,7.6541,7.6541,784,0
20131107,7.5778,7.5778,7.5778,7.5778,1412,0
20131108,7.4694,7.6658,7.4694,7.6658,5221,0
20131111,7.8137,7.8137,7.8137,7.8137,2038,0
20131112,7.5076,7.5076,7.5076,7.5076,784,0
20131113,7.7945,7.7945,7.7945,7.7945,1880,0
20131115,7.5904,7.7167,7.5904,7.7167,2633,0
20131118,7.7819,7.7819,7.7819,7.7819,1567,0
20131119,7.5332,7.5586,7.5012,7.5012,17716,0
20131120,7.5904,7.6223,7.584,7.6223,26651,0
20131122,7.584,7.6223,7.5521,7.6223,41546,0
20131125,7.7181,7.7181,7.6541,7.7181,60201,0
20131126,7.6541,7.8137,7.6223,7.6541,6897,0
20131127,7.5477,7.7945,7.5477,7.7945,627,0
20131202,7.584,7.584,7.584,7.584,353,0
20131205,7.5138,7.6541,7.5138,7.5268,6114,0
20131206,7.5202,7.5202,7.399,7.4948,40135,0
20131209,7.5202,7.584,7.5202,7.584,18657,0
20131210,7.5778,7.6223,7.5778,7.5904,6428,0
20131211,7.5969,7.7436,7.5898,7.7436,4078,0
20131212,7.6541,7.7372,7.6541,7.7372,1255,0
20131216,7.4374,7.6032,7.4374,7.6032,7525,0
20131217,7.431,7.6096,7.431,7.6096,2978,0
20131218,7.431,7.4374,7.4245,7.4245,942,0
20131219,7.4245,7.6096,7.4245,7.6096,13638,0
20131220,7.5969,7.7754,7.4438,7.4438,4703,0
20131223,7.4883,7.7181,7.4883,7.7181,3762,0
20131226,7.699,7.7181,7.648,7.648,4546,0
20131227,7.648,7.648,7.399,7.5904,1273,0
20131230,7.5904,7.6223,7.4757,7.4757,1255,0
20131231,7.7819,7.7819,7.7819,7.7819,158,0
20140106,7.5586,7.635,7.5586,7.5904,267170,0
20140107,7.5521,7.5586,7.5202,7.5521,6584,0
20140108,7.5778,7.6541,7.5778,7.6541,1723,0
20140109,7.7181,7.7181,7.7181,7.7181,1255,0
20140110,7.7812,7.7812,7.6161,7.6161,1723,0
20140113,7.4564,7.6032,7.4564,7.6032,6742,0
20140116,7.699,7.7308,7.6541,7.6541,2978,0
20140117,7.667,7.667,7.6541,7.6541,10973,0
20140121,7.8456,8.1327,7.8393,8.037,672289,0
20140123,8.0115,8.0752,8.0051,8.0051,14736,0
20140127,8.0051,8.0051,8.0051,8.0051,315,0
20140128,7.9986,8.0306,7.9795,8.0306,7838,0
20140129,7.9795,7.9795,7.9733,7.9733,471,0
20140130,7.9795,7.9859,7.9414,7.9733,2665,0
20140203,7.9795,8.0051,7.9733,7.9962,15055,0
20140204,7.9414,8.0306,7.9414,7.9667,57114,0
20140205,7.9541,7.9733,7.9414,7.9733,4706,0
20140206,7.9604,7.9924,7.9604,7.9733,3136,0
20140207,7.9733,8.0051,7.9733,7.9955,4311,0
20140210,7.9854,7.9924,7.9854,7.9924,10650,0
20140211,7.9859,7.9924,7.9476,7.9476,6192,0
20140212,8.0306,8.0689,7.9609,8.0689,8392,0
20140213,8.1008,8.1008,8.037,8.0497,2195,0
20140214,8.0689,8.1327,8.0051,8.0535,13638,0
20140219,7.9733,7.9733,7.9604,7.9604,2978,0
20140220,7.9483,7.9733,7.9476,7.9705,7681,0
20140221,7.9541,7.9667,7.9349,7.9349,10516,0
20140225,8.1262,8.1262,8.0178,8.0243,3050,0
20140228,8.0178,8.1256,8.0178,8.0306,16480,0
20140303,8.0236,8.0306,7.9414,8.0115,19757,0
20140304,8.0689,8.1327,7.9414,8.1327,159911,0
20140305,7.9541,7.9541,7.8775,7.9297,60642,0
20140306,7.9414,7.9733,7.9414,7.9414,79957,0
20140307,7.7691,7.9342,7.7691,7.9342,4507,0
20140310,7.8711,7.9414,7.8519,7.9414,7996,0
20140311,7.8584,7.8584,7.8328,7.8328,15835,0
20140312,7.8519,7.8519,7.8456,7.8456,2351,0
20140313,7.9414,7.9414,7.8775,7.9156,449635,0
20140314,7.9349,8.1965,7.9349,8.0816,166339,0
20140317,7.9859,8.1965,7.9859,8.1008,134086,0
20140318,8.0051,8.1965,7.903,7.9541,808838,0
20140319,7.8456,8.037,7.7493,7.903,498177,0
20140320,7.9604,8.241,7.8456,8.241,153348,0
20140321,7.9095,8.088,7.8966,7.9222,378143,0
20140324,7.8775,8.0689,7.8393,7.8519,330483,0
20140325,7.903,8.037,7.903,7.9222,119149,0
20140326,7.9095,8.0051,7.8966,7.9476,223718,0
20140327,7.9667,8.1454,7.9095,8.0306,233596,0
20140328,7.9733,8.1008,7.9222,8.0752,119196,0
20140331,8.0432,8.1454,8.0432,8.1454,30424,0
20140401,8.1391,8.2092,8.1391,8.1391,8243,0
20140402,8.1454,8.1645,8.0752,8.1262,28968,0
20140403,8.1327,8.2283,8.1008,8.1836,107548,0
20140404,8.1327,8.1958,8.1327,8.1709,6271,0
20140407,8.1836,8.2539,8.1836,8.241,14578,0
20140408,8.1965,8.2473,8.1327,8.1709,119346,0
20140409,8.1709,8.241,8.1645,8.19,14893,0
20140410,8.1709,8.1709,8.1709,8.1709,649,0
20140411,8.1645,8.1774,8.1645,8.1774,8501,0
20140414,8.1008,8.2156,8.1008,8.19,36371,0
20140415,8.1518,8.2348,8.1327,8.1709,83426,0
20140416,8.1518,8.2794,8.12,8.2794,120252,0
20140417,8.1518,8.2283,8.1518,8.2028,43271,0
20140421,8.2858,8.2858,8.2858,8.2858,391,0
20140423,8.2858,8.2858,8.2156,8.2794,53335,0
20140424,8.292,8.3304,8.2603,8.3174,220744,0
20140425,8.3243,8.375,8.2729,8.2981,87951,0
20140428,8.2915,8.2915,8.2666,8.2666,7370,0
20140429,8.292,8.3051,8.2666,8.2858,23053,0
20140430,8.292,8.3243,8.2858,8.2981,34177,0
20140501,8.2794,8.3304,8.2794,8.2981,2351,0
20140502,8.3243,8.3243,8.2858,8.2915,8387,0
20140505,8.2858,8.3112,8.2794,8.3112,5143,0
20140506,8.3174,8.3243,8.2348,8.3112,5413,0
20140507,8.2729,8.2981,8.2666,8.2981,1600,0
20140508,8.292,8.3304,8.2603,8.2666,174971,0
20140509,8.2858,8.292,8.2666,8.292,18970,0
20140512,8.2704,8.4133,8.2704,8.4133,170424,0
20140513,8.3558,8.4194,8.3558,8.4194,2435,0
20140514,8.3558,8.611,8.3558,8.6046,6649,0
20140515,8.5664,8.5664,8.4774,8.4774,1894,0
20140519,8.6046,8.611,8.5924,8.611,11796,0
20140520,8.4961,8.5984,8.49,8.49,1413,0
20140521,8.5156,8.5156,8.5156,8.5156,482,0
20140522,8.554,8.554,8.4194,8.5005,18234,0
20140523,8.4953,8.5977,8.4953,8.5096,12077,0
20140527,8.5219,8.5984,8.5219,8.5984,3762,0
20140528,8.5984,8.636,8.5984,8.636,13600,0
20140529,8.611,8.611,8.489,8.611,13020,0
20140530,8.5219,8.5273,8.4801,8.4908,14324,0
20140602,8.611,8.611,8.4828,8.4828,27123,0
20140603,8.6046,8.618,8.5219,8.5984,17965,0
20140604,8.547,8.611,8.5219,8.585,10906,0
20140605,8.5664,8.611,8.5219,8.547,17316,0
20140606,8.5788,8.6046,8.5682,8.5788,11744,0
20140609,8.5219,8.5602,8.5219,8.5602,611,0
20140610,8.5728,8.5728,8.5728,8.5728,158,0
20140611,8.547,8.5984,8.547,8.5984,1921,0
20140612,8.547,8.6037,8.547,8.6037,2038,0
20140613,8.6037,8.6037,8.5656,8.5664,5173,0
20140616,8.554,8.5914,8.554,8.5914,6208,0
20140617,8.6046,8.6046,8.5664,8.6046,6584,0
20140618,8.6046,8.6046,8.5602,8.6022,1484,0
20140619,8.585,8.6046,8.5664,8.5664,14246,0
20140620,8.6046,8.611,8.585,8.5924,27872,0
20140623,8.6234,8.6234,8.5924,8.5924,45327,0
20140624,8.6424,8.6561,8.5924,8.6298,13560,0
20140625,8.6624,8.6624,8.5924,8.5924,16806,0
20140626,8.6434,8.6488,8.5924,8.5924,4697,0
20140627,8.5984,8.636,8.5984,8.627,7226,0
20140630,8.5924,8.6679,8.1518,8.5782,70696,0
20140701,9.1643,9.1643,8.4229,8.7722,58116,0
20140702,8.5887,8.7287,8.5887,8.6497,51097,0
20140703,8.6497,8.6669,8.6066,8.6415,13783,0
20140707,8.5718,8.8596,8.5718,8.676,76111,0
20140708,8.6851,8.7104,8.6066,8.7104,22836,0
20140709,8.676,8.7287,8.6415,8.7195,10203,0
20140710,8.6552,8.7378,8.6552,8.6933,6016,0
20140711,8.7722,8.7722,8.6398,8.6669,35071,0
20140714,8.6415,8.7287,8.6415,8.6851,6217,0
20140715,8.7722,8.8162,8.676,8.7024,7937,0
20140716,8.6669,8.7195,8.6669,8.7104,14179,0
20140717,8.7287,8.7287,8.7104,8.7104,3044,0
20140718,8.6497,8.7287,8.6066,8.6415,52236,0
20140721,8.7104,8.7104,8.6851,8.7096,5615,0
20140722,8.6851,8.6851,8.676,8.676,6050,0
20140723,8.8189,8.8189,8.6588,8.6669,16934,0
20140724,8.7195,8.7195,8.6415,8.6851,8148,0
20140725,8.7024,8.7024,8.6669,8.6679,6769,0
20140728,8.676,8.7195,8.6669,8.6851,8573,0
20140729,8.7195,8.7195,8.6851,8.6851,19018,0
20140730,8.6851,8.7287,8.6851,8.7024,15005,0
20140731,8.6887,8.7195,8.5977,8.6479,64502,0
20140804,8.6669,8.7104,8.6415,8.6588,30209,0
20140805,8.7287,8.7287,8.676,8.7024,10540,0
20140806,8.7287,8.7287,8.6851,8.6851,2704,0
20140807,8.6933,8.6933,8.3793,8.6669,8610,0
20140811,8.6588,8.6933,8.6588,8.6933,4758,0
20140812,8.7287,8.7287,8.6887,8.6933,8254,0
20140813,8.8226,8.8226,8.7349,8.7378,5273,0
20140814,8.7287,8.7722,8.7104,8.7287,41492,0
20140818,8.8162,8.8162,8.7079,8.7104,15123,0
20140819,8.7287,8.7287,8.7178,8.7269,8874,0
20140820,8.9467,8.9467,8.7187,8.7287,10654,0
20140821,8.7287,8.7287,8.7195,8.7195,19361,0
20140822,8.8162,8.9467,8.7295,8.7722,20611,0
20140825,8.7287,8.7541,8.6933,8.7104,13682,0
20140826,8.7622,8.7632,8.7495,8.7541,1172,0
20140827,8.7541,8.7722,8.7541,8.7722,1432,0
20140828,8.7541,8.7632,8.7495,8.7567,5879,0
20140902,8.7622,8.7632,8.7114,8.7632,4628,0
20140903,8.7541,8.7541,8.7541,8.7541,333,0
20140904,8.7632,8.807,8.7323,8.7841,20809,0
20140905,8.7722,8.7722,8.7459,8.7722,9401,0
20140908,8.7477,8.7986,8.7477,8.7903,808,0
20140909,8.8421,9.0691,8.7024,8.7024,12855,0
20140910,8.8588,8.8596,8.8375,8.8375,2636,0
20140911,8.7195,8.7541,8.6669,8.7378,6036,0
20140912,8.7577,8.7577,8.7577,8.7577,661,0
20140915,8.7622,8.7632,8.7024,8.7541,3093,0
20140916,8.7024,8.7632,8.7024,8.7632,5827,0
20140917,8.7632,8.7632,8.7169,8.7541,12002,0
20140918,8.9467,8.9467,8.7104,8.7577,7296,0
20140919,8.9467,8.9467,8.7577,8.8162,7096,0
20140922,8.8162,8.8162,8.7378,8.7378,3891,0
20140923,8.8162,8.8162,8.7459,8.7986,15007,0
20140924,8.8162,9.0332,8.8162,8.868,18760,0
20140925,8.8996,9.0058,8.8643,9.0058,12008,0
20140926,8.7577,8.944,8.7577,8.9374,4742,0
20140929,8.988,8.988,8.8902,8.8996,1226,0
20140930,8.8346,8.8996,8.8346,8.8792,3112,0
20141001,8.8809,9.0058,8.8809,8.8809,4241,0
20141002,8.9794,9.1661,8.8809,9.0775,20083,0
20141003,9.1565,9.1565,8.7841,8.944,13849,0
20141006,9.1239,9.1239,9.1239,9.1239,865,0
20141007,8.9974,8.9974,8.988,8.988,1347,0
20141008,8.988,8.988,8.988,8.988,903,0
20141009,8.988,8.988,8.988,8.988,4100,0
20141010,9.0332,9.0332,8.8996,8.9004,8427,0
20141013,9.0332,9.0681,8.97,8.97,1347,0
20141014,8.944,8.944,8.8375,8.944,1235,0
20141015,8.8996,8.8996,8.8902,8.8996,34386,0
20141016,8.8902,8.9615,8.8643,8.8986,40208,0
20141017,8.944,8.944,8.8514,8.855,10046,0
20141020,8.944,8.988,8.8996,8.9012,51352,0
20141021,8.8902,8.944,8.8634,8.8809,12243,0
20141022,8.8902,8.9346,8.8902,8.917,8596,0
20141023,8.8726,8.9253,8.8106,8.9253,562,0
20141027,8.8986,8.8996,8.8986,8.8996,4664,0
20141029,8.8996,8.8996,8.8911,8.8996,63574,0
20141030,8.8996,8.8996,8.8726,8.8996,51459,0
20141031,8.8809,8.8996,8.8366,8.8996,39032,0
20141103,8.8282,8.8996,8.8282,8.8809,4213,0
20141105,8.8458,8.8996,8.8458,8.8996,814,0
20141106,8.8996,8.8996,8.8996,8.8996,2921,0
20141107,8.855,8.8996,8.8106,8.8996,18799,0
20141110,8.8996,8.8996,8.8902,8.8996,1798,0
20141111,8.943,8.944,8.8911,8.8996,1518,0
20141112,8.8996,8.8996,8.8726,8.8996,6209,0
20141113,8.9004,8.9004,8.893,8.8996,3483,0
20141114,8.8911,8.8996,8.8911,8.8996,13653,0
20141117,8.8996,8.8996,8.8996,8.8996,1630,0
20141118,8.8726,8.9605,8.8643,8.9605,3427,0
20141119,8.9004,8.9004,8.88,8.8902,22141,0
20141120,8.8996,8.8996,8.8736,8.8976,13596,0
20141121,8.8643,8.8996,8.8643,8.8996,30729,0
20141124,8.9088,8.943,8.8996,8.8996,4776,0
20141125,8.987,8.987,8.8746,8.8996,11521,0
20141126,8.8996,8.8996,8.8643,8.8809,16943,0
20141128,8.8996,8.8996,8.8643,8.8643,1801,0
20141201,8.8643,8.8809,8.8643,8.8726,9263,0
20141202,8.8106,8.8809,8.8106,8.8809,8427,0
20141203,8.8717,8.8717,8.8634,8.8634,1123,0
20141204,8.8726,8.8726,8.8717,8.8726,2417,0
20141205,8.8643,8.8726,8.8504,8.8726,11182,0
20141208,8.8726,8.8726,8.8282,8.8329,18709,0
20141209,8.855,8.8726,8.8106,8.8458,28092,0
20141210,8.8282,8.8726,8.8282,8.8671,14271,0
20141211,8.8726,8.8726,8.8106,8.8643,16018,0
20141212,8.855,8.855,8.8106,8.8106,25987,0
20141215,8.917,8.9253,8.8726,8.8726,449,0
20141216,8.855,8.8643,8.8264,8.8264,619,0
20141217,8.856,8.856,8.856,8.856,2877,0
20141218,8.855,8.8643,8.8106,8.8643,13257,0
20141219,8.8375,8.8643,8.8189,8.8643,10820,0
20141222,8.8717,8.9042,8.8366,8.8717,12163,0
20141223,8.8643,8.8726,8.855,8.8726,4269,0
20141224,8.8717,8.9448,8.8643,8.9448,2586,0
20141226,9.0209,9.0663,9.0209,9.0663,9367,0
20141229,9.0304,9.1661,9.0209,9.0567,13279,0
20141230,9.1661,9.1931,9.003,9.1021,15370,0
20141231,9.0567,9.0567,9.0304,9.0304,4738,0
20150102,9.0654,9.0757,9.0097,9.0483,14569,0
20150105,9.0389,9.2211,9.003,9.1209,4428,0
20150106,9.0567,9.1209,9.0304,9.0757,6153,0
20150107,9.0757,9.0757,9.0115,9.0757,7821,0
20150108,9.0757,9.1115,9.0304,9.0757,19043,0
20150109,9.0389,9.0567,9.0389,9.0483,1323,0
20150112,9.0389,9.1021,9.0389,9.1021,1214,0
20150114,9.003,9.0757,9.003,9.0369,1763,0
20150115,9.1021,9.2297,9.1021,9.2297,3857,0
20150116,9.0757,9.1209,9.0757,9.1115,1525,0
20150121,9.1653,9.1661,9.1209,9.1209,2149,0
20150122,9.1209,9.1209,9.1209,9.1209,9926,0
20150123,9.0757,9.0842,9.0757,9.0757,3968,0
20150126,9.0936,9.1021,9.0663,9.0757,13224,0
20150127,9.0567,9.2114,9.0567,9.1661,5785,0
20150128,9.0671,9.1661,9.0671,9.1661,3195,0
20150129,9.1661,9.1661,9.0757,9.0757,5622,0
20150130,9.0663,9.0842,9.003,9.003,6617,0
20150202,9.0757,9.0757,9.0757,9.0757,330,0
20150203,9.1661,9.1661,9.0956,9.0956,3747,0
20150204,9.0663,9.0757,9.0663,9.0663,550,0
20150205,9.0842,9.1653,9.0671,9.0671,37463,0
20150206,9.1115,9.1115,9.0757,9.0757,1345,0
20150209,9.0663,9.1021,9.0663,9.0936,9256,0
20150210,9.1115,9.2114,9.0757,9.1021,3857,0
20150211,9.0757,9.0842,9.0663,9.0842,9697,0
20150212,9.0936,9.0936,9.0757,9.0757,440,0
20150213,9.0936,9.1115,9.0663,9.0663,7300,0
20150217,9.0842,9.1469,9.0757,9.0936,6443,0
20150218,9.0842,9.0842,9.0567,9.0757,10197,0
20150219,9.0728,9.0728,9.0728,9.0728,159,0
20150220,9.0757,9.0842,9.0748,9.0757,5730,0
20150223,9.0567,9.0757,9.0567,9.0728,468,0
20150224,9.0842,9.0842,9.0757,9.0757,1459,0
20150225,9.0936,9.0936,9.0757,9.0757,6556,0
20150226,9.0757,9.0936,9.0757,9.0757,4143,0
20150302,9.0567,9.0757,9.0567,9.0663,26996,0
20150303,9.0842,9.0842,9.0842,9.0842,2204,0
20150304,9.0483,9.0936,9.0483,9.0483,12782,0
20150305,9.0757,9.0757,9.0757,9.0757,6060,0
20150309,9.0757,9.0757,9.0757,9.0757,2755,0
20150310,9.0663,9.0663,9.0663,9.0663,110,0
20150311,9.0757,9.0842,9.0304,9.0842,3195,0
20150312,9.0936,9.0936,9.0757,9.0757,3968,0
20150313,9.0842,9.0936,9.0757,9.0757,36141,0
20150316,9.0936,9.0936,9.0757,9.0757,3527,0
20150317,9.0936,9.0936,9.0663,9.0757,16087,0
20150318,9.0936,9.0936,9.0757,9.0757,33277,0
20150319,9.0757,9.1115,9.0757,9.0757,16529,0
20150320,9.0757,9.0842,9.0757,9.0842,2975,0
20150323,9.0757,9.0757,9.0663,9.0757,31294,0
20150324,9.0842,9.0842,9.0567,9.0663,16087,0
20150325,9.0757,9.0757,9.0663,9.0757,39667,0
20150326,9.1172,9.2278,9.1172,9.2278,17827,0
20150327,9.2278,9.2278,9.1729,9.1912,4537,0
20150330,9.1999,9.2374,9.1729,9.2374,4862,0
20150331,9.2095,9.2374,9.1999,9.1999,9729,0
20150401,9.1999,9.2278,9.1999,9.2278,3133,0
20150402,9.2191,9.2278,9.2095,9.2278,13397,0
20150406,9.2278,9.2278,9.2278,9.2278,4537,0
20150407,9.2191,9.2278,9.2191,9.2191,9436,0
20150408,9.2095,9.2278,9.2095,9.2095,4645,0
20150409,9.2181,9.2461,9.171,9.2278,16209,0
20150410,9.2278,9.2278,9.1999,9.1999,5186,0
20150413,9.2095,9.2278,9.2095,9.2095,1403,0
20150414,9.2191,9.2278,9.1912,9.2278,3457,0
20150415,9.2009,9.2278,9.1777,9.1999,9312,0
20150416,9.1912,9.1912,9.1912,9.1912,108,0
20150417,9.2095,9.2557,9.2095,9.2461,8427,0
20150420,9.2095,9.2278,9.1633,9.2278,8098,0
20150421,9.2557,9.2557,9.1999,9.1999,6429,0
20150422,9.1999,9.2085,9.1681,9.1912,5403,0
20150423,9.2557,9.2557,9.2095,9.2374,4970,0
20150424,9.2374,9.2374,9.2278,9.2374,2944,0
20150427,9.2461,9.2461,9.2374,9.2461,1403,0
20150428,9.2191,9.2461,9.2191,9.2461,216,0
20150430,9.2095,9.2461,9.2095,9.2374,6159,0
20150501,9.2557,9.2557,9.2278,9.2278,7023,0
20150504,9.2461,9.2461,9.2095,9.2095,11560,0
20150505,9.2095,9.2095,9.2095,9.2095,432,0
20150506,9.2095,9.2268,9.1729,9.1729,6621,0
20150507,9.2461,9.2461,9.2249,9.2364,2265,0
20150508,9.2461,9.2461,9.2278,9.2278,4321,0
20150511,9.2278,9.2374,9.2095,9.2374,2917,0
20150512,9.2191,9.2278,9.2027,9.2278,5215,0
20150513,9.2374,9.2374,9.2191,9.2191,5295,0
20150514,9.2461,9.2461,9.2191,9.2191,6051,0
20150515,9.2461,9.2461,9.2191,9.2259,9195,0
20150518,9.2451,9.2451,9.2441,9.2441,1080,0
20150519,9.2557,9.2557,9.2557,9.2557,1512,0
20150520,9.2374,9.2461,9.2374,9.2461,4104,0
20150521,9.2557,9.2557,9.2461,9.2557,3457,0
20150522,9.2374,9.2836,9.2374,9.2461,2377,0
20150526,9.2557,9.2557,9.2374,9.2374,3770,0
20150527,9.2557,9.2836,9.2557,9.2653,6159,0
20150529,9.3115,9.3756,9.3115,9.3756,1188,0
20150601,9.3018,9.3854,9.3018,9.3854,3016,0
20150602,9.3678,9.3943,9.358,9.3943,4753,0
20150603,9.3943,9.3943,9.3481,9.3481,2377,0
20150604,9.2836,9.2836,9.2836,9.2836,1188,0
20150608,9.4217,9.4315,9.3756,9.3756,1837,0
20150609,9.3481,9.3854,9.3481,9.3854,3133,0
20150610,9.4217,9.4315,9.3795,9.3795,2269,0
20150611,9.4041,9.4315,9.3854,9.3854,8751,0
20150615,9.3295,9.3854,9.3295,9.3854,3349,0
20150616,9.358,9.3943,9.358,9.3943,2593,0
20150617,9.3943,9.3943,9.3943,9.3943,2053,0
20150619,9.3943,9.3943,9.3854,9.3854,2053,0
20150622,9.3943,9.4217,9.3678,9.3678,4213,0
20150623,9.3943,9.3943,9.3678,9.3678,11290,0
20150624,9.3943,9.3943,9.3854,9.3943,6159,0
20150625,9.4276,9.635,9.3992,9.4276,13034,0
20150626,9.4374,9.4374,9.3707,9.4374,14941,0
20150629,9.4845,9.4845,9.4188,9.4188,1908,0
20150630,9.4188,9.4747,9.3992,9.4747,3960,0
20150701,9.4374,9.4374,9.3992,9.4276,9537,0
20150702,9.4463,9.4463,9.4276,9.4374,5087,0
20150706,9.4463,9.4463,9.3992,9.4276,4557,0
20150707,9.409,9.4374,9.409,9.4374,7735,0
20150708,9.4276,9.4276,9.3992,9.409,6463,0
20150709,9.3903,9.4188,9.3903,9.3903,9960,0
20150710,9.409,9.409,9.3903,9.3992,5511,0
20150713,9.409,9.409,9.3521,9.3992,3073,0
20150714,9.3992,9.409,9.3805,9.3805,4133,0
20150715,9.409,9.409,9.3903,9.409,5462,0
20150716,9.409,9.409,9.3903,9.3903,13564,0
20150717,9.3903,9.4374,9.3903,9.409,26915,0
20150720,9.4659,9.4659,9.3992,9.3992,7947,0
20150721,9.409,9.4747,9.3992,9.4747,9431,0
20150722,9.409,9.409,9.3992,9.3992,2649,0
20150723,9.4845,9.4845,9.3903,9.3903,4557,0
20150724,9.4374,9.4374,9.3903,9.3992,4239,0
20150727,9.3992,9.3992,9.3707,9.3903,20981,0
20150728,9.3707,9.3707,9.3236,9.3423,24690,0
20150729,9.4188,9.4188,9.3619,9.4188,38571,0
20150730,9.3707,9.3903,9.3619,9.3707,29035,0
20150731,9.3707,9.3707,9.3619,9.3619,11762,0
20150803,9.3423,9.3903,9.3423,9.3903,2490,0
20150804,9.3619,9.3619,9.3521,9.3521,2649,0
20150805,9.3707,9.3903,9.3236,9.3619,9007,0
20150806,9.3903,9.3903,9.3048,9.3423,8256,0
20150807,9.3236,9.3619,9.2672,9.3521,15789,0
20150810,9.3521,9.3619,9.3521,9.3521,15153,0
20150811,9.3619,9.3619,9.3144,9.3619,10278,0
20150812,9.3619,9.3903,9.3144,9.3423,8477,0
20150813,9.3619,9.3619,9.3144,9.3236,6145,0
20150814,9.3707,9.4188,9.3334,9.4188,5934,0
20150817,9.3707,9.3707,9.3423,9.3521,6040,0
20150818,9.3334,9.3521,9.2865,9.2865,9113,0
20150819,9.3334,9.3423,9.2952,9.3423,5511,0
20150820,9.3236,9.3423,9.3048,9.3423,22252,0
20150821,9.3144,9.3236,9.2768,9.3236,6675,0
20150824,9.2576,9.2711,9.1921,9.248,14956,0
20150825,9.2576,9.2952,9.1921,9.2865,30624,0
20150826,9.3144,9.3144,9.2009,9.248,9113,0
20150827,9.2576,9.3423,9.248,9.3236,10914,0
20150828,9.2952,9.3423,9.248,9.3236,11974,0
20150831,9.3236,9.3423,9.2393,9.248,7523,0
20150901,9.2952,9.3992,9.2952,9.3423,10278,0
20150902,9.4276,9.4276,9.3423,9.3619,14835,0
20150903,9.4276,9.4276,9.3619,9.409,16213,0
20150904,9.3805,9.3992,9.3805,9.3992,3603,0
20150908,9.3048,9.3707,9.3048,9.3423,3709,0
20150909,9.3619,9.3619,9.2768,9.2768,4027,0
20150910,9.3334,9.3992,9.2952,9.3992,8490,0
20150911,9.3992,9.3992,9.3423,9.3992,2967,0
20150914,9.3521,9.3619,9.3423,9.3423,7205,0
20150915,9.3619,9.3707,9.3619,9.3707,3285,0
20150916,9.3707,9.4276,9.3619,9.4188,19179,0
20150917,9.4188,9.4747,9.3805,9.4747,11320,0
20150918,9.522,9.522,9.3903,9.4374,8795,0
20150921,9.4561,9.513,9.4463,9.513,7205,0
20150922,9.4933,9.588,9.4374,9.54,8901,0
20150923,9.522,9.522,9.4561,9.4561,4928,0
20150924,9.4747,9.513,9.4561,9.513,12928,0
20150925,9.4884,9.4884,9.4698,9.4698,4156,0
20150928,9.508,9.508,9.4207,9.4983,7404,0
20150929,9.4502,9.4884,9.3825,9.4786,12677,0
20150930,9.4884,9.4983,9.4884,9.4884,13509,0
20151001,9.527,9.527,9.4786,9.4786,2598,0
20151002,9.508,9.546,9.508,9.518,8521,0
20151005,9.566,9.594,9.527,9.546,4156,0
20151006,9.508,9.508,9.4502,9.4502,4884,0
20151007,9.4698,9.4884,9.4502,9.4502,14133,0
20151008,9.4306,9.4306,9.4119,9.4306,5611,0
20151009,9.4698,9.4786,9.4119,9.4698,14237,0
20151012,9.4698,9.4698,9.4207,9.4404,4468,0
20151013,9.4698,9.575,9.4698,9.518,8937,0
20151014,9.575,9.614,9.566,9.594,9457,0
20151015,9.594,9.594,9.594,9.594,3118,0
20151016,9.566,9.585,9.518,9.585,6858,0
20151019,9.588,9.604,9.563,9.604,4089,0
20151020,9.604,9.614,9.556,9.566,9038,0
20151021,9.642,9.642,9.537,9.594,4260,0
20151022,9.623,9.71,9.594,9.614,4676,0
20151023,9.623,9.806,9.623,9.806,3949,0
20151026,9.633,9.72,9.633,9.633,3533,0
20151027,9.633,9.797,9.633,9.652,11015,0
20151028,9.72,9.72,9.72,9.72,1040,0
20151029,9.72,9.72,9.633,9.652,7586,0
20151030,9.72,9.72,9.72,9.72,208,0
20151102,9.642,9.662,9.642,9.662,1116,0
20151103,9.7,9.7,9.642,9.642,2286,0
20151104,9.716,9.72,9.706,9.72,9093,0
20151105,9.652,9.72,9.652,9.662,4884,0
20151106,9.72,9.72,9.7,9.72,2494,0
20151109,9.72,9.768,9.72,9.768,6309,0
20151110,9.72,9.72,9.72,9.72,3429,0
20151111,9.729,9.729,9.729,9.729,208,0
20151112,9.729,9.729,9.671,9.671,3014,0
20151113,9.768,9.768,9.768,9.768,1040,0
20151116,9.691,9.691,9.652,9.652,1350,0
20151117,9.729,9.729,9.72,9.72,9249,0
20151118,9.71,9.748,9.71,9.748,1662,0
20151119,9.71,9.71,9.7,9.7,832,0
20151120,9.71,9.72,9.71,9.72,2702,0
20151123,9.739,9.739,9.739,9.739,104,0
20151124,9.758,9.768,9.739,9.739,832,0
20151127,9.768,9.768,9.7,9.739,2702,0
20151130,9.739,9.739,9.72,9.729,1143,0
20151201,9.755,9.912,9.755,9.768,9872,0
20151202,9.72,9.749,9.671,9.749,2546,0
20151203,9.72,9.72,9.681,9.681,1350,0
20151204,9.758,9.768,9.729,9.729,3325,0
20151207,9.7,9.758,9.7,9.7,6443,0
20151208,9.71,9.71,9.585,9.623,28057,0
20151209,9.681,9.681,9.594,9.594,18705,0
20151210,9.585,9.642,9.585,9.642,1558,0
20151211,9.652,9.652,9.566,9.633,6235,0
20151214,9.575,9.605,9.575,9.605,3741,0
20151215,9.652,9.652,9.614,9.614,2182,0
20151216,9.662,9.662,9.633,9.633,1870,0
20151217,9.662,9.72,9.662,9.72,1870,0
20151218,9.729,9.729,9.662,9.662,312,0
20151222,9.71,9.72,9.7,9.72,1662,0
20151223,9.758,9.864,9.748,9.768,2910,0
20151224,9.806,9.806,9.768,9.797,936,0
20151228,9.958,9.988,9.821,9.821,4077,0
20151229,9.904,9.904,9.797,9.797,3591,0
20151230,9.815,9.855,9.762,9.855,10702,0
20151231,9.909,9.909,9.762,9.762,11911,0
20160104,9.772,9.835,9.772,9.797,2798,0
20160105,9.805,9.806,9.801,9.801,582,0
20160106,9.792,9.821,9.792,9.821,816,0
20160107,9.811,9.919,9.811,9.919,9212,0
20160108,9.87,9.87,9.811,9.811,1223,0
20160111,9.892,9.892,9.841,9.841,1370,0
20160112,9.86,9.86,9.792,9.811,8090,0
20160113,9.811,9.821,9.81,9.821,6370,0
20160114,9.792,9.811,9.748,9.811,4457,0
20160115,9.703,9.831,9.674,9.752,24447,0
20160119,9.811,9.821,9.752,9.762,14881,0
20160120,9.752,9.801,9.752,9.764,9887,0
20160121,9.752,9.778,9.752,9.778,2140,0
20160122,9.811,9.811,9.762,9.811,8765,0
20160125,9.782,9.811,9.782,9.782,2395,0
20160126,9.821,9.821,9.762,9.821,11415,0
20160127,9.821,9.821,9.782,9.782,3307,0
20160128,9.85,9.85,9.803,9.803,1170,0
20160129,9.811,9.811,9.811,9.811,928,0
20160201,9.801,9.833,9.801,9.833,408,0
20160202,9.821,9.86,9.821,9.86,5613,0
20160203,9.831,9.831,9.831,9.831,510,0
20160204,9.811,9.831,9.811,9.827,928,0
20160205,9.909,9.909,9.831,9.831,3886,0
20160208,9.811,9.883,9.811,9.836,1988,0
20160209,9.821,9.909,9.674,9.723,22225,0
20160210,9.879,9.879,9.821,9.821,1733,0
20160211,9.801,9.821,9.801,9.813,3401,0
20160212,9.86,9.86,9.811,9.831,1121,0
20160216,9.829,9.829,9.772,9.811,7130,0
20160217,9.831,9.89,9.831,9.89,2370,0
20160218,9.782,9.9,9.782,9.784,1223,0
20160219,9.811,9.85,9.792,9.85,2242,0
20160222,9.792,9.9,9.792,9.9,510,0
20160223,9.847,9.85,9.847,9.85,2191,0
20160224,9.85,9.85,9.817,9.841,5504,0
20160225,9.84,9.841,9.836,9.841,586,0
20160226,9.841,9.9,9.841,9.9,1121,0
20160229,9.839,9.843,9.839,9.843,2089,0
20160301,9.85,9.909,9.844,9.909,3476,0
20160302,9.85,9.909,9.831,9.909,3142,0
20160303,9.905,10.057,9.88,10.057,12307,0
20160304,10.066,10.066,9.926,9.939,2650,0
20160307,9.929,10.066,9.929,9.988,4790,0
20160308,9.926,10.007,9.926,10.007,408,0
20160309,9.929,9.929,9.909,9.922,1565,0
20160310,9.998,9.998,9.916,9.916,550,0
20160311,10.007,10.007,9.958,9.958,2191,0
20160314,10.003,10.007,9.958,9.958,2038,0
20160315,10.007,10.076,9.959,9.987,13099,0
20160316,9.979,10.076,9.979,10.076,1529,0
20160317,10.007,10.086,10.007,10.007,5147,0
20160318,10.092,10.092,10.007,10.007,4485,0
20160321,10.102,10.106,10.096,10.096,1019,0
20160322,10.057,10.062,10.057,10.062,3058,0
20160323,10.043,10.106,10.043,10.096,4128,0
20160324,10.096,10.135,10.086,10.135,6787,0
20160328,10.22,10.22,10.05,10.13,4460,0
20160329,10.14,10.14,10.14,10.14,100,0
20160330,10.118,10.1899,10.118,10.1899,425,0
20160331,10.128,10.27,10.1,10.1499,10990,0
20160401,10.18,10.18,10.162,10.18,1241,0
20160404,10.23,10.23,10.1,10.2,1201,0
20160405,10.1501,10.195,10.1501,10.195,751,0
20160406,10.16,10.16,10.16,10.16,500,0
20160407,10.15,10.1999,10.15,10.1999,1100,0
20160408,10.2,10.2,10.1314,10.1314,1100,0
20160413,10.2599,10.2599,10.14,10.14,460,0
