Date,Open,High,Low,Close,Volume,OpenInt
20130627,7,9.1,6.56,8.26,630443,0
20130628,8.48,8.49,7.5,7.56,181437,0
20130701,7.26,7.55,7.26,7.5,14542,0
20130702,7.5199,8.2455,7.3,7.83,29315,0
20130703,8.09,8.1,7.81,8,8532,0
20130705,8.73,9.25,8.193,8.97,28483,0
20130708,9.5,10.322,9.1464,9.82,47338,0
20130709,10,10.2,9.54,9.58,28156,0
20130710,9.46,9.98,9.1,9.4,15964,0
20130711,9.51,9.51,8.26,8.76,30573,0
20130712,8.5,8.6076,8.1,8.51,60145,0
20130715,8.5,8.63,8.15,8.25,32556,0
20130716,8.52,10,8.25,9.566,47234,0
20130717,9.977,9.977,9.18,9.8,8706,0
20130718,9.87,9.93,9.55,9.57,21175,0
20130719,9.61,10.3,9.57,10.12,106161,0
20130722,10.12,10.4,9.4,9.4,60961,0
20130723,10,10.4,9.83,10,26296,0
20130724,10.02,10.25,9.85,9.86,14573,0
20130725,10.67,10.67,9.7,10,15983,0
20130726,10.27,10.45,9.53,9.55,24083,0
20130729,9.5,9.74,8.71,9.26,10449,0
20130730,9.01,9.24,8.75,9.2,11854,0
20130731,9.2,9.5,9.07,9.31,5804,0
20130801,9.4,9.45,9.01,9.4,4483,0
20130802,9.99,9.99,9.3254,9.5,13043,0
20130805,9.49,9.9,9.49,9.755,4830,0
20130806,10,10,9.521,9.76,2604,0
20130807,9.99,9.99,9.52,9.7,2765,0
20130808,9.53,9.8,9.52,9.56,950,0
20130809,9.85,9.85,9.645,9.74,2700,0
20130812,9.81,9.97,9.525,9.525,6329,0
20130813,9.75,9.75,8.75,8.94,10335,0
20130814,8.85,9.265,8.85,8.94,12110,0
20130815,8.97,9,8.87,9,4930,0
20130816,8.9,9,8.8,8.9,6428,0
20130819,8.81,9.08,8.75,8.75,7200,0
20130820,8.89,8.9,8.66,8.845,1300,0
20130821,8.87,8.99,8.69,8.99,4100,0
20130822,9,9.069,8.85,8.9,4156,0
20130823,8.82,8.9599,8.76,8.84,2500,0
20130826,8.68,9.1038,8.6,9.04,7740,0
20130827,9.05,9.05,8.86,8.89,4250,0
20130828,8.98,9,8.87,8.92,9055,0
20130829,9,9.1,8.93,9.1,5758,0
20130830,8.9999,9.03,8.0701,8.17,11101,0
20130903,8.7,9,8.21,8.55,9909,0
20130904,8.53,9,8.21,8.62,22871,0
20130905,8.6,8.78,8.56,8.78,1089,0
20130906,8.71,8.9,8.2601,8.9,1844,0
20130909,9.25,9.95,9.04,9.22,19520,0
20130910,9.36,10,9.36,9.79,13285,0
20130911,9.98,10.5,9.78,10.25,24884,0
20130912,10.25,12.5,10.25,11.82,111926,0
20130913,11.84,15.12,11.58,13.98,81347,0
20130916,14.86,16.06,14.39,14.99,156590,0
20130917,14.83,15.49,14.33,15.03,58608,0
20130918,15.12,15.58,14.76,15.09,387193,0
20130919,15.23,16.479,14.84,15.91,383126,0
20130920,17.29,17.29,14.4,14.75,94534,0
20130923,14.9,17.94,14.86,17.36,114146,0
20130924,18.09,20.58,17.87,19.22,145688,0
20130925,19.5,20,18.51,18.62,106300,0
20130926,18.85,18.85,15.2,15.33,120100,0
20130927,15,16.58,15,16.57,98200,0
20130930,16.54,18.17,15.2,16.34,906500,0
20131001,16.51,18.5,16.51,18.33,85400,0
20131002,18.82,18.82,17,18.02,38500,0
20131003,17.94,18.71,17.38,18.2,38700,0
20131004,18.15,19.7,18.15,19.13,68736,0
20131007,19,19.96,18.52,19.34,37200,0
20131008,19.3,19.98,17.71,17.91,83800,0
20131009,17.95,19.04,17.58,18.52,116200,0
20131010,18.89,21.49,18.21,21.17,68300,0
20131011,21.18,24.9,20.59,23.49,138900,0
20131014,23.49,26.66,23.49,25.45,271300,0
20131015,26.01,28.3,25.52,27.67,311400,0
20131016,28.13,29.32,27.47,28.18,197900,0
20131017,28.03,28.63,27.47,28.07,179600,0
20131018,28.47,28.89,27.8,28.04,145200,0
20131021,28.16,28.16,25.58,26.82,175000,0
20131022,27.05,27.58,26.18,26.32,60900,0
20131023,25.89,26.43,25.38,25.57,44300,0
20131024,27.07,27.07,24.68,24.72,70800,0
20131025,25.19,25.98,24.06,24.58,107300,0
20131028,24.58,24.63,20.17,20.65,109500,0
20131029,20.65,21.76,18.33,21.13,145900,0
20131030,20.99,21.1,19.5,19.85,107500,0
20131031,20.8,20.8,19.7,19.96,70087,0
20131101,21.71,21.71,19.8,20.06,66500,0
20131104,20.08,20.55,18.96,19.41,82900,0
20131105,19.38,19.41,18.85,19.09,69100,0
20131106,19.16,19.33,18.53,18.97,33350,0
20131107,18.97,19.3,18.2,19.01,48500,0
20131108,19.76,21.82,18.82,21.14,80418,0
20131111,21.61,21.91,19.23,19.88,42200,0
20131112,19.78,20.28,19.54,19.94,14000,0
20131113,20,20.88,19.82,20.4,25100,0
20131114,20.68,21.64,19.5,20.62,28000,0
20131115,20.61,21.1,20.08,20.13,14487,0
20131118,19.97,20.13,18.58,19.15,54100,0
20131119,18.91,19.15,18.31,18.62,13700,0
20131120,18.58,18.97,18.15,18.97,11100,0
20131121,19.16,20.754,18.99,19.85,71298,0
20131122,20.11,20.11,19.6,19.86,12100,0
20131125,20.72,20.81,19.01,19.2,15568,0
20131126,20.1,20.1,18.85,19.04,31600,0
20131127,19.11,19.67,18.41,18.98,25535,0
20131129,18.96,20.33,18.51,19.8,15671,0
20131202,19.85,20.53,19.06,19.31,43253,0
20131203,19.35,20.49,18.84,19.4,69800,0
20131204,19.53,20.23,19.19,19.3,11700,0
20131205,19.36,19.79,18.51,18.63,23700,0
20131206,18.84,19.35,18.71,19.02,24700,0
20131209,19.1,19.4,18.13,18.7,31300,0
20131210,18.14,18.67,17.75,18.2,1041300,0
20131211,18.38,19.24,18.11,18.31,79989,0
20131212,18.5,18.7,18.44,18.49,22500,0
20131213,18.5,18.53,18.14,18.41,39300,0
20131216,18.69,18.99,17.02,17.26,207700,0
20131217,17.9,18,17.01,17.83,44700,0
20131218,18.03,18.36,16.524,16.88,80823,0
20131219,16.9,16.94,15.55,15.99,77975,0
20131220,16,17.2,16,16.83,112000,0
20131223,18,18.6,17,18.15,91800,0
20131224,18.6,18.74,17.95,18.73,41826,0
20131226,18.99,19.42,18.79,19.28,107300,0
20131227,19.24,19.29,19,19.16,64973,0
20131230,19.08,19.66,19,19.05,35500,0
20131231,18.91,19.38,18.91,19.1,43200,0
20140102,19.11,19.43,19.02,19.1,90453,0
20140103,19.31,19.31,18.95,19.1,108916,0
20140106,19.25,20.48,19.16,19.67,220807,0
20140107,19.84,21.13,19.05,19.29,115300,0
20140108,19.2,19.74,18.71,19.08,97900,0
20140109,19.27,19.27,18.762,18.93,62806,0
20140110,18.79,18.79,18.29,18.7,40050,0
20140113,18.68,18.7,18.23,18.42,67100,0
20140114,18.38,18.63,18.244,18.6,136633,0
20140115,18.54,18.7,18.11,18.39,79400,0
20140116,18.25,18.79,17.75,18.57,35600,0
20140117,18.6,18.85,17.97,18.72,83900,0
20140121,18.75,19.25,18.56,18.96,87405,0
20140122,18.98,19,18.61,18.88,77754,0
20140123,18.75,19,18.35,18.99,145100,0
20140124,18.95,18.96,18.34,18.76,186200,0
20140127,18.61,18.75,17.75,18.21,129300,0
20140128,17.91,19.48,17.91,19.29,441100,0
20140129,19.15,19.97,19.15,19.75,3898968,0
20140130,20,22.89,19.85,21.64,723800,0
20140131,21.31,21.71,20.25,21.51,361800,0
20140203,21.54,22.09,19.94,20.18,357905,0
20140204,20.44,21.98,20,20.68,279637,0
20140205,20.98,21.78,20.1,21.17,227047,0
20140206,21.25,21.65,20.39,21.64,288466,0
20140207,21.54,23.45,21.485,22.62,623136,0
20140210,22.47,24.31,22.33,24.28,509488,0
20140211,25.5,25.5,22.95,23.08,236088,0
20140212,23.58,23.58,21.751,22.44,335415,0
20140213,22.09,22.09,20.72,20.89,415131,0
20140214,20.67,20.99,20.15,20.55,207007,0
20140218,20.79,20.98,20.4,20.61,313708,0
20140219,20.6,21.98,20.6,21.81,184461,0
20140220,21.98,22.66,21.67,22.24,249064,0
20140221,21.89,22.56,21.89,22.34,157822,0
20140224,22.4,22.64,21.91,22.09,146642,0
20140225,21.99,22.49,21.55,22.42,155937,0
20140226,22.55,23.88,22.01,22.89,197134,0
20140227,22.87,23.37,22.68,23.28,166851,0
20140228,23.39,23.57,22.37,23.37,282279,0
20140303,22.923,23.817,22.462,22.91,235276,0
20140304,23.14,23.54,22.22,22.28,200349,0
20140305,22.24,22.54,21.51,21.77,127714,0
20140306,21.99,22.35,20.38,20.66,159313,0
20140307,20.78,21.04,19.62,20.57,311573,0
20140310,21.05,21.05,19.56,20.02,851945,0
20140311,20.18,20.23,19,19.3,428341,0
20140312,19.45,19.68,18.89,19.42,301048,0
20140313,19.41,20.744,17.34,17.6,325103,0
20140314,17.31,18.185,16.67,17.03,397028,0
20140317,17,17.37,16.68,17.01,274139,0
20140318,17,17.74,16.63,17.39,272976,0
20140319,17.36,17.49,17.2,17.42,232407,0
20140320,17.64,18.44,17.39,18.11,215028,0
20140321,18.27,19.57,17.5,18.05,363593,0
20140324,19.06,19.526,17.79,18.08,350136,0
20140325,18.09,18.59,17.908,18.4,239428,0
20140326,18.48,18.98,18.31,18.85,262200,0
20140327,18.75,19.2,18.37,18.97,182744,0
20140328,19.12,19.19,18.141,18.78,222282,0
20140331,18.78,18.9,18.27,18.56,213962,0
20140401,18.73,18.94,18.1,18.6,175013,0
20140402,18.58,18.91,18.23,18.6,172525,0
20140403,18.63,18.63,17.74,18.21,246245,0
20140404,17.581,18.32,17.205,17.37,299171,0
20140407,17.24,17.38,15.07,15.33,390015,0
20140408,15.3,15.56,14.22,14.27,277638,0
20140409,13.89,16.033,13.75,15.81,498871,0
20140410,15.74,16.02,14.7,15.02,563939,0
20140411,14.85,15.06,13.81,13.95,334686,0
20140414,14.01,14.132,13.34,13.71,250864,0
20140415,13.67,14.02,13.05,13.37,329149,0
20140416,13.51,13.77,13.11,13.54,224510,0
20140417,13.208,14.199,13.208,13.96,131025,0
20140421,13.95,14.138,13.64,13.97,183544,0
20140422,14.07,15.61,14.04,15.3,282332,0
20140423,15.25,15.25,13.76,14.06,197747,0
20140424,14.93,15.05,14.02,14.06,193855,0
20140425,14.15,14.15,13.21,13.55,231321,0
20140428,13.58,14.09,12.85,13.82,428181,0
20140429,13.75,14.92,13.75,13.96,290901,0
20140430,13.85,14.3,13.3,13.78,211232,0
20140501,13.74,14.01,13.35,13.55,170752,0
20140502,13.94,14.12,13.28,13.63,173932,0
20140505,13.5,14.09,13.33,13.88,202858,0
20140506,13.86,14.26,13.31,13.38,103440,0
20140507,13.36,13.36,11.74,11.87,248659,0
20140508,11.76,12.196,11.34,11.41,133084,0
20140509,11.44,11.78,11.12,11.7,105522,0
20140512,11.73,12.7,11.63,12.35,250835,0
20140513,12.4,13,12.04,12.19,214065,0
20140514,12.1,12.47,11.28,11.77,148627,0
20140515,12.32,12.93,11.71,11.94,200956,0
20140516,11.95,12.49,11.43,12.35,278824,0
20140519,12.34,12.63,11.94,12.17,112564,0
20140520,12.2,12.6,12,12.55,231714,0
20140521,12.65,12.954,12.3,12.53,183459,0
20140522,12.5,13.27,12.5,13.12,98327,0
20140523,13.14,13.14,12.3,12.57,238861,0
20140527,12.59,13.27,12.44,13.13,148043,0
20140528,13.03,13.58,12.75,13.46,96439,0
20140529,13.45,13.8,12.88,13.63,115533,0
20140530,13.56,14.34,13.45,14.06,202343,0
20140602,14.02,14.35,13.37,14.28,285877,0
20140603,14.11,14.13,13.65,14.02,114993,0
20140604,14.36,14.63,13.91,14.58,110812,0
20140605,14.6,14.66,13.86,14.08,147338,0
20140606,14.23,14.98,14.23,14.73,139902,0
20140609,14.54,15,14.48,14.69,226349,0
20140610,14.74,14.83,14.31,14.8,85900,0
20140611,14.76,14.82,14.3,14.52,83819,0
20140612,14.5,14.54,14.095,14.22,106700,0
20140613,14.45,14.57,13.96,14.12,128009,0
20140616,14,14.82,13.44,14.72,213407,0
20140617,14.6,15.24,14.37,14.88,236614,0
20140618,14.78,15.78,14.555,15.72,300796,0
20140619,15.96,15.96,14.83,15.03,111197,0
20140620,15.11,15.49,14.88,15.15,165418,0
20140623,15.2,15.94,15,15.8,161461,0
20140624,15.43,15.855,15.43,15.64,166651,0
20140625,15.54,15.89,14.65,14.79,248449,0
20140626,14.79,14.99,14.12,14.98,189151,0
20140627,14.89,15.2,14.326,14.91,2320591,0
20140630,14.95,15.74,14.73,15.61,271047,0
20140701,15.65,16.47,15.5,16.28,216837,0
20140702,16.32,17.32,16.25,17.26,215000,0
20140703,17.28,17.94,17.21,17.9,141110,0
20140707,17.94,17.94,16.82,17.14,269175,0
20140708,17.05,17.05,15.4,15.465,214164,0
20140709,15.47,15.47,14.72,15.32,174170,0
20140710,14.95,15.14,14.63,14.78,172177,0
20140711,14.77,14.91,14.52,14.57,79737,0
20140714,14.8,15.22,14.1,14.33,135303,0
20140715,14.69,14.71,13.52,13.63,142941,0
20140716,13.74,13.8,13.01,13.13,148173,0
20140717,13.01,13.492,12.46,12.66,205923,0
20140718,12.62,13.745,12.56,12.82,227178,0
20140721,12.77,13.106,12.5,12.92,174925,0
20140722,13.03,13.496,12.78,12.94,100211,0
20140723,13.01,13.33,12.53,12.56,145413,0
20140724,12.59,12.91,12.405,12.55,158357,0
20140725,12.47,12.63,12.41,12.45,166751,0
20140728,12.32,12.42,11.89,12.25,121462,0
20140729,12.27,12.702,12.08,12.16,128598,0
20140730,12.27,12.34,12.03,12.21,139183,0
20140731,12,12.46,11.51,11.53,142365,0
20140801,11.53,11.63,11.17,11.55,124389,0
20140804,11.66,12.135,11.5,11.97,221928,0
20140805,11.95,12.02,11.4,11.57,127784,0
20140806,11.42,11.91,11.42,11.64,112651,0
20140807,11.7,11.758,11.02,11.18,91132,0
20140808,11.23,11.496,11.01,11.05,96147,0
20140811,11.04,11.09,9.94,10.4,715309,0
20140812,10.33,11.42,10.33,11.12,224944,0
20140813,11.14,11.44,10.29,10.91,174649,0
20140814,10.91,11.61,10.6,11.4,150235,0
20140815,11.52,11.69,10.855,11.03,136390,0
20140818,11.18,11.57,10.982,11.51,173757,0
20140819,11.5,11.67,11.32,11.59,91786,0
20140820,11.5,12.48,11.5,12.29,144312,0
20140821,12.26,12.308,11.76,12.08,153113,0
20140822,11.96,12.07,11.61,11.75,122375,0
20140825,11.89,12.39,11.79,12.16,98104,0
20140826,12.13,12.43,12.13,12.24,96209,0
20140827,12.28,12.56,11.82,11.93,110484,0
20140828,11.82,11.82,11.31,11.48,73205,0
20140829,11.47,11.8,11.4,11.62,75167,0
20140902,11.64,11.88,11.56,11.72,124882,0
20140903,12.02,12.2,11.49,11.52,59110,0
20140904,11.57,11.968,10.83,10.88,136715,0
20140905,10.86,11.1,10.8,11,137212,0
20140908,10.99,11.888,10.86,11.2,112293,0
20140909,11.14,12.618,11.14,12.25,276467,0
20140910,12.22,12.67,11.71,12.09,114579,0
20140911,11.99,12.888,11.28,11.6,279187,0
20140912,11.6,11.62,10.7,11.05,240683,0
20140915,11.01,11.224,10.26,10.36,142417,0
20140916,10.3,10.8,10.11,10.14,93701,0
20140917,9.72,10.3,9.6,10.07,1673165,0
20140918,10.1,10.47,9.78,10.03,283696,0
20140919,10.07,10.29,9.73,10,435771,0
20140922,10.09,10.47,9.94,10.18,339821,0
20140923,10.09,10.5,9.96,10.15,353960,0
20140924,10.23,10.775,9.98,10.61,315825,0
20140925,10.58,10.58,10.028,10.27,166505,0
20140926,10.35,10.88,10.058,10.74,243108,0
20140929,10.57,10.99,10.45,10.74,129637,0
20140930,10.74,10.97,9.96,10.04,593552,0
20141001,10.05,10.05,9.23,9.59,312525,0
20141002,9.62,10.3,9.2,10.12,177805,0
20141003,10.25,10.78,9.96,10.62,167803,0
20141006,10.9,10.91,9.78,10,267759,0
20141007,10.38,10.675,9.9,9.92,384320,0
20141008,9.95,10.31,9.55,10.28,401227,0
20141009,10.25,10.89,9.96,10.11,331226,0
20141010,10.52,10.68,9.78,10.1,307038,0
20141013,10.17,10.57,9.63,10.21,307326,0
20141014,10.37,10.781,10.06,10.27,268774,0
20141015,10.08,10.74,9.74,10.68,236350,0
20141016,10.42,11.48,10.06,11.34,264759,0
20141017,11.55,11.653,10.78,10.91,249288,0
20141020,10.82,11.42,10.34,10.45,194378,0
20141021,10.57,10.905,10.34,10.71,168019,0
20141022,10.73,11.06,10.149,10.21,204308,0
20141023,10.39,10.74,10.12,10.31,164841,0
20141024,10.33,10.86,10.17,10.42,124516,0
20141027,10.25,10.315,9.87,10.15,143042,0
20141028,10.29,10.81,10.2,10.6,160189,0
20141029,10.6,10.75,10.34,10.69,167813,0
20141030,10.6,11.4,10.45,11.29,168885,0
20141031,11.65,11.68,11.15,11.2,281581,0
20141103,11.26,11.48,10.89,11.45,153485,0
20141104,11.45,11.77,11.11,11.66,215544,0
20141105,11.8,11.8,11.15,11.3,190367,0
20141106,11.38,11.45,11.03,11.34,144938,0
20141107,11.35,11.46,11.04,11.16,272628,0
20141110,11.21,11.87,11.2,11.8,211703,0
20141111,12.09,12.09,11.01,11.93,327968,0
20141112,11.94,13.38,11.81,12.51,346873,0
20141113,12.56,12.83,12.25,12.35,190719,0
20141114,12.32,12.77,12.09,12.19,194687,0
20141117,12.2,12.83,12.122,12.43,217886,0
20141118,12.57,13.05,12.18,12.5,287749,0
20141119,12.52,13.16,12.4,12.52,359552,0
20141120,12.46,12.828,12.43,12.6,227463,0
20141121,12.95,13.05,12.56,12.94,262835,0
20141124,13.11,13.66,13.08,13.47,250740,0
20141125,13.52,13.75,13.2,13.34,119355,0
20141126,13.4,13.93,13.28,13.5,192055,0
20141128,13.27,13.83,13.17,13.25,84626,0
20141201,13.21,13.44,12.53,12.92,337444,0
20141202,13,13.4,12.89,13.34,121746,0
20141203,13.34,13.73,13.21,13.28,168508,0
20141204,13.26,13.52,13.01,13.22,101337,0
20141205,13.2,13.72,13.15,13.5,232622,0
20141208,13.5,13.825,13.29,13.5,164327,0
20141209,13.25,14.09,13.25,13.99,238404,0
20141210,13.84,14.14,13.68,13.74,131883,0
20141211,13.75,14.09,13.5,13.63,241903,0
20141212,13.42,14.08,13.26,13.49,236286,0
20141215,13.65,13.7,12.51,12.59,380708,0
20141216,12.49,12.7,11.85,11.88,306338,0
20141217,11.81,12.59,11.72,12.52,194789,0
20141218,12.75,13.18,12.65,13.07,225896,0
20141219,15.77,16.58,14.77,16.43,2907075,0
20141222,16.17,18.16,15.81,17.5,1050135,0
20141223,17.52,17.745,16.5,16.63,412260,0
20141224,16.75,17.182,16.53,17.05,174786,0
20141226,17.18,17.54,16.99,17.49,192151,0
20141229,17.49,17.74,17.35,17.7,151874,0
20141230,18,18,17.48,17.7,208237,0
20141231,17.76,18,17.484,17.82,300261,0
20150102,18.03,18.3,17.46,18.21,208020,0
20150105,18.03,18.32,17.5,17.76,314045,0
20150106,18.28,18.6,17.12,18.35,286177,0
20150107,18.5,18.5,17.568,18.19,216363,0
20150108,18.4,18.91,18.13,18.56,125741,0
20150109,18.24,18.98,18.24,18.6,165213,0
20150112,18.76,18.905,18.35,18.67,161004,0
20150113,18.89,19.53,18.36,18.94,371733,0
20150114,18.63,19.22,18.26,18.9,202840,0
20150115,19.22,19.23,17.69,17.78,180433,0
20150116,17.69,18.67,17.22,18.63,167736,0
20150120,18.88,18.88,17.86,18.31,137011,0
20150121,18.3,18.34,16.8,17.11,221465,0
20150122,17.59,17.59,16.71,17.34,351799,0
20150123,17.36,17.6,16.88,17.12,157750,0
20150126,17.05,17.75,16.67,17.58,303536,0
20150127,17.26,18.08,17.26,17.59,272228,0
20150128,17.6,17.6,17.03,17.23,244232,0
20150129,17.34,17.34,16.94,17.18,214327,0
20150130,16.98,17.49,16.54,16.57,212259,0
20150202,16.57,16.57,15.73,16.24,277123,0
20150203,16.24,16.5,15.42,15.72,143108,0
20150204,15.53,15.64,15.18,15.23,253337,0
20150205,15.35,16.65,15.14,16.56,236248,0
20150206,16.43,16.76,15.75,15.78,100617,0
20150209,16.04,16.5,15.77,15.81,168842,0
20150210,16,16.18,15.49,16.17,100779,0
20150211,16.08,17.24,16.08,16.55,245398,0
20150212,16.7,16.86,16.3,16.62,135314,0
20150213,16.62,17.27,16.45,16.52,132963,0
20150217,16.58,17.17,16.58,16.78,104593,0
20150218,16.78,16.97,16.23,16.84,130511,0
20150219,16.83,17,16.5,16.6,107339,0
20150220,16.65,17,16.09,16.98,275291,0
20150223,16.92,17.41,16.57,17.06,109628,0
20150224,17.45,18.75,17.36,18.17,526910,0
20150225,19.25,19.25,18.3,18.76,438072,0
20150226,19,19.305,18.4,19.23,248876,0
20150227,19.17,19.4,18.6,19.26,258689,0
20150302,19.21,19.95,19.11,19.87,270800,0
20150303,19.81,19.85,19.04,19.17,190300,0
20150304,19.04,19.72,18.55,19.65,257600,0
20150305,19.64,19.98,19.32,19.98,247200,0
20150306,19.85,20.63,19.53,19.66,360100,0
20150309,19.73,20.49,18.86,19.53,200700,0
20150310,19.23,19.3,18.35,18.78,257500,0
20150311,19.23,19.23,18.14,18.64,352800,0
20150312,18.8,19.07,18.46,18.64,320600,0
20150313,18.37,18.99,18.02,18.78,351400,0
20150316,18.73,19,18.25,18.53,188400,0
20150317,18.46,18.5,17.97,18.44,171000,0
20150318,18.4,18.79,18.1,18.68,211000,0
20150319,18.72,19.16,18.08,19.04,216000,0
20150320,19.02,19.27,18.18,18.74,1472400,0
20150323,18.74,19.32,18.6,18.99,373100,0
20150324,18.89,18.94,18.39,18.45,124100,0
20150325,18.48,18.52,16.96,16.96,187100,0
20150326,16.74,17.03,16.27,16.47,163300,0
20150327,16.5,16.85,16.12,16.25,144400,0
20150330,16.41,16.62,16.28,16.53,121300,0
20150331,16.44,16.7,16,16.01,245400,0
20150401,15.88,16,15.02,15.63,343000,0
20150402,15.7,15.96,15.4,15.64,224800,0
20150406,15.6,15.95,15.25,15.57,218900,0
20150407,15.71,16.39,15.26,15.73,190364,0
20150408,15.66,16.32,15.66,16.12,161600,0
20150409,16.17,16.33,15.55,16.11,219937,0
20150410,16.43,16.58,16.09,16.25,158500,0
20150413,16.74,16.74,15.98,16.05,123500,0
20150414,16.03,16.47,15.77,16.12,89000,0
20150415,16.25,16.92,15.98,16.41,244524,0
20150416,16.44,16.67,16.18,16.52,139016,0
20150417,16.36,16.91,16.12,16.19,313900,0
20150420,16.29,16.56,15.72,16.48,392189,0
20150421,16.62,16.7,15.92,16.14,137826,0
20150422,16.21,16.44,15.87,16.15,140445,0
20150423,16.1,16.54,15.8,16.29,144100,0
20150424,16.24,16.47,15.84,15.86,214100,0
20150427,15.96,16.2,14.47,14.56,329100,0
20150428,14.62,15,13.86,14.54,202900,0
20150429,14.47,14.9,14.21,14.26,232400,0
20150430,14.06,14.28,12.52,12.91,470100,0
20150501,13.09,13.58,12.89,12.9,250900,0
20150504,13.44,13.46,12.94,13.24,385400,0
20150505,13.15,13.17,12.7,12.77,214800,0
20150506,12.74,13.19,12.54,12.84,241609,0
20150507,12.77,13.67,12.65,13.26,180848,0
20150508,13.62,14.74,13.32,13.49,223800,0
20150511,14.02,14.09,13.49,13.83,239100,0
20150512,13.73,14.04,13.4,13.81,145825,0
20150513,13.85,13.98,13.32,13.38,95000,0
20150514,13.47,13.99,13.18,13.88,188800,0
20150515,13.88,14.21,13.4,13.42,130145,0
20150518,13.27,13.71,13.21,13.64,172506,0
20150519,13.62,13.94,13.49,13.51,172300,0
20150520,13.52,13.67,13.23,13.48,200800,0
20150521,13.44,13.81,13.42,13.51,109600,0
20150522,13.53,13.74,13.25,13.41,83700,0
20150526,13.26,13.51,12.86,12.92,137352,0
20150527,12.9,13.43,12.77,13.29,126100,0
20150528,13.23,13.71,13.08,13.7,197835,0
20150529,13.63,13.85,13.51,13.57,159200,0
20150601,13.76,13.81,13.28,13.49,145200,0
20150602,13.47,13.62,13.24,13.31,180772,0
20150603,13.44,13.99,13.29,13.83,380700,0
20150604,13.85,14.25,13.71,13.79,229800,0
20150605,13.73,14.89,13.58,14.72,330300,0
20150608,14.75,14.85,13.66,14.02,270100,0
20150609,13.96,14.67,13.9,14.62,227290,0
20150610,14.56,14.6,14.11,14.4,257010,0
20150611,14.43,15.04,14.35,15,259047,0
20150612,14.87,15.1,14.79,14.92,151200,0
20150615,14.67,14.79,14.23,14.34,247600,0
20150616,14.29,14.52,14.19,14.21,316700,0
20150617,14.27,14.4,13.87,14.03,228100,0
20150618,14.19,14.41,13.94,14.27,251500,0
20150619,14.34,14.54,13.65,14.44,289400,0
20150622,14.59,14.82,14.44,14.71,401400,0
20150623,14.8,14.8,14.02,14.08,213063,0
20150624,14.15,14.46,13.5,13.54,198400,0
20150625,13.49,13.49,11.69,13.2,196200,0
20150626,13.27,13.8,13.02,13.44,374700,0
20150629,15.15,16,14.22,14.85,2073200,0
20150630,14.68,15.25,14.382,15.12,344531,0
20150701,15.31,15.47,14.26,14.38,283100,0
20150702,14.36,14.74,13.83,14.17,418300,0
20150706,14.09,14.7,13.75,14.69,618300,0
20150707,14.67,14.95,14.26,14.83,191800,0
20150708,14.65,15.12,14.27,14.53,287400,0
20150709,14.81,15.48,14.76,15.29,313200,0
20150710,15.56,15.74,15.11,15.63,229600,0
20150713,15.92,16.64,15.77,16.55,329200,0
20150714,16.57,16.86,16.171,16.77,371959,0
20150715,16.99,17.64,16.775,17.57,1936492,0
20150716,17.65,18.2,16.97,18.03,447200,0
20150717,17.99,18.38,17.61,18.35,448800,0
20150720,18.39,18.39,17.55,18.32,422100,0
20150721,18.3,18.35,17.93,18.32,228800,0
20150722,18.1,18.83,18.02,18.71,311500,0
20150723,18.68,18.98,18.44,18.94,391200,0
20150724,18.72,19.64,18.66,19.02,441000,0
20150727,19,19.85,17.7,19.68,468500,0
20150728,19.71,19.75,18.09,18.39,661000,0
20150729,19.06,19.06,17.81,17.99,379600,0
20150730,17.85,18.3,16.79,17.81,430500,0
20150731,17.84,18.18,17.45,17.62,208500,0
20150803,17.71,18.02,17.22,17.38,163071,0
20150804,17.32,17.65,17.1,17.57,159700,0
20150805,17.6,18.02,17.35,17.64,199300,0
20150806,17.43,17.96,16.7,16.89,319097,0
20150807,16.79,17.2,14.61,17.04,508900,0
20150810,17.02,17.77,17.02,17.57,287300,0
20150811,17.47,17.66,16.84,17.27,346634,0
20150812,17.09,18.45,16.9,18.22,404700,0
20150813,17.92,17.92,17.06,17.4,588900,0
20150814,17.31,17.59,16.66,16.98,285900,0
20150817,16.85,17.23,16.74,17.06,361600,0
20150818,17.15,17.25,16.82,17.05,257000,0
20150819,17,17.75,16.81,17.65,427400,0
20150820,17.47,17.98,16.84,16.87,394900,0
20150821,16.52,17.6,16.25,17.4,450600,0
20150824,16.3,17.69,13.49,16.93,469549,0
20150825,17.37,17.87,16.78,17.43,609000,0
20150826,17.53,17.94,15.79,17.3,478500,0
20150827,17.39,17.64,16.91,17.55,320000,0
20150828,17.54,17.67,17.26,17.64,260500,0
20150831,17.64,18.15,17.31,17.66,305700,0
20150901,17.33,18.23,17.3,17.52,340900,0
20150902,17.8,18.56,17.4,18.53,449500,0
20150903,18.69,18.7,17.52,17.59,251300,0
20150904,17.32,18,16.9,17.3,184900,0
20150908,17.49,18.16,17.35,17.67,238900,0
20150909,17.89,18.18,17.44,18.02,204000,0
20150910,17.87,18.65,17.87,18.4,381068,0
20150911,18.24,18.49,17.94,18.44,332900,0
20150914,18.5,18.91,17.87,18.11,348100,0
20150915,18.08,18.59,17.47,17.87,260800,0
20150916,17.95,18.47,17.61,18.44,170300,0
20150917,18.37,19.89,18.37,19.79,324746,0
20150918,19.57,19.99,19.26,19.73,539900,0
20150921,19.2,19.3,18.07,18.48,357500,0
20150922,18.18,18.39,17.2,17.31,285400,0
20150923,17.32,17.51,16.66,16.97,377600,0
20150924,16.74,17.63,16.72,17.49,368420,0
20150925,15.97,16.35,10.52,10.67,2950400,0
20150928,10.28,10.45,7.71,8.37,2113604,0
20150929,8.29,8.83,7.76,7.83,1088700,0
20150930,7.97,8.48,7.88,8.46,761100,0
20151001,8.43,8.43,7.55,8.37,586000,0
20151002,8.26,9.01,8.03,9,826900,0
20151005,9.19,9.48,8.43,8.59,631412,0
20151006,8.52,8.58,7.82,8.29,734500,0
20151007,8.23,8.49,8.03,8.27,843200,0
20151008,8.3,8.35,7.86,8.24,451400,0
20151009,8.26,8.48,8.09,8.33,439100,0
20151012,8.29,8.3,7.78,8.04,474923,0
20151013,8.05,8.21,7.64,7.66,328200,0
20151014,7.65,7.94,7.1,7.18,409600,0
20151015,7.25,7.58,7.06,7.51,367600,0
20151016,7.51,7.57,7.14,7.32,375200,0
20151019,7.32,7.54,6.75,7.22,464000,0
20151020,7.24,7.39,6.19,6.195,565225,0
20151021,6.2,6.52,5.91,6.34,658700,0
20151022,6.31,6.47,5.76,5.98,617300,0
20151023,6.14,6.48,5.81,6.43,563800,0
20151026,6.39,6.72,6.19,6.44,780400,0
20151027,6.45,6.62,6.31,6.47,369100,0
20151028,6.47,7.18,6.32,7,549100,0
20151029,6.95,7.29,6.64,6.98,554000,0
20151030,7.01,7.15,6.86,6.99,503200,0
20151102,7,7.98,6.9,7.86,500584,0
20151103,7.86,8.13,7.6,7.97,382900,0
20151104,8.02,8.24,7.61,7.7,389309,0
20151105,7.69,7.89,7.2,7.24,412100,0
20151106,7.2,7.61,6.51,7.59,437300,0
20151109,7.54,7.9,7.33,7.59,335695,0
20151110,7.59,7.67,6.58,6.74,381900,0
20151111,6.74,7.39,6.66,7,210200,0
20151112,6.94,7.46,6.39,6.47,631800,0
20151113,6.48,6.63,5.93,6.13,677800,0
20151116,6.1,6.4,5.9,6.01,421800,0
20151117,6.06,6.09,5.53,5.68,594900,0
20151118,5.72,6.18,5.53,6.15,742800,0
20151119,6.12,6.22,5.56,5.59,373000,0
20151120,5.63,6,5.63,5.73,680800,0
20151123,5.7,6,5.68,5.79,470300,0
20151124,5.78,6.04,5.78,6,418500,0
20151125,5.99,6.13,5.76,5.96,333300,0
20151127,6.01,6.24,5.95,6.13,208200,0
20151130,6.1,6.15,5.57,5.86,849400,0
20151201,5.87,5.91,5.5,5.89,410707,0
20151202,5.94,6.1,5.85,5.96,517708,0
20151203,5.99,6.08,5.67,5.84,286567,0
20151204,5.82,5.9,5.67,5.77,358100,0
20151207,5.78,6.01,5.3,5.38,386200,0
20151208,5.31,5.72,5.2,5.52,974605,0
20151209,5.52,5.93,5.48,5.9,874500,0
20151210,5.85,6.03,5.8,5.95,595900,0
20151211,5.82,6,5.66,5.74,388400,0
20151214,5.71,5.73,5.51,5.66,531490,0
20151215,5.6,6,5.47,5.55,660400,0
20151216,5.55,5.93,5.49,5.65,732200,0
20151217,5.69,5.77,5.43,5.53,476500,0
20151218,5.53,5.92,5.52,5.79,1691000,0
20151221,5.82,6.31,5.62,6.24,435600,0
20151222,6.28,6.45,6.1278,6.26,445082,0
20151223,6.3,6.59,6.22,6.46,372300,0
20151224,6.5,6.51,6.3101,6.47,89938,0
20151228,6.42,6.52,6.05,6.09,476533,0
20151229,6.17,6.19,5.83,5.92,415747,0
20151230,5.85,6.02,5.76,5.79,292830,0
20151231,5.78,5.78,5.47,5.58,255254,0
20160104,5.43,5.5,4.99,5.03,370645,0
20160105,4.88,5.145,4.74,4.78,404569,0
20160106,4.73,4.73,4.37,4.56,637902,0
20160107,4.44,4.472,4.1,4.11,560846,0
20160108,4.2,4.5,3.57,3.82,752561,0
20160111,3.82,3.93,3.44,3.54,515911,0
20160112,3.61,3.77,3.22,3.32,480667,0
20160113,3.33,3.5,2.96,2.98,808269,0
20160114,3.01,3.31,2.91,3.19,965068,0
20160115,3.03,3.1199,2.81,3.07,511106,0
20160119,3.13,3.17,2.88,2.95,396100,0
20160120,2.88,3.2,2.65,3.11,587292,0
20160121,3.12,3.43,3.07,3.13,712307,0
20160122,3.2,3.3,3.08,3.14,424328,0
20160125,3.16,3.29,3.09,3.19,574768,0
20160126,3.53,3.6,3.13,3.24,2088234,0
20160127,3.24,3.32,2.99,3.12,762270,0
20160128,3.24,3.25,3.04,3.15,512792,0
20160129,3.14,3.38,3.14,3.37,410237,0
20160201,3.33,3.46,3.21,3.35,403633,0
20160202,3.31,3.37,3.13,3.2,345673,0
20160203,3.24,3.35,3.1,3.3,290439,0
20160204,3.54,4.19,3.42,3.59,1728395,0
20160205,3.56,3.56,3.25,3.29,718683,0
20160208,3.2,3.2487,2.885,2.96,615259,0
20160209,2.9,3.02,2.67,2.68,940618,0
20160210,2.7,2.98,2.6,2.75,424111,0
20160211,2.68,2.7716,2.64,2.65,417849,0
20160212,2.72,2.725,2.56,2.7,396763,0
20160216,2.79,3.16,2.73,3.09,476740,0
20160217,3.14,3.43,3.1,3.36,480880,0
20160218,3.5,3.5001,3.14,3.29,662706,0
20160219,3.26,3.26,3.035,3.13,481707,0
20160222,3.18,3.41,3.132,3.36,423739,0
20160223,3.33,3.68,3.31,3.54,576809,0
20160224,3.5,3.5,3.2,3.38,430075,0
20160225,3.4,3.42,3.18,3.34,338018,0
20160226,3.38,3.499,3.3199,3.35,224018,0
20160229,3.4,3.43,3.25,3.27,289906,0
20160301,3.33,3.4,3.15,3.34,289839,0
20160302,3.33,3.64,3.25,3.6,424064,0
20160303,3.63,3.98,3.61,3.96,667246,0
20160304,3.98,4.5,3.97,4.04,628238,0
20160307,4.04,4.83,4,4.6,1167660,0
20160308,4.52,4.9,4.22,4.27,1061841,0
20160309,4.3,4.4099,3.81,3.93,635375,0
20160310,3.93,4.037,3.72,3.84,319387,0
20160311,3.91,4.45,3.88,4.3,625337,0
20160314,4.27,4.69,4.17,4.6,659219,0
20160315,4.3,4.55,3.901,4.17,1040462,0
20160316,4.16,4.4,4,4.18,476346,0
20160317,4.19,4.3,4.01,4.26,570955,0
20160318,4.36,4.585,4.16,4.51,693268,0
20160321,4.45,6.17,4.43,5.19,2971484,0
20160322,5.48,5.58,4.74,4.86,2770660,0
20160323,5.01,5.28,4.881,5.1,1602931,0
20160324,5.04,5.28,4.76,5.15,844881,0
20160328,5.25,5.34,4.96,5.03,695198,0
20160329,4.99,5.38,4.85,5.31,553696,0
20160330,5.4,5.48,5.13,5.21,426131,0
20160331,5.21,6.02,5.21,5.52,1558185,0
20160401,5.4,6.179,5.33,6.14,1023218,0
20160404,6.2,6.93,6.1,6.52,1434004,0
20160405,6.4,7.06,6.25,6.66,1040463,0
20160406,6.7,7.52,6.7,7.23,1382361,0
20160407,7.21,7.75,6.6,6.82,1015048,0
20160408,6.93,6.99,6.2,6.34,1143322,0
20160411,6.4,6.63,6.27,6.45,545480,0
20160412,6.46,6.82,6.36,6.42,595453,0
20160413,6.48,6.62,6.27,6.55,418103,0
20160414,6.6,6.63,6.325,6.42,279284,0
20160415,6.42,6.72,6.365,6.57,286545,0
