Date,Open,High,Low,Close,Volume,OpenInt
20110414,8.9029,9.0674,8.8309,9.0674,291325,0
20110415,9.0674,9.0796,8.838,8.9818,295888,0
20110418,8.8983,8.9667,8.8659,8.8983,135299,0
20110419,8.995,8.995,8.7956,8.8309,149152,0
20110420,8.8724,8.9667,8.6591,8.7499,370249,0
20110421,8.6801,8.8789,8.6591,8.7626,148609,0
20110425,8.8234,8.8234,8.6946,8.6946,77233,0
20110426,8.6946,8.7874,8.6664,8.6801,115143,0
20110427,9.0522,9.0522,8.6728,8.7303,106491,0
20110428,8.7681,8.8309,8.7303,8.7626,99594,0
20110429,8.769,8.827,8.6991,8.827,104931,0
20110502,8.7303,8.8309,8.6946,8.8234,79200,0
20110503,8.8234,8.8309,8.7156,8.7552,132162,0
20110504,8.7303,9.027,8.7156,9.027,188154,0
20110505,9.0081,9.1684,8.917,9.1022,337577,0
20110506,9.1387,9.304,9.0157,9.304,171753,0
20110509,9.1684,9.1739,8.9818,8.9818,41638,0
20110510,9.1951,9.1951,9.0322,9.0722,91513,0
20110511,9.0722,9.2689,8.9591,9.0674,55514,0
20110512,8.9818,9.1022,8.9375,9.0674,44608,0
20110513,9.0157,9.0322,8.917,8.932,77100,0
20110516,8.917,9.0081,8.9029,8.9029,35729,0
20110517,8.851,9.027,8.838,8.9667,16904,0
20110518,8.8789,8.995,8.8085,8.8085,63904,0
20110519,8.9591,8.9667,8.7681,8.8309,158139,0
20110520,8.7312,8.9048,8.7312,8.8325,85213,0
20110523,8.7303,8.8309,8.7303,8.8234,49940,0
20110524,8.8659,8.8659,8.6664,8.7735,85952,0
20110525,8.7956,8.892,8.737,8.8789,125691,0
20110526,8.7499,8.9591,8.7303,8.932,82256,0
20110527,8.961,8.961,8.7818,8.8883,38560,0
20110531,8.8935,9.1262,8.8309,9.0522,104946,0
20110601,8.9818,8.9818,8.6801,8.932,178934,0
20110602,8.7499,8.9743,8.7499,8.7499,90519,0
20110603,8.7312,8.8528,8.6664,8.6955,115001,0
20110606,8.6946,8.7956,8.6946,8.7431,71492,0
20110607,8.7167,8.8992,8.71,8.8032,91484,0
20110608,8.757,8.8032,8.6272,8.6736,102127,0
20110609,8.645,8.7516,8.566,8.7241,155155,0
20110610,8.7241,8.7241,8.5042,8.6955,88734,0
20110613,8.6609,8.757,8.608,8.6955,29224,0
20110614,8.7241,8.7312,8.5591,8.6609,90364,0
20110615,8.6524,8.6955,8.608,8.6143,46731,0
20110616,8.5769,8.6855,8.4099,8.5144,141955,0
20110617,8.6882,8.7635,8.5042,8.5042,55390,0
20110620,8.5241,8.6398,8.4428,8.4507,82813,0
20110621,8.4428,8.5106,8.4364,8.4364,112588,0
20110622,8.3409,8.4569,8.2044,8.3817,73033,0
20110623,8.3212,8.4223,8.2462,8.3678,109404,0
20110624,8.409,8.6398,8.409,8.4972,82567,0
20110627,8.409,8.5877,8.4022,8.5241,80759,0
20110628,8.4569,8.5241,8.3545,8.4569,86426,0
20110629,8.4711,8.71,8.4711,8.681,107002,0
20110630,8.5932,8.6618,8.3772,8.6541,131218,0
20110701,8.6531,8.6964,8.566,8.6531,51076,0
20110705,8.7251,8.7251,8.4972,8.4972,18738,0
20110706,8.404,8.6855,8.404,8.6044,35882,0
20110707,8.6892,8.6964,8.5159,8.6964,67139,0
20110708,8.6609,8.8114,8.5384,8.7038,36260,0
20110711,8.5591,8.7984,8.5384,8.6277,15150,0
20110712,8.6655,8.7626,8.6044,8.7626,13681,0
20110713,8.6609,8.7644,8.5384,8.5806,36231,0
20110714,8.5384,8.6531,8.5241,8.566,21209,0
20110715,8.6277,8.6531,8.4223,8.6531,47528,0
20110718,8.6277,8.6531,8.4631,8.5384,17005,0
20110719,8.5913,8.5913,8.4657,8.5268,44815,0
20110720,8.4773,8.5877,8.4631,8.5445,52617,0
20110721,8.4703,8.566,8.4703,8.5384,18967,0
20110722,8.4773,8.608,8.4498,8.4631,32442,0
20110725,8.4916,8.5517,8.2982,8.3467,36811,0
20110726,8.4239,8.4239,8.1949,8.2299,180227,0
20110727,8.216,8.2713,8.1752,8.189,107376,0
20110728,8.3063,8.3063,8.098,8.1532,91319,0
20110729,8.3835,8.3835,8.0598,8.1582,63415,0
20110801,8.2104,8.2377,8.0864,8.0864,33502,0
20110802,8.223,8.223,8.1532,8.1532,60727,0
20110803,8.0998,8.216,8.0661,8.1752,26434,0
20110804,8.2035,8.2035,7.9142,8.0449,46069,0
20110805,8.017,8.0932,7.9142,7.9833,33703,0
20110808,7.8806,7.9153,6.6884,7.7093,184082,0
20110809,7.7162,7.7162,6.4552,7.538,153757,0
20110810,7.5489,7.8798,7.2733,7.2733,223529,0
20110811,7.4315,7.4591,7.2108,7.335,156615,0
20110812,7.6453,7.6592,7.163,7.3285,192512,0
20110815,7.5212,7.9488,7.4866,7.7347,192180,0
20110816,7.6728,7.9071,7.6728,7.8104,36244,0
20110817,7.9142,8.1898,7.8728,8.0449,103563,0
20110818,7.9418,7.9623,7.5901,7.7834,71218,0
20110819,7.6935,7.8104,7.6247,7.8104,50663,0
20110822,7.9972,7.9972,7.3901,7.6868,56975,0
20110823,7.8178,7.9279,7.7003,7.8798,17913,0
20110824,7.8798,8.0238,7.8591,8.017,34922,0
20110825,8.017,8.017,7.7834,8.017,52952,0
20110826,8.017,8.1967,7.8591,8.1967,21616,0
20110829,8.1681,8.2722,8.1145,8.2455,33943,0
20110830,8.0932,8.2455,8.0382,8.1967,14795,0
20110831,8.2489,8.2489,8.0498,8.2351,29576,0
20110901,8.2594,8.2594,8.1276,8.2317,11007,0
20110902,8.242,8.2489,7.9792,8.0357,31204,0
20110906,8.0567,8.1532,7.8622,8.0424,58086,0
20110907,8.0409,8.1525,7.6011,7.8664,80083,0
20110908,7.7991,7.7991,7.6885,7.7094,8144,0
20110909,7.758,7.758,7.4873,7.7094,96833,0
20110912,7.6607,7.7719,7.4528,7.7719,57370,0
20110913,7.737,7.737,7.5431,7.6538,14544,0
20110914,7.6816,7.7233,7.5913,7.6748,16997,0
20110915,7.737,7.737,7.4733,7.5913,36228,0
20110916,7.5566,7.7025,7.314,7.4873,27053,0
20110919,7.5151,7.522,7.314,7.4665,29449,0
20110920,7.3207,7.5081,7.217,7.3901,46849,0
20110921,7.4042,7.4873,7.3419,7.397,4794,0
20110922,7.2516,7.5499,7.016,7.5431,54606,0
20110923,7.522,7.5983,7.2863,7.3763,24882,0
20110926,7.2863,7.3901,7.1681,7.3555,31711,0
20110927,7.4248,7.5499,7.0018,7.1752,63527,0
20110928,7.2374,7.4455,7.1476,7.2585,29984,0
20110929,7.1266,7.3901,7.1127,7.3002,20935,0
20110930,7.1736,7.3478,7.1227,7.3187,23576,0
20111003,7.3696,7.397,7.0645,7.2585,65821,0
20111004,7.091,7.1471,6.8042,6.9443,86851,0
20111005,7.0117,7.0401,6.8147,7.005,29927,0
20111006,7.0401,7.1457,7.0117,7.1104,20453,0
20111007,7.0211,7.112,6.9511,7.0211,18668,0
20111010,7.1476,7.2516,6.953,7.1892,29587,0
20111011,7.1327,7.2868,7.077,7.1471,17202,0
20111012,7.2375,7.2868,7.2094,7.217,32754,0
20111013,7.049,7.203,7.049,7.0632,35605,0
20111014,7.056,7.1816,7.056,7.1749,12251,0
20111017,7.1189,7.1958,7.091,7.1536,9108,0
20111018,7.231,7.2518,7.1189,7.231,10810,0
20111019,7.2587,7.3073,7.1676,7.2375,6230,0
20111020,7.2868,7.3008,7.203,7.2657,25434,0
20111021,7.3008,7.3981,7.2235,7.3353,14920,0
20111024,7.3913,7.4821,7.2796,7.4121,81704,0
20111025,7.2724,7.3985,7.2652,7.3286,20348,0
20111026,7.3635,7.3981,7.2727,7.3353,23652,0
20111027,7.4821,7.6011,7.3425,7.58,34577,0
20111028,7.6167,7.6167,7.5957,7.5957,5380,0
20111031,7.4956,7.6762,7.3952,7.5319,65944,0
20111101,7.4062,7.5536,7.3006,7.5114,17598,0
20111102,7.8595,7.8595,7.3772,7.3841,31523,0
20111103,7.4763,7.4763,7.2865,7.3213,81127,0
20111104,7.3224,7.4936,7.3081,7.3942,27629,0
20111107,7.3353,7.4473,7.3073,7.3286,18341,0
20111108,7.3145,7.5044,7.3073,7.4062,23813,0
20111109,7.3073,7.5466,7.0965,7.3006,36931,0
20111110,7.3985,7.4481,7.1807,7.2304,43338,0
20111111,7.1246,7.3566,7.1246,7.3354,26145,0
20111114,7.4062,7.4062,7.2021,7.2724,36548,0
20111115,7.2089,7.3985,7.1387,7.3495,49221,0
20111116,7.2652,7.3636,7.1949,7.3213,39732,0
20111117,7.2582,7.3354,7.1315,7.2021,63490,0
20111118,7.2162,7.2512,7.0471,7.2089,98527,0
20111121,7.1315,7.2226,7.1177,7.2089,46491,0
20111122,7.244,7.3776,7.1665,7.3495,19210,0
20111123,7.3145,7.3566,7.2932,7.2932,31152,0
20111125,7.3286,7.3846,7.2582,7.2582,7894,0
20111128,7.3286,7.3776,7.2089,7.3145,28164,0
20111129,7.2792,7.3776,7.244,7.2512,12117,0
20111130,7.2567,7.4556,7.2051,7.441,37612,0
20111201,7.4552,7.4622,7.3286,7.4062,8850,0
20111202,7.4061,7.5901,7.3985,7.5332,36294,0
20111205,7.6308,7.6308,7.2932,7.3636,53796,0
20111206,7.287,7.5576,7.2654,7.5504,80857,0
20111207,7.5292,7.5576,7.3154,7.5504,38389,0
20111208,7.5504,7.6506,7.4363,7.5863,122240,0
20111209,7.5827,7.7811,7.4626,7.7598,60556,0
20111212,7.6819,8.0787,7.6679,7.7387,56356,0
20111213,7.6964,7.9084,7.689,7.7174,45614,0
20111214,7.7316,7.7387,7.4413,7.5263,54522,0
20111215,7.4695,7.5332,7.25,7.4413,43097,0
20111216,7.5119,7.5263,7.3349,7.4626,19620,0
20111219,7.4061,7.4341,7.1865,7.3139,69235,0
20111220,7.349,7.4626,7.2076,7.4126,83633,0
20111221,7.349,7.5404,7.3066,7.3917,91935,0
20111222,7.3349,7.3349,7.1934,7.2643,229612,0
20111223,7.2439,7.4363,7.2157,7.2937,98823,0
20111227,7.2571,7.3563,7.1934,7.2006,133910,0
20111228,7.2212,7.2857,7.1934,7.2291,105481,0
20111229,7.2924,7.4341,7.2076,7.3634,86144,0
20111230,7.2882,7.4274,7.2444,7.2957,96951,0
20120103,7.4271,7.4838,7.349,7.4483,32336,0
20120104,7.4978,7.5758,7.4483,7.5332,24247,0
20120105,7.5332,7.5827,7.4766,7.5263,33898,0
20120106,7.4791,7.5647,7.4722,7.4936,18112,0
20120109,7.5404,7.5404,7.4554,7.5263,34088,0
20120110,7.6291,7.6431,7.515,7.5434,10409,0
20120111,7.5771,7.6058,7.57,7.5771,23853,0
20120112,7.5843,7.6489,7.5771,7.6131,38941,0
20120113,7.6431,7.6431,7.5576,7.5576,4232,0
20120117,7.6346,7.6562,7.6058,7.6131,11885,0
20120118,7.5218,7.8074,7.465,7.7997,70432,0
20120119,7.7997,8.0357,7.6506,7.8856,57071,0
20120120,8.0069,8.1345,7.7856,8.0424,93237,0
20120123,8.0854,8.1992,7.8571,7.9856,27650,0
20120124,7.8998,7.9496,7.8571,7.8571,13688,0
20120125,7.9283,8.1208,7.7073,7.8571,61278,0
20120126,7.9426,8.1554,7.9283,7.9569,19827,0
20120127,7.9644,8.0942,7.8428,8.0224,20703,0
20120130,8.0567,8.071,7.9426,8.0138,7261,0
20120131,8.0678,8.0678,7.8641,8.0019,39945,0
20120201,8.0214,8.2913,7.9354,8.1554,50163,0
20120202,8.1697,8.2913,8.1697,8.1992,27927,0
20120203,8.2087,8.2868,8.1726,8.1873,37729,0
20120206,8.207,8.2359,8.0854,8.0854,11502,0
20120207,8.0575,8.2087,8.0575,8.2017,23957,0
20120208,8.2087,8.338,8.2017,8.223,98317,0
20120209,8.279,8.381,8.2017,8.374,17171,0
20120210,8.4164,8.4454,8.3529,8.4164,78909,0
20120213,8.4817,8.4817,8.409,8.4393,29224,0
20120214,8.4393,8.4534,8.3589,8.4393,25868,0
20120215,8.4312,8.56,8.409,8.4675,39534,0
20120216,8.4312,8.5384,8.374,8.5384,23992,0
20120217,8.5525,8.6442,8.2308,8.4239,46604,0
20120221,8.4393,8.5302,8.4312,8.4312,5399,0
20120222,8.4675,8.5525,8.4312,8.5302,35771,0
20120223,8.56,8.6442,8.4454,8.5904,37696,0
20120224,8.6107,8.748,8.5826,8.681,11266,0
20120227,8.6315,8.6442,8.4534,8.6442,20278,0
20120228,8.5826,8.5904,8.4312,8.5904,29826,0
20120229,8.4731,8.5769,8.1481,8.4731,51837,0
20120301,8.5445,8.576,8.3167,8.5302,32049,0
20120302,8.5241,8.6468,8.423,8.5393,8798,0
20120305,8.5826,8.618,8.2948,8.4534,22827,0
20120306,8.3229,8.5393,8.2853,8.5034,23567,0
20120307,8.4419,8.5347,8.4346,8.506,7178,0
20120308,8.6061,8.6061,8.4614,8.6061,23113,0
20120309,8.5193,8.6006,8.5193,8.6006,1039,0
20120312,8.499,8.5347,8.4057,8.5134,10072,0
20120313,8.5494,8.5867,8.464,8.5867,10138,0
20120314,8.6006,8.6006,8.4419,8.499,22744,0
20120315,8.5417,8.5867,8.3627,8.4711,15987,0
20120316,8.5417,8.6089,8.3627,8.4278,49905,0
20120319,8.3985,8.4926,8.2179,8.4711,37606,0
20120320,8.4116,8.5796,8.2462,8.4854,13753,0
20120321,8.464,8.5193,8.3905,8.464,9905,0
20120322,8.5277,8.5796,8.4498,8.5727,9209,0
20120323,8.5796,8.5796,8.4854,8.5193,12730,0
20120326,8.4781,8.6151,8.4195,8.5417,16729,0
20120327,8.5796,8.6432,8.3121,8.5494,14651,0
20120328,8.506,8.5867,8.3193,8.4854,13516,0
20120329,8.4195,8.5193,8.3121,8.3905,15840,0
20120330,8.4082,8.4892,8.3782,8.4892,21332,0
20120402,8.4711,8.5494,8.4419,8.5494,35150,0
20120403,8.6627,8.6627,8.4747,8.5034,9469,0
20120404,8.4675,8.5159,8.3791,8.4164,9287,0
20120405,8.5159,8.5159,8.4002,8.5034,9031,0
20120409,8.3905,8.5134,8.3835,8.5134,2259,0
20120410,8.4817,8.4817,8.3651,8.4454,16246,0
20120411,8.4675,8.4817,8.409,8.423,16352,0
20120412,8.4454,8.5544,8.4164,8.5544,11088,0
20120413,8.5464,8.5769,8.4817,8.4963,2516,0
20120416,8.337,8.5769,8.337,8.4614,20771,0
20120417,8.4955,8.4955,8.3493,8.4304,18167,0
20120418,8.5922,8.5922,8.373,8.5034,11531,0
20120419,8.4454,8.5844,8.3512,8.3581,20601,0
20120420,8.409,8.4614,8.3079,8.4312,3175,0
20120423,8.3941,8.4614,8.3148,8.3941,4238,0
20120424,8.4312,8.4817,8.2922,8.4312,13408,0
20120425,8.373,8.4817,8.206,8.4817,12902,0
20120426,8.4312,8.4534,8.3148,8.4022,10060,0
20120427,8.4304,8.4739,8.2905,8.4739,17666,0
20120430,8.2826,8.5922,8.261,8.5534,56258,0
20120501,8.5844,8.6061,8.4445,8.5699,19015,0
20120502,8.4901,8.5998,8.4901,8.5922,8531,0
20120503,8.5464,8.5998,8.3562,8.5096,17050,0
20120504,8.4955,8.5393,8.4082,8.5308,17972,0
20120507,8.423,8.5769,8.3871,8.5769,47850,0
20120508,8.5106,8.6468,8.5106,8.6468,16606,0
20120509,8.5922,8.6855,8.4666,8.6468,15783,0
20120510,8.7092,8.7092,8.5393,8.5699,18702,0
20120511,8.6272,8.7092,8.5393,8.67,43581,0
20120514,8.6061,8.655,8.5534,8.655,5925,0
20120515,8.67,8.7156,8.5769,8.6468,23786,0
20120516,8.655,8.655,8.5096,8.6413,52982,0
20120517,8.6413,8.655,8.5464,8.5769,25462,0
20120518,8.7388,8.7388,8.5034,8.5619,119399,0
20120521,8.6272,8.7533,8.3562,8.3861,29420,0
20120522,8.3861,8.6206,8.3642,8.4223,17223,0
20120523,8.4666,8.4955,8.3782,8.4892,16285,0
20120524,8.4526,8.4817,8.4145,8.4223,9520,0
20120525,8.4955,8.5464,8.4817,8.5393,2833,0
20120529,8.5534,8.5922,8.4605,8.5393,37165,0
20120530,8.5241,8.5619,8.4445,8.5393,12724,0
20120531,8.4817,8.5619,8.4739,8.5464,7163,0
20120601,8.5525,8.561,8.4731,8.4882,21815,0
20120604,8.5034,8.5619,8.3562,8.4383,21649,0
20120605,8.5426,8.6034,8.499,8.6034,28867,0
20120606,8.6272,8.7092,8.5222,8.7011,15207,0
20120607,8.7388,8.7388,8.5913,8.5913,5878,0
20120608,8.6126,8.67,8.5525,8.5525,4390,0
20120611,8.6413,8.6468,8.5998,8.6134,6351,0
20120612,8.6468,8.7092,8.569,8.7011,15922,0
20120613,8.6773,8.7092,8.5987,8.7011,9324,0
20120614,8.6929,8.7092,8.5998,8.5998,10643,0
20120615,8.6126,8.7461,8.4287,8.6405,19355,0
20120618,8.7092,8.7092,8.6342,8.6929,6581,0
20120619,8.7011,8.7663,8.5836,8.7663,51077,0
20120620,8.7791,8.7791,8.6929,8.7533,34567,0
20120621,8.7663,8.7663,8.6342,8.7598,73509,0
20120622,8.7533,8.7663,8.6929,8.7663,9556,0
20120625,8.7461,8.7598,8.6627,8.7598,11731,0
20120626,8.7598,8.7663,8.6929,8.7663,27965,0
20120627,8.7717,8.7717,8.6929,8.7598,13885,0
20120628,8.7312,8.7663,8.7167,8.7533,3677,0
20120629,8.7663,8.8263,8.6929,8.7663,22789,0
20120702,8.7791,8.8263,8.7092,8.8023,55054,0
20120703,8.818,9.037,8.7956,8.8032,31204,0
20120705,8.8566,8.9894,8.7956,8.8032,14121,0
20120706,8.7653,8.8557,8.7073,8.7303,6292,0
20120709,8.6929,8.9124,8.6929,8.7956,29896,0
20120710,8.7782,8.8789,8.7653,8.8483,31376,0
20120711,8.9124,8.9124,8.8417,8.9124,34754,0
20120712,8.8714,8.9827,8.8023,8.8641,13444,0
20120713,8.9894,9.0312,8.8023,8.8417,19943,0
20120716,8.9124,8.9903,8.8417,8.9124,15744,0
20120717,8.9124,9.0608,8.8483,8.9048,19414,0
20120718,8.9422,9.1234,8.9348,8.9855,17348,0
20120719,9.1091,9.1091,8.9208,9.0312,15151,0
20120720,9.013,9.1167,8.9124,8.9124,24662,0
20120723,8.9903,9.013,8.9507,8.9752,14781,0
20120724,8.9048,9.1234,8.8371,9.0054,42543,0
20120725,8.9591,9.1091,8.9507,9.0692,18768,0
20120726,9.0446,9.0446,8.9048,9.038,31771,0
20120727,8.9348,9.1128,8.9348,9.1042,9054,0
20120730,9.1167,9.1234,8.9752,9.092,8328,0
20120731,8.9591,9.2259,8.9507,9.1464,57924,0
20120801,9.2259,9.2903,9.0262,9.2903,47250,0
20120802,9.2424,9.2903,9.1941,9.2669,13555,0
20120803,9.1646,9.2336,9.0185,9.1713,12278,0
20120806,9.2173,9.2903,9.2086,9.2669,16844,0
20120807,9.1941,9.4168,9.1873,9.3834,36451,0
20120808,8.8483,9.598,8.8483,9.4129,106552,0
20120809,9.2738,9.524,9.1013,9.343,36123,0
20120810,9.3981,9.557,9.3775,9.4541,7601,0
20120813,9.4168,9.517,9.092,9.343,37862,0
20120814,9.343,9.4858,9.1941,9.3059,31309,0
20120815,9.3775,9.558,9.2086,9.3598,14478,0
20120816,9.2163,9.545,9.2163,9.3284,41465,0
20120817,9.3059,9.545,9.2659,9.2893,10281,0
20120820,9.2738,9.3205,9.2249,9.2581,26181,0
20120821,9.2501,9.4214,9.0816,9.2163,26881,0
20120822,9.1157,9.3205,9.1157,9.2414,21438,0
20120823,9.2893,9.2893,8.9875,9.1776,22428,0
20120824,9.2076,9.2766,9.1072,9.1454,44894,0
20120827,9.2414,9.3912,9.2414,9.2738,15513,0
20120828,9.2581,9.508,9.2163,9.2163,32059,0
20120829,9.3598,9.4908,9.2738,9.3912,18127,0
20120830,9.2659,9.567,9.2414,9.2962,10851,0
20120831,9.531,9.531,9.2581,9.351,16985,0
20120904,9.4244,9.689,9.4244,9.689,44284,0
20120905,9.591,9.733,9.591,9.694,16631,0
20120906,9.694,9.733,9.526,9.722,10038,0
20120907,9.762,9.762,9.4178,9.645,20105,0
20120910,9.628,9.733,9.3834,9.62,25322,0
20120911,9.694,9.702,9.628,9.643,15339,0
20120912,9.591,9.733,9.463,9.531,14969,0
20120913,9.599,9.702,9.4129,9.694,12652,0
20120914,9.4178,9.739,9.4178,9.628,30450,0
20120917,9.667,9.949,9.554,9.628,44616,0
20120918,9.599,9.653,9.4273,9.554,45049,0
20120919,9.4849,9.62,9.404,9.582,39780,0
20120920,9.539,9.539,9.404,9.4382,42062,0
20120921,9.3666,9.4849,9.349,9.462,37695,0
20120924,9.404,9.501,9.3902,9.3972,31416,0
20120925,9.462,9.59,9.3972,9.574,28768,0
20120926,9.462,9.653,9.462,9.53,35235,0
20120927,9.51,9.59,9.501,9.51,5826,0
20120928,9.545,9.567,9.501,9.517,2545,0
20121001,9.554,9.74,9.554,9.653,22604,0
20121002,9.653,9.824,9.567,9.658,13146,0
20121003,9.748,9.86,9.567,9.787,15246,0
20121004,9.801,9.852,9.559,9.689,18568,0
20121005,9.86,9.883,9.545,9.604,33255,0
20121008,9.582,9.852,9.545,9.801,23057,0
20121009,9.86,9.86,9.725,9.817,10598,0
20121010,9.824,9.824,9.628,9.748,6263,0
20121011,9.837,9.838,9.747,9.747,4045,0
20121012,9.771,9.867,9.658,9.771,14751,0
20121015,9.808,9.808,9.71,9.71,10395,0
20121016,9.86,9.867,9.695,9.771,14932,0
20121017,9.719,9.902,9.675,9.893,18707,0
20121018,9.946,9.946,9.719,9.826,19054,0
20121019,9.84,10.082,9.748,9.902,31210,0
20121022,9.938,9.938,9.712,9.87,14815,0
20121023,9.797,9.863,9.675,9.803,24330,0
20121024,9.863,9.931,9.682,9.748,28246,0
20121025,9.675,9.773,9.621,9.773,72902,0
20121026,9.863,9.87,9.773,9.81,15932,0
20121031,9.918,9.97,9.719,9.886,48847,0
20121101,9.931,10.074,9.833,10.014,41996,0
20121102,10.121,10.121,9.91,10.051,45475,0
20121105,9.946,10.03,9.886,9.886,25050,0
20121106,9.999,10.014,9.84,9.918,24407,0
20121107,9.902,9.918,9.84,9.918,22194,0
20121108,10.022,10.022,9.773,9.976,32692,0
20121109,9.826,9.992,9.734,9.91,27132,0
20121112,9.938,9.938,9.712,9.84,33557,0
20121113,9.781,9.886,9.583,9.637,40258,0
20121114,9.646,9.646,9.2375,9.3331,72043,0
20121115,9.3331,9.591,9.3331,9.567,44342,0
20121116,9.561,9.721,9.4119,9.519,23522,0
20121119,9.512,9.768,9.4323,9.568,43858,0
20121120,9.585,9.694,9.4392,9.694,14452,0
20121121,9.656,9.805,9.656,9.721,7948,0
20121123,9.7,9.777,9.522,9.677,35529,0
20121126,9.677,9.777,9.547,9.752,24248,0
20121127,9.707,9.836,9.532,9.752,16618,0
20121128,9.785,9.836,9.677,9.83,21003,0
20121129,9.736,9.83,9.7,9.713,3383,0
20121130,9.805,9.836,9.736,9.822,18034,0
20121203,9.836,9.934,9.83,9.83,34953,0
20121204,9.843,9.928,9.843,9.874,8633,0
20121205,9.874,9.922,9.83,9.83,18425,0
20121206,9.822,9.836,9.677,9.7,31195,0
20121207,9.685,9.736,9.685,9.73,9091,0
20121210,9.73,9.736,9.656,9.656,8172,0
20121211,9.713,9.805,9.663,9.805,33108,0
20121212,9.777,9.823,9.7,9.7,14484,0
20121213,9.799,9.83,9.752,9.83,13459,0
20121214,9.736,9.805,9.736,9.799,7114,0
20121217,9.707,9.785,9.7,9.752,6678,0
20121218,9.76,9.89,9.713,9.887,32475,0
20121219,9.891,10.066,9.807,9.838,70238,0
20121220,10.007,10.007,9.816,9.945,10914,0
20121221,9.943,10.016,9.823,10.016,5024,0
20121224,9.838,9.945,9.823,9.93,9757,0
20121226,9.838,10.066,9.823,10.013,13909,0
20121227,9.962,9.962,9.762,9.875,38413,0
20121228,9.816,9.816,9.77,9.8,13518,0
20121231,9.823,9.844,9.686,9.722,40475,0
20130102,9.786,10.034,9.786,10.022,16058,0
20130103,9.891,9.991,9.838,9.962,14752,0
20130104,9.969,10.246,9.969,10.152,36857,0
20130107,10.107,10.239,9.998,9.998,20837,0
20130108,10.03,10.045,9.969,10.039,6391,0
20130109,10.039,10.1,9.908,9.908,18031,0
20130110,9.998,10.052,9.953,10.007,13412,0
20130111,9.962,10.166,9.953,10.137,12711,0
20130114,10.159,10.173,10.039,10.039,17493,0
20130115,10.052,10.206,10.03,10.178,45691,0
20130116,10.173,10.287,10.13,10.285,60722,0
20130117,10.319,10.395,10.135,10.319,25524,0
20130118,10.327,10.426,10.213,10.28,11938,0
20130122,10.327,10.327,10.252,10.302,11321,0
20130123,10.31,10.327,10.12,10.229,11291,0
20130124,10.164,10.28,10.042,10.113,26180,0
20130125,10.22,10.287,10.172,10.287,15445,0
20130128,10.327,10.36,10.204,10.252,41990,0
20130129,10.327,10.327,10.258,10.302,21250,0
20130130,10.362,10.368,10.22,10.352,5258,0
20130131,10.395,10.395,10.213,10.252,13738,0
20130201,10.383,10.426,10.179,10.179,45966,0
20130204,10.31,10.426,10.245,10.403,25045,0
20130205,10.475,10.793,10.383,10.752,205176,0
20130206,10.718,10.769,10.39,10.689,128066,0
20130207,10.696,10.752,10.498,10.628,40206,0
20130208,10.666,10.726,10.558,10.711,48902,0
20130211,10.752,10.761,10.674,10.725,102289,0
20130212,10.752,10.752,10.597,10.696,29903,0
20130213,10.752,10.769,10.71,10.752,42282,0
20130214,10.78,10.809,10.591,10.78,33834,0
20130215,10.78,10.823,10.738,10.816,138416,0
20130219,10.823,11.028,10.815,10.954,300042,0
20130220,11.012,11.073,10.862,10.995,318689,0
20130221,11.012,11.044,10.789,10.948,97265,0
20130222,11.012,11.086,10.97,11.073,74384,0
20130225,11.073,11.086,10.904,10.904,61084,0
20130226,10.94,11.012,10.795,10.795,47903,0
20130227,10.795,10.986,10.795,10.92,23234,0
20130228,10.897,11.028,10.816,10.995,64838,0
20130301,10.986,11.198,10.934,11.127,79049,0
20130304,11.127,11.127,10.934,10.948,37673,0
20130305,11.073,11.079,10.934,11.028,75861,0
20130306,11.051,11.051,10.92,11.02,52998,0
20130307,10.97,11.051,10.914,10.97,79463,0
20130308,11.028,11.073,10.809,10.914,103333,0
20130311,10.862,10.962,10.789,10.809,35733,0
20130312,10.853,11.073,10.853,11.073,20167,0
20130313,11.079,11.079,10.962,11.02,11223,0
20130314,11.073,11.118,11.02,11.117,41176,0
20130315,11.107,11.127,10.941,11.02,62240,0
20130318,11.02,11.191,11.02,11.191,22375,0
20130319,11.058,11.127,11.036,11.036,13166,0
20130320,11.077,11.298,11.077,11.198,48435,0
20130321,10.674,10.85,10.652,10.77,2110324,0
20130322,10.777,10.886,10.659,10.886,539367,0
20130325,10.91,10.926,10.735,10.926,330585,0
20130326,10.917,10.926,10.777,10.926,204304,0
20130327,10.926,10.926,10.807,10.886,106005,0
20130328,10.813,10.91,10.77,10.895,173232,0
20130401,10.926,10.926,10.695,10.785,145961,0
20130402,10.752,10.925,10.752,10.886,141203,0
20130403,10.926,10.926,10.761,10.842,141105,0
20130404,10.82,10.926,10.786,10.926,91517,0
20130405,10.842,10.96,10.807,10.96,129116,0
20130408,10.976,10.976,10.886,10.96,104221,0
20130409,10.96,10.976,10.886,10.902,77113,0
20130410,10.926,10.992,10.862,10.983,124228,0
20130411,10.917,10.992,10.842,10.96,156039,0
20130412,10.96,11.033,10.915,11.027,117626,0
20130415,10.96,11.001,10.886,10.951,74684,0
20130416,10.96,11.042,10.886,11.027,123809,0
20130417,10.936,11.107,10.936,11.091,181459,0
20130418,10.973,11.017,10.917,10.948,47496,0
20130419,10.936,10.999,10.917,10.943,48712,0
20130422,10.99,11.083,10.93,11.062,93258,0
20130423,11.008,11.142,11.008,11.07,77678,0
20130424,11.107,11.141,11.032,11.07,68350,0
20130425,11.107,11.141,10.999,11.099,65310,0
20130426,11.107,11.107,11.028,11.032,37206,0
20130429,11.008,11.133,10.98,11.133,108492,0
20130430,11.055,11.164,11.055,11.117,63213,0
20130501,11.141,11.19,11.032,11.164,46207,0
20130502,11.107,11.156,11.091,11.156,33529,0
20130503,11.124,11.19,11.048,11.083,58730,0
20130506,11.083,11.164,11.055,11.133,78069,0
20130507,11.149,11.166,11.062,11.164,45532,0
20130508,11.083,11.242,11.055,11.242,93517,0
20130509,11.181,11.226,11.083,11.226,79789,0
20130510,11.181,11.353,11.108,11.345,95655,0
20130513,11.289,11.368,11.149,11.234,71866,0
20130514,11.226,11.226,11.076,11.19,129763,0
20130515,11.133,11.234,11.099,11.141,99908,0
20130516,11.097,11.264,11.097,11.264,49845,0
20130517,11.264,11.306,11.188,11.278,33402,0
20130520,11.344,11.405,11.171,11.278,99291,0
20130521,11.256,11.367,11.188,11.344,36522,0
20130522,11.306,11.457,11.297,11.367,70711,0
20130523,11.442,11.487,11.278,11.397,100945,0
20130524,11.423,11.549,11.322,11.388,112471,0
20130528,11.515,11.626,11.306,11.352,111682,0
20130529,11.306,11.397,11.297,11.367,91970,0
20130530,11.367,11.367,11.224,11.336,134167,0
20130531,11.267,11.715,11.267,11.578,335235,0
20130603,11.604,11.604,11.367,11.531,146341,0
20130604,11.558,11.558,11.397,11.524,84364,0
20130605,11.5,11.507,11.413,11.47,48478,0
20130606,11.558,11.558,11.423,11.507,127303,0
20130607,11.575,11.613,11.457,11.59,116286,0
20130610,11.604,11.604,11.442,11.507,62134,0
20130611,11.531,11.613,11.449,11.558,157545,0
20130612,11.613,11.613,11.492,11.604,59077,0
20130613,11.613,11.613,11.5,11.597,70491,0
20130614,11.531,11.596,11.463,11.507,72062,0
20130617,11.541,11.865,11.479,11.692,159285,0
20130618,11.626,11.819,11.605,11.739,166728,0
20130619,11.793,11.841,11.682,11.841,104541,0
20130620,11.776,11.863,11.49,11.602,259567,0
20130621,11.631,11.759,11.211,11.228,213690,0
20130624,11.211,11.211,10.535,10.98,350155,0
20130625,11.134,11.378,10.98,11.282,98748,0
20130626,11.371,11.46,10.964,11.069,136235,0
20130627,11.107,11.191,10.948,11.091,129031,0
20130628,11.039,11.371,10.928,11.235,1717446,0
20130701,11.363,11.363,11.039,11.301,93059,0
20130702,11.267,11.4,11.083,11.267,72601,0
20130703,11.26,11.371,11.134,11.363,39547,0
20130705,11.467,11.467,11.124,11.164,32507,0
20130708,11.182,11.219,11.083,11.174,62206,0
20130709,11.182,11.512,11.124,11.437,103600,0
20130710,11.371,11.521,11.363,11.497,57523,0
20130711,11.588,11.602,11.492,11.588,59831,0
20130712,11.602,11.698,11.481,11.572,91146,0
20130715,11.564,11.683,11.521,11.602,101501,0
20130716,11.124,11.235,11.099,11.205,3068119,0
20130717,11.233,11.273,11.196,11.196,442522,0
20130718,11.209,11.28,11.196,11.273,299229,0
20130719,11.196,11.269,11.114,11.204,329089,0
20130722,11.196,11.242,11.163,11.196,167883,0
20130723,11.233,11.258,11.154,11.204,228991,0
20130724,11.209,11.233,11.131,11.188,313394,0
20130725,11.147,11.217,11.121,11.154,169313,0
20130726,11.121,11.18,10.977,11.044,212938,0
20130729,11.081,11.436,11.074,11.324,978716,0
20130730,11.436,11.445,11.346,11.362,427638,0
20130731,11.399,11.399,11.147,11.242,844438,0
20130801,11.309,11.384,11.225,11.354,233133,0
20130802,11.37,11.391,11.242,11.391,298790,0
20130805,11.339,11.362,11.196,11.317,150991,0
20130806,11.354,11.406,11.28,11.346,166548,0
20130807,11.258,11.34,11.088,11.258,198962,0
20130808,11.28,11.339,11.154,11.209,122246,0
20130809,11.233,11.338,11.163,11.188,201197,0
20130812,11.196,11.273,10.961,11.027,329471,0
20130813,11.081,11.18,10.967,11.081,245368,0
20130814,11.074,11.104,10.938,10.951,111637,0
20130815,10.925,10.961,10.712,10.737,188998,0
20130816,10.697,10.803,10.61,10.737,91546,0
20130819,10.84,10.84,10.397,10.471,341739,0
20130820,10.406,10.687,10.232,10.625,212714,0
20130821,10.573,10.744,10.504,10.702,199779,0
20130822,10.726,10.937,10.573,10.864,92710,0
20130823,10.846,11.139,10.711,10.924,53842,0
20130826,10.945,10.945,10.643,10.816,82609,0
20130827,10.744,10.8,10.663,10.702,100177,0
20130828,10.726,10.779,10.543,10.559,92684,0
20130829,10.583,10.823,10.566,10.665,72561,0
20130830,10.607,10.794,10.513,10.665,156872,0
20130903,10.76,10.793,10.345,10.655,87696,0
20130904,10.629,10.708,10.517,10.647,88066,0
20130905,10.684,10.768,10.578,10.692,74924,0
20130906,10.692,10.723,10.554,10.603,104766,0
20130909,10.6,10.711,10.566,10.657,106793,0
20130910,10.669,10.768,10.57,10.669,208408,0
20130911,10.702,10.816,10.625,10.779,115881,0
20130912,10.794,10.892,10.788,10.808,57666,0
20130913,10.828,11.043,10.699,10.949,144594,0
20130916,11.044,11.044,10.702,10.816,162042,0
20130917,10.844,10.992,10.813,10.88,154064,0
20130918,10.936,11.097,10.793,11.08,92997,0
20130919,11.088,11.172,10.915,11.059,166183,0
20130920,11.088,11.21,10.852,11.205,273413,0
20130923,11.181,11.197,10.936,11.01,106517,0
20130924,10.949,11.155,10.936,10.974,76949,0
20130925,11.018,11.088,10.862,10.943,98631,0
20130926,10.974,10.974,10.837,10.93,78007,0
20130927,10.88,11.043,10.828,10.88,72830,0
20130930,10.813,11.172,10.813,11.163,238740,0
20131001,11.172,11.172,10.949,11.018,119990,0
20131002,11.051,11.051,10.852,10.93,129987,0
20131003,10.93,11.01,10.852,10.915,71104,0
20131004,10.88,11.001,10.862,10.922,104777,0
20131007,10.936,10.982,10.807,10.807,87275,0
20131008,10.844,10.844,10.57,10.647,169986,0
20131009,10.678,10.785,10.612,10.715,68760,0
20131010,10.807,10.88,10.768,10.871,54067,0
20131011,10.862,10.89,10.813,10.871,106409,0
20131014,10.852,10.898,10.793,10.862,49869,0
20131015,10.852,10.93,10.813,10.821,42712,0
20131016,10.862,10.966,10.828,10.871,100360,0
20131017,10.82,10.98,10.728,10.887,80818,0
20131018,10.965,10.965,10.85,10.948,74198,0
20131021,10.935,10.935,10.82,10.85,78122,0
20131022,10.904,10.904,10.737,10.798,128160,0
20131023,10.791,10.887,10.791,10.878,71134,0
20131024,10.887,10.904,10.82,10.887,36059,0
20131025,10.92,10.928,10.811,10.896,70888,0
20131028,10.842,10.869,10.766,10.82,107553,0
20131029,10.805,10.826,10.756,10.82,51878,0
20131030,10.85,10.85,10.728,10.766,63894,0
20131031,10.781,10.878,10.737,10.834,75584,0
20131101,10.805,10.85,10.658,10.712,117609,0
20131104,10.704,10.781,10.697,10.728,79469,0
20131105,10.728,10.805,10.728,10.747,71500,0
20131106,10.756,10.85,10.721,10.798,82331,0
20131107,10.798,10.887,10.728,10.859,90999,0
20131108,10.92,10.942,10.842,10.913,70479,0
20131111,10.935,10.935,10.85,10.92,19256,0
20131112,10.928,10.948,10.842,10.896,79596,0
20131113,10.842,10.92,10.766,10.887,93940,0
20131114,10.85,10.965,10.842,10.928,69658,0
20131115,10.956,11.065,10.917,10.98,168762,0
20131118,11.164,11.336,11.088,11.246,265443,0
20131119,11.276,11.462,11.205,11.229,147525,0
20131120,11.174,11.506,11.08,11.361,281405,0
20131121,11.437,11.454,11.246,11.322,101177,0
20131122,11.383,11.454,11.286,11.322,124500,0
20131125,11.399,11.454,11.286,11.399,123590,0
20131126,11.409,11.409,11.322,11.33,53724,0
20131127,11.369,11.437,11.297,11.377,49643,0
20131129,11.409,11.409,11.314,11.361,54194,0
20131202,11.369,11.409,11.286,11.377,89399,0
20131203,11.369,11.369,11.074,11.269,105252,0
20131204,11.237,11.336,11.097,11.305,93313,0
20131205,11.305,11.322,11.182,11.262,49826,0
20131206,11.305,11.454,11.262,11.437,62982,0
20131209,11.391,11.446,11.286,11.369,51652,0
20131210,11.305,11.454,11.22,11.428,124135,0
20131211,11.446,11.491,11.33,11.418,96074,0
20131212,11.428,11.491,11.22,11.269,135950,0
20131213,11.322,11.399,11.22,11.33,67245,0
20131216,11.345,11.409,11.22,11.269,102088,0
20131217,11.22,11.391,11.164,11.369,64684,0
20131218,11.369,11.454,11.276,11.447,41763,0
20131219,11.391,11.462,11.04,11.086,161228,0
20131220,11.13,11.261,11.072,11.245,204210,0
20131223,11.276,11.428,11.172,11.353,77944,0
20131224,11.295,11.305,11.095,11.245,86766,0
20131226,11.314,11.383,11.261,11.305,77216,0
20131227,11.305,11.329,11.236,11.276,58412,0
20131230,11.314,11.314,11.139,11.163,77944,0
20131231,11.211,11.361,11.147,11.345,103239,0
20140102,11.336,11.391,11.172,11.361,96421,0
20140103,11.353,11.4,11.254,11.345,43006,0
20140106,11.345,11.4,11.329,11.383,46363,0
20140107,11.353,11.418,11.276,11.322,47869,0
20140108,11.336,11.345,11.112,11.305,103239,0
20140109,11.336,11.383,11.245,11.254,34879,0
20140110,11.285,11.336,11.181,11.295,50648,0
20140113,11.236,11.261,11.147,11.245,76609,0
20140114,11.261,11.314,11.219,11.236,50917,0
20140115,11.163,11.361,11.163,11.295,127323,0
20140116,11.245,11.336,11.205,11.254,68384,0
20140117,11.254,11.33,11.211,11.276,39557,0
20140121,11.378,11.436,11.254,11.392,75108,0
20140122,11.361,11.487,11.322,11.47,45526,0
20140123,11.439,11.48,11.33,11.378,50255,0
20140124,11.378,11.456,11.314,11.419,114819,0
20140127,11.439,11.487,11.269,11.286,91495,0
20140128,11.269,11.48,11.254,11.448,100753,0
20140129,11.384,11.526,11.384,11.493,143698,0
20140130,11.501,11.563,11.411,11.563,123714,0
20140131,11.439,11.768,11.439,11.603,170369,0
20140203,11.634,11.665,11.299,11.353,88110,0
20140204,11.439,11.439,11.286,11.361,99312,0
20140205,11.33,11.411,11.254,11.337,111894,0
20140206,11.369,11.429,11.345,11.411,65092,0
20140207,11.369,11.553,11.342,11.463,89590,0
20140210,11.759,11.759,11.518,11.563,195611,0
20140211,11.685,11.685,11.545,11.625,38782,0
20140212,11.685,11.685,11.595,11.634,74367,0
20140213,11.572,11.678,11.572,11.661,71337,0
20140214,11.704,11.87,11.67,11.769,257938,0
20140218,11.778,11.828,11.72,11.745,94270,0
20140219,11.704,11.879,11.704,11.727,100619,0
20140220,11.717,11.846,11.717,11.778,112055,0
20140221,11.769,11.846,11.695,11.704,109358,0
20140224,11.76,11.837,11.634,11.787,101951,0
20140225,11.727,11.87,11.634,11.804,123183,0
20140226,11.846,11.862,11.72,11.846,76908,0
20140227,11.87,11.87,11.736,11.821,57970,0
20140228,11.87,11.912,11.795,11.895,103714,0
20140303,11.929,11.929,11.812,11.922,84789,0
20140304,11.912,11.953,11.804,11.945,216241,0
20140305,11.971,11.971,11.745,11.846,97672,0
20140306,11.846,11.863,11.76,11.769,85524,0
20140307,11.769,11.872,11.76,11.846,48279,0
20140310,11.811,11.854,11.787,11.828,72696,0
20140311,11.803,11.87,11.745,11.795,56029,0
20140312,11.76,11.837,11.72,11.82,81757,0
20140313,11.863,11.863,11.737,11.737,62285,0
20140314,11.745,11.787,11.595,11.611,89988,0
20140317,11.695,11.695,11.595,11.625,83746,0
20140318,11.679,11.679,11.516,11.579,102694,0
20140319,11.571,11.705,11.533,11.644,116275,0
20140320,11.737,11.737,11.644,11.67,46951,0
20140321,11.651,11.67,11.499,11.634,227471,0
20140324,11.618,11.634,11.499,11.594,92654,0
20140325,11.602,11.651,11.507,11.562,33624,0
20140326,11.562,11.602,11.35,11.382,115837,0
20140327,11.382,11.49,11.375,11.453,100770,0
20140328,11.453,11.552,11.375,11.485,63290,0
20140331,11.485,11.72,11.485,11.644,93505,0
20140401,11.651,11.813,11.625,11.788,82464,0
20140402,11.796,11.796,11.588,11.602,94627,0
20140403,11.602,11.855,11.594,11.746,67631,0
20140404,11.753,11.796,11.571,11.611,107009,0
20140407,11.562,11.686,11.562,11.594,137117,0
20140408,11.594,11.761,11.552,11.661,73849,0
20140409,11.67,11.737,11.602,11.644,53939,0
20140410,11.696,11.696,11.489,11.507,116762,0
20140411,11.477,11.821,11.382,11.477,118923,0
20140414,11.543,11.648,11.461,11.499,48431,0
20140415,11.499,11.633,11.398,11.525,71367,0
20140416,11.645,11.714,11.619,11.662,66607,0
20140417,11.662,11.891,11.662,11.772,50160,0
20140421,11.822,11.849,11.68,11.831,52497,0
20140422,11.831,11.849,11.687,11.73,72943,0
20140423,11.722,11.79,11.662,11.739,43121,0
20140424,11.747,11.806,11.662,11.68,28401,0
20140425,11.687,11.781,11.619,11.68,64507,0
20140428,11.687,11.781,11.619,11.662,88690,0
20140429,11.722,11.722,11.619,11.626,68615,0
20140430,11.619,11.815,11.579,11.79,78400,0
20140501,11.739,11.849,11.579,11.662,85403,0
20140502,11.662,11.79,11.619,11.67,44553,0
20140505,11.706,11.753,11.662,11.697,40522,0
20140506,11.687,11.722,11.533,11.543,77538,0
20140507,11.603,11.728,11.552,11.652,70296,0
20140508,11.662,11.738,11.553,11.571,81626,0
20140509,11.533,11.722,11.533,11.652,46627,0
20140512,11.735,11.79,11.619,11.781,74494,0
20140513,11.714,11.781,11.697,11.697,62551,0
20140514,11.706,11.781,11.543,11.687,118831,0
20140515,11.618,11.832,11.57,11.832,47459,0
20140516,11.859,11.905,11.697,11.799,49777,0
20140519,11.739,11.901,11.73,11.885,40615,0
20140520,11.934,11.943,11.697,11.722,99913,0
20140521,11.706,11.806,11.697,11.722,53990,0
20140522,11.697,11.876,11.697,11.799,61887,0
20140523,11.747,11.867,11.697,11.859,38631,0
20140527,11.85,11.96,11.85,11.927,101994,0
20140528,11.859,11.934,11.706,11.754,78284,0
20140529,11.832,11.934,11.773,11.919,103229,0
20140530,11.909,11.978,11.739,11.952,122301,0
20140602,12.072,12.072,11.799,11.842,93406,0
20140603,11.867,11.9,11.743,11.782,67422,0
20140604,11.823,11.823,11.706,11.739,72599,0
20140605,11.807,11.901,11.722,11.901,77830,0
20140606,12.013,12.029,11.876,11.96,117926,0
20140609,12.013,12.013,11.73,11.842,87339,0
20140610,11.876,11.927,11.773,11.893,56219,0
20140611,11.927,11.927,11.842,11.867,49757,0
20140612,12.038,12.038,11.867,11.927,66501,0
20140613,11.987,12.038,11.832,11.85,161908,0
20140616,11.934,11.934,11.85,11.919,63180,0
20140617,11.969,11.988,11.901,11.934,92289,0
20140618,11.988,12.023,11.919,11.997,70482,0
20140619,11.969,12.072,11.969,12.045,60778,0
20140620,11.96,12.039,11.943,11.988,126893,0
20140623,11.988,11.992,11.901,11.901,76731,0
20140624,11.952,12.039,11.841,11.901,85686,0
20140625,11.859,12.03,11.859,11.943,105583,0
20140626,12.005,12.065,11.96,12.045,174037,0
20140627,12.072,12.244,12.039,12.227,2538262,0
20140630,12.227,12.373,12.135,12.279,393599,0
20140701,12.347,12.408,12.295,12.363,270204,0
20140702,12.314,12.373,12.107,12.143,128712,0
20140703,12.184,12.271,12.116,12.271,85759,0
20140707,12.295,12.295,12.116,12.143,106723,0
20140708,12.125,12.234,12.03,12.072,120213,0
20140709,12.135,12.271,12.072,12.244,88805,0
20140710,12.227,12.227,11.943,12.143,82641,0
20140711,12.158,12.295,12.125,12.254,84109,0
20140714,12.287,12.287,12.116,12.116,68099,0
20140715,12.158,12.244,12.082,12.203,74495,0
20140716,12.28,12.356,12.175,12.194,66664,0
20140717,12.194,12.234,12.087,12.087,36455,0
20140718,12.106,12.166,12.072,12.097,38083,0
20140721,12.087,12.134,12.022,12.029,97364,0
20140722,12.022,12.166,12.022,12.064,36624,0
20140723,12.106,12.134,12.064,12.115,40954,0
20140724,12.166,12.166,11.995,12.054,82448,0
20140725,12.038,12.165,12.022,12.038,38637,0
20140728,12.029,12.124,12.029,12.064,47482,0
20140729,12.064,12.15,12.038,12.038,44720,0
20140730,12.072,12.21,12.03,12.097,39167,0
20140731,12.081,12.208,11.926,11.932,104524,0
20140801,11.976,12.038,11.838,11.926,143561,0
20140804,11.907,12.038,11.874,11.891,62645,0
20140805,11.856,11.959,11.838,11.959,46132,0
20140806,11.976,12.175,11.959,12.115,58082,0
20140807,12.175,12.175,12.024,12.072,44542,0
20140808,12.124,12.219,12.029,12.219,34823,0
20140811,12.356,12.356,12.072,12.115,85451,0
20140812,12.184,12.338,12.087,12.263,117854,0
20140813,12.333,12.333,12.106,12.151,105965,0
20140814,12.194,12.288,12.044,12.254,83623,0
20140815,12.254,12.254,12.097,12.227,50739,0
20140818,12.316,12.316,12.184,12.203,54447,0
20140819,12.263,12.271,12.105,12.124,66876,0
20140820,12.157,12.254,12.105,12.244,37145,0
20140821,12.28,12.28,12.157,12.271,56689,0
20140822,12.263,12.263,12.21,12.254,24242,0
20140825,12.324,12.324,12.219,12.28,56248,0
20140826,12.324,12.343,12.244,12.343,53323,0
20140827,12.402,12.402,12.234,12.334,61005,0
20140828,12.334,12.349,12.306,12.324,66188,0
20140829,12.306,12.357,12.271,12.271,109709,0
20140902,12.357,12.365,12.271,12.297,97092,0
20140903,12.365,12.365,12.271,12.365,70654,0
20140904,12.514,12.523,12.365,12.464,130912,0
20140905,12.446,12.446,12.334,12.343,144575,0
20140908,12.297,12.446,12.288,12.393,41662,0
20140909,12.402,12.532,12.393,12.504,227601,0
20140910,12.504,12.594,12.419,12.481,65535,0
20140911,12.532,12.532,12.374,12.374,63938,0
20140912,12.419,12.435,12.271,12.324,87694,0
20140915,12.28,12.481,12.271,12.365,60257,0
20140916,12.428,12.446,12.299,12.357,63813,0
20140917,12.495,12.495,12.324,12.419,61164,0
20140918,12.514,12.567,12.374,12.437,135425,0
20140919,12.487,12.487,12.244,12.254,113407,0
20140922,12.286,12.365,12.219,12.316,61962,0
20140923,12.324,12.532,12.227,12.383,54930,0
20140924,12.428,12.596,12.305,12.357,57242,0
20140925,12.41,12.428,12.183,12.202,73187,0
20140926,12.243,12.366,12.193,12.253,35957,0
20140929,12.183,12.296,12.183,12.253,63175,0
20140930,12.156,12.334,12.034,12.069,260073,0
20141001,12.14,12.14,12.051,12.113,79924,0
20141002,12.164,12.164,12.051,12.122,91151,0
20141003,12.164,12.226,12.086,12.148,72774,0
20141006,12.218,12.253,12.131,12.209,58225,0
20141007,12.218,12.253,12.094,12.131,51050,0
20141008,12.094,12.243,12.086,12.243,70097,0
20141009,12.183,12.279,12.069,12.202,101294,0
20141010,12.122,12.164,12.061,12.086,110431,0
20141013,12.131,12.202,11.831,11.894,114949,0
20141014,11.894,12.03,11.685,11.806,131987,0
20141015,11.806,11.806,11.605,11.806,158731,0
20141016,11.762,12.193,11.648,12.14,83358,0
20141017,12.305,12.315,12.043,12.156,102993,0
20141020,12.227,12.297,11.92,12.131,96850,0
20141021,12.234,12.297,12.148,12.218,65492,0
20141022,12.297,12.358,12.218,12.344,43472,0
20141023,12.297,12.395,11.92,12.033,156759,0
20141024,12.14,12.14,11.944,12.008,71894,0
20141027,11.944,12.033,11.901,11.953,50432,0
20141028,12.068,12.193,11.912,12.06,130743,0
20141029,12.148,12.244,12.033,12.148,28322,0
20141030,12.122,12.254,12.122,12.244,30622,0
20141031,12.244,12.376,12.164,12.376,56324,0
20141103,12.395,12.395,12.254,12.376,48715,0
20141104,12.395,12.486,12.344,12.467,27643,0
20141105,12.615,12.707,12.483,12.508,44556,0
20141106,12.476,12.546,12.421,12.476,36132,0
20141107,12.518,12.518,12.344,12.489,50727,0
20141110,12.498,12.649,12.476,12.498,85924,0
20141111,12.518,12.695,12.395,12.483,41936,0
20141112,12.536,12.571,12.421,12.546,70535,0
20141113,12.606,12.606,12.457,12.508,43931,0
20141114,12.606,12.606,12.385,12.43,56029,0
20141117,12.483,12.616,12.467,12.483,30108,0
20141118,12.537,12.633,12.448,12.448,40609,0
20141119,12.483,12.688,12.483,12.555,52812,0
20141120,12.607,12.651,12.499,12.591,44367,0
20141121,12.591,12.688,12.421,12.527,91317,0
20141124,12.537,12.555,12.467,12.519,25531,0
20141125,12.581,12.607,12.499,12.598,51653,0
20141126,12.607,12.643,12.555,12.581,25906,0
20141128,12.598,12.598,12.483,12.591,21374,0
20141201,12.623,12.623,12.421,12.555,72299,0
20141202,12.555,12.572,12.448,12.555,44852,0
20141203,12.572,12.598,12.439,12.555,54530,0
20141204,12.598,12.643,12.547,12.555,56335,0
20141205,12.509,12.581,12.467,12.555,35532,0
20141208,12.555,12.555,12.324,12.334,106066,0
20141209,12.324,12.395,12.287,12.343,89902,0
20141210,12.334,12.334,12.154,12.253,64766,0
20141211,12.271,12.287,12.065,12.263,94697,0
20141212,12.243,12.243,11.808,11.835,136720,0
20141215,11.808,12.171,11.738,11.757,120344,0
20141216,11.738,11.747,11.259,11.523,187143,0
20141217,11.398,11.748,11.398,11.598,100712,0
20141218,11.605,12.186,11.605,12.115,84214,0
20141219,12.212,12.32,12.151,12.259,62203,0
20141222,12.33,12.419,12.024,12.087,32972,0
20141223,12.176,12.34,12.106,12.33,41973,0
20141224,12.401,12.41,12.355,12.373,14963,0
20141226,12.454,12.553,12.373,12.507,37461,0
20141229,12.487,12.553,12.445,12.535,25381,0
20141230,12.507,12.545,12.481,12.535,41337,0
20141231,12.419,12.454,12.212,12.267,123092,0
20150102,12.34,12.454,12.239,12.33,87102,0
20150105,12.231,12.545,12.143,12.401,80665,0
20150106,12.427,12.687,12.283,12.497,44403,0
20150107,12.481,12.632,12.419,12.623,25337,0
20150108,12.632,12.678,12.517,12.589,39373,0
20150109,12.65,12.65,12.33,12.436,66525,0
20150112,12.507,12.535,12.382,12.481,49780,0
20150113,12.553,12.57,12.239,12.239,45757,0
20150114,12.284,12.497,12.239,12.32,71010,0
20150115,12.41,12.427,12.32,12.373,37240,0
20150116,12.32,12.41,12.085,12.104,114968,0
20150120,12.067,12.32,12.067,12.165,184587,0
20150121,12.291,12.31,12.067,12.149,50503,0
20150122,12.141,12.33,11.906,12.032,162084,0
20150123,11.94,12.141,11.898,12.085,96094,0
20150126,12.113,12.364,12.059,12.32,80143,0
20150127,12.32,12.32,12.123,12.132,47414,0
20150128,12.195,12.345,12.157,12.157,93215,0
20150129,12.266,12.266,12.032,12.094,64800,0
20150130,12.149,12.149,11.96,11.978,45808,0
20150202,12.059,12.059,11.889,11.916,69695,0
20150203,12.023,12.141,11.906,11.997,74063,0
20150204,12.076,12.076,11.889,12.015,114375,0
20150205,11.94,12.132,11.87,12.042,198654,0
20150206,12.23,12.41,12.165,12.345,134948,0
20150209,12.373,12.382,12.185,12.204,73158,0
20150210,12.301,12.364,12.195,12.248,40588,0
20150211,12.33,12.373,12.248,12.283,55086,0
20150212,12.364,12.41,12.238,12.41,60056,0
20150213,12.489,12.489,12.319,12.427,86542,0
20150217,12.41,12.499,12.41,12.482,86507,0
20150218,12.427,12.567,12.427,12.489,55391,0
20150219,12.572,12.572,12.465,12.555,75434,0
20150220,12.555,12.672,12.489,12.563,58448,0
20150223,12.664,12.664,12.455,12.572,73202,0
20150224,12.537,12.682,12.537,12.617,70844,0
20150225,12.617,12.617,12.489,12.555,53071,0
20150226,12.527,12.626,12.499,12.617,26679,0
20150227,12.617,12.699,12.52,12.645,74152,0
20150302,12.563,12.708,12.563,12.636,50931,0
20150303,12.617,12.645,12.598,12.645,44191,0
20150304,12.645,12.818,12.572,12.617,76231,0
20150305,12.582,12.645,12.582,12.626,43418,0
20150306,12.645,12.781,12.509,12.617,72695,0
20150309,12.654,12.699,12.563,12.626,39882,0
20150310,12.645,12.672,12.499,12.636,59328,0
20150311,12.636,12.654,12.563,12.654,44191,0
20150312,12.645,12.781,12.626,12.781,65957,0
20150313,12.843,12.843,12.672,12.818,97885,0
20150316,12.809,12.834,12.708,12.818,73689,0
20150317,12.843,12.843,12.682,12.763,53251,0
20150318,12.759,12.849,12.759,12.776,42359,0
20150319,12.759,12.84,12.557,12.821,48392,0
20150320,12.759,12.94,12.685,12.894,71317,0
20150323,12.894,12.894,12.721,12.73,24251,0
20150324,12.794,12.894,12.794,12.858,49163,0
20150325,12.912,12.922,12.759,12.849,123779,0
20150326,12.767,12.878,12.759,12.821,28420,0
20150327,12.804,12.849,12.74,12.74,39065,0
20150330,12.868,12.868,12.767,12.84,30287,0
20150331,12.868,12.878,12.784,12.784,64981,0
20150401,12.878,12.878,12.676,12.75,83618,0
20150402,12.759,12.784,12.676,12.721,51135,0
20150406,12.794,12.794,12.676,12.75,51135,0
20150407,12.794,12.794,12.721,12.784,29806,0
20150408,12.74,12.813,12.74,12.794,38296,0
20150409,12.84,12.94,12.784,12.849,71154,0
20150410,12.894,12.922,12.83,12.858,41041,0
20150413,12.931,12.931,12.794,12.794,34126,0
20150414,12.784,12.931,12.776,12.849,45761,0
20150415,12.922,12.931,12.821,12.894,72477,0
20150416,13.01,13.01,12.883,13.01,54140,0
20150417,13.01,13.01,12.892,12.892,27032,0
20150420,12.935,12.973,12.892,12.945,47478,0
20150421,12.854,12.992,12.854,12.926,30487,0
20150422,12.992,12.992,12.899,12.926,31748,0
20150423,12.964,12.992,12.899,12.955,42290,0
20150424,12.983,13.027,12.892,12.926,44252,0
20150427,12.926,13.027,12.892,12.955,40438,0
20150428,13.044,13.054,12.945,12.983,35862,0
20150429,12.964,13.064,12.935,12.992,43924,0
20150430,13.054,13.164,12.983,13.146,64418,0
20150501,13.129,13.146,12.992,13.129,94612,0
20150504,13.164,13.303,13.102,13.12,93303,0
20150505,13.164,13.203,13.027,13.074,71396,0
20150506,13.102,13.174,12.892,13.12,69209,0
20150507,13.155,13.164,12.973,12.983,72597,0
20150508,13.203,13.203,12.945,12.992,122078,0
20150511,12.935,13.203,12.716,13.002,153250,0
20150512,12.973,13.002,12.754,12.863,85415,0
20150513,12.78,13.164,12.78,12.907,62456,0
20150514,13.074,13.074,12.926,12.926,38477,0
20150515,13.027,13.027,12.983,13.027,37542,0
20150518,13.125,13.125,12.997,13.005,24870,0
20150519,13.069,13.116,13.023,13.069,36812,0
20150520,13.116,13.125,13.032,13.032,26093,0
20150521,13.116,13.116,13.041,13.059,29016,0
20150522,13.098,13.125,13.032,13.069,41574,0
20150526,13.079,13.125,13.049,13.116,30953,0
20150527,13.143,13.143,12.997,13.069,68752,0
20150528,13.041,13.116,13.041,13.098,36266,0
20150529,13.161,13.161,13.069,13.069,43416,0
20150601,13.108,13.144,12.949,12.987,78461,0
20150602,12.886,12.997,12.886,12.959,82478,0
20150603,13.005,13.023,12.901,13.005,110108,0
20150604,13.049,13.049,12.978,12.978,28689,0
20150605,12.968,13.116,12.968,13.023,34104,0
20150608,13.032,13.116,12.997,13.049,44715,0
20150609,12.978,13.125,12.978,12.978,42463,0
20150610,13.023,13.079,12.939,12.959,55333,0
20150611,12.964,13.094,12.925,13.037,46002,0
20150612,13.094,13.157,13.028,13.094,43121,0
20150615,13.148,13.206,13.055,13.094,31831,0
20150616,13.094,13.157,13.065,13.065,40541,0
20150617,13.157,13.206,13.028,13.055,70865,0
20150618,13.055,13.157,13.037,13.085,30434,0
20150619,13.065,13.251,12.964,13.251,76135,0
20150622,13.065,13.224,13.065,13.094,27637,0
20150623,13.094,13.344,13.094,13.268,51602,0
20150624,13.26,13.53,13.26,13.466,78071,0
20150625,13.429,13.53,13.186,13.186,49574,0
20150626,13.206,13.371,13.177,13.288,70973,0
20150629,13.318,13.466,13.157,13.196,102480,0
20150630,13.298,13.335,12.898,12.906,127666,0
20150701,12.992,13.122,12.954,13.075,65489,0
20150702,13.094,13.094,13.018,13.018,36347,0
20150706,12.983,13.075,12.973,13.028,40112,0
20150707,13.065,13.065,13.028,13.055,71942,0
20150708,13.065,13.065,13.002,13.018,35379,0
20150709,13.065,13.065,13.018,13.018,76673,0
20150710,13.018,13.075,13.018,13.028,59467,0
20150713,13.028,13.094,13.018,13.094,74309,0
20150714,13.094,13.288,13.085,13.288,110760,0
20150715,13.298,13.298,13.196,13.298,60799,0
20150716,13.298,13.345,13.224,13.224,38174,0
20150717,13.206,13.251,13.085,13.251,60111,0
20150720,13.181,13.283,13.125,13.181,50955,0
20150721,13.171,13.181,13.069,13.152,66442,0
20150722,13.152,13.152,13.088,13.108,73812,0
20150723,13.181,13.181,13.021,13.069,52341,0
20150724,13.098,13.098,12.731,12.854,129143,0
20150727,12.835,13.059,12.497,12.751,121133,0
20150728,12.807,12.807,12.487,12.525,67829,0
20150729,12.487,12.583,12.357,12.507,85347,0
20150730,12.647,12.947,12.452,12.787,62703,0
20150731,12.779,12.779,12.452,12.497,48817,0
20150803,12.452,12.675,12.452,12.639,90437,0
20150804,12.675,12.937,12.545,12.751,45718,0
20150805,12.751,12.779,12.639,12.685,24781,0
20150806,12.639,12.731,12.634,12.731,53853,0
20150807,12.647,12.797,12.554,12.609,38988,0
20150810,12.657,12.685,12.545,12.563,22004,0
20150811,12.385,12.619,12.385,12.479,55913,0
20150812,12.479,12.479,11.927,12.376,141962,0
20150813,12.311,12.461,12.301,12.367,33967,0
20150814,12.291,12.471,12.067,12.067,106925,0
20150817,12.021,12.143,11.992,12.105,104469,0
20150818,12.086,12.227,12.077,12.227,197827,0
20150819,12.227,12.227,11.983,12.152,124015,0
20150820,12.11,12.203,11.845,11.911,264138,0
20150821,11.977,12.1,11.835,11.93,330410,0
20150824,11.269,11.789,9.3079,11.317,519295,0
20150825,11.789,11.798,11.317,11.326,272091,0
20150826,11.43,11.581,11.287,11.336,159055,0
20150827,11.382,11.694,11.382,11.581,108475,0
20150828,11.43,11.591,11.43,11.449,121730,0
20150831,11.382,11.553,11.336,11.346,109854,0
20150901,11.365,11.543,11.326,11.488,96175,0
20150902,11.581,11.627,11.459,11.553,82391,0
20150903,11.6,11.676,11.523,11.581,80907,0
20150904,11.553,11.627,11.478,11.572,63941,0
20150908,11.627,11.666,11.523,11.553,132546,0
20150909,11.572,11.666,11.572,11.666,164570,0
20150910,11.75,11.755,11.656,11.704,121366,0
20150911,11.704,11.741,11.647,11.732,83451,0
20150914,11.76,11.854,11.647,11.835,133924,0
20150915,11.835,11.835,11.712,11.76,69348,0
20150916,11.779,11.854,11.741,11.835,83345,0
20150917,11.774,11.84,11.64,11.64,165603,0
20150918,11.64,11.917,11.565,11.859,300128,0
20150921,11.849,11.888,11.68,11.794,83977,0
20150922,11.688,11.83,11.688,11.735,89344,0
20150923,11.774,11.784,11.536,11.565,125228,0
20150924,11.498,11.556,11.402,11.461,224110,0
20150925,11.461,11.556,11.233,11.288,148591,0
20150928,11.261,11.337,11.077,11.129,134391,0
20150929,11.174,11.288,10.652,10.786,237092,0
20150930,10.833,11.392,10.719,11.347,491655,0
20151001,11.412,11.498,11.089,11.109,194682,0
20151002,11.099,11.243,11.051,11.147,200365,0
20151005,11.147,11.308,11.147,11.223,65866,0
20151006,11.213,11.47,11.204,11.432,172374,0
20151007,11.402,11.764,11.402,11.735,244037,0
20151008,11.764,11.784,11.612,11.716,90184,0
20151009,11.764,11.821,11.735,11.803,98604,0
20151012,11.83,11.83,11.64,11.716,115442,0
20151013,11.726,11.735,11.356,11.461,240880,0
20151014,11.233,11.366,11.147,11.213,288342,0
20151015,11.213,11.402,11.194,11.383,120703,0
20151016,11.337,11.621,11.337,11.565,134279,0
20151019,11.436,11.685,11.378,11.599,79457,0
20151020,11.531,11.761,11.511,11.607,39109,0
20151021,11.579,11.704,11.551,11.646,62752,0
20151022,11.636,11.722,11.551,11.626,100653,0
20151023,11.694,11.751,11.57,11.704,73924,0
20151026,11.741,11.751,11.551,11.616,62021,0
20151027,11.511,11.616,11.501,11.541,92614,0
20151028,11.57,11.589,11.416,11.436,133335,0
20151029,11.416,11.579,11.416,11.484,123207,0
20151030,11.474,11.57,11.406,11.561,161423,0
20151102,11.531,11.646,11.484,11.589,136133,0
20151103,11.589,11.666,11.493,11.656,123834,0
20151104,11.599,11.732,11.556,11.704,121513,0
20151105,11.741,11.741,11.445,11.511,99714,0
20151106,11.455,11.589,11.445,11.511,119552,0
20151109,11.551,11.551,11.396,11.426,70896,0
20151110,11.396,11.445,11.157,11.225,90109,0
20151111,11.235,11.281,11.11,11.157,100653,0
20151112,11.11,11.196,11.081,11.11,90315,0
20151113,10.985,11.205,10.785,11.061,172907,0
20151116,10.985,11.205,10.918,11.09,118613,0
20151117,11.038,11.192,10.893,11.066,189922,0
20151118,11.009,11.105,10.95,11.105,173870,0
20151119,11.019,11.337,11.019,11.202,95478,0
20151120,11.144,11.269,11.144,11.182,80359,0
20151123,11.125,11.327,11.105,11.288,150571,0
20151124,11.26,11.414,11.154,11.366,92591,0
20151125,11.231,11.444,11.231,11.404,108112,0
20151127,11.394,11.424,11.318,11.327,31482,0
20151130,11.414,11.636,11.298,11.616,170660,0
20151201,11.5,11.641,11.404,11.424,106759,0
20151202,11.463,11.491,11.347,11.394,74167,0
20151203,11.356,11.434,11.337,11.337,103525,0
20151204,11.376,11.414,11.318,11.337,119608,0
20151207,11.384,11.384,10.979,11.056,131102,0
20151208,10.999,10.999,10.641,10.719,187722,0
20151209,10.767,11.115,10.727,10.999,156473,0
20151210,10.969,10.999,10.883,10.922,71040,0
20151211,10.96,10.989,10.631,10.816,164447,0
20151214,10.777,10.787,10.343,10.419,320164,0
20151215,10.38,10.603,10.343,10.479,257647,0
20151216,10.429,10.71,10.343,10.621,179048,0
20151217,10.671,10.863,10.246,10.525,310357,0
20151218,10.449,10.621,10.265,10.545,154816,0
20151221,10.545,10.719,10.535,10.545,103660,0
20151222,10.54,11.056,10.54,10.93,164166,0
20151223,10.911,11.154,10.744,11.144,167636,0
20151224,11.056,11.085,10.94,10.988,55884,0
20151228,10.851,10.998,10.637,10.804,192409,0
20151229,10.861,11.095,10.842,10.92,141665,0
20151230,10.871,11.115,10.871,10.978,119045,0
20151231,10.92,11.154,10.92,10.959,215288,0
20160104,11.008,11.245,10.725,11.154,121967,0
20160105,11.047,11.251,11.008,11.242,64560,0
20160106,11.115,11.349,11.115,11.115,67150,0
20160107,11.008,11.163,10.949,11.018,136232,0
20160108,11.125,11.193,10.998,11.125,170790,0
20160111,11.125,11.125,10.813,10.968,160977,0
20160112,11.056,11.066,10.734,10.764,73438,0
20160113,10.716,10.881,10.374,10.589,157723,0
20160114,10.54,10.691,10.326,10.423,159443,0
20160115,10.251,10.311,10.074,10.173,182455,0
20160119,10.182,10.232,10.035,10.064,151903,0
20160120,9.878,10.045,9.563,9.917,329437,0
20160121,10.006,10.762,9.967,10.212,168859,0
20160122,10.271,10.614,10.261,10.586,87204,0
20160125,10.586,10.782,10.516,10.624,132777,0
20160126,10.614,10.714,10.596,10.689,42921,0
20160127,10.664,10.822,10.606,10.606,130263,0
20160128,10.694,10.742,10.556,10.586,110243,0
20160129,10.546,10.817,10.516,10.714,144591,0
20160201,10.742,10.86,10.644,10.832,90812,0
20160202,10.832,10.86,10.644,10.802,104175,0
20160203,10.752,10.794,10.478,10.634,96199,0
20160204,10.634,10.747,10.478,10.634,124132,0
20160205,10.566,10.808,10.566,10.732,73467,0
20160208,10.664,10.694,10.074,10.379,287134,0
20160209,10.29,10.398,10.212,10.35,73174,0
20160210,10.32,10.511,10.32,10.458,79208,0
20160211,10.458,10.511,10.212,10.32,127016,0
20160212,10.34,10.624,10.34,10.448,53949,0
20160216,10.542,10.661,10.423,10.582,51156,0
20160217,10.651,10.73,10.579,10.73,54718,0
20160218,10.78,10.988,10.661,10.978,124155,0
20160219,10.899,11.148,10.859,11.008,94564,0
20160222,11.028,11.296,10.959,11.038,147647,0
20160223,11.048,11.137,11.008,11.008,35728,0
20160224,10.919,11.048,10.798,11.038,42650,0
20160225,11.018,11.157,11.018,11.157,34511,0
20160226,11.157,11.306,11.097,11.216,115900,0
20160229,11.177,11.296,11.107,11.206,70634,0
20160301,11.276,11.355,11.206,11.355,86206,0
20160302,11.435,11.435,11.256,11.325,76611,0
20160303,11.296,11.406,11.271,11.385,85656,0
20160304,11.454,11.454,11.29,11.395,63612,0
20160307,11.375,11.425,11.286,11.325,49356,0
20160308,11.256,11.365,11.226,11.325,77203,0
20160309,11.325,11.425,11.316,11.385,66713,0
20160310,11.395,11.405,11.306,11.36,52515,0
20160311,11.395,11.464,11.375,11.464,50550,0
20160314,11.454,11.573,11.405,11.454,78743,0
20160315,11.484,11.484,11.375,11.385,44596,0
20160316,11.36,11.53,11.36,11.5,77860,0
20160317,11.5,11.77,11.4878,11.6,156886,0
20160318,11.6,11.64,11.53,11.57,87995,0
20160321,11.63,11.7015,11.47,11.52,128762,0
20160322,11.55,11.74,11.49,11.67,79752,0
20160323,11.69,11.69,11.55,11.55,46799,0
20160324,11.55,11.57,11.45,11.5,39934,0
20160328,11.46,11.54,11.45,11.54,46144,0
20160329,11.46,11.63,11.46,11.55,54759,0
20160330,11.6,11.7199,11.42,11.54,54728,0
20160331,11.52,11.7199,11.52,11.7,123482,0
20160401,11.68,11.85,11.66,11.81,99353,0
20160404,11.86,11.86,11.56,11.69,85260,0
20160405,11.65,11.85,11.54,11.82,95631,0
20160406,11.8,11.85,11.7,11.84,68552,0
20160407,11.85,11.85,11.694,11.8,72539,0
20160408,11.85,11.9,11.7,11.78,118689,0
20160411,11.76,11.8799,11.67,11.75,136977,0
20160412,11.7,11.89,11.7,11.88,130070,0
20160413,11.9,11.94,11.85,11.87,100518,0
20160414,11.9,12.04,11.83,11.97,171849,0
20160415,12.02,12.1795,11.88,12.02,72098,0
