Date,Open,High,Low,Close,Volume,OpenInt
20070201,10.494,10.494,10.494,10.494,231,0
20070424,10.532,10.532,10.494,10.494,1603,0
20070425,10.494,11.147,10.494,11.147,5033,0
20070427,11.147,11.147,11.147,11.147,231,0
20070430,11.147,11.147,11.147,11.147,1144,0
20070503,11.369,11.369,11.369,11.369,231,0
20070504,11.147,11.147,11.147,11.147,572,0
20070511,11.59,11.59,11.369,11.369,4917,0
20070515,13.552,14.822,12.677,12.677,18297,0
20070516,13.946,13.946,13.119,13.119,917,0
20070521,13.11,13.119,13.11,13.119,572,0
20070523,13.119,13.119,13.119,13.119,620,0
20070525,12.244,12.244,12.244,12.244,160,0
20070618,13.119,13.119,13.119,13.119,110,0
20070625,13.119,13.119,13.119,13.119,231,0
20070628,12.726,12.726,12.677,12.677,514,0
20070709,12.283,12.677,12.283,12.33,7606,0
20070713,12.244,12.244,12.244,12.244,602,0
20070717,12.456,12.677,12.456,12.677,2288,0
20070720,12.072,12.244,12.072,12.244,342,0
20070724,14.86,14.86,14.119,14.119,231,0
20070815,13.119,13.119,13.119,13.119,3202,0
20070817,13.331,13.331,13.331,13.331,3365,0
20070821,13.331,13.331,13.331,13.331,572,0
20070824,12.897,12.897,12.897,12.897,110,0
20070830,12.897,13.119,12.897,13.119,7433,0
20070907,13.984,15.735,13.984,15.735,2449,0
20070918,15.303,15.303,14.86,14.86,2288,0
20071005,14.205,14.205,14.205,14.205,286,0
20071017,14.342,14.342,14.205,14.205,1429,0
20071019,14.426,14.426,14.426,14.426,110,0
20071023,14.426,14.426,14.426,14.426,231,0
20071025,14.426,14.426,14.426,14.426,917,0
20071026,14.426,14.426,14.426,14.426,917,0
20071029,14.649,14.649,14.649,14.649,231,0
20071102,13.993,13.993,13.993,13.993,231,0
20071105,13.898,13.898,13.898,13.898,231,0
20071106,13.552,13.552,12.244,12.897,3658,0
20071107,12.637,12.637,12.637,12.637,231,0
20071108,12.677,12.986,12.677,12.897,2744,0
20071109,13.119,13.119,13.119,13.119,1144,0
20071115,13.033,13.033,13.033,13.033,231,0
20071204,12.505,12.505,12.416,12.416,798,0
20071218,12.677,12.677,12.677,12.677,1144,0
20071228,12.505,12.505,12.33,12.33,917,0
20080109,12.33,12.33,12.244,12.244,1373,0
20080117,12.072,12.072,12.072,12.072,572,0
20080118,11.801,12.024,11.801,12.024,1946,0
20080122,12.244,12.244,12.156,12.156,1224,0
20080123,11.975,12.024,11.715,11.715,3318,0
20080124,11.369,11.369,11.369,11.369,798,0
20080125,10.928,11.369,10.928,11.369,687,0
20080128,11.369,11.369,11.369,11.369,2058,0
20080129,11.369,11.59,11.369,11.59,3431,0
20080131,11.369,11.59,11.369,11.493,3522,0
20080204,11.493,12.024,11.493,11.801,1830,0
20080211,11.59,11.59,11.59,11.59,798,0
20080220,11.628,11.628,11.628,11.628,231,0
20080221,11.628,12.244,11.369,12.244,2058,0
20080225,11.628,11.715,11.369,11.715,2974,0
20080304,11.628,11.628,11.453,11.453,1486,0
20080314,11.975,11.975,11.975,11.975,231,0
20080318,11.975,11.975,11.975,11.975,1144,0
20080327,11.715,11.715,11.369,11.369,1830,0
20080401,11.369,11.369,11.369,11.369,308,0
20080430,11.801,12.244,11.801,11.801,1259,0
20080505,12.244,12.456,12.244,12.456,1373,0
20080507,13.119,14.86,13.119,14.86,456,0
20080508,13.552,13.552,13.119,13.119,1603,0
20080512,13.331,13.331,13.331,13.331,231,0
20080516,13.119,13.119,12.677,12.677,917,0
20080527,13.119,13.158,13.119,13.158,6062,0
20080528,13.158,13.158,13.119,13.119,3260,0
20080529,13.119,13.119,13.119,13.119,231,0
20080530,13.119,13.119,12.764,12.764,1315,0
20080603,12.764,12.764,12.59,12.59,742,0
20080604,13.243,13.243,11.85,11.85,4232,0
20080605,12.59,12.936,12.59,12.936,1144,0
20080609,12.33,12.505,12.244,12.505,798,0
20080618,12.677,12.677,12.677,12.677,110,0
20080623,12.764,12.764,12.764,12.764,231,0
20080624,12.764,12.764,12.764,12.764,231,0
20080627,12.505,12.505,12.505,12.505,1259,0
20080708,12.244,12.244,11.801,11.801,1946,0
20080710,10.494,10.494,10.273,10.273,456,0
20080714,10.494,10.494,10.494,10.494,1144,0
20080715,10.494,10.494,10.494,10.494,456,0
20080716,10.494,10.494,10.494,10.494,110,0
20080717,10.494,10.494,10.494,10.494,456,0
20080721,10.494,10.494,8.964,9.1852,6633,0
20080723,9.619,9.619,9.619,9.619,110,0
20080724,9.619,9.619,9.619,9.619,6862,0
20080731,9.619,9.619,9.619,9.619,342,0
20080801,9.619,9.619,9.619,9.619,336,0
20080804,9.4447,9.619,9.4447,9.4447,2514,0
20080805,9.0506,9.0506,8.7429,8.7429,4860,0
20080806,8.8294,9.2241,8.8294,9.1852,1830,0
20080808,9.4447,9.4447,9.1852,9.1852,1259,0
20080811,9.2718,9.2718,9.2718,9.2718,110,0
20080813,9.1852,9.57,9.1852,9.57,2974,0
20080818,9.619,9.619,8.964,9.1852,6290,0
20080825,9.0024,9.0024,8.7909,8.7909,572,0
20080826,8.964,9.619,8.8774,9.619,2859,0
20080915,9.1852,9.619,8.31,9.619,5946,0
20080917,9.1852,9.1852,8.964,9.1852,2052,0
20080919,9.1852,9.3967,8.964,9.3967,1715,0
20080922,9.619,9.619,9.1852,9.1852,1094,0
20080924,9.1852,9.619,9.1852,9.619,3260,0
20080925,8.6563,8.6563,8.6563,8.6563,100,0
20080929,9.619,11.543,9.619,11.543,1609,0
20081001,10.099,10.099,9.619,9.619,4471,0
20081006,9.628,9.628,9.619,9.619,5448,0
20081007,9.619,9.619,9.619,9.619,5198,0
20081008,10.581,10.581,10.581,10.581,311,0
20081009,9.619,9.619,9.619,9.619,519,0
20081010,9.619,9.619,7.9349,8.6563,12685,0
20081015,8.9448,9.1372,8.6563,9.1372,3119,0
20081020,9.86,9.86,8.6658,8.6756,4783,0
20081022,8.8485,8.8485,8.8485,8.8485,1145,0
20081024,8.8006,8.8006,8.8006,8.8006,519,0
20081027,9.1372,9.3772,9.1372,9.3772,5719,0
20081028,9.3772,9.522,9.3772,9.3772,2600,0
20081103,9.619,9.619,9.619,9.619,519,0
20081104,9.609,9.619,9.609,9.619,1039,0
20081110,9.1372,9.1372,9.1372,9.1372,1039,0
20081124,8.4158,9.1372,8.4158,9.1372,727,0
20081203,9.3772,9.609,9.3772,9.609,775,0
20081208,8.1755,8.1755,8.1755,8.1755,3895,0
20081210,7.7425,7.7425,7.6944,7.6944,1559,0
20081211,7.7041,7.7041,7.7041,7.7041,2079,0
20081212,7.6944,7.6944,7.6944,7.6944,21799,0
20081215,7.6944,7.6944,7.6944,7.6944,1730,0
20081216,7.6944,7.6944,7.6944,7.6944,5198,0
20081217,7.6944,7.6944,7.6944,7.6944,2079,0
20081218,7.6944,7.6944,7.6944,7.6944,830,0
20081223,7.4539,7.4539,7.4539,7.4539,110,0
20081229,7.4539,7.4539,7.2615,7.2615,1951,0
20081231,7.6944,7.6944,7.6944,7.6944,211,0
20090106,7.6944,7.6944,7.6944,7.6944,4887,0
20090113,7.6944,7.6944,7.6944,7.6944,1195,0
20090115,7.4539,7.4539,7.4539,7.4539,1039,0
20090116,7.4539,7.4539,7.4539,7.4539,1039,0
20090120,7.4539,7.4539,7.2135,7.2135,3119,0
20090121,7.2615,7.2615,7.2135,7.2135,3328,0
20090126,7.2135,7.2135,7.2135,7.2135,5084,0
20090130,6.9731,6.9731,6.9731,6.9731,100,0
20090202,6.7326,6.7326,6.7326,6.7326,1039,0
20090204,6.7326,6.7326,6.7326,6.7326,912,0
20090206,6.9731,6.9731,6.9731,6.9731,100,0
20090209,6.9731,8.6563,6.9731,8.6563,3119,0
20090211,8.4158,8.6563,8.4158,8.56,3637,0
20090212,7.6944,7.6944,7.4539,7.4539,1039,0
20090218,6.9731,6.9731,6.9731,6.9731,1972,0
20090219,6.4442,6.4442,6.4442,6.4442,1198,0
20090220,6.4442,6.4442,5.7707,5.7707,3119,0
20090223,5.7707,5.7707,5.7707,5.7707,6758,0
20090224,5.5306,5.5306,5.5306,5.5306,519,0
20090226,5.6746,5.6746,5.6746,5.6746,100,0
20090227,5.6746,5.6746,5.6746,5.6746,100,0
20090303,5.6746,5.7707,5.6746,5.7707,1039,0
20090304,5.2899,5.7707,5.2899,5.7707,1122,0
20090305,5.5306,5.5306,5.2899,5.2899,5719,0
20090306,5.2899,5.2899,5.2899,5.2899,519,0
20090310,5.7611,5.7707,5.7611,5.7707,830,0
20090312,5.7707,5.7707,5.7707,5.7707,311,0
20090313,5.2899,5.2899,5.2899,5.2899,1819,0
20090326,6.4923,6.4923,6.2517,6.2517,1471,0
20090327,5.7707,6.0114,5.7707,5.8671,7019,0
20090407,5.7707,5.7707,5.7707,5.7707,1039,0
20090408,6.2517,6.2517,6.2517,6.2517,211,0
20090409,6.2517,6.2517,6.2517,6.2517,1439,0
20090413,6.9249,6.9249,6.9249,6.9249,1039,0
20090427,6.4923,6.4923,5.7707,5.7707,3159,0
20090428,6.0114,6.0114,6.0114,6.0114,519,0
20090506,6.2517,6.2517,6.2517,6.2517,211,0
20090507,6.2517,6.2517,6.2517,6.2517,17666,0
20090508,6.2517,6.2517,6.2517,6.2517,6239,0
20090511,6.4923,6.4923,6.4826,6.4923,497,0
20090512,6.348,6.348,6.348,6.348,1081,0
20090514,6.4923,6.4923,6.2517,6.2517,12389,0
20090519,6.0595,6.0595,5.7707,5.8671,3379,0
20090522,5.7707,5.7707,5.7707,5.7707,110,0
20090605,5.8671,5.8671,5.8671,5.8671,211,0
20090609,6.2517,6.2517,6.2517,6.2517,1352,0
20090611,6.2517,6.2517,6.1557,6.1557,2391,0
20090612,6.0595,6.0595,6.0595,6.0595,519,0
20090629,6.0595,6.2517,6.0595,6.2517,2391,0
20090630,6.1076,6.1076,6.1076,6.1076,519,0
20090701,6.1076,6.1076,6.1076,6.1076,519,0
20090706,6.4923,6.4923,6.4923,6.4923,100,0
20090707,6.348,6.348,6.348,6.348,1039,0
20090708,6.1076,6.1076,6.1076,6.1076,5094,0
20090710,6.1076,6.1076,6.1076,6.1076,2079,0
20090716,6.1459,6.1459,6.0595,6.0595,2131,0
20090720,6.0595,6.1557,6.0595,6.1557,6239,0
20090728,6.1557,6.1557,6.0114,6.0114,937,0
20090729,6.2517,6.2517,6.2517,6.2517,100,0
20090730,6.2517,6.2517,6.2517,6.2517,100,0
20090804,6.2517,6.2517,6.2517,6.2517,1039,0
20090806,6.2517,6.4923,6.2517,6.4923,13031,0
20090807,6.7326,6.7326,6.7326,6.7326,1039,0
20090810,6.4923,6.4923,6.4923,6.4923,2079,0
20090811,6.4923,6.7326,6.4923,6.7326,3989,0
20090814,6.4923,6.4923,6.4442,6.4442,20015,0
20090826,6.0114,6.348,5.8671,6.348,5633,0
20090828,6.0114,6.0114,6.0114,6.0114,438,0
20090831,6.0114,6.0114,5.8671,5.8671,1039,0
20090901,5.8671,5.8671,5.8671,5.8671,519,0
20090902,6.0114,6.0114,6.0114,6.0114,2079,0
20090909,5.8671,5.8671,5.5306,5.5306,3737,0
20090910,5.5306,5.5306,5.5306,5.5306,437,0
20090911,5.2899,5.2899,5.2899,5.2899,519,0
20090915,5.7707,5.7707,5.7707,5.7707,416,0
20090918,5.7707,5.7707,5.7707,5.7707,4159,0
20090921,5.7707,5.7707,5.7707,5.7707,416,0
20090922,5.5786,5.6746,5.5786,5.6746,2079,0
20090923,5.5786,5.5786,5.5786,5.5786,311,0
20090924,5.7707,5.7707,5.7707,5.7707,100,0
20090925,5.7707,6.0114,5.7707,6.0114,1954,0
20090929,5.6266,5.6266,5.6266,5.6266,572,0
20090930,5.7707,5.7707,5.7707,5.7707,674,0
20091005,5.7707,5.7707,5.7707,5.7707,100,0
20091007,6.0114,6.0114,6.0114,6.0114,1613,0
20091008,6.0114,6.0114,5.9632,6.0114,18975,0
20091019,6.348,6.348,6.348,6.348,830,0
20091020,6.4923,6.4923,6.348,6.348,416,0
20091021,6.0114,6.0114,6.0114,6.0114,321,0
20091026,6.0114,6.0114,6.0114,6.0114,321,0
20091027,6.0114,6.0114,6.0114,6.0114,2859,0
20091029,6.0114,6.0114,6.0114,6.0114,1039,0
20091103,6.0114,6.1076,6.0114,6.1076,830,0
20091105,6.1557,6.1557,6.1557,6.1557,311,0
20091109,6.1941,6.1941,6.0114,6.0114,6551,0
20091110,6.0114,6.0114,6.0114,6.0114,10397,0
20091111,6.0114,6.0114,6.0114,6.0114,9669,0
20091112,6.0114,6.0114,6.0114,6.0114,8837,0
20091113,6.0595,6.0595,6.0114,6.0114,727,0
20091119,6.0114,6.0114,6.0114,6.0114,9357,0
20091124,6.0114,6.0114,6.0114,6.0114,798,0
20091130,6.0595,6.0595,6.0114,6.0114,524,0
20091209,6.0595,6.0595,6.0595,6.0595,519,0
20091218,6.0595,6.0595,6.0595,6.0595,519,0
20091222,6.0595,6.0595,6.0595,6.0595,519,0
20091223,6.396,6.396,6.396,6.396,354,0
20091231,6.0595,6.0595,6.0595,6.0595,2859,0
20100112,6.0595,6.0595,6.0595,6.0595,5044,0
20100113,6.0114,6.0114,6.0114,6.0114,211,0
20100119,6.0595,6.0595,6.0114,6.0114,6242,0
20100121,6.0595,6.0595,6.0595,6.0595,2391,0
20100128,6.0114,6.0114,6.0114,6.0114,572,0
20100209,6.2517,6.2517,6.2517,6.2517,519,0
20100222,6.0595,6.0595,6.0595,6.0595,519,0
20100223,6.0114,6.0114,5.5786,5.5786,2941,0
20100224,6.0595,6.0595,6.0595,6.0595,416,0
20100302,5.7707,5.7707,5.7707,5.7707,271,0
20100304,6.0595,6.0595,6.0595,6.0595,239,0
20100305,6.0595,6.0595,6.0595,6.0595,1695,0
20100310,6.0595,6.0595,6.0595,6.0595,2859,0
20100311,6.0595,6.1076,6.0595,6.1076,8567,0
20100319,6.0595,6.0595,6.0595,6.0595,416,0
20100326,5.7707,5.7707,5.7707,5.7707,416,0
20100405,6.0114,6.6845,6.0016,6.6845,21376,0
20100406,6.6845,7.9349,6.6845,7.7906,9489,0
20100407,8.4158,8.4158,8.1755,8.1755,2874,0
20100408,8.4158,8.4639,8.4158,8.4639,1185,0
20100409,8.4639,8.56,8.4639,8.56,1898,0
20100412,8.1755,8.1755,8.1755,8.1755,1455,0
20100413,8.1755,8.1755,8.1755,8.1755,211,0
20100414,7.9349,8.6082,7.6944,7.6944,4492,0
20100415,7.6944,7.6944,7.6944,7.6944,1352,0
20100420,7.4539,7.4539,7.4539,7.4539,2079,0
20100423,7.6944,7.6944,7.6944,7.6944,135,0
20100426,7.9349,7.9349,7.9349,7.9349,519,0
20100427,8.1755,8.1755,8.1755,8.1755,777,0
20100503,7.6944,7.6944,7.6944,7.6944,5198,0
20100506,7.6944,7.6944,7.6944,7.6944,777,0
20100512,7.4539,7.6944,7.0692,7.0692,5666,0
20100526,7.0692,7.0692,7.0692,7.0692,211,0
20100601,7.1174,7.1174,6.7326,6.7326,8109,0
20100602,6.7326,6.7326,6.7326,6.7326,5719,0
20100604,6.7326,6.7326,6.7326,6.7326,519,0
20100611,6.7326,6.7326,6.5402,6.5402,1664,0
20100618,6.7326,6.7326,6.7326,6.7326,211,0
20100621,6.7326,6.7326,6.7326,6.7326,1039,0
20100622,6.7326,6.7326,6.7326,6.7326,331,0
20100707,6.7326,6.7326,6.5402,6.7326,1892,0
20100712,6.7326,6.7326,6.7326,6.7326,519,0
20100720,6.7326,6.7326,6.7326,6.7326,342,0
20100721,6.7326,6.7326,6.7326,6.7326,2859,0
20100723,6.7326,6.7326,6.2517,6.2517,6758,0
20100727,6.1076,6.1557,6.1076,6.1557,626,0
20100728,6.1941,6.1941,6.1941,6.1941,1039,0
20100729,6.4343,7.6944,6.4343,7.6944,5719,0
20100730,7.4539,7.6849,7.4539,7.6849,4677,0
20100802,7.6944,7.6944,7.6944,7.6944,1559,0
20100803,7.6944,8.56,7.6944,8.56,4128,0
20100804,8.56,8.56,8.56,8.56,100,0
20100805,8.56,8.5697,8.1755,8.5313,18611,0
20100806,8.5121,8.5313,8.1755,8.2427,22654,0
20100809,8.2139,8.2714,7.6944,8.1755,19132,0
20100810,7.5021,7.5021,7.5021,7.5021,519,0
20100811,7.6944,8.2618,7.6944,8.0792,12995,0
20100812,7.7425,7.7425,7.6944,7.6944,0,0
20100813,6.0595,6.1076,5.3478,6.0114,4583667,0
20100816,6.0595,6.2037,5.9632,6.0016,286132,0
20100817,6.2037,6.2037,5.9152,5.9632,210893,0
20100818,6.1076,6.1076,5.8671,5.896,182895,0
20100819,5.8671,5.8671,5.819,5.819,29215,0
20100820,5.8286,5.8286,5.7517,5.7611,138907,0
20100823,5.9247,6.1843,5.7998,6.0786,72663,0
20100824,6.0306,6.0306,5.8286,5.8766,44218,0
20100825,5.9825,6.0016,5.8671,5.896,69777,0
20100826,5.8766,6.0016,5.8671,5.9152,78347,0
20100827,5.9152,6.0016,5.8671,5.896,18803,0
20100830,5.8766,5.9152,5.7707,5.7806,13842,0
20100831,5.9152,5.9632,5.7707,5.819,18091,0
20100901,5.819,6.0016,5.819,5.8766,68349,0
20100902,5.9054,5.9632,5.8574,5.8574,52867,0
20100903,5.8479,5.9054,5.8286,5.8286,19378,0
20100907,5.8094,5.9632,5.7418,5.7517,130255,0
20100908,5.7517,5.8479,5.7227,5.838,30693,0
20100909,5.9054,5.9344,5.7707,5.8094,13420,0
20100910,5.8286,5.9152,5.819,5.8479,14671,0
20100913,5.8671,6.1557,5.8671,6.0883,193343,0
20100914,6.0595,6.1557,6.0595,6.1269,107363,0
20100915,6.0402,6.0786,5.9825,6.0595,39629,0
20100916,6.1076,6.1363,6.0497,6.0595,62531,0
20100917,6.0595,6.1363,5.6266,5.7901,391646,0
20100920,5.8671,5.9921,5.8286,5.9152,78285,0
20100921,5.9152,5.9728,5.819,5.8286,28451,0
20100922,5.8671,5.9825,5.7707,5.9344,26347,0
20100923,5.8574,5.8863,5.7707,5.7707,30737,0
20100924,5.9054,5.9921,5.7707,5.9344,22071,0
20100927,5.9152,5.9921,5.7707,5.819,40569,0
20100928,5.8766,5.9921,5.7611,5.7806,205906,0
20100929,5.7806,5.896,5.7227,5.7707,122426,0
20100930,5.7901,5.9247,5.7324,5.8671,71388,0
20101001,5.8286,5.9247,5.7707,5.7901,20008,0
20101004,5.7611,5.8671,5.7324,5.819,31125,0
20101005,5.7901,5.9344,5.7418,5.896,80082,0
20101006,5.944,5.9921,5.7901,5.896,45501,0
20101007,5.8766,6.0114,5.819,5.8286,29275,0
20101008,5.8479,5.8479,5.7227,5.7707,120148,0
20101011,5.7806,5.8479,5.6941,5.7611,6135,0
20101012,5.7324,5.7901,5.7324,5.7611,26722,0
20101013,5.7418,5.8671,5.7324,5.7707,74961,0
20101014,5.7418,5.7901,5.7132,5.7517,23992,0
20101015,5.7227,5.8574,5.6746,5.6746,19503,0
20101018,5.6941,5.7517,5.6843,5.6843,18998,0
20101019,5.9921,5.9921,5.636,5.7324,106302,0
20101020,5.7611,5.7901,5.7227,5.7227,16997,0
20101021,5.7418,5.8286,5.5306,5.6266,201043,0
20101022,5.636,5.6746,5.3478,5.4726,58070,0
20101025,5.4824,5.7806,5.4824,5.5496,247872,0
20101026,5.5207,5.5496,5.3957,5.4437,74023,0
20101027,5.4245,5.4245,5.2997,5.386,27448,0
20101028,5.4245,5.4437,5.386,5.4343,37325,0
20101029,5.4824,5.6072,5.4632,5.5979,21735,0
20101101,5.5786,5.6266,5.5306,5.6072,95478,0
20101102,5.6169,5.6651,5.511,5.5881,35350,0
20101103,5.5786,5.6266,5.5207,5.5786,50240,0
20101104,5.6266,5.6651,5.5398,5.5979,29956,0
20101105,5.569,5.5979,5.569,5.5881,19038,0
20101108,5.5593,5.7418,5.415,5.6169,71171,0
20101109,5.5979,5.6169,5.5398,5.6072,48778,0
20101110,5.6169,5.6169,5.386,5.5593,39074,0
20101111,5.5398,5.569,5.4054,5.5306,14963,0
20101112,5.5306,5.5306,5.3765,5.4535,13313,0
20101115,5.415,5.5786,5.386,5.4343,42460,0
20101116,5.415,5.415,5.3091,5.3283,34456,0
20101117,5.3381,5.367,5.2997,5.3187,13052,0
20101118,5.367,5.4054,5.3187,5.3478,11656,0
20101119,5.3381,5.3765,5.2899,5.367,21654,0
20101122,5.386,5.386,5.2128,5.2899,48699,0
20101123,5.3187,5.3957,5.0688,5.3283,60766,0
20101124,5.3283,5.3283,5.1072,5.1842,111701,0
20101126,5.1456,5.1937,5.1072,5.1456,119783,0
20101129,5.1648,5.2226,4.838,5.1263,139163,0
20101130,5.0495,5.1361,5.04,5.0592,88527,0
20101201,5.0592,5.1169,5.0592,5.0592,125814,0
20101202,5.0783,5.1937,5.04,5.1842,62821,0
20101203,5.1648,5.2997,5.0974,5.2417,14323,0
20101206,5.2709,5.4535,5.2035,5.2709,31407,0
20101207,5.3283,5.511,4.9343,5.1072,185815,0
20101208,5.0879,5.2709,4.9052,5.04,113291,0
20101209,5.0495,5.2226,5.04,5.1263,17759,0
20101210,5.1456,5.2515,5.0108,5.2417,14983,0
20101213,5.2323,5.2709,5.0879,5.1937,85416,0
20101214,5.1745,5.2709,5.0495,5.2226,71940,0
20101215,5.1263,5.2802,5.1263,5.2515,97421,0
20101216,5.2709,5.3573,5.2417,5.3091,166161,0
20101217,5.4343,5.5979,5.3957,5.5786,109379,0
20101220,5.5786,5.6554,5.4632,5.6554,63243,0
20101221,5.6169,5.6746,5.569,5.6458,116825,0
20101222,5.6169,5.7707,5.569,5.5881,97995,0
20101223,5.6072,5.6266,5.4632,5.6169,7487,0
20101227,5.5786,5.6843,5.415,5.5881,31261,0
20101228,5.6843,5.9728,5.6266,5.838,33221,0
20101229,5.7806,5.944,5.6941,5.8479,57913,0
20101230,5.9344,5.9344,5.838,5.896,21948,0
20101231,5.8574,6.0016,5.8574,5.9247,32025,0
20110103,5.8863,6.0595,5.7998,5.819,68413,0
20110104,5.8574,5.9152,5.7806,5.8671,12698,0
20110105,5.8286,5.9728,5.7707,5.9632,246121,0
20110106,5.7611,5.9152,5.7611,5.8766,16797,0
20110107,5.838,5.944,5.7806,5.7806,21398,0
20110110,5.8286,5.9247,5.7998,5.9247,5486,0
20110111,5.896,5.9632,5.7901,5.8863,23631,0
20110112,5.8671,5.9632,5.7806,5.8766,57618,0
20110113,5.8574,5.9054,5.7901,5.8094,138774,0
20110114,5.8863,5.9632,5.7707,5.7707,275766,0
20110118,5.7806,5.944,5.7707,5.9152,107441,0
20110119,5.6266,5.6746,5.1937,5.511,345675,0
20110120,5.6651,5.6651,5.2899,5.3187,112197,0
20110121,5.3478,5.3478,5.1263,5.2899,61663,0
20110124,5.1842,5.2515,5.0688,5.2035,66827,0
20110125,5.2323,5.4245,5.2035,5.3765,91794,0
20110126,5.2802,5.4824,5.2323,5.386,50402,0
20110127,5.3765,5.386,5.3283,5.3478,9669,0
20110128,5.3573,5.5306,5.2128,5.4726,25718,0
20110131,5.3381,5.415,5.2323,5.3957,20136,0
20110201,5.386,5.5306,5.3381,5.4535,55358,0
20110202,5.3765,5.4437,5.2997,5.3187,28130,0
20110203,5.3478,5.4343,5.2128,5.2323,10596,0
20110204,5.2417,5.3381,5.2226,5.2899,44813,0
20110207,5.2899,5.367,5.261,5.3283,27501,0
20110208,5.3573,5.5016,5.3091,5.3478,428909,0
20110209,5.3478,5.367,5.2323,5.2899,138676,0
20110210,5.2899,5.4535,5.261,5.2899,2391,0
20110211,5.367,5.3957,5.1072,5.2997,17154,0
20110214,5.2899,5.3283,5.1169,5.1555,21304,0
20110215,5.1555,5.1745,4.9534,4.9534,426528,0
20110216,4.9726,5.0879,4.9436,4.9918,53330,0
20110218,5.0015,5.1072,4.9534,5.0495,19079,0
20110222,5.0592,5.0879,4.8667,4.9343,16528,0
20110223,5.0015,5.0015,4.8091,4.8762,24185,0
20110224,4.9343,4.9343,4.8091,4.8283,303661,0
20110225,4.8956,4.9534,4.7128,4.7897,38485,0
20110228,4.9821,4.9821,4.6936,4.8091,78337,0
20110301,4.8187,4.9629,4.7321,4.8475,68914,0
20110302,4.8091,4.8572,4.8091,4.8572,5451,0
20110303,4.9052,5.0688,4.7128,4.8572,25780,0
20110304,5.0206,5.0495,4.7897,4.8667,19988,0
20110307,4.9534,4.9821,4.7609,4.7994,43201,0
20110308,4.8572,4.9726,4.7994,4.8091,58951,0
20110309,4.9245,4.9245,4.7801,4.7897,18430,0
20110310,4.8091,4.838,4.7128,4.8091,79517,0
20110311,4.8956,4.8956,4.7897,4.8091,51763,0
20110314,4.8091,4.838,4.7994,4.8187,10794,0
20110315,4.7994,4.8187,4.7707,4.7897,8963,0
20110316,4.8283,4.9343,4.8091,4.8187,2910,0
20110317,4.8091,4.886,4.7609,4.7801,62692,0
20110318,4.7801,4.8283,4.7128,4.7707,27190,0
20110321,4.7512,4.8283,4.5782,4.7034,35207,0
20110322,4.7128,4.7128,4.3473,4.4627,218824,0
20110323,4.4724,4.6455,4.357,4.5493,129638,0
20110324,4.7418,4.7897,4.6552,4.7418,5776,0
20110325,4.7321,4.7897,4.5876,4.6838,50690,0
20110328,4.7225,4.7609,4.5876,4.6647,55172,0
20110329,4.8283,4.8283,4.5493,4.5493,48703,0
20110330,4.6359,4.7418,4.5205,4.5591,80146,0
20110331,4.7128,4.7801,4.6072,4.6647,511502,0
20110401,4.6745,4.7225,4.5975,4.6264,90331,0
20110404,4.6647,4.6838,4.5398,4.5493,52094,0
20110405,4.5975,4.5975,4.4244,4.5398,67302,0
20110406,4.5398,4.7128,4.4724,4.7034,72453,0
20110407,4.7128,4.7128,4.5684,4.7034,47997,0
20110408,4.6745,4.7128,4.6359,4.7034,32148,0
20110411,4.6936,4.7034,4.6166,4.6745,32902,0
20110412,4.6166,4.6359,4.5493,4.6166,20773,0
20110413,4.5975,4.6072,4.5493,4.5876,21468,0
20110414,4.5493,4.6936,4.5012,4.6264,53172,0
20110415,4.6166,4.6552,4.453,4.5301,71791,0
20110418,4.511,4.511,4.3764,4.3857,61358,0
20110419,4.5782,4.6264,4.2994,4.3473,96028,0
20110420,4.3857,4.4339,4.3665,4.3956,158341,0
20110421,4.3956,4.4724,4.3956,4.4437,32368,0
20110425,4.6072,4.6072,4.3473,4.4244,49073,0
20110426,4.4724,4.5301,4.3282,4.3764,81347,0
20110427,4.3857,4.6264,4.2608,4.5012,223692,0
20110428,4.5684,4.7128,4.5205,4.6745,51960,0
20110429,4.6647,4.6838,4.5684,4.6072,12165,0
20110502,4.5975,4.7225,4.5684,4.6936,56773,0
20110503,4.8091,4.8091,4.6745,4.7512,311591,0
20110504,4.7897,4.7994,4.6552,4.6936,289050,0
20110505,4.6936,4.7321,4.6647,4.6745,113443,0
20110506,4.6745,4.7512,4.6647,4.6647,78646,0
20110509,4.6552,4.7034,4.5684,4.6166,139386,0
20110510,4.6552,4.7994,4.6359,4.7609,227415,0
20110511,4.7128,4.8572,4.7128,4.8283,121347,0
20110512,4.7707,4.8091,4.7321,4.7609,54994,0
20110513,4.7418,4.8475,4.7128,4.7994,131876,0
20110516,4.7897,4.8283,4.7418,4.7994,86277,0
20110517,4.7418,4.7897,4.6264,4.7128,76947,0
20110518,4.7128,4.7321,4.5876,4.7128,59056,0
20110519,4.7225,4.7512,4.6745,4.7034,89583,0
20110520,4.6455,4.6647,4.5398,4.6072,65773,0
20110523,4.5684,4.5684,4.453,4.453,116904,0
20110524,4.4437,4.5012,4.357,4.4724,102944,0
20110525,4.4244,4.5493,4.4052,4.5398,29487,0
20110526,4.5684,4.7418,4.5493,4.6359,104240,0
20110527,4.6745,4.7609,4.6166,4.7225,17652,0
20110531,4.8283,4.8283,4.7225,4.8091,133343,0
20110601,4.8283,4.8572,4.6745,4.6936,51584,0
20110602,4.7418,4.8572,4.6455,4.838,70267,0
20110603,4.838,4.8572,4.7321,4.7609,35563,0
20110606,4.7897,4.8475,4.7609,4.8187,72584,0
20110607,4.7994,4.8091,4.7512,4.7707,48760,0
20110608,4.7897,4.9245,4.7321,4.9245,96223,0
20110609,4.8956,5.1072,4.8187,5.0974,249856,0
20110610,5.0974,5.1361,4.886,5.0974,114377,0
20110613,5.0783,5.0783,4.8572,4.9918,67441,0
20110614,4.9534,5.0015,4.8475,4.9343,40880,0
20110615,4.8187,4.9052,4.8091,4.8956,78971,0
20110616,4.8187,4.8667,4.7512,4.8283,69772,0
20110617,4.8091,4.8283,4.6745,4.7609,107555,0
20110620,4.7225,4.7897,4.6838,4.7801,48641,0
20110621,4.7801,4.9534,4.7321,4.838,109116,0
20110622,4.8667,4.9726,4.7707,4.9147,55288,0
20110623,4.8572,4.9629,4.7321,4.9147,114523,0
20110624,4.9147,4.9147,4.6838,4.7321,4336376,0
20110627,4.7609,4.886,4.5782,4.8091,131808,0
20110628,4.7994,4.838,4.6838,4.8283,106695,0
20110629,4.7897,4.8283,4.7128,4.8187,73197,0
20110630,4.7609,4.8283,4.7418,4.7707,68514,0
20110701,4.7897,4.8572,4.7609,4.8091,89596,0
20110705,4.8283,4.9147,4.7512,4.8956,66187,0
20110706,4.9052,4.9726,4.7897,4.838,51529,0
20110707,4.8475,4.9918,4.8475,4.9052,108704,0
20110708,4.8667,4.9343,4.7512,4.8762,37132,0
20110711,4.8475,4.8475,4.7418,4.7609,31351,0
20110712,4.7609,4.7609,4.6838,4.7225,54710,0
20110713,4.7512,4.8091,4.7034,4.8091,31973,0
20110714,4.8667,4.8667,4.6647,4.6838,111789,0
20110715,4.6838,4.7897,4.5782,4.6455,76334,0
20110718,4.6552,4.6552,4.4244,4.4724,34800,0
20110719,4.5205,4.7609,4.5205,4.7418,47687,0
20110720,4.7418,4.7994,4.5782,4.6264,21623,0
20110721,4.6552,4.8187,4.5782,4.7994,44495,0
20110722,4.7994,4.838,4.7418,4.7897,10123,0
20110725,4.7321,4.7321,4.5398,4.6359,66528,0
20110726,4.6264,4.6264,4.357,4.453,71334,0
20110727,4.482,4.482,4.309,4.3473,270026,0
20110728,4.2032,4.5205,4.2032,4.5205,40594,0
20110729,4.453,4.5205,4.3377,4.511,45781,0
20110801,4.5301,4.5398,4.4339,4.4917,70731,0
20110802,4.4627,4.4917,4.3282,4.3282,54645,0
20110803,4.3377,4.4917,4.1935,4.3377,70793,0
20110804,4.2223,4.3764,4.1261,4.1549,78327,0
20110805,4.1935,4.2897,4.0012,4.1165,48133,0
20110808,4.0589,4.2897,3.8087,3.8279,149530,0
20110809,3.8857,3.9915,3.7125,3.9915,176603,0
20110810,3.9821,3.9821,3.6741,3.7125,158349,0
20110811,3.7317,4.1646,3.6356,4.0107,193759,0
20110812,3.924,4.0107,3.7317,3.8184,56413,0
20110815,3.8376,3.9915,3.7703,3.953,40914,0
20110816,3.9049,3.9435,3.7512,3.7992,70005,0
20110817,3.8087,3.953,3.8087,3.8761,28373,0
20110818,3.8087,3.953,3.7512,3.78,119800,0
20110819,3.7607,3.8474,3.7125,3.7221,71928,0
20110822,3.7992,3.7992,3.6261,3.6549,75203,0
20110823,3.6645,3.8087,3.6068,3.7894,105759,0
20110824,3.78,3.9049,3.7414,3.8857,42196,0
20110825,4.0202,4.0202,3.6261,3.6549,128008,0
20110826,3.6838,3.7894,3.6549,3.7607,47757,0
20110829,3.7992,4.0395,3.7221,4.0107,57218,0
20110830,3.8665,4.0202,3.8184,4.0202,28677,0
20110831,4.0202,4.03,3.8857,3.9627,95098,0
20110901,3.9049,4.0012,3.7703,3.8279,62344,0
20110902,3.7607,3.8184,3.6549,3.6645,46946,0
20110906,3.6645,3.6933,3.5203,3.5683,188094,0
20110907,3.6068,3.7125,3.6068,3.6741,53145,0
20110908,3.9722,3.9722,3.5491,3.5587,92420,0
20110909,3.5491,3.5491,3.4625,3.4625,71726,0
20110912,3.424,3.6453,3.424,3.5971,32521,0
20110913,3.6163,3.7512,3.5779,3.6163,32197,0
20110914,3.6549,3.7317,3.5779,3.703,44741,0
20110915,3.7317,3.7512,3.6549,3.7414,34220,0
20110916,3.7221,3.7607,3.7221,3.7512,76595,0
20110919,3.6549,3.6549,3.5491,3.6356,66686,0
20110920,3.6068,3.6549,3.5009,3.5106,44484,0
20110921,3.5203,3.5971,3.3472,3.3567,77343,0
20110922,3.3375,3.4144,3.2316,3.2701,140687,0
20110923,3.2797,3.3567,3.2604,3.3278,40886,0
20110926,3.3472,3.424,3.2316,3.3951,36803,0
20110927,3.4818,3.6261,3.4049,3.5491,61707,0
20110928,3.5971,3.5971,3.3567,3.3567,56014,0
20110929,3.424,3.424,3.3278,3.3663,36374,0
20110930,3.3278,3.3855,3.2222,3.2893,70518,0
20111003,3.2701,3.3663,3.1259,3.1355,101672,0
20111004,3.1068,3.5009,3.0298,3.4337,143167,0
20111005,3.4049,3.5009,3.2511,3.3951,44058,0
20111006,3.3759,3.4144,3.3375,3.4144,57998,0
20111007,3.4144,3.6163,3.2701,3.3375,49063,0
20111010,3.3855,3.5491,3.2316,3.5491,88813,0
20111011,3.5009,3.5683,3.3855,3.5203,66014,0
20111012,3.5874,3.7221,3.4818,3.6838,73141,0
20111013,3.6453,3.7512,3.6453,3.6933,45064,0
20111014,3.7221,3.7512,3.5203,3.7125,44282,0
20111017,3.6645,3.7607,3.6356,3.6356,44315,0
20111018,3.7317,3.8474,3.6356,3.8087,72446,0
20111019,3.7992,3.8087,3.6163,3.6356,39836,0
20111020,3.5779,3.7512,3.5587,3.7221,14787,0
20111021,3.8087,3.8087,3.7414,3.7512,85553,0
20111024,3.7512,3.8279,3.7221,3.7992,202657,0
20111025,3.7703,3.7992,3.5971,3.6356,55657,0
20111026,3.6933,3.703,3.5779,3.6549,79494,0
20111027,3.9821,3.9821,3.6933,3.8376,218476,0
20111028,3.8376,3.9147,3.8184,3.8474,94518,0
20111031,3.8087,3.8087,3.6453,3.703,103651,0
20111101,3.5587,3.8474,3.5587,3.703,432140,0
20111102,3.7703,3.8474,3.6933,3.7414,161958,0
20111103,3.7512,3.8761,3.6068,3.8474,74287,0
20111104,3.7894,3.8761,3.6068,3.8474,2299822,0
20111107,3.8474,3.8761,3.7317,3.8376,49602,0
20111108,3.8376,3.9338,3.8184,3.9147,175884,0
20111109,3.8474,3.8953,3.6933,3.6933,124357,0
20111110,3.7125,3.8279,3.7125,3.7607,40816,0
20111111,3.7607,3.8665,3.6549,3.8376,83410,0
20111114,3.7992,3.7992,3.6356,3.6645,108007,0
20111115,3.6549,3.7894,3.6549,3.78,54657,0
20111116,3.7607,3.8857,3.7414,3.7992,144142,0
20111117,3.7512,3.8567,3.6838,3.8279,160545,0
20111118,3.8376,3.8857,3.6261,3.6741,73417,0
20111121,3.6645,3.6645,3.5299,3.5683,56736,0
20111122,3.5874,3.6453,3.5299,3.5587,91017,0
20111123,3.5299,3.5299,3.3472,3.3951,342375,0
20111125,3.424,3.4722,3.3375,3.3375,110105,0
20111128,3.4144,3.4625,3.3472,3.4434,532719,0
20111129,3.4529,3.5203,3.4337,3.4818,43822,0
20111130,3.6163,3.7894,3.5299,3.7414,202522,0
20111201,3.5491,3.6549,3.5394,3.5779,104725,0
20111202,3.6163,3.6163,3.5683,3.6068,24504,0
20111205,3.5779,3.703,3.5779,3.703,70490,0
20111206,3.6933,3.6933,3.5779,3.5971,110581,0
20111207,3.5779,3.6068,3.4625,3.5587,122727,0
20111208,3.5203,3.5394,3.424,3.4337,63306,0
20111209,3.4625,3.6068,3.4625,3.5971,230394,0
20111212,3.5299,3.5779,3.5106,3.5779,190208,0
20111213,3.6163,3.6549,3.5106,3.5299,1314370,0
20111214,3.5106,3.7992,3.5106,3.6838,117905,0
20111215,3.7125,3.7125,3.5491,3.6549,71598,0
20111216,3.6838,3.8279,3.5971,3.7317,386913,0
20111219,3.7414,3.7512,3.5106,3.5203,87407,0
20111220,3.6068,3.6645,3.5587,3.6645,140443,0
20111221,3.6453,3.8376,3.6163,3.8184,214894,0
20111222,3.8376,3.9147,3.7221,3.8953,196787,0
20111223,3.9049,3.9435,3.8474,3.8857,28422,0
20111227,3.8376,3.8567,3.7221,3.78,136670,0
20111228,3.7992,3.8184,3.7414,3.7703,87506,0
20111229,3.8087,3.8857,3.7894,3.8665,131696,0
20111230,3.8474,3.924,3.7221,3.924,181891,0
20120103,3.9915,4.0589,3.9435,4.0395,177073,0
20120104,4.0589,4.0589,3.9435,4.0107,74722,0
20120105,3.7414,4.0395,3.7414,4.03,31257,0
20120106,4.03,4.1165,3.9915,4.0875,60880,0
20120109,4.107,4.1454,4.0395,4.1357,64853,0
20120110,4.2032,4.2223,4.1261,4.1839,89780,0
20120111,4.1839,4.1839,4.0875,4.1549,45224,0
20120112,4.1646,4.1839,4.0107,4.1646,27533,0
20120113,4.0783,4.1743,4.0685,4.1165,61599,0
20120117,4.1261,4.1357,4.0875,4.1261,59573,0
20120118,4.1165,4.1743,4.0492,4.1454,90630,0
20120119,4.1261,4.1454,3.953,4.107,58691,0
20120120,4.1357,4.1839,4.0685,4.1839,69241,0
20120123,4.1839,4.2127,4.1261,4.2032,35479,0
20120124,4.0973,4.1839,4.0973,4.1357,73375,0
20120125,4.1357,4.3184,4.1261,4.2897,134745,0
20120126,4.3184,4.357,4.1646,4.1743,85265,0
20120127,4.1454,4.2704,4.1454,4.2512,39398,0
20120130,4.1743,4.2415,4.1646,4.2032,47091,0
20120131,4.2415,4.2512,4.1549,4.1935,55874,0
20120201,4.1935,4.511,4.1839,4.4146,95313,0
20120202,4.3764,4.5205,4.309,4.4146,406361,0
20120203,4.482,4.6552,4.4339,4.5591,442485,0
20120206,4.5301,4.6936,4.5012,4.6359,263990,0
20120207,4.5398,4.7321,4.5398,4.6936,57955,0
20120208,4.7128,4.7128,4.6455,4.6838,41256,0
20120209,4.6838,4.6838,4.6166,4.6264,25566,0
20120210,4.511,4.6264,4.3956,4.5301,52292,0
20120213,4.5782,4.6838,4.5782,4.5975,50995,0
20120214,4.5876,4.5876,4.3956,4.5012,32722,0
20120215,4.5301,4.5301,4.3473,4.3764,47605,0
20120216,4.3665,4.5301,4.3377,4.5205,73169,0
20120217,4.5301,4.6552,4.5301,4.6359,95636,0
20120221,4.5975,4.6264,4.453,4.453,61961,0
20120222,4.4724,4.5301,4.3282,4.3764,134328,0
20120223,4.3857,4.4724,4.357,4.4339,59785,0
20120224,4.4724,4.482,4.357,4.3764,31218,0
20120227,4.3282,4.357,4.2512,4.3377,22084,0
20120228,4.2704,4.357,4.2608,4.357,24744,0
20120229,4.357,4.4052,4.2994,4.3764,82567,0
20120301,4.3764,4.4244,4.357,4.3764,41021,0
20120302,4.357,4.3857,4.2319,4.2608,75226,0
20120305,4.2319,4.3857,4.2319,4.3764,24373,0
20120306,4.309,4.3857,4.2994,4.3473,84618,0
20120307,4.309,4.4244,4.309,4.4244,19635,0
20120308,4.4244,4.5301,4.3282,4.3956,102079,0
20120309,4.3764,4.4724,4.2897,4.4627,59052,0
20120312,4.4146,4.6264,4.4146,4.6166,155602,0
20120313,4.6166,4.7994,4.6072,4.7609,81176,0
20120314,4.7609,4.7609,4.6264,4.6552,98702,0
20120315,4.5876,4.6838,4.5876,4.6745,50037,0
20120316,4.6745,4.6745,4.5684,4.6552,565611,0
20120319,4.5975,4.7897,4.5975,4.7225,56512,0
20120320,4.6647,4.8187,4.6166,4.7225,68927,0
20120321,4.6552,4.7128,4.5876,4.6359,30873,0
20120322,4.5684,4.6455,4.5684,4.6264,41368,0
20120323,4.6166,4.7321,4.6072,4.7321,35389,0
20120326,4.7707,4.7707,4.6647,4.7225,59333,0
20120327,4.7128,4.7321,4.6072,4.6552,64335,0
20120328,4.6552,4.6552,4.5493,4.5975,42660,0
20120329,4.5591,4.6359,4.5301,4.5975,54167,0
20120330,4.6455,4.6838,4.5684,4.6166,118653,0
20120402,4.5975,4.8762,4.5301,4.8091,102332,0
20120403,4.7034,4.7801,4.5684,4.6455,81668,0
20120404,4.5684,4.6264,4.5398,4.5684,102981,0
20120405,4.5876,4.6166,4.5398,4.5876,36116,0
20120409,4.511,4.5493,4.4244,4.4244,94679,0
20120410,4.4339,4.4627,4.2704,4.2801,124776,0
20120411,4.3473,4.3857,4.309,4.3857,78705,0
20120412,4.3764,4.4437,4.3764,4.4052,45899,0
20120413,4.3764,4.3857,4.3282,4.357,53138,0
20120416,4.3665,4.453,4.3473,4.3956,17999,0
20120417,4.4146,4.482,4.3956,4.4244,38606,0
20120418,4.3857,4.4146,4.3282,4.3282,31020,0
20120419,4.3473,4.3665,4.2704,4.2897,49144,0
20120420,4.6072,4.6072,4.2512,4.3184,66461,0
20120423,4.2608,4.3282,4.1935,4.2994,49573,0
20120424,4.2897,4.453,4.2897,4.453,33422,0
20120425,4.5012,4.5398,4.4244,4.5012,54779,0
20120426,4.511,4.5684,4.3764,4.5398,43777,0
20120427,4.5493,4.7321,4.5493,4.7225,48745,0
20120430,4.6936,4.6936,4.4437,4.5301,96155,0
20120501,4.6166,4.7994,4.5684,4.5684,96980,0
20120502,4.5301,4.6745,4.5012,4.6359,38320,0
20120503,4.6455,4.6455,4.5012,4.5876,67485,0
20120504,4.5493,4.5591,4.357,4.3764,92200,0
20120507,4.3377,4.4146,4.2994,4.3764,68321,0
20120508,4.3377,4.4339,4.3377,4.4146,45385,0
20120509,4.357,4.4244,4.357,4.3764,25564,0
20120510,4.4244,4.4339,4.3764,4.4052,15045,0
20120511,4.357,4.4146,4.2994,4.3282,76294,0
20120514,4.2319,4.2319,3.9435,3.9915,601439,0
20120515,4.0107,4.0395,3.9435,3.9435,218053,0
20120516,3.953,4.0107,3.9435,4.0012,165130,0
20120517,4.0107,4.0107,3.9627,3.9627,67321,0
20120518,3.9435,3.9915,3.9338,3.9435,90075,0
20120521,3.9627,3.9627,3.8376,3.9049,159560,0
20120522,3.8953,3.9049,3.7414,3.7703,95478,0
20120523,3.7703,3.8474,3.7703,3.8474,160938,0
20120524,3.8567,3.8857,3.7992,3.8761,234145,0
20120525,3.8857,4.1357,3.8474,4.0783,214919,0
20120529,4.0875,4.1743,4.0685,4.1743,205344,0
20120530,4.1261,4.1549,4.107,4.1165,55584,0
20120531,4.107,4.3377,4.0685,4.2801,286961,0
20120601,4.2223,4.2801,4.1357,4.1646,107471,0
20120604,4.1646,4.2897,4.1646,4.2897,323502,0
20120605,4.2415,4.2994,4.2223,4.2801,191350,0
20120606,4.2801,4.4146,4.2704,4.3956,271128,0
20120607,4.4627,4.4627,4.3473,4.4146,130411,0
20120608,4.3956,4.4244,4.309,4.3857,320567,0
20120611,4.4437,4.4437,4.2223,4.2223,93604,0
20120612,4.2415,4.2608,4.1646,4.2127,78222,0
20120613,4.1935,4.2897,4.1646,4.1839,46928,0
20120614,4.1743,4.3184,4.1743,4.2801,40059,0
20120615,4.2608,4.3665,4.1743,4.357,177262,0
20120618,4.309,4.3473,4.2608,4.2801,45288,0
20120619,4.2801,4.3764,4.2319,4.3764,93356,0
20120620,4.3857,4.3956,4.309,4.357,75296,0
20120621,4.3473,4.3473,4.0875,4.107,95974,0
20120622,4.1454,4.3665,4.1261,4.357,512466,0
20120625,4.2704,4.3665,4.1357,4.3377,63687,0
20120626,4.3282,4.3377,4.2512,4.3184,66013,0
20120627,4.3282,4.4437,4.2415,4.4339,75172,0
20120628,4.3857,4.4627,4.3282,4.4437,68535,0
20120629,4.5398,4.5398,4.4289,4.5301,137221,0
20120702,4.5301,4.5301,4.3764,4.4917,74506,0
20120703,4.5012,4.5591,4.482,4.5591,52462,0
20120705,4.5398,4.5398,4.4917,4.5301,32254,0
20120706,4.4627,4.5782,4.4437,4.5684,68389,0
20120709,4.5398,4.5493,4.453,4.5493,55884,0
20120710,4.5591,4.5975,4.4627,4.511,68948,0
20120711,4.5012,4.5493,4.482,4.5301,63374,0
20120712,4.511,4.6455,4.4724,4.5301,158839,0
20120713,4.5398,4.6455,4.5398,4.5782,58098,0
20120716,4.5493,4.5493,4.4917,4.5398,30672,0
20120717,4.5782,4.6647,4.5205,4.5975,64608,0
20120718,4.5684,4.6166,4.5398,4.5975,116042,0
20120719,4.6072,4.6072,4.4917,4.5301,20181,0
20120720,4.4724,4.5012,4.4052,4.4724,52737,0
20120723,4.4052,4.453,4.3857,4.4244,35927,0
20120724,4.453,4.453,4.4146,4.4244,42656,0
20120725,4.4724,4.4917,4.4244,4.4437,23568,0
20120726,4.511,4.511,4.3956,4.4244,36544,0
20120727,4.4244,4.511,4.4052,4.511,85373,0
20120730,4.511,4.511,4.3665,4.4052,42006,0
20120731,4.4244,4.453,4.3857,4.4146,105060,0
20120801,4.4244,4.4437,4.2319,4.2319,97241,0
20120802,4.1839,4.2704,4.1646,4.2512,76584,0
20120803,4.2897,4.4146,4.2897,4.357,67268,0
20120806,4.3764,4.453,4.3377,4.3956,44878,0
20120807,4.4339,4.4627,4.3473,4.4627,94814,0
20120808,4.4627,4.511,4.4244,4.4917,41892,0
20120809,4.4627,4.5493,4.4437,4.5205,65096,0
20120810,4.5301,4.5493,4.482,4.5301,186867,0
20120813,4.5012,4.5591,4.3665,4.5493,41159,0
20120814,4.5591,4.5782,4.453,4.5591,126387,0
20120815,4.5591,4.6072,4.4052,4.5975,100153,0
20120816,4.6072,4.6166,4.5398,4.6166,78398,0
20120817,4.5975,4.6745,4.5591,4.6745,59296,0
20120820,4.6745,4.6838,4.5684,4.6072,145001,0
20120821,4.6166,4.6647,4.5782,4.6552,95437,0
20120822,4.6072,4.6455,4.5684,4.6359,61953,0
20120823,4.6166,4.6647,4.5684,4.6264,62749,0
20120824,4.5975,4.6552,4.5684,4.6455,43136,0
20120827,4.6552,4.6745,4.5591,4.6455,40903,0
20120828,4.6359,4.6455,4.5782,4.6264,66867,0
20120829,4.6072,4.6552,4.6072,4.6455,47662,0
20120830,4.5975,4.6359,4.5876,4.6072,60761,0
20120831,4.5782,4.6552,4.5782,4.6166,69235,0
20120904,4.6166,4.6455,4.5398,4.6264,103112,0
20120905,4.6455,4.6455,4.5684,4.5876,93398,0
20120906,4.6072,4.7034,4.5876,4.6552,104038,0
20120907,4.6936,4.9052,4.6166,4.7897,186179,0
20120910,4.7707,4.7707,4.7034,4.7034,87388,0
20120911,4.6936,4.7512,4.6166,4.6936,89689,0
20120912,4.6745,4.6838,4.6166,4.6552,48601,0
20120913,4.6552,4.7609,4.6072,4.6552,79688,0
20120914,4.6936,4.7321,4.6166,4.6647,135732,0
20120917,4.6552,4.6552,4.6166,4.6359,46267,0
20120918,4.6455,4.6455,4.5782,4.6166,51808,0
20120919,4.6455,4.6455,4.5684,4.5684,62777,0
20120920,4.5591,4.5975,4.482,4.5782,187903,0
20120921,4.6455,4.8475,4.5876,4.7994,806111,0
20120924,4.7609,4.9052,4.7321,4.8762,615884,0
20120925,4.8956,4.8956,4.7801,4.8475,360646,0
20120926,4.838,4.8475,4.7128,4.7609,100457,0
20120927,4.7707,4.838,4.7128,4.8283,210822,0
20120928,4.7897,4.7897,4.7512,4.7512,182310,0
20121001,4.8187,5.0974,4.7321,4.9343,820132,0
20121002,4.8956,4.9436,4.8762,4.9052,180551,0
20121003,4.8956,5.0108,4.8283,5.0015,258186,0
20121004,5.0108,5.0206,4.8956,5.0206,134372,0
20121005,5.04,5.0783,4.9967,5.0495,251060,0
20121008,5.0108,5.0592,4.8956,4.9147,47287,0
20121009,4.9245,4.9534,4.7128,4.7512,104876,0
20121010,4.7609,4.7707,4.6166,4.7321,501407,0
20121011,4.7801,4.7897,4.7128,4.7512,166869,0
20121012,4.7512,4.7994,4.7034,4.7512,150103,0
20121015,4.7512,4.7609,4.6936,4.7512,122364,0
20121016,4.7897,4.8283,4.7707,4.8283,76091,0
20121017,4.8475,4.9629,4.7512,4.9534,68333,0
20121018,4.9343,4.9534,4.8572,4.8956,137456,0
20121019,4.8667,4.886,4.7225,4.7707,139069,0
20121022,4.7707,4.7707,4.6359,4.6745,48642,0
20121023,4.6745,4.7512,4.5684,4.7225,76268,0
20121024,4.7321,4.8187,4.5301,4.7225,108021,0
20121025,4.7707,4.7707,4.6552,4.7128,43658,0
20121026,4.7225,4.7512,4.6359,4.7128,32522,0
20121031,4.7225,4.8091,4.6166,4.8091,191866,0
20121101,4.8091,4.8572,4.7128,4.7512,151728,0
20121102,4.7897,4.9245,4.7128,4.7128,113014,0
20121105,4.7225,4.8187,4.7128,4.8091,62343,0
20121106,4.838,4.9147,4.7897,4.8762,70516,0
20121107,4.8475,4.8667,4.6264,4.6264,90564,0
20121108,4.7418,4.7801,4.6769,4.7418,204929,0
20121109,4.7225,4.8283,4.6936,4.7897,38029,0
20121112,4.7897,4.8572,4.7897,4.8283,69678,0
20121113,4.8091,4.8572,4.8091,4.8187,37643,0
20121114,4.838,4.8572,4.6264,4.6264,59742,0
20121115,4.6455,4.838,4.6264,4.8091,298601,0
20121116,4.8091,4.8572,4.7609,4.8283,244851,0
20121119,4.8572,4.9918,4.8283,4.9052,150173,0
20121120,4.886,4.9436,4.8475,4.886,25353,0
20121121,4.886,4.9436,4.8091,4.9245,58401,0
20121123,4.9534,4.9629,4.8572,4.8762,25495,0
20121126,4.8762,4.9147,4.8043,4.8956,50098,0
20121127,4.9052,4.9436,4.8667,4.8956,54538,0
20121128,4.8956,4.9245,4.8187,4.9052,23425,0
20121129,4.9052,5.0015,4.8091,5.0015,51757,0
20121130,5.04,5.0495,5.0015,5.0495,147354,0
20121203,5.0688,5.0783,4.9052,5.0015,49617,0
20121204,5.0108,5.0495,4.8961,5.0206,40410,0
20121205,5.0108,5.0495,4.9343,4.9821,58213,0
20121206,4.9629,5.0303,4.8667,5.0206,54441,0
20121207,5.0495,5.0495,4.8854,4.9052,85055,0
20121210,4.9052,4.9534,4.8187,4.9343,135133,0
20121211,4.9436,4.9629,4.8475,4.886,83979,0
20121212,4.8956,4.9629,4.8956,4.8956,67356,0
20121213,4.9147,5.0015,4.8762,4.9918,31217,0
20121214,4.9436,4.9534,4.7128,4.8572,73594,0
20121217,4.8762,5.0303,4.8091,5.0303,46660,0
20121218,5.0303,5.0495,4.9245,5.0495,130321,0
20121219,5.0015,5.0783,4.9147,5.0688,85071,0
20121220,5.0206,5.1842,4.9245,5.0974,152964,0
20121221,5.1072,5.1072,4.9726,5.0206,351086,0
20121224,5.0108,5.0688,4.9534,5.0303,27281,0
20121226,5.0303,5.0495,4.9245,5.0206,43607,0
20121227,5.04,5.04,4.838,4.9629,80509,0
20121228,4.9534,5.0015,4.8762,4.9534,39155,0
20121231,4.9629,5.04,4.8762,5.0303,81280,0
20130102,5.0974,5.1937,5.0303,5.1745,317147,0
20130103,5.1648,5.2515,5.1169,5.2128,130275,0
20130104,5.2323,5.2802,5.1456,5.261,177934,0
20130107,5.2128,5.2899,5.0015,5.1937,76811,0
20130108,5.1648,5.2997,5.1648,5.261,75141,0
20130109,5.2709,5.2709,5.2035,5.2417,45360,0
20130110,5.2323,5.2802,5.1648,5.2035,35720,0
20130111,5.2128,5.2417,5.1648,5.2035,19627,0
20130114,5.2035,5.3381,5.1745,5.2899,57796,0
20130115,5.2417,5.3187,5.1745,5.2899,79472,0
20130116,5.261,5.3187,5.2035,5.2515,30147,0
20130117,5.2899,5.2899,5.1555,5.1937,69582,0
20130118,5.1842,5.1937,5.04,5.1648,68136,0
20130122,5.1648,5.261,5.1555,5.2515,18964,0
20130123,5.2323,5.2802,5.2226,5.2802,54897,0
20130124,5.2709,5.2899,5.2128,5.2515,51557,0
20130125,5.261,5.2899,5.1648,5.2323,42885,0
20130128,5.2709,5.4726,5.1745,5.4437,330009,0
20130129,5.4245,5.569,5.2899,5.4535,48791,0
20130130,5.4343,5.5207,5.2997,5.3187,28376,0
20130131,5.3091,5.5593,5.3091,5.4632,150189,0
20130201,5.4535,5.831,5.4535,5.7324,151613,0
20130204,5.7035,5.7035,5.3957,5.492,63146,0
20130205,5.5786,5.6651,5.5016,5.6458,66838,0
20130206,5.5306,5.7611,5.5306,5.7324,96957,0
20130207,5.7132,5.7707,5.6266,5.7707,162946,0
20130208,5.7998,5.819,5.3092,5.6266,192033,0
20130211,5.415,5.6072,5.2997,5.511,122018,0
20130212,5.5016,5.569,5.4632,5.5593,95268,0
20130213,5.5496,5.6266,5.4824,5.6169,146636,0
20130214,5.6072,5.6159,5.4824,5.4824,709704,0
20130215,5.5306,5.569,5.511,5.5496,100176,0
20130219,5.5786,5.6169,5.4824,5.5786,46846,0
20130220,5.569,5.5979,5.4054,5.415,206490,0
20130221,5.4343,5.511,5.3957,5.4245,78933,0
20130222,5.4632,5.511,5.386,5.511,57549,0
20130225,5.5496,5.5786,5.2226,5.386,64967,0
20130226,5.3765,5.4535,5.2649,5.2899,86219,0
20130227,5.2997,5.4632,5.2802,5.3957,38472,0
20130228,5.386,5.5016,5.3813,5.4632,77874,0
20130301,5.3765,5.5207,5.3765,5.5207,46607,0
20130304,5.5207,5.5207,5.4437,5.4535,70551,0
20130305,5.5016,5.5306,5.4535,5.4535,69221,0
20130306,5.4824,5.5016,5.1937,5.4726,516131,0
20130307,5.4535,5.6458,5.4437,5.636,66608,0
20130308,5.6554,5.6584,5.6072,5.6266,96336,0
20130311,5.5979,5.7707,5.5979,5.7227,59482,0
20130312,5.7324,5.7324,5.5881,5.6072,47333,0
20130313,5.6266,5.6651,5.415,5.636,19027,0
20130314,5.6266,5.6554,5.4824,5.6169,76924,0
20130315,5.6266,5.7418,5.5881,5.6651,197820,0
20130318,5.636,5.6554,5.4824,5.492,80892,0
20130319,5.5016,5.5496,5.4437,5.4824,64137,0
20130320,5.4726,5.4726,5.2997,5.4245,68329,0
20130321,5.386,5.415,5.2899,5.4054,50562,0
20130322,5.4054,5.4245,5.3573,5.4054,39002,0
20130325,5.367,5.4343,5.367,5.4245,28895,0
20130326,5.4726,5.4726,5.3765,5.386,24928,0
20130327,5.367,5.5207,5.2709,5.4343,47287,0
20130328,5.4726,5.5207,5.415,5.4245,117995,0
20130401,5.4343,5.492,5.2709,5.3765,56882,0
20130402,5.4054,5.4726,5.1648,5.2035,121640,0
20130403,5.1937,5.386,5.1072,5.1072,85064,0
20130404,5.0974,5.2515,5.0974,5.2323,30068,0
20130405,5.3381,5.3573,5.1361,5.3091,115497,0
20130408,5.3381,5.3478,5.2997,5.3187,61821,0
20130409,5.3091,5.4054,5.2709,5.2899,36601,0
20130410,5.3765,5.504,5.2802,5.5016,49499,0
20130411,5.4824,5.4824,5.2802,5.3478,22783,0
20130412,5.3381,5.4559,5.2899,5.3478,50041,0
20130415,5.3381,5.3381,5.0688,5.0783,139004,0
20130416,5.2469,5.2469,5.1216,5.2035,66662,0
20130417,5.1555,5.1937,5.0108,5.0974,69213,0
20130418,5.0879,5.1745,4.9821,5.0974,71812,0
20130419,5.0783,5.2035,5.0783,5.2035,35586,0
20130422,5.2226,5.2417,4.9629,5.1745,48879,0
20130423,5.2323,5.2709,5.0879,5.2417,33291,0
20130424,5.2226,5.2802,5.1555,5.2417,23177,0
20130425,5.2417,5.3572,5.2417,5.2997,27304,0
20130426,5.2997,5.386,5.261,5.2802,63275,0
20130429,5.2417,5.4437,5.2417,5.4437,27440,0
20130430,5.415,5.5786,5.2997,5.511,76428,0
20130501,5.4726,5.5496,5.2515,5.2709,170455,0
20130502,5.2802,5.3573,5.2128,5.3187,80212,0
20130503,5.5593,5.5786,5.3957,5.511,43683,0
20130506,5.4726,5.5207,5.4632,5.492,27652,0
20130507,5.511,5.5207,5.4824,5.511,25591,0
20130508,5.5306,5.5306,5.4632,5.4726,49123,0
20130509,5.4824,5.5306,5.4632,5.4824,35510,0
20130510,5.511,5.5306,5.4632,5.5207,29501,0
20130513,5.492,5.511,5.4824,5.4824,8507,0
20130514,5.492,5.6651,5.492,5.6458,183906,0
20130515,5.6169,5.6458,5.511,5.6458,160940,0
20130516,5.569,5.6458,5.511,5.6266,37138,0
20130517,5.636,5.6843,5.5881,5.6169,108386,0
20130520,5.5786,5.6843,5.5786,5.6169,41459,0
20130521,5.5979,5.6554,5.5398,5.636,23612,0
20130522,5.6266,5.6843,5.511,5.5496,37368,0
20130523,5.5207,5.6169,5.511,5.5979,28302,0
20130524,5.5786,5.6072,5.5207,5.5881,23365,0
20130528,5.636,5.6843,5.569,5.6843,89280,0
20130529,5.636,5.6843,5.5398,5.6651,42761,0
20130530,5.6746,5.6843,5.6169,5.6843,76767,0
20130531,5.6336,5.7493,5.6045,5.624,85907,0
20130603,5.6651,5.7901,5.6458,5.7132,196612,0
20130604,5.7132,5.7418,5.5881,5.6843,61865,0
20130605,5.6651,5.7611,5.6554,5.7035,67755,0
20130606,5.7227,5.7517,5.6266,5.7227,58309,0
20130607,5.7227,5.7418,5.6746,5.7227,69865,0
20130610,5.7324,5.7611,5.6459,5.7324,89193,0
20130611,5.6468,5.6941,5.6468,5.6746,12427,0
20130612,5.6941,5.7132,5.5979,5.636,34135,0
20130613,5.6554,5.6651,5.5881,5.6651,32203,0
20130614,5.6554,5.7132,5.5306,5.5306,61876,0
20130617,5.5979,5.5979,5.5306,5.5593,46025,0
20130618,5.5786,5.6072,5.5398,5.5881,91316,0
20130619,5.5786,5.5786,5.4343,5.4824,68768,0
20130620,5.386,5.4824,5.2802,5.3573,77953,0
20130621,5.386,5.386,5.2997,5.3187,218728,0
20130624,5.2802,5.3957,5.2515,5.3765,109672,0
20130625,5.4824,5.5207,5.4054,5.4726,84425,0
20130626,5.511,5.511,5.3381,5.367,35227,0
20130627,5.415,5.511,5.3765,5.4054,50495,0
20130628,5.4034,5.7314,5.4034,5.7024,431791,0
20130701,5.6746,5.6941,5.6072,5.6746,117713,0
20130702,5.6554,5.6842,5.5979,5.6072,146071,0
20130703,5.5786,5.6842,5.5786,5.6746,32746,0
20130705,5.7611,5.7707,5.636,5.6746,113716,0
20130708,5.6941,5.7611,5.5207,5.7132,70962,0
20130709,5.7517,5.7517,5.6651,5.6746,144679,0
20130710,5.7227,5.7517,5.6949,5.7324,43025,0
20130711,5.7707,5.7707,5.7227,5.7707,52741,0
20130712,5.7418,5.7806,5.6842,5.7611,128590,0
20130715,5.838,5.838,5.7517,5.7611,75397,0
20130716,5.7708,5.8671,5.7611,5.8094,154788,0
20130717,5.8574,5.8574,5.7948,5.819,87800,0
20130718,5.8479,5.8479,5.7806,5.819,89976,0
20130719,5.819,5.8574,5.7517,5.8479,81906,0
20130722,5.8094,5.9728,5.7901,5.9054,108591,0
20130723,5.9054,5.9344,5.8574,5.8766,59393,0
20130724,5.9152,6.1269,5.8766,6.0114,905489,0
20130725,5.9921,6.242,5.9921,6.0786,336787,0
20130726,6.0497,6.2131,5.9632,6.1843,204592,0
20130729,6.1557,6.2038,6.1169,6.1843,127402,0
20130730,6.2131,6.4923,6.2131,6.3577,125588,0
20130731,6.367,6.5306,6.367,6.4442,119835,0
20130801,6.4441,6.55,6.4251,6.55,230591,0
20130802,6.5596,6.5691,6.5016,6.521,131117,0
20130805,6.5113,6.5113,6.4536,6.5016,61084,0
20130806,6.4824,6.4824,6.2508,6.3859,135692,0
20130807,6.3377,6.3377,6.058,6.2797,227897,0
20130808,6.3377,6.3377,6.2121,6.2605,24232,0
20130809,6.2605,6.2895,6.2605,6.2702,62144,0
20130812,6.2121,6.2702,6.1833,6.2508,44697,0
20130813,6.3088,6.5596,6.193,6.2316,35138,0
20130814,6.193,6.2508,6.0965,6.135,26815,0
20130815,6.0675,6.135,5.9036,5.9808,85913,0
20130816,5.9422,6.0773,5.8359,6.029,67871,0
20130819,6,6.0773,5.9614,6.0387,103779,0
20130820,6.0483,6.2121,6.029,6.0675,347613,0
20130821,6.029,6.1256,5.9808,6.029,39764,0
20130822,6.0675,6.1737,6,6.1546,35148,0
20130823,6.135,6.2411,6.0192,6.1546,28315,0
20130826,6.1546,6.2991,5.9423,6.1063,85320,0
20130827,6.0483,6.0773,5.7975,5.8358,138989,0
20130828,5.8168,5.8843,5.701,5.8266,59545,0
20130829,5.7975,6.0147,5.7975,5.9229,35440,0
20130830,5.9225,6.0483,5.7581,5.7774,97234,0
20130903,5.8458,5.9133,5.7493,5.8071,56542,0
20130904,5.7975,5.8941,5.7684,5.7684,45602,0
20130905,5.7879,5.8458,5.7493,5.759,62140,0
20130906,5.7783,5.8843,5.5852,5.7396,49566,0
20130909,5.7493,5.8843,5.6817,5.8843,30667,0
20130910,5.9036,5.9517,5.759,5.8746,31367,0
20130911,5.8554,5.8746,5.7202,5.8358,45493,0
20130912,5.8941,5.8941,5.8266,5.8458,39379,0
20130913,5.8746,5.8746,5.7879,5.8168,22610,0
20130916,5.8651,5.8651,5.7396,5.8266,77265,0
20130917,5.8266,5.8266,5.7684,5.8168,42974,0
20130918,5.8071,5.9133,5.7684,5.9036,76461,0
20130919,5.9036,5.9036,5.7879,5.8358,76645,0
20130920,5.8358,6.0869,5.7975,6.0869,221194,0
20130923,6.0483,6.2221,5.9614,6.2028,84170,0
20130924,6.193,6.2702,6.164,6.1833,64790,0
20130925,6.2028,6.2702,6.164,6.1737,33070,0
20130926,6.2028,6.2221,6.0965,6.1833,50783,0
20130927,6.135,6.2028,6.1256,6.1546,32758,0
20130930,6.145,6.2321,6.1258,6.2032,65205,0
20131001,6.164,6.2028,6.1157,6.193,29649,0
20131002,6.164,6.2221,6.0965,6.1256,75260,0
20131003,6.1063,6.1063,5.7879,5.8746,61163,0
20131004,5.8554,6.0483,5.8358,6.029,58351,0
20131007,5.9808,6.0192,5.9422,5.9517,33589,0
20131008,5.9326,5.9614,5.8168,5.8843,44682,0
20131009,5.8843,5.9326,5.8071,5.8651,56083,0
20131010,5.9517,6.0675,5.8843,6.0097,41260,0
20131011,5.9808,6.1157,5.9808,6.1063,64480,0
20131014,6.0773,6.2316,6,6.2028,46546,0
20131015,6.193,6.2508,6.1157,6.1833,112166,0
20131016,6.2411,6.2702,6.0965,6.164,40741,0
20131017,6.1256,6.2508,6.0192,6.1546,48296,0
20131018,6.1737,6.2316,6.0869,6.1833,81171,0
20131021,6.1737,6.2508,6.1063,6.1256,52143,0
20131022,6.135,6.2121,6.1063,6.1447,119113,0
20131023,6.1157,6.2508,6.0773,6.1157,43747,0
20131024,6.1157,6.2221,6.0965,6.2121,31307,0
20131025,6.2221,6.2702,5.8458,6.2702,87183,0
20131028,6.2702,6.3664,6.2605,6.3183,113617,0
20131029,6.3571,6.3664,6.164,6.3377,41465,0
20131030,6.3377,6.3956,6.2221,6.3088,50382,0
20131031,6.2226,6.3774,6.2226,6.2999,110794,0
20131101,6.2508,6.3183,6,6.0483,160371,0
20131104,6.0966,6.1644,6.0096,6.058,78740,0
20131105,6.0096,6.2903,6.0096,6.2418,48155,0
20131106,6.2903,6.2903,6.1741,6.1935,51626,0
20131107,6.1935,6.1935,6.058,6.058,81015,0
20131108,6.0483,6.4352,6.0483,6.4064,76956,0
20131111,6.416,6.4352,6.329,6.3483,14260,0
20131112,6.3483,6.3675,6.1258,6.2032,32240,0
20131113,6.1644,6.3096,6.1258,6.2805,39474,0
20131114,6.2612,6.2999,6.1935,6.2903,61381,0
20131115,6.2805,6.2903,6.1353,6.2226,89548,0
20131118,6.2321,6.2418,6.116,6.1353,41646,0
20131119,6.1353,6.2514,6.0966,6.1258,36063,0
20131120,6.1741,6.2226,6.1258,6.1935,55698,0
20131121,6.2418,6.3774,6.2418,6.2903,81650,0
20131122,6.3096,6.3966,6.2999,6.3483,43505,0
20131125,6.3966,6.5806,6.387,6.5806,160164,0
20131126,6.5709,6.7643,6.5322,6.7159,82463,0
20131127,6.7065,6.7742,6.6192,6.7258,47285,0
20131129,6.7742,6.8709,6.6676,6.8611,34321,0
20131202,6.8418,6.8418,6.5226,6.5417,64472,0
20131203,6.5417,6.7065,6.329,6.4259,122245,0
20131204,6.3774,6.5226,6.3774,6.4838,57144,0
20131205,6.4643,6.4643,6.2612,6.2999,62311,0
20131206,6.387,6.6966,6.3385,6.5226,57801,0
20131209,6.5322,6.5322,6.387,6.416,27693,0
20131210,6.4259,6.4259,6.1935,6.2032,68098,0
20131211,6.2321,6.2903,6.0871,6.2709,71060,0
20131212,6.2903,6.4643,5.9322,6.4259,116045,0
20131213,6.4352,6.6774,6.4259,6.5806,64895,0
20131216,6.6676,6.7258,6.6096,6.6676,73780,0
20131217,6.687,6.687,6.5128,6.5417,22528,0
20131218,6.5612,6.7065,6.416,6.6966,58281,0
20131219,6.687,6.7935,6.571,6.7742,41179,0
20131220,6.8127,6.9966,6.7837,6.8611,351133,0
20131223,6.8805,6.9675,6.7353,6.8514,43194,0
20131224,6.8321,6.8611,6.7742,6.8226,20849,0
20131226,6.8321,6.8611,6.7065,6.8321,78225,0
20131227,6.8611,6.8611,6.4838,6.8514,81221,0
20131230,6.8611,7.0451,6.8226,6.9289,78121,0
20131231,6.9385,7.0063,6.7837,6.9096,42781,0
20140102,6.8514,6.8709,6.6289,6.745,76877,0
20140103,6.745,6.8709,6.5902,6.7643,123454,0
20140106,6.8127,7.0161,6.687,6.8226,128941,0
20140107,6.8709,6.9675,6.8321,6.8709,124679,0
20140108,6.8514,7.0451,6.6966,6.7837,52598,0
20140109,6.8321,6.8514,6.5902,6.7258,89361,0
20140110,6.745,6.745,6.6192,6.6581,643875,0
20140113,6.6289,6.6676,6.4548,6.5612,68615,0
20140114,6.5709,6.6484,6.5417,6.6289,23263,0
20140115,6.6289,6.7065,6.5999,6.6484,31620,0
20140116,6.6581,6.7258,6.5709,6.7159,39888,0
20140117,6.687,6.8226,6.6581,6.7258,45468,0
20140121,6.745,6.9966,6.745,6.9774,63384,0
20140122,6.9966,7.0161,6.8904,6.9193,56835,0
20140123,6.8321,6.9289,6.8226,6.8709,37924,0
20140124,6.8321,6.8418,6.6774,6.7742,61381,0
20140127,6.7742,6.8032,6.6676,6.6774,47741,0
20140128,6.6676,6.6676,6.4259,6.5612,103956,0
20140129,6.5128,6.5999,6.4352,6.5031,67056,0
20140130,6.5417,6.6289,6.416,6.4643,82669,0
20140131,6.3096,6.6096,6.2903,6.5322,117699,0
20140203,6.4838,6.5902,6.2903,6.3675,171992,0
20140204,6.416,6.5226,6.3483,6.4548,76594,0
20140205,6.5031,6.5226,6.3581,6.4259,105299,0
20140206,6.4352,6.7111,6.2995,6.3189,48067,0
20140207,6.3093,6.5539,6.2899,6.3383,62019,0
20140210,6.3965,6.3965,6.1249,6.3287,62613,0
20140211,6.3189,6.484,6.3189,6.4352,33816,0
20140212,6.416,6.5033,6.3093,6.4259,60416,0
20140213,6.4259,6.5519,6.4063,6.5519,72554,0
20140214,6.5713,6.6876,6.5421,6.6198,55884,0
20140218,6.6004,6.6974,6.6004,6.6974,40075,0
20140219,6.6392,6.746,6.4352,6.4549,78264,0
20140220,6.4452,6.5519,6.4063,6.5325,43651,0
20140221,6.684,6.684,6.3869,6.4259,91599,0
20140224,6.4549,6.6315,6.3869,6.4063,85842,0
20140225,6.3869,6.45,6.3383,6.4063,115555,0
20140226,6.4063,6.4742,6.3965,6.4549,89599,0
20140227,6.416,6.5325,6.416,6.5227,59922,0
20140228,6.5325,6.5325,6.3189,6.3673,155134,0
20140303,6.3383,6.4352,6.2995,6.4063,95873,0
20140304,6.484,6.7559,6.4549,6.6102,222482,0
20140305,6.5907,6.6974,6.5615,6.6198,65211,0
20140306,6.6782,6.6782,6.5519,6.5713,259465,0
20140307,6.5713,6.649,6.547,6.6004,86963,0
20140310,6.6004,6.6102,6.5519,6.5811,46362,0
20140311,6.5615,6.5907,6.4452,6.4549,102368,0
20140312,6.4063,6.4742,6.4063,6.4549,62357,0
20140313,6.4549,6.484,6.3869,6.3965,55519,0
20140314,6.3481,6.4259,6.3481,6.3965,73452,0
20140317,6.416,6.5325,6.416,6.5033,63505,0
20140318,6.5131,6.5615,6.4259,6.5519,79726,0
20140319,6.5227,6.6683,6.4549,6.5811,129181,0
20140320,6.5519,6.6877,6.5519,6.6102,64914,0
20140321,6.6588,6.6588,6.4937,6.5131,179393,0
20140324,6.6392,6.6392,6.4063,6.5131,66267,0
20140325,6.5131,6.5907,6.4452,6.5713,137794,0
20140326,6.6198,6.6198,6.416,6.4352,87466,0
20140327,6.416,6.4742,6.3251,6.3383,71245,0
20140328,6.3189,6.6102,6.3093,6.3189,81418,0
20140331,6.3481,6.5519,6.3481,6.4549,129517,0
20140401,6.4549,6.649,6.416,6.5421,78777,0
20140402,6.5325,6.5519,6.484,6.5227,30364,0
20140403,6.4937,6.5033,6.3782,6.4549,47043,0
20140404,6.4452,6.5227,6.3579,6.4259,119718,0
20140407,6.3965,6.4452,6.3093,6.3287,79764,0
20140408,6.3869,6.4549,6.3579,6.4259,121534,0
20140409,6.4352,6.6004,6.416,6.4742,226441,0
20140410,6.4452,6.4452,6.3579,6.3869,87704,0
20140411,6.4549,6.4549,6.3093,6.3579,474939,0
20140414,6.4452,6.4549,6.3142,6.3481,158337,0
20140415,6.3869,6.484,6.28,6.4644,210446,0
20140416,6.5227,6.6392,6.4352,6.5227,71673,0
20140417,6.5033,6.6295,6.484,6.4937,48218,0
20140421,6.5227,6.6198,6.5227,6.5811,44478,0
20140422,6.6198,6.7753,6.5811,6.6392,65955,0
20140423,6.6198,6.6392,6.4259,6.4452,95520,0
20140424,6.3598,6.6877,6.3598,6.5033,83453,0
20140425,6.4452,6.4937,6.3383,6.3965,122509,0
20140428,6.3965,6.4937,6.3189,6.3579,191377,0
20140429,6.4259,6.4742,6.3189,6.3579,88116,0
20140430,6.3189,6.3772,6.2607,6.3383,120816,0
20140501,6.3189,6.3673,6.28,6.3481,268879,0
20140502,6.3092,6.4065,6.3092,6.3383,86930,0
20140505,6.3286,6.3773,6.1826,6.2702,120141,0
20140506,6.5038,6.5038,6.1339,6.1435,165567,0
20140507,6.1826,6.2216,6.0754,6.1242,111728,0
20140508,6.1242,6.1982,6.0655,6.1242,169524,0
20140509,6.0754,6.2993,6.0655,6.2702,76161,0
20140512,6.3092,6.5233,6.2702,6.4941,104280,0
20140513,6.4648,6.4941,6.3674,6.4162,111102,0
20140514,6.3674,6.4212,6.1143,6.1339,109765,0
20140515,6.0754,6.2312,6.0462,6.2216,104619,0
20140516,6.1435,6.2798,6.1339,6.2702,80036,0
20140519,6.2312,6.3402,6.2312,6.3092,42754,0
20140520,6.2506,6.2702,6.0655,6.1339,155897,0
20140521,6.1435,6.1826,6.0365,6.1047,102818,0
20140522,6.1728,6.2021,6.056,6.1728,85202,0
20140523,6.2021,6.3383,6.1242,6.3383,46292,0
20140527,6.3382,6.5282,6.3325,6.5136,52068,0
20140528,6.5233,6.5233,6.3286,6.4065,38151,0
20140529,6.4355,6.4355,6.3579,6.387,37748,0
20140530,6.3967,6.4261,6.2506,6.2798,75010,0
20140602,6.3286,6.3579,6.2216,6.3383,53697,0
20140603,6.3286,6.3579,6.1923,6.2409,76701,0
20140604,6.1923,6.4648,6.1923,6.4065,115766,0
20140605,6.4065,6.6401,6.3383,6.6012,90738,0
20140606,6.6597,6.718,6.5437,6.6693,86684,0
20140609,6.6498,6.8055,6.6304,6.796,106066,0
20140610,6.7861,6.7861,6.6012,6.6888,49198,0
20140611,6.5622,6.7278,6.5136,6.572,42483,0
20140612,6.4843,6.5622,6.4162,6.4746,59533,0
20140613,6.4648,6.5233,6.3674,6.387,33236,0
20140616,6.3383,6.3579,6.2604,6.3383,56881,0
20140617,6.3092,6.4843,6.3092,6.3674,49558,0
20140618,6.3481,6.4552,6.2798,6.4065,52211,0
20140619,6.3967,6.4648,6.3674,6.4455,22575,0
20140620,6.4843,6.6888,6.3967,6.6498,290891,0
20140623,6.5331,6.6498,6.4552,6.4941,62870,0
20140624,6.4648,6.6206,6.2604,6.2798,66014,0
20140625,6.2702,6.5038,6.2312,6.4746,70173,0
20140626,6.387,6.5038,6.2897,6.4355,35021,0
20140627,6.3674,6.4941,6.2702,6.4746,373280,0
20140630,6.4355,6.4746,6.3286,6.4162,70738,0
20140701,6.4065,6.7473,6.4065,6.5525,96699,0
20140702,6.5818,6.6888,6.5525,6.6012,69534,0
20140703,6.6206,6.6498,6.5331,6.611,23694,0
20140707,6.4843,6.572,6.4746,6.4843,50190,0
20140708,6.4455,6.5136,6.3481,6.4455,58897,0
20140709,6.4746,6.5525,6.4261,6.5136,65679,0
20140710,6.3674,6.5038,6.3383,6.4261,163028,0
20140711,6.3967,6.4648,6.3579,6.4162,146907,0
20140714,6.5136,6.5136,6.4261,6.4552,35285,0
20140715,6.4843,6.5136,6.3968,6.5038,88478,0
20140716,6.5331,6.5585,6.4065,6.4065,89393,0
20140717,6.3674,6.4455,6.3674,6.4355,182275,0
20140718,6.4065,6.5818,6.4065,6.4455,77944,0
20140721,6.4261,6.4552,6.3967,6.4162,62413,0
20140722,6.4261,6.4746,6.4066,6.4552,36496,0
20140723,6.4455,6.6012,6.4455,6.5136,60983,0
20140724,6.572,6.8271,6.572,6.8055,98187,0
20140725,6.7278,6.796,6.6304,6.7571,66122,0
20140728,6.7666,6.7666,6.6985,6.7473,69523,0
20140729,6.796,6.796,6.6985,6.7473,49156,0
20140730,6.796,6.8154,6.7278,6.7666,31967,0
20140731,6.6792,6.7765,6.6498,6.6792,114710,0
20140801,6.7084,6.7374,6.572,6.611,152406,0
20140804,6.6695,6.6695,6.5425,6.6206,75456,0
20140805,6.6206,6.6598,6.5015,6.5719,51610,0
20140806,6.5329,6.6598,6.5329,6.6305,39273,0
20140807,6.6305,6.6499,6.5425,6.5914,55307,0
20140808,6.5621,6.6206,6.5133,6.6012,120767,0
20140811,6.611,6.7183,6.5621,6.5914,97367,0
20140812,6.5914,6.6402,6.5329,6.5621,53024,0
20140813,6.5914,6.6598,6.5621,6.5719,26070,0
20140814,6.5914,6.6402,6.5719,6.6012,52796,0
20140815,6.6402,6.6988,6.5329,6.5914,85934,0
20140818,6.6305,6.689,6.611,6.6695,49349,0
20140819,6.6598,6.7282,6.6412,6.6794,25706,0
20140820,6.6305,6.6794,6.5719,6.6402,33864,0
20140821,6.6206,6.7183,6.5719,6.6695,23789,0
20140822,6.689,6.689,6.5621,6.6598,77641,0
20140825,6.6695,6.7282,6.6206,6.6794,42698,0
20140826,6.6695,6.7086,6.6305,6.689,51720,0
20140827,6.689,6.689,6.6354,6.6695,25636,0
20140828,6.6402,6.6695,6.5719,6.5914,43404,0
20140829,6.5914,6.6794,6.5817,6.6695,20228,0
20140902,6.7183,6.7477,6.6499,6.7477,33547,0
20140903,6.7477,6.7671,6.6012,6.6305,50664,0
20140904,6.6402,6.689,6.6305,6.6402,15077,0
20140905,6.611,6.6794,6.5914,6.6794,34512,0
20140908,6.6794,6.7086,6.6402,6.7086,23470,0
20140909,6.689,6.7671,6.6499,6.7377,139223,0
20140910,6.7377,6.7966,6.7377,6.7966,86378,0
20140911,6.7477,6.8941,6.7377,6.8941,62697,0
20140912,6.9137,6.9233,6.7671,6.7866,55538,0
20140915,6.8259,6.8259,6.689,6.7866,52899,0
20140916,6.7966,6.7966,6.7282,6.7575,47272,0
20140917,6.7377,6.8649,6.689,6.7377,45982,0
20140918,6.7866,6.8355,6.7282,6.7671,50920,0
20140919,6.7671,6.8061,6.6335,6.6794,205993,0
20140922,6.6206,6.6402,6.5914,6.6012,67287,0
20140923,6.5719,6.6305,6.5719,6.6012,101443,0
20140924,6.6012,6.6402,6.5914,6.6402,46311,0
20140925,6.5914,6.611,6.523,6.5719,64239,0
20140926,6.5719,6.6305,6.523,6.611,53772,0
20140929,6.5425,6.6012,6.4547,6.5425,35795,0
20140930,6.5425,6.5817,6.4644,6.4742,144803,0
20141001,6.484,6.5719,6.4059,6.4938,118273,0
20141002,6.5329,6.7183,6.523,6.5523,26639,0
20141003,6.6305,6.7038,6.5817,6.6794,51310,0
20141006,6.6794,6.6794,6.5719,6.6012,41736,0
20141007,6.5425,6.5523,6.4547,6.4938,45953,0
20141008,6.4547,6.6988,6.435,6.6598,79335,0
20141009,6.6206,6.6499,6.4255,6.435,48831,0
20141010,6.3863,6.689,6.3863,6.4255,54621,0
20141013,6.445,6.8259,6.4255,6.689,96278,0
20141014,6.7671,6.9233,6.6695,6.8355,149800,0
20141015,6.6012,6.9821,6.5817,6.9527,81370,0
20141016,6.855,6.9039,6.6988,6.7477,215690,0
20141017,6.7671,6.8355,6.5719,6.6012,100297,0
20141020,6.5914,6.7282,6.5523,6.7282,447000,0
20141021,6.7377,6.816,6.6988,6.7866,32789,0
20141022,6.7866,6.7866,6.5914,6.6695,710587,0
20141023,6.7477,6.8061,6.6598,6.7671,47671,0
20141024,6.7966,6.8061,6.7377,6.7866,39236,0
20141027,6.7671,6.8355,6.7086,6.8355,49545,0
20141028,6.7866,6.9624,6.777,6.9333,184503,0
20141029,6.9624,7.1675,6.8453,7.1285,196512,0
20141030,7.2358,7.4019,7.187,7.3531,153838,0
20141031,7.2261,7.4995,7.1969,7.48,203442,0
20141103,7.48,7.6167,7.3922,7.5874,282328,0
20141104,7.5483,7.5972,7.4703,7.4995,106820,0
20141105,7.5582,7.5874,7.4019,7.4116,76008,0
20141106,7.3922,7.4995,7.3433,7.4507,48416,0
20141107,7.4214,7.4507,7.343,7.441,53058,0
20141110,7.4703,7.4801,7.3528,7.4459,50207,0
20141111,7.441,7.4605,7.3625,7.392,69309,0
20141112,7.392,7.4507,7.3822,7.441,93775,0
20141113,7.4214,7.4703,7.3675,7.4214,109356,0
20141114,7.4507,7.4801,7.3725,7.3725,159055,0
20141117,7.3725,7.3822,7.2256,7.2353,72217,0
20141118,7.2745,7.3235,7.1668,7.206,69608,0
20141119,7.2744,7.2744,7.0493,7.059,83746,0
20141120,7.0101,7.0199,6.9319,7.0004,67968,0
20141121,7.0885,7.0885,6.9416,6.9514,107738,0
20141124,6.9709,7.0885,6.9416,7.0101,86743,0
20141125,7.0004,7.1081,7.0004,7.0787,56654,0
20141126,7.0982,7.1277,7.0004,7.1178,51053,0
20141128,7.1472,7.206,6.9709,6.9905,48124,0
20141201,7.0004,7.0101,6.8633,6.8633,69405,0
20141202,6.8534,7.0004,6.8534,6.9809,54980,0
20141203,7.0004,7.0199,6.8633,6.9905,52502,0
20141204,6.9709,7.0004,6.8731,6.922,45586,0
20141205,6.9123,7.0101,6.7848,6.8829,94741,0
20141208,6.922,6.9514,6.8045,6.8438,92055,0
20141209,6.7653,6.9514,6.7653,6.9514,84727,0
20141210,6.9416,6.9514,6.7557,6.7557,59056,0
20141211,6.7557,6.9123,6.7263,6.8339,84002,0
20141212,6.7263,6.8438,6.6479,6.6578,68729,0
20141215,6.7068,6.8143,6.6479,6.6479,50427,0
20141216,6.6578,6.8438,6.6185,6.7359,81884,0
20141217,6.7359,6.9123,6.6578,6.9024,123599,0
20141218,6.9024,7.1962,6.8339,7.1472,77128,0
20141219,7.1472,7.1962,6.9709,7.0297,244594,0
20141222,6.9709,7.0787,6.9319,6.9514,75680,0
20141223,7.0004,7.0982,6.9709,7.0689,24582,0
20141224,7.1081,7.1472,7.0395,7.1373,16119,0
20141226,7.1472,7.255,7.1178,7.2256,30904,0
20141229,7.2256,7.3333,7.1668,7.2451,44088,0
20141230,7.206,7.2451,7.1277,7.2157,23146,0
20141231,7.255,7.304,7.1178,7.1962,51659,0
20150102,7.2256,7.2256,6.9905,7.0395,26866,0
20150105,7.0004,7.059,6.9024,6.9123,24016,0
20150106,6.9416,6.9416,6.6968,6.7458,40616,0
20150107,6.7753,6.8927,6.7458,6.8731,24261,0
20150108,6.8927,7.0297,6.8731,6.9319,61198,0
20150109,6.9123,6.9319,6.5695,6.687,54357,0
20150112,6.6773,6.7263,6.5891,6.6479,71533,0
20150113,6.6578,6.8438,6.5402,6.6578,48270,0
20150114,6.5891,6.6479,6.5206,6.5989,69978,0
20150115,6.5891,6.7458,6.5108,6.5304,56534,0
20150116,6.4913,6.6578,6.4814,6.6283,67139,0
20150120,6.8045,6.8045,6.5108,6.5695,27383,0
20150121,6.55,6.5891,6.4618,6.5206,59841,0
20150122,6.5304,6.8143,6.4716,6.7753,106940,0
20150123,6.7359,6.7848,6.6283,6.6968,67486,0
20150126,6.6578,6.6773,6.5108,6.6479,97152,0
20150127,6.5989,6.6674,6.5598,6.5891,71266,0
20150128,6.638,6.638,6.3639,6.4618,565726,0
20150129,6.4521,6.5794,6.3933,6.5304,85200,0
20150130,6.4032,6.8027,6.3151,6.5598,198922,0
20150202,6.5598,6.7068,6.4716,6.6773,119471,0
20150203,6.687,6.8045,6.6674,6.687,124828,0
20150204,6.6773,6.8242,6.6283,6.7653,133077,0
20150205,6.8143,7.0004,6.7653,6.9319,46974,0
20150206,6.9515,7.0695,6.922,7.0203,95899,0
20150209,7.0203,7.0656,6.8434,6.922,43894,0
20150210,7.0007,7.0007,6.7842,6.7842,57292,0
20150211,6.745,6.804,6.6417,6.7254,83723,0
20150212,6.7549,6.8138,6.7351,6.7842,28832,0
20150213,6.804,6.922,6.7351,6.8237,64592,0
20150217,6.8531,6.863,6.745,6.8237,40449,0
20150218,6.7942,6.8434,6.7746,6.7842,24024,0
20150219,6.7549,6.9023,6.7549,6.8728,112936,0
20150220,6.8925,6.922,6.7942,6.8728,319063,0
20150223,6.8335,6.863,6.7351,6.7646,26443,0
20150224,6.7942,6.804,6.745,6.7746,26052,0
20150225,6.7646,6.7942,6.6958,6.7549,45320,0
20150226,6.7351,6.7549,6.6368,6.7155,64659,0
20150227,6.6859,6.7646,6.6663,6.6859,36395,0
20150302,6.6859,6.745,6.6368,6.7254,57667,0
20150303,6.6958,6.7254,6.6368,6.6859,66413,0
20150304,6.6663,6.6859,6.5975,6.6467,41598,0
20150305,6.6762,6.6762,6.5583,6.6171,25020,0
20150306,6.5583,6.6958,6.4992,6.5483,73940,0
20150309,6.6762,6.6958,6.568,6.568,15968,0
20150310,6.5091,6.5385,6.4402,6.4894,36920,0
20150311,6.5091,6.5188,6.4402,6.4894,55430,0
20150312,6.5583,6.7842,6.5287,6.7746,96721,0
20150313,6.7646,6.7842,6.6663,6.7254,18410,0
20150316,6.7746,6.7746,6.6663,6.7155,42818,0
20150317,6.7058,6.7842,6.6958,6.7646,23697,0
20150318,6.7842,6.8138,6.7254,6.7942,30309,0
20150319,6.7746,6.7942,6.6859,6.7842,20748,0
20150320,6.804,6.9319,6.7942,6.922,142692,0
20150323,6.9023,6.9811,6.8827,6.9612,44751,0
20150324,6.9319,7.0007,6.922,6.9811,46276,0
20150325,6.9811,7.0104,6.8728,6.8827,94382,0
20150326,6.8827,6.9515,6.8728,6.9319,33257,0
20150327,6.8925,6.9711,6.8335,6.8925,57362,0
20150330,6.922,7.0104,6.863,6.9416,28376,0
20150331,6.9122,7.0007,6.8531,6.9811,31528,0
20150401,7.0203,7.2956,6.9319,7.1089,157540,0
20150402,7.1285,7.2365,7.0989,7.1186,69770,0
20150406,6.9811,7.1777,6.9811,7.1382,18714,0
20150407,7.1089,7.1777,7.0892,7.1285,31177,0
20150408,7.1481,7.1481,6.9319,7.0007,22070,0
20150409,7.0498,7.2072,6.9612,7.1973,122790,0
20150410,7.2564,7.3546,7.0104,7.0793,28579,0
20150413,7.1777,7.2268,7.0989,7.1186,60514,0
20150414,7.0695,7.1481,6.9416,7.0301,41800,0
20150415,7.0498,7.1285,6.9515,7.0793,47976,0
20150416,7.04,7.0793,6.9515,7.0007,34970,0
20150417,6.9612,6.9711,6.7549,6.7942,55124,0
20150420,6.7842,6.9515,6.7746,6.9122,42603,0
20150421,6.9122,6.9608,6.8728,6.8827,11699,0
20150422,6.8728,6.9711,6.745,6.9416,39457,0
20150423,6.922,6.922,6.7942,6.8531,19527,0
20150424,6.7746,6.8531,6.7549,6.8335,47208,0
20150427,6.8531,6.9319,6.7058,6.7746,50344,0
20150428,6.804,6.9515,6.804,6.9023,45463,0
20150429,6.863,7.0301,6.863,6.9023,50445,0
20150430,6.8332,6.9122,6.5765,6.6159,107752,0
20150501,6.5962,6.6653,6.5863,6.6259,99042,0
20150504,6.6653,6.7147,6.6159,6.6357,47597,0
20150505,6.6259,6.7443,6.537,6.6456,77674,0
20150506,6.6653,6.7049,6.5765,6.6159,57736,0
20150507,6.5863,6.6653,6.5765,6.6061,35138,0
20150508,6.5863,6.685,6.5863,6.6555,58027,0
20150511,6.6357,6.7147,6.6357,6.6752,56205,0
20150512,6.6653,6.7246,6.5468,6.685,31906,0
20150513,6.7147,6.7344,6.5665,6.6357,50838,0
20150514,6.7049,6.764,6.6259,6.7344,61472,0
20150515,6.7344,6.7543,6.5962,6.6456,32758,0
20150518,6.6555,6.764,6.6159,6.7543,35032,0
20150519,6.7147,6.774,6.6752,6.7147,19342,0
20150520,6.764,6.764,6.6259,6.6555,21266,0
20150521,6.6259,6.6752,6.5765,6.5765,76762,0
20150522,6.5765,6.6357,6.4876,6.5172,45268,0
20150526,6.4974,6.8628,6.4086,6.4777,116329,0
20150527,6.5172,6.5271,6.4086,6.5172,145120,0
20150528,6.4777,6.5863,6.4283,6.5665,73082,0
20150529,6.5271,6.5863,6.4283,6.5568,53066,0
20150601,6.6159,6.6653,6.4382,6.5468,68903,0
20150602,6.5172,6.7196,6.5084,6.6159,49291,0
20150603,6.6061,6.7049,6.5665,6.6949,86991,0
20150604,6.6159,6.6456,6.5468,6.6159,71497,0
20150605,6.6555,6.8332,6.5962,6.7838,82029,0
20150608,6.8925,6.8925,6.6653,6.7246,62888,0
20150609,6.7147,6.8332,6.5962,6.8037,76840,0
20150610,6.8037,6.9615,6.7049,6.8431,80618,0
20150611,6.8234,6.9517,6.8037,6.9418,157360,0
20150612,6.9418,6.9418,6.8234,6.8332,40711,0
20150615,6.7543,6.8727,6.7246,6.8529,48710,0
20150616,6.8037,7.0406,6.764,7.0406,37976,0
20150617,7.0899,7.0899,6.9023,6.9023,24405,0
20150618,6.9517,7.0603,6.8925,7.0208,62788,0
20150619,6.9615,7.0011,6.8529,6.8727,189375,0
20150622,6.9122,7.0208,6.8332,7.0208,276063,0
20150623,7.0208,7.1986,7.0109,7.1986,61223,0
20150624,7.1689,7.1789,7.0801,7.1591,62990,0
20150625,7.2085,7.2085,7.0208,7.1097,108662,0
20150626,7.1492,7.1986,7.0011,7.1986,374093,0
20150629,6.9517,7.1986,6.9418,7.0307,97017,0
20150630,7.1392,7.1392,7.0406,7.1097,51868,0
20150701,7.1295,7.1886,7.0504,7.1492,66839,0
20150702,7.1492,7.1492,7.0307,7.0899,105118,0
20150706,7.0504,7.1492,7.0406,7.1097,33318,0
20150707,7.0801,7.0801,6.9122,7.0109,30078,0
20150708,6.932,7.0011,6.9023,6.9615,32000,0
20150709,7.0307,7.1492,6.8529,6.9814,72307,0
20150710,7.0109,7.1392,6.9615,7.1295,54382,0
20150713,7.1492,7.2578,7.1492,7.238,35343,0
20150714,7.1986,7.2578,7.1552,7.2578,46592,0
20150715,7.2578,7.2578,7.1886,7.2183,25467,0
20150716,7.2578,7.2874,7.2085,7.2874,34027,0
20150717,7.2973,7.3072,7.2085,7.2973,40609,0
20150720,7.3072,7.6232,7.2282,7.2874,45471,0
20150721,7.4553,7.4553,7.1986,7.238,18329,0
20150722,7.1986,7.327,7.1986,7.248,17520,0
20150723,7.1986,7.2973,7.1392,7.1492,110284,0
20150724,7.1097,7.1195,6.9517,7.0801,68964,0
20150727,7.0702,7.248,7.0208,7.2085,65420,0
20150728,7.238,7.238,7.0801,7.1492,77573,0
20150729,7.1195,7.248,6.9912,7.1986,118283,0
20150730,7.1689,7.317,7.1591,7.2578,62484,0
20150731,7.2874,7.3566,7.0801,7.1492,50535,0
20150803,7.1988,7.2483,7.0798,7.1095,95084,0
20150804,7.1591,7.3375,7.1095,7.1294,84513,0
20150805,7.169,7.2781,7.169,7.2285,76445,0
20150806,7.2087,7.2979,7.2087,7.2186,56789,0
20150807,7.169,7.2979,7.0897,7.1095,32877,0
20150810,7.169,7.169,7.0401,7.0798,43265,0
20150811,7.0401,7.0996,6.9409,7.0401,30144,0
20150812,6.9509,6.9707,6.7426,6.9311,45282,0
20150813,6.9311,7.0599,6.9112,6.9409,28541,0
20150814,6.9112,7.0203,6.9112,6.9905,27230,0
20150817,6.9509,7.0897,6.9311,7.0203,18960,0
20150818,7.0005,7.05,6.9807,6.9905,25213,0
20150819,6.9509,7.05,6.9409,6.9807,40844,0
20150820,6.9509,7.0302,6.9211,6.9409,68679,0
20150821,6.7724,7.2781,6.7724,7.1492,123038,0
20150824,7.0798,7.0798,6.7922,6.9112,107897,0
20150825,6.9409,7.1888,6.8418,6.8517,96918,0
20150826,7.0005,7.0401,6.8517,7.0005,68276,0
20150827,7.0302,7.0996,6.9211,7.0897,64847,0
20150828,7.0302,7.179,7.0302,7.1392,87841,0
20150831,7.1294,7.1988,7.0996,7.1492,35096,0
20150901,7.0401,7.2186,6.8914,6.9607,56274,0
20150902,7.0302,7.0302,6.9211,7.0103,25112,0
20150903,6.9905,7.0897,6.9211,6.9409,133829,0
20150904,6.8418,7.0203,6.8418,6.9013,119407,0
20150908,6.9905,7.1294,6.9311,6.9905,60208,0
20150909,7.0599,7.0599,6.8914,6.9509,59804,0
20150910,6.9112,6.941,6.8517,6.9211,42797,0
20150911,6.8517,6.9707,6.812,6.9311,21582,0
20150914,6.9311,6.9509,6.9013,6.9211,40139,0
20150915,6.9112,7.0203,6.9112,6.9905,44676,0
20150916,6.9807,6.9807,6.9013,6.9013,40844,0
20150917,6.8914,7.0203,6.822,6.8418,40519,0
20150918,6.7228,6.9013,6.7228,6.8914,197768,0
20150921,6.9211,6.9905,6.8616,6.8616,48610,0
20150922,6.812,6.9509,6.812,6.822,48710,0
20150923,6.8418,6.9509,6.8418,6.8715,38929,0
20150924,6.8517,7.0103,6.822,6.9311,31361,0
20150925,7.0203,7.0203,6.7624,6.7922,81387,0
20150928,6.8022,6.8815,6.7724,6.8022,51367,0
20150929,6.7922,6.8418,6.7526,6.7624,40844,0
20150930,6.7922,6.822,6.7426,6.7426,50022,0
20151001,6.7724,6.7922,6.5641,6.6832,275827,0
20151002,6.6336,6.703,6.5245,6.6633,115071,0
20151005,6.8418,6.9211,6.6435,6.9211,158187,0
20151006,6.8815,7.1888,6.8319,7.0699,143410,0
20151007,7.1392,7.179,7.0302,7.1294,76142,0
20151008,7.0897,7.1392,6.8815,7.1194,85622,0
20151009,7.1194,7.1392,6.8418,6.9905,88849,0
20151012,6.9509,7.1294,6.9509,7.1294,33804,0
20151013,7.0996,7.1591,7.05,7.0599,37113,0
20151014,7.0401,7.0897,6.8914,6.8914,42357,0
20151015,6.9311,7.1392,6.8418,7.1392,86732,0
20151016,7.0798,7.169,6.9807,7.0103,40441,0
20151019,6.9607,7.0401,6.9112,6.9905,59343,0
20151020,6.9607,7.0401,6.9409,7.0203,59904,0
20151021,7.0599,7.1095,7.0103,7.0302,70394,0
20151022,7.0401,7.1194,6.9013,7.1194,46291,0
20151023,7.1194,7.1294,7.05,7.1095,80883,0
20151026,7.0798,7.1294,7.0401,7.0897,28440,0
20151027,7.0599,7.0996,6.9013,6.9409,39231,0
20151028,6.9905,7.2781,6.9905,7.2583,96716,0
20151029,7.1888,7.2186,7.0005,7.1888,92279,0
20151030,7.1591,7.2384,7.1591,7.1888,40643,0
20151102,7.1888,7.4268,7.1888,7.4268,34095,0
20151103,7.3773,7.4367,7.288,7.3575,42256,0
20151104,7.3277,7.4169,7.3277,7.4169,31544,0
20151105,7.4268,7.5558,7.3773,7.4962,55770,0
20151106,7.3071,7.9741,7.3071,7.6157,84780,0
20151109,7.6057,7.6057,7.4763,7.5062,26020,0
20151110,7.4763,7.6057,7.4564,7.5759,31341,0
20151111,7.6057,7.6157,7.5361,7.556,26017,0
20151112,7.5062,7.556,7.4664,7.4763,36765,0
20151113,7.4166,7.5161,7.1777,7.4265,56051,0
20151116,7.4066,7.4066,7.2274,7.3668,53942,0
20151117,7.3668,7.5361,7.2772,7.3768,95127,0
20151118,7.3967,7.556,7.317,7.5261,41285,0
20151119,7.546,7.556,7.4564,7.546,23907,0
20151120,7.5958,7.6157,7.5062,7.5161,40080,0
20151123,7.5062,7.5759,7.4664,7.5261,9543,0
20151124,7.5161,7.5958,7.4365,7.5062,23807,0
20151125,7.5361,7.5858,7.4664,7.546,13862,0
20151127,7.5161,7.6157,7.4863,7.556,11954,0
20151130,7.5759,7.6157,7.5062,7.5361,61174,0
20151201,7.5361,7.6157,7.4166,7.5858,40528,0
20151202,7.5759,8.1632,7.4465,7.9343,382471,0
20151203,8.0537,8.0637,7.7849,7.8646,88837,0
20151204,7.8646,7.984,7.8148,7.8148,68608,0
20151207,7.8347,7.8447,7.5958,7.6356,59366,0
20151208,7.6057,7.6953,7.4962,7.5161,34252,0
20151209,7.4763,7.5361,7.3967,7.4465,43897,0
20151210,7.4265,7.5062,7.3867,7.3967,36664,0
20151211,7.2573,7.4166,7.1279,7.2573,73831,0
20151214,7.2474,7.327,7.0184,7.1976,93019,0
20151215,7.2374,7.3668,7.1677,7.2175,87191,0
20151216,7.2872,7.3867,7.1677,7.3071,117427,0
20151217,7.327,7.4265,7.1677,7.1876,96633,0
20151218,7.1677,7.3569,7.1179,7.2772,227219,0
20151221,7.3569,7.4166,7.2175,7.3768,33952,0
20151222,7.3967,7.4166,7.2573,7.4066,41856,0
20151223,7.4265,7.556,7.3569,7.546,44098,0
20151224,7.4863,7.5858,7.3668,7.5161,17440,0
20151228,7.4664,7.556,7.3469,7.4962,42799,0
20151229,7.5958,7.6257,7.5012,7.5858,32621,0
20151230,7.5958,7.5988,7.5161,7.546,19312,0
20151231,7.546,7.546,7.2772,7.2872,50172,0
20160104,7.2673,7.3768,7.1777,7.3668,336263,0
20160105,7.3668,7.4664,7.2075,7.4365,260755,0
20160106,7.3768,7.5958,7.1707,7.5958,74338,0
20160107,7.4863,7.5659,7.4066,7.4564,62292,0
20160108,7.4664,7.5361,7.1777,7.4465,318096,0
20160111,7.4962,7.5311,7.3967,7.4365,199883,0
20160112,7.4664,7.5161,7.1318,7.4564,204553,0
20160113,7.4664,7.4713,7.108,7.1478,84028,0
20160114,7.0781,7.3569,7.0781,7.2673,136016,0
20160115,7.0881,7.1976,6.9487,7.1279,108537,0
20160119,7.1876,7.2075,7.0582,7.1677,223804,0
20160120,7.0781,7.1777,6.9387,7.0184,261700,0
20160121,7.0184,7.0881,6.8989,6.9089,133462,0
20160122,6.9786,7.0582,6.879,7.0283,135982,0
20160125,7.0184,7.0184,6.7098,6.7994,72745,0
20160126,6.8193,6.9587,6.5505,6.8691,68468,0
20160127,6.8292,7.0184,6.6202,6.8093,105414,0
20160128,6.8193,7.0333,6.6301,6.8691,52566,0
20160129,6.9188,7.2971,6.8193,7.2872,245701,0
20160201,7.1976,7.1976,6.67,6.8989,139802,0
20160202,6.8193,6.8392,6.6301,6.67,152938,0
20160203,6.6998,6.7596,6.5505,6.66,87948,0
20160204,6.65,6.7894,6.5804,6.66,85888,0
20160205,6.67,6.7,6.48,6.49,137232,0
20160208,6.4,6.57,6.28,6.48,71818,0
20160209,6.39,6.51,6.21,6.31,154887,0
20160210,6.32,6.57,6.26,6.29,96881,0
20160211,6.16,6.2,6.038,6.11,87634,0
20160212,6.15,6.19,6.01,6.16,127703,0
20160216,6.2,6.27,6.12,6.25,63332,0
20160217,6.26,6.29,6.09,6.15,114465,0
20160218,6.14,6.21,6.07,6.18,120431,0
20160219,6.19,6.235,6.06,6.09,80217,0
20160222,6.13,6.15,6.03,6.05,154340,0
20160223,6.07,6.26,5.9,6.09,493574,0
20160224,6.02,6.27,6.02,6.21,87673,0
20160225,6.33,6.33,6.14,6.29,40068,0
20160226,6.31,6.35,6.17,6.19,77463,0
20160229,6.19,6.28,6.02,6.23,142307,0
20160301,6.25,6.34,6.05,6.305,134201,0
20160302,6.3,6.42,6.25,6.35,80988,0
20160303,6.6,6.73,6.44,6.72,124717,0
20160304,6.78,6.86,6.65,6.67,79369,0
20160307,6.65,6.72,6.56,6.65,47788,0
20160308,6.61,6.7,6.6,6.64,85191,0
20160309,6.65,6.7,6.58,6.61,45751,0
20160310,6.61,6.66,6.55,6.61,60151,0
20160311,6.66,6.66,6.56,6.64,45035,0
20160314,6.6,6.68,6.58,6.6,60752,0
20160315,6.59,6.64,6.45,6.46,47274,0
20160316,6.43,6.65,6.43,6.63,2232396,0
20160317,6.63,6.69,6.5,6.62,91602,0
20160318,6.6,6.66,6.55,6.6,325678,0
20160321,6.6,6.63,6.462,6.6,295638,0
20160322,6.55,6.6,6.55,6.58,51007,0
20160323,6.58,6.7,6.54,6.65,183837,0
20160324,6.59,6.65,6.5301,6.59,104167,0
20160328,6.6,6.65,6.5478,6.61,61305,0
20160329,6.58,6.65,6.43,6.65,79414,0
20160330,6.61,6.67,6.56,6.62,174899,0
20160331,6.61,6.69,6.48,6.67,115213,0
20160401,6.62,6.7,6.58,6.69,73436,0
20160404,6.69,6.7,6.58,6.63,45402,0
20160405,6.58,6.67,6.5,6.55,85720,0
20160406,6.56,6.59,6.45,6.56,133088,0
20160407,6.52,6.59,6.41,6.55,70455,0
20160408,6.55,6.64,6.483,6.55,91632,0
20160411,6.57,6.69,6.53,6.55,35018,0
20160412,6.56,6.7,6.54,6.65,64482,0
20160413,6.68,6.7,6.67,6.7,228842,0
20160414,6.69,6.85,6.69,6.84,501760,0
20160415,6.8,7,6.8,6.97,82719,0
