Date,Open,High,Low,Close,Volume,OpenInt
20131206,32.96,33.64,32.74,33.31,774820,0
20131209,33.43,33.47,32.93,33.05,491767,0
20131210,32.93,33,32.37,32.38,754124,0
20131211,32.38,32.73,31.53,31.64,610003,0
20131212,31.71,31.83,31.39,31.56,462619,0
20131213,31.71,32.4,31.66,32.24,504973,0
20131216,32.07,32.76,32.06,32.53,380678,0
20131217,32.45,32.625,32.2,32.5,322972,0
20131218,32.57,33.05,32.13,33.03,335975,0
20131219,33,33.2,32.93,33,404153,0
20131220,33.17,34.11,33,33.95,1132160,0
20131223,33.96,34.35,33.4,33.95,1465094,0
20131224,33.95,34.36,33.95,34.04,284335,0
20131226,34.16,34.35,33.97,34.05,720815,0
20131227,34.23,34.4,33.82,34.11,343628,0
20131230,34.11,34.4,33.875,34.3,449108,0
20131231,34.4,35.5,34.31,35.39,1077914,0
20140102,35.5,35.5,34.56,34.7,826638,0
20140103,34.72,35.06,34.63,34.76,495228,0
20140106,34.82,34.98,34.47,34.58,496727,0
20140107,34.81,35.09,34.45,34.97,540099,0
20140108,34.98,35.08,34.64,35.07,687956,0
20140109,35.15,35.4,34.54,34.9,358837,0
20140110,34.98,35.32,34.472,35.31,504245,0
20140113,35.39,35.48,34.36,34.57,419939,0
20140114,34.86,35.36,34.63,35.16,571738,0
20140115,35.35,35.7,35.215,35.54,585520,0
20140116,35.37,35.8,35.36,35.56,495024,0
20140117,35.8,35.8,35.3,35.39,319419,0
20140121,35.42,35.92,35.42,35.74,608688,0
20140122,35.86,36.03,35.38,35.75,1083467,0
20140123,37.95,38.488,35.89,36,2155374,0
20140124,35.94,36.17,35.683,35.73,1026799,0
20140127,35.72,35.88,34.98,35.3,944850,0
20140128,35.2,35.6,34.96,35.21,754844,0
20140129,34.85,35.34,34.43,35.1,1264842,0
20140130,36.46,36.78,35.95,36.32,1455609,0
20140131,35.76,36,35.321,35.68,997352,0
20140203,35.48,35.64,33.46,34.09,1507832,0
20140204,34.19,34.93,33.82,34.69,1284435,0
20140205,34.43,35.69,34.05,35.2,1070379,0
20140206,35.3,35.56,35.08,35.22,782449,0
20140207,35.21,35.71,35,35.67,736544,0
20140210,35.415,35.86,35.21,35.78,1483811,0
20140211,35.78,36.63,35.78,36.49,928719,0
20140212,36.19,37.505,36.11,37.34,1707484,0
20140213,37.09,38.01,37.05,37.94,1396819,0
20140214,38.01,38.1,37.55,37.79,638993,0
20140218,37.92,38.515,37.69,38.43,842615,0
20140219,38.18,38.41,37.97,38.06,957090,0
20140220,38,38.79,37.87,38.75,1144387,0
20140221,38.93,38.94,38.47,38.73,648760,0
20140224,38.86,39.2,38.61,38.68,794064,0
20140225,38.87,39.29,38.47,39.27,879256,0
20140226,39.4,39.65,39.01,39.22,704741,0
20140227,39.27,39.87,39.03,39.87,637198,0
20140228,39.93,39.99,39.1,39.31,623511,0
20140303,39,39.17,38.42,38.82,670858,0
20140304,39.43,40.4,39.43,40.03,1629344,0
20140305,39.93,39.98,39.51,39.81,488095,0
20140306,39.86,40.04,39.57,39.69,644695,0
20140307,39.7,39.85,39.144,39.28,733242,0
20140310,39.28,39.44,38.75,38.92,652305,0
20140311,38.92,39.04,38.43,38.72,590408,0
20140312,38.62,38.62,38.11,38.52,533754,0
20140313,38.78,38.88,38.01,38.22,1131810,0
20140314,38.03,38.48,37.67,37.8,563328,0
20140317,37.88,38.35,37.41,37.72,854092,0
20140318,37.72,38.14,37.72,38.03,964425,0
20140319,38.08,38.13,37.25,37.51,449691,0
20140320,37.36,37.73,37.2,37.47,527558,0
20140321,37.66,37.66,36.68,36.74,1078101,0
20140324,36.6,36.75,35.76,36.21,680098,0
20140325,36.42,36.6,35.66,36.03,664198,0
20140326,36.25,36.25,35.14,35.14,632600,0
20140327,35.53,35.6,34.74,35.08,882179,0
20140328,35.06,35.5,34.72,34.84,604063,0
20140331,35.09,35.71,34.66,35.42,829734,0
20140401,35.59,36.07,35.35,35.91,790728,0
20140402,36.11,36.22,35.54,35.78,440194,0
20140403,35.61,35.915,34.85,34.99,386660,0
20140404,35.27,35.49,34.71,34.75,1173561,0
20140407,34.62,34.97,34.07,34.4,1009442,0
20140408,34.49,34.81,33.92,34.22,576269,0
20140409,34.73,35.035,34.42,34.94,595964,0
20140410,34.94,34.94,33.58,33.83,1049267,0
20140411,33.46,33.88,32.89,33.14,707115,0
20140414,33.2,33.75,32.96,33.34,407497,0
20140415,33.42,33.95,32.79,33.77,613965,0
20140416,33.93,34.58,33.78,34.5,473270,0
20140417,34.34,35.09,34.32,35,446542,0
20140421,34.86,34.965,34.37,34.71,537001,0
20140422,34.51,35.25,34.5,35.15,736087,0
20140423,34.81,35.32,34.3,34.95,890182,0
20140424,35.38,36.25,35.032,36.2,1028542,0
20140425,35.95,36.1,35.02,35.16,1035726,0
20140428,35.36,35.365,33.67,34.48,1261532,0
20140429,34.37,35.14,34.26,34.9,947647,0
20140430,34.55,35.44,34.37,35.37,588691,0
20140501,35.45,36,34.93,35.47,872351,0
20140502,35.73,36.02,35.18,35.23,749284,0
20140505,35.15,35.72,34.63,35.41,607361,0
20140506,35.25,35.75,34.82,34.83,834335,0
20140507,34.95,34.98,34.24,34.93,611457,0
20140508,34.77,36.02,34.565,34.76,624519,0
20140509,34.65,35.3,34.43,35.02,533610,0
20140512,35.26,36.54,35.09,36.32,530601,0
20140513,36.16,36.28,35.48,35.5,719373,0
20140514,35.32,35.74,35.01,35.1,629492,0
20140515,35.02,35.15,34.32,34.89,670645,0
20140516,34.73,35.88,34.625,35.88,619807,0
20140519,35.62,36.6,35.62,36.37,636390,0
20140520,36.09,36.27,35.33,35.75,783642,0
20140521,35.83,36.15,35.52,35.96,387096,0
20140522,35.98,36.64,35.76,36.37,465485,0
20140523,36.44,37,36.18,36.83,646287,0
20140527,37,37.61,36.75,37.3,585105,0
20140528,37.31,37.49,36.75,36.81,914590,0
20140529,37.05,37.34,36.91,37.25,290610,0
20140530,37.26,37.26,36.4,36.8,563309,0
20140602,36.8,36.918,36.07,36.6,447826,0
20140603,36.42,36.61,35.92,36.2,573204,0
20140604,36.07,36.37,35.97,36.28,402357,0
20140605,36.3,37.05,35.93,36.88,548417,0
20140606,37.11,38.19,37,37.9,931503,0
20140609,37.97,38.4,37.81,38.08,1041363,0
20140610,37.92,38.18,37.47,37.71,516300,0
20140611,37.64,37.92,37.54,37.69,602102,0
20140612,37.69,37.75,36.845,36.97,686146,0
20140613,37.23,37.77,36.915,36.99,698535,0
20140616,36.91,37.463,36.83,37.05,738540,0
20140617,37.15,38.04,37.15,37.595,924540,0
20140618,37.7,37.81,37,37.75,696815,0
20140619,37.96,37.96,37.4,37.71,650055,0
20140620,37.75,37.85,37.42,37.73,1179212,0
20140623,37.75,38,37.65,37.94,835726,0
20140624,37.8,38.1,37.24,37.24,629742,0
20140625,37.17,38.04,37.17,37.75,767471,0
20140626,37.87,38.445,37.64,38.21,826144,0
20140627,38.14,38.95,38.058,38.42,14914300,0
20140630,38.5,38.85,38.17,38.8,1019027,0
20140701,38.87,39.55,38.87,38.97,1069767,0
20140702,38.69,39.33,38.69,38.81,908600,0
20140703,38.89,39.11,38.7,38.99,448340,0
20140707,38.94,39.07,38.69,38.85,657166,0
20140708,38.74,38.92,37.88,38.06,821055,0
20140709,38.27,38.655,38.21,38.43,684818,0
20140710,38.1,38.81,37.78,38.49,836888,0
20140711,38.49,38.55,38.13,38.5,546756,0
20140714,38.66,39.04,38.5,38.87,673237,0
20140715,38.89,39.04,38.32,38.64,516567,0
20140716,38.75,38.86,38.13,38.15,860078,0
20140717,38.06,38.26,37.4,37.44,735330,0
20140718,37.62,37.97,37.44,37.89,673566,0
20140721,37.8,37.95,37.6,37.84,510025,0
20140722,37.98,38.51,37.98,38.3,685989,0
20140723,38.33,38.53,37.93,38.02,806869,0
20140724,37.99,38.21,36.94,37.64,1475950,0
20140725,37.66,38.11,37.42,37.82,1323480,0
20140728,37.76,37.98,37.31,37.4,917830,0
20140729,37.43,37.83,37.26,37.33,1307585,0
20140730,37.47,37.74,37.04,37.39,685527,0
20140731,37.09,37.16,35.94,35.96,882470,0
20140801,35.905,36.31,35.49,36.21,1193828,0
20140804,36.37,36.71,35.93,36.62,575414,0
20140805,36.97,38.34,36.93,37.9,1801384,0
20140806,37.73,38.28,37.6,37.91,769475,0
20140807,38.16,38.27,37.48,37.64,502264,0
20140808,37.7,37.79,37.44,37.71,491703,0
20140811,37.97,38.37,37.66,38.14,765954,0
20140812,38,38.449,37.76,37.93,564458,0
20140813,38.11,38.42,37.88,38.33,558536,0
20140814,38.44,38.53,37.89,38.04,463095,0
20140815,38.41,38.43,37.55,37.76,652419,0
20140818,38.21,39.18,38.18,38.79,631840,0
20140819,38.82,39.14,38.7,38.95,370913,0
20140820,38.75,39.21,38.72,38.99,416465,0
20140821,38.99,39.225,38.62,39.07,581766,0
20140822,39.11,39.47,38.85,39.28,346213,0
20140825,39.46,39.46,39.01,39.25,387071,0
20140826,39.3,39.46,39.09,39.31,402628,0
20140827,39.49,39.49,38.85,38.94,323497,0
20140828,38.82,38.87,38.43,38.735,329253,0
20140829,38.83,39,38.515,38.69,520701,0
20140902,38.75,39.12,38.51,39.12,1185663,0
20140903,39.21,39.6,39.12,39.6,574825,0
20140904,39.71,40.06,39.43,39.535,477960,0
20140905,39.59,39.92,39.42,39.77,345731,0
20140908,39.73,39.88,39.17,39.56,715096,0
20140909,39.39,39.51,39.07,39.25,657768,0
20140910,39.4,39.81,39.27,39.76,513476,0
20140911,39.48,39.95,39.47,39.785,729277,0
20140912,39.86,40.06,39.51,39.605,509462,0
20140915,39.55,39.74,38.925,38.935,707284,0
20140916,38.73,39.095,38.28,38.5,1201663,0
20140917,38.42,38.77,37.98,38.05,1050459,0
20140918,38.29,38.31,37.945,38,1602552,0
20140919,38.02,38.12,37.72,37.99,1294880,0
20140922,37.99,38.01,37.19,37.33,821341,0
20140923,37.15,37.36,36.715,36.76,749808,0
20140924,36.9,37.355,36.65,37.175,729243,0
20140925,37.12,37.17,36.46,36.52,503305,0
20140926,36.59,36.773,36.35,36.57,424867,0
20140929,36.17,36.72,36.17,36.56,818063,0
20140930,36.73,37.06,36.28,36.9,1018056,0
20141001,36.86,36.89,36.31,36.36,1032202,0
20141002,36.48,37.12,36.07,36.46,1040675,0
20141003,36.75,37.02,36.54,36.84,652034,0
20141006,37.03,37.21,36.72,36.76,745114,0
20141007,36.52,36.78,36.34,36.34,1229180,0
20141008,36.25,36.71,35.87,36.6,805789,0
20141009,36.56,36.67,35.89,35.92,568842,0
20141010,35.97,36.06,34.82,34.84,712898,0
20141013,34.8,35.155,34.39,34.54,645411,0
20141014,34.84,35.01,34.24,34.31,956945,0
20141015,34.02,34.97,33.61,34.68,1100845,0
20141016,34.09,34.76,34.06,34.32,1008499,0
20141017,34.79,35.28,34.44,35.025,539981,0
20141020,34.89,35.615,34.56,35.31,503144,0
20141021,35.56,36.32,35.36,36.11,659487,0
20141022,36.28,36.4,35.77,35.82,506437,0
20141023,36.26,36.53,36.13,36.25,594640,0
20141024,36.24,36.515,36.16,36.49,588964,0
20141027,36.49,36.83,36.18,36.6,506436,0
20141028,36.69,37.65,36.69,37.62,395299,0
20141029,37.69,37.87,37.23,37.71,489996,0
20141030,37.61,37.98,37.43,37.88,475789,0
20141031,38.5,38.63,37.99,38.15,561116,0
20141103,38.24,38.36,38.04,38.15,651883,0
20141104,38.2,38.49,38.01,38.015,613850,0
20141105,38.41,38.48,37.62,38.17,780786,0
20141106,38.49,38.5,36.21,36.84,2635295,0
20141107,36.79,37.22,36.36,37.07,1152367,0
20141110,37.2,37.29,36.95,37.07,522042,0
20141111,37.05,37.35,36.95,37.14,413598,0
20141112,36.96,37.46,36.9,37.255,374066,0
20141113,37.22,37.69,37.2,37.67,930095,0
20141114,37.7,38.17,37.49,37.9,535907,0
20141117,36.76,37.66,36.76,37.565,1068625,0
20141118,37.79,38.39,37.45,38.245,869678,0
20141119,38.25,38.3,37.55,37.83,441783,0
20141120,37.55,37.81,37.34,37.735,816825,0
20141121,38.23,38.43,38.07,38.35,487136,0
20141124,38.35,38.6,38.19,38.46,772056,0
20141125,38.47,38.85,38.47,38.75,580041,0
20141126,38.57,39,38.378,38.87,433239,0
20141128,38.97,39.375,38.8,39.07,335562,0
20141201,38.75,38.934,38.35,38.43,825965,0
20141202,38.45,38.95,38.39,38.61,865886,0
20141203,38.72,38.97,38.316,38.72,735957,0
20141204,38.62,39.1,38.49,38.97,817934,0
20141205,39.07,39.17,38.83,38.92,394636,0
20141208,38.67,39.11,37.875,38,561030,0
20141209,37.5,38.15,37.26,37.93,732345,0
20141210,37.94,37.94,36.85,36.9,878454,0
20141211,37.19,37.5,36.52,36.6,855277,0
20141212,36.02,36.47,36.02,36.18,1046367,0
20141215,36.47,36.47,35.58,35.8,910599,0
20141216,35.57,35.96,35.15,35.35,790018,0
20141217,35.54,35.67,35.08,35.24,1386007,0
20141218,35.72,36.48,35.57,36.47,1463376,0
20141219,36.56,36.7,36.22,36.39,1730361,0
20141222,36.49,36.82,36.4,36.56,658263,0
20141223,36.86,37.36,36.44,37.18,918175,0
20141224,37.45,37.79,37.1,37.44,374661,0
20141226,37.59,37.98,37.57,37.74,357058,0
20141229,37.48,37.83,37.31,37.32,575925,0
20141230,36.75,37.17,36.74,36.81,391118,0
20141231,36.99,37.28,36.63,36.65,518654,0
20150102,36.87,36.98,36.01,36.35,558217,0
20150105,36.15,36.39,35.26,35.36,859815,0
20150106,35.54,35.89,34.85,35.075,1253574,0
20150107,35.38,35.38,34.99,35.22,698201,0
20150108,35.44,36.096,35.43,35.75,806475,0
20150109,35.89,36.01,35.31,35.62,529552,0
20150112,35.5,35.57,34.64,34.71,594536,0
20150113,34.93,35.25,33.93,34.26,654840,0
20150114,33.81,34.52,33.43,33.79,732360,0
20150115,34.18,34.21,33.27,33.54,691427,0
20150116,33.49,34.13,33.46,34.07,692129,0
20150120,34.23,34.35,33.72,34.18,467261,0
20150121,34.13,34.45,33.87,34.17,473706,0
20150122,34.19,34.98,33.9,34.96,809396,0
20150123,34.99,35.39,34.83,34.875,573626,0
20150126,34.93,35.13,34.518,34.92,682556,0
20150127,34.5,34.53,33.85,34.29,840414,0
20150128,34.81,35.09,32.86,32.9,1535364,0
20150129,31.58,34.16,31.15,33.99,1844194,0
20150130,33.75,34.04,32.86,33.41,1396408,0
20150202,33.47,33.86,32.8,33.46,908381,0
20150203,33.58,34.65,33.4,34.6,798645,0
20150204,34.56,34.9,34.19,34.25,732457,0
20150205,34.45,34.59,33.95,34.22,623818,0
20150206,34.25,34.4,33.77,33.945,633349,0
20150209,33.77,33.98,33.53,33.67,533952,0
20150210,34.01,34.44,33.55,34.06,1043624,0
20150211,34.08,34.25,33.59,33.73,554353,0
20150212,33.93,33.93,33.48,33.65,1307908,0
20150213,33.66,34.04,33.51,34.02,1213419,0
20150217,34.35,34.63,34.06,34.61,883085,0
20150218,34.62,35.12,34.57,34.77,570674,0
20150219,34.42,34.81,34.31,34.79,869969,0
20150220,34.82,34.98,34.5,34.93,613632,0
20150223,34.94,34.95,34.17,34.32,550949,0
20150224,34.03,34.63,33.85,34.45,1244934,0
20150225,34.41,34.53,34.04,34.17,757240,0
20150226,34.85,35.3,34.6,34.65,1572325,0
20150227,34.65,35.09,34.5,34.655,995618,0
20150302,34.75,35.08,34.26,34.5,933400,0
20150303,34.41,34.41,33.74,33.84,833100,0
20150304,33.73,33.81,33.39,33.63,621800,0
20150305,33.63,34.08,33.32,34,750200,0
20150306,33.88,33.99,33.35,33.52,449700,0
20150309,33.65,33.92,33.5,33.67,669300,0
20150310,33.48,33.48,32.87,32.88,714500,0
20150311,33.07,33.07,32.53,32.84,557800,0
20150312,32.95,33.08,32.73,32.87,536000,0
20150313,32.59,33.04,32.18,33.01,1271000,0
20150316,33.03,34.14,33.03,34.04,1124700,0
20150317,33.94,34.46,33.72,34.38,1101100,0
20150318,34.35,36.49,34.16,36.16,2456300,0
20150319,36.01,36.55,35.72,36.1,1643400,0
20150320,36.29,37.06,36.05,37.01,1482000,0
20150323,37.01,37.04,35.66,35.88,1381000,0
20150324,35.9,36.14,35.66,35.79,1348900,0
20150325,35.8,36,35.27,35.35,1529200,0
20150326,35.18,36.05,35,35.76,987400,0
20150327,35.69,36.13,35.63,36.05,1593100,0
20150330,36.35,36.74,36.05,36.09,802400,0
20150331,35.95,36.36,35.79,36.17,852800,0
20150401,36.13,36.2,35.72,36.15,703100,0
20150402,36.16,36.56,36,36.51,1076900,0
20150406,36.34,37.24,36.09,37.17,845100,0
20150407,37.45,37.48,36.89,37.05,879514,0
20150408,37.3,37.78,37.12,37.57,1697400,0
20150409,37.89,38,37.43,37.935,513822,0
20150410,37.87,38.15,37.71,37.94,542500,0
20150413,38.04,38.11,37.08,37.13,977800,0
20150414,37.23,37.34,36.69,37.04,921400,0
20150415,38.695,38.855,36.97,37.16,500825,0
20150416,37.03,37.42,36.92,37.225,397376,0
20150417,36.92,36.92,36.35,36.84,944400,0
20150420,37.01,37.44,36.75,36.76,458400,0
20150421,36.86,37.05,36.74,36.87,366241,0
20150422,37.05,37.215,36.64,37.19,305734,0
20150423,37.04,37.67,36.9,37.36,411300,0
20150424,37.52,37.6,37.04,37.18,302800,0
20150427,37.48,37.48,36.55,36.73,800900,0
20150428,36.65,36.99,36.43,36.74,758300,0
20150429,36.67,36.99,36.54,36.68,863800,0
20150430,36.91,38.4,36.4,38.34,1886200,0
20150501,38.38,38.83,37.9,38.73,1050200,0
20150504,38.89,38.89,38.49,38.6,785400,0
20150505,38.4,38.72,38.02,38.21,765700,0
20150506,38.2,38.43,37.87,38.07,945482,0
20150507,38.34,38.37,37.84,38.08,652876,0
20150508,38.38,38.75,38.21,38.69,409900,0
20150511,38.71,39.07,38.47,38.74,722600,0
20150512,38.58,38.92,38.33,38.74,466906,0
20150513,38.94,39.28,38.84,38.99,685600,0
20150514,39.16,39.81,39.16,39.7,544300,0
20150515,39.64,39.64,39.23,39.4,505006,0
20150518,38.9,39.82,38.9,39.79,942414,0
20150519,39.74,39.79,39.35,39.45,500600,0
20150520,39.43,40.59,39.23,40.56,1265100,0
20150521,40.46,41.52,40,41.46,1648600,0
20150522,41.4,41.6,40.93,41.05,858300,0
20150526,40.86,41.05,40.68,40.91,1355283,0
20150527,40.95,41.7,40.95,41.66,927800,0
20150528,41.59,41.96,41.42,41.79,1037442,0
20150529,41.67,41.82,41.05,41.27,1068200,0
20150601,41.31,41.7,41.13,41.53,920000,0
20150602,41.31,41.96,41.29,41.77,825387,0
20150603,41.96,42.19,41.49,41.7,1492500,0
20150604,41.55,42,41.33,41.41,650900,0
20150605,41.39,41.8,41.14,41.76,546400,0
20150608,41.65,42,41.33,41.36,479000,0
20150609,41.27,41.605,41.13,41.45,414675,0
20150610,41.45,42.16,41.4,41.98,597597,0
20150611,41.99,42.12,41.7,41.82,623821,0
20150612,41.61,41.85,41.37,41.46,797500,0
20150615,41.19,41.49,40.68,41.23,673200,0
20150616,41.12,41.55,41.12,41.49,703400,0
20150617,41.54,41.65,41.16,41.54,498700,0
20150618,41.6,42.15,41.34,42.1,451800,0
20150619,42.25,42.65,42,42.25,1387600,0
20150622,42.57,42.66,42.25,42.53,495000,0
20150623,42.53,42.75,42.29,42.3,427947,0
20150624,42.28,42.28,41.86,41.88,557100,0
20150625,41.9,41.98,41.67,41.9,551300,0
20150626,41.83,41.98,41.58,41.67,737500,0
20150629,41.27,41.88,40.97,41.01,1038100,0
20150630,41.29,41.4,40.85,41.02,1368084,0
20150701,41.27,41.8,41.14,41.25,580500,0
20150702,41.36,41.36,40.89,41.17,340200,0
20150706,40.73,41.48,40.48,41.04,681800,0
20150707,40.98,41.34,40.49,41.32,624700,0
20150708,40.94,41.22,40.44,40.66,786600,0
20150709,41.08,41.44,40.61,40.78,361200,0
20150710,39.6,39.99,38.42,38.78,4240500,0
20150713,39,39.15,38.32,38.64,2731300,0
20150714,38.7,38.86,38.38,38.65,1787542,0
20150715,38.77,39.53,38.66,39.36,913744,0
20150716,38.64,39.59,38.33,39.4,425600,0
20150717,39.36,39.63,38.94,39.06,457700,0
20150720,39.04,39.25,38.91,39.05,399300,0
20150721,39.05,39.21,38.62,38.77,393200,0
20150722,38.55,39.21,38.42,39.12,407400,0
20150723,39.14,39.48,38.57,38.63,678000,0
20150724,38.47,38.67,38.22,38.38,509700,0
20150727,38.38,38.41,38.08,38.27,690300,0
20150728,38.35,38.77,38.08,38.72,737100,0
20150729,38.5,38.54,37.75,37.8,1795100,0
20150730,37.34,37.51,36,36.23,3753600,0
20150731,36.14,36.51,36.1,36.35,951800,0
20150803,36.28,36.8,36,36.58,1175772,0
20150804,36.24,36.67,36.19,36.5,631600,0
20150805,36.59,37.14,36.19,36.5,1281000,0
20150806,36.48,36.72,36,36.07,606735,0
20150807,36.07,36.1,35.69,35.91,709500,0
20150810,35.97,36.73,35.89,36.55,1187600,0
20150811,36.24,36.55,36.09,36.34,1289578,0
20150812,36,36.22,35.29,35.7,709300,0
20150813,35.59,35.95,35.49,35.53,532000,0
20150814,35.41,36.03,35.36,35.93,464200,0
20150817,35.81,36.39,35.57,36.36,725000,0
20150818,36.69,36.73,36.17,36.4,698800,0
20150819,36.21,36.47,35.96,36.12,527900,0
20150820,35.76,35.76,35.12,35.29,657800,0
20150821,35.07,35.35,34.4,34.44,1154500,0
20150824,33.42,34.6,32.59,33.89,1900293,0
20150825,34.09,34.6,33.41,33.46,847600,0
20150826,34.11,34.29,33.03,33.88,733300,0
20150827,34.17,34.31,33.63,34.31,1123400,0
20150828,34.18,34.55,33.76,34.15,1067300,0
20150831,34.08,34.15,32.99,33.12,1684900,0
20150901,32.59,33.38,32.22,32.29,1300000,0
20150902,32.42,32.58,31.73,32.28,1449500,0
20150903,32.22,32.74,32.11,32.68,1360300,0
20150904,32.3,32.5,31.79,31.99,731200,0
20150908,32.31,33.01,32.06,32.98,731600,0
20150909,32.99,33.02,31.78,31.91,966900,0
20150910,31.75,32.58,31.75,32.33,973343,0
20150911,32.27,32.56,31.95,32.55,441600,0
20150914,32.55,32.97,32.41,32.77,682700,0
20150915,32.88,33.15,32.75,33,464100,0
20150916,33,33.46,32.9,33.41,470000,0
20150917,33.36,33.72,33.21,33.51,742300,0
20150918,32.99,33.56,32.88,33.42,1401600,0
20150921,33.66,34.2,33.45,33.99,1033900,0
20150922,33.62,34.27,33.49,33.63,901000,0
20150923,33.64,33.75,33.06,33.17,719100,0
20150924,33.05,33.05,32.315,32.6,1126089,0
20150925,32.9,33.16,32.38,32.51,792000,0
20150928,32.47,33.22,31.55,31.71,1019403,0
20150929,31.65,31.83,30.97,30.97,1118300,0
20150930,31.2,31.87,31.15,31.74,1167900,0
20151001,31.76,32,31.04,31.4,1338700,0
20151002,31,32.04,30.53,32.01,2150600,0
20151005,32.22,33.33,32.22,33.21,963141,0
20151006,33.23,34.08,33.07,34.03,1416800,0
20151007,34.29,34.59,33.46,33.84,1223900,0
20151008,34.31,34.57,33.49,33.92,846000,0
20151009,33.93,34.71,33.93,34.67,566300,0
20151012,34.64,34.91,34.48,34.9,356038,0
20151013,34.71,35.16,34.58,34.68,568400,0
20151014,34.74,35.07,34.47,34.51,227900,0
20151015,34.65,35.24,32.75,34.62,769600,0
20151016,34.56,35.22,34.33,35.13,1053800,0
20151019,35.06,35.41,34.85,35.08,436600,0
20151020,35.05,35.29,34.75,34.83,308059,0
20151021,34.83,34.83,33.53,33.58,1268200,0
20151022,33.7,34.38,33.59,34.18,912100,0
20151023,34.56,34.56,33.99,34.33,704500,0
20151026,34.27,34.64,34.21,34.46,582100,0
20151027,34.46,34.65,33.98,34.03,1073000,0
20151028,34.06,34.89,34.05,34.79,1821800,0
20151029,34.29,35.35,33.08,34.06,2829100,0
20151030,34.2,35.71,33.89,35.44,1721200,0
20151102,35.36,36.305,35.36,36.16,1051879,0
20151103,36.24,37.08,36.08,36.91,1020100,0
20151104,37.05,37.05,36.35,36.55,704819,0
20151105,36.63,37.07,36.24,36.3,741500,0
20151106,36.21,36.54,36.04,36.4,498700,0
20151109,36.24,36.28,35.63,36.05,669305,0
20151110,36.25,36.68,35.96,36.41,825300,0
20151111,36.65,36.98,36.48,36.62,1649700,0
20151112,36.43,36.59,35.79,35.82,1263500,0
20151113,35.73,35.87,34.93,35.16,727300,0
20151116,34.52,35.46,34.52,35.41,774400,0
20151117,35.55,36.19,35.36,36.07,1664700,0
20151118,36,36.12,35.7,36.03,740900,0
20151119,35.89,36.55,35.81,36.4,696800,0
20151120,36.32,36.87,36.22,36.63,806700,0
20151123,36.7,36.7,36.3,36.42,677900,0
20151124,36,36.79,35.92,36.54,707100,0
20151125,36.46,36.82,36.23,36.54,407800,0
20151127,36.48,36.64,36.35,36.46,256800,0
20151130,36.48,36.68,36.03,36.04,1036400,0
20151201,36.12,36.505,35.99,36.13,727331,0
20151202,36.12,36.323,35.75,35.86,625685,0
20151203,35.92,36.02,34.66,34.78,516374,0
20151204,34.75,35.45,34.63,35.32,741500,0
20151207,35.11,35.64,34.73,35.07,537600,0
20151208,34.77,35.38,34.49,35.22,430870,0
20151209,35.01,35.55,34.66,34.82,621300,0
20151210,34.79,35.23,34.59,34.68,420900,0
20151211,34.42,34.85,33.95,34.12,591400,0
20151214,34.06,34.46,33.94,34.16,451037,0
20151215,34.26,34.62,33.98,34.23,1252700,0
20151216,34.45,34.65,33.99,34.38,673100,0
20151217,34.39,34.55,33.73,33.94,727200,0
20151218,33.88,34.1,33.71,33.71,1170700,0
20151221,33.87,34.03,33.18,33.53,779600,0
20151222,33.61,34.365,33,34.24,496359,0
20151223,34.41,35.36,33.99,35.12,1230400,0
20151224,35.12,35.55,34.04,35.41,290718,0
20151228,35.32,35.45,34.54,35.21,352129,0
20151229,35.37,35.49,34.99,35.36,318793,0
20151230,35.26,35.44,35.02,35.04,221289,0
20151231,35.02,35.27,33.14,34.63,399095,0
20160104,34.2,34.2,33.14,33.73,451654,0
20160105,33.74,33.99,33.56,33.66,351941,0
20160106,33.25,33.84,32.77,33.07,694422,0
20160107,32.56,32.88,31.54,31.77,829725,0
20160108,31.94,32.18,31.3,31.36,836500,0
20160111,31.43,31.6,30.75,31.07,1045321,0
20160112,31.26,31.55,30.69,31.14,519829,0
20160113,31.02,31.76,29.91,30.06,1138084,0
20160114,30.42,31.43,29.96,31.34,964314,0
20160115,30.4,30.8,30.1,30.68,749171,0
20160119,30.83,31.06,29.61,30.1,1155700,0
20160120,29.59,29.99,28.75,29.61,1378563,0
20160121,31.33,32.9,29.84,31.14,2272448,0
20160122,31.69,32.035,31.11,31.45,1026053,0
20160125,31.26,31.43,29.92,29.97,811508,0
20160126,30.03,30.305,29.7,30.26,813358,0
20160127,30.06,30.18,29.35,29.55,820131,0
20160128,29.83,30,28.795,28.94,739790,0
20160129,28.98,29.735,28.89,29.61,852230,0
20160201,30.05,30.5,29.59,30.38,1008853,0
20160202,30.04,30.25,29.28,29.42,798954,0
20160203,29.54,29.82,28.79,29.57,596600,0
20160204,29.45,30.05,29.28,29.59,619588,0
20160205,29.24,29.51,27.82,28.11,1049359,0
20160208,27.5,28.31,27.06,27.71,1107333,0
20160209,27.36,28.38,27.31,27.78,628352,0
20160210,28,29.48,27.74,27.78,717865,0
20160211,27.49,28.33,27.44,28.04,789935,0
20160212,28.27,28.67,28.175,28.63,523465,0
20160216,28.94,29.13,28.58,28.66,631730,0
20160217,28.8,29.71,28.71,29.68,679209,0
20160218,29.81,29.98,29.34,29.46,560337,0
20160219,29.26,30.11,29.18,30.1,573983,0
20160222,30.31,30.58,30.08,30.57,418210,0
20160223,30.51,30.51,29.95,30.02,474255,0
20160224,29.72,30.51,29.52,30.44,654988,0
20160225,30.79,31.28,30.54,30.8,655144,0
20160226,30.89,31.36,30.76,31.23,445451,0
20160229,31.19,31.47,30.535,30.91,491526,0
20160301,31.17,32,31,31.99,404373,0
20160302,31.87,32.16,31.615,32.12,244060,0
20160303,32.01,32.22,31.59,32.22,341629,0
20160304,32.25,32.48,31.87,32.18,653710,0
20160307,32.02,32.14,30.15,31.88,676425,0
20160308,31.71,31.89,31.29,31.51,265729,0
20160309,31.62,31.77,31.07,31.55,322711,0
20160310,31.78,31.99,30.81,31.21,393174,0
20160311,31.42,31.67,31.34,31.51,268717,0
20160314,31.44,31.83,31.33,31.69,279635,0
20160315,31.56,31.88,31.46,31.57,470335,0
20160316,31.53,31.855,31.35,31.84,286002,0
20160317,31.85,32.425,31.58,32.32,355059,0
20160318,32.08,32.9995,30.76,32.84,847158,0
20160321,32.63,32.69,32.01,32.28,376427,0
20160322,32.18,32.675,32.15,32.42,314621,0
20160323,32.41,32.53,31.58,31.59,398087,0
20160324,31.37,32.12,31.17,32.1,295713,0
20160328,32.24,32.69,31.73,32.03,386047,0
20160329,31.88,32.92,31.87,32.89,461467,0
20160330,33.1,33.26,32.4,32.93,269034,0
20160331,32.83,33.27,32.75,33.16,424529,0
20160401,32.85,33.1,32.58,33,416447,0
20160404,33,33.05,32.59,32.63,313621,0
20160405,32.42,32.51,32.01,32.1,161928,0
20160406,31.64,32.66,31.61,32.65,271685,0
20160407,32.45,32.61,32.01,32.2,291015,0
20160408,32.49,32.715,31.58,31.96,336826,0
20160411,31.96,32.74,31.96,32.38,535009,0
20160412,32.36,32.54,31.99,32.29,331486,0
20160413,32.43,33,32.43,32.96,374150,0
20160414,32.9,32.99,32.57,32.74,380528,0
20160415,32.7,33.29,32.65,33.29,1056505,0
