Date,Open,High,Low,Close,Volume,OpenInt
20150716,12.25,12.98,12.25,12.85,1224200,0
20150717,12.78,12.85,12.78,12.8,78700,0
20150720,12.84,13.06,12.82,12.9,71100,0
20150721,12.9,12.9,12.8,12.85,48200,0
20150722,12.85,12.87,12.81,12.81,28000,0
20150723,12.85,12.85,12.76,12.76,65900,0
20150724,12.8,12.85,12.8,12.83,67700,0
20150727,12.83,12.9,12.79,12.85,51600,0
20150728,12.8,12.88,12.8,12.85,29100,0
20150729,12.8,12.8,12.76,12.79,35100,0
20150730,12.8,12.86,12.76,12.85,9600,0
20150731,12.85,12.85,12.77,12.77,7200,0
20150803,12.77,12.88,12.76,12.76,34897,0
20150804,12.85,12.85,12.76,12.76,2700,0
20150805,12.83,12.83,12.76,12.76,15200,0
20150806,12.83,12.83,12.76,12.83,4057,0
20150807,12.83,12.83,12.76,12.82,5900,0
20150810,12.83,12.83,12.75,12.75,25300,0
20150811,12.73,12.83,12.73,12.8,10290,0
20150812,12.8,12.83,12.73,12.79,19400,0
20150813,12.8,12.8,12.75,12.79,7300,0
20150814,12.8,12.8,12.76,12.8,17800,0
20150817,12.8,12.8,12.76,12.8,10800,0
20150818,12.77,12.77,12.5,12.66,3100,0
20150819,12.49,12.69,12.49,12.65,15500,0
20150820,12.7,12.75,12.6,12.75,8300,0
20150821,12.75,12.8,12.68,12.68,23100,0
20150824,12.56,12.58,12.25,12.33,42899,0
20150825,12.35,12.45,12.35,12.44,17600,0
20150826,12.41,12.43,12.35,12.43,8900,0
20150827,12.41,12.44,12.41,12.44,2900,0
20150828,12.31,12.48,12.31,12.42,15100,0
20150831,12.41,12.6,12.41,12.52,6700,0
20150901,12.43,12.6,12.4,12.43,600,0
20150902,12.4,12.4,12.16,12.29,3800,0
20150903,12.37,12.59,12.18,12.45,6800,0
20150904,12.45,12.45,12.26,12.44,5000,0
20150908,12.59,12.59,12.4,12.49,15900,0
20150909,12.51,12.61,12.23,12.61,31700,0
20150910,12.67,12.68,12.5,12.65,79270,0
20150911,12.63,12.79,12.26,12.79,26900,0
20150914,12.77,12.8,12.73,12.77,34200,0
20150915,12.79,12.98,12.65,12.93,22900,0
20150916,12.8,12.92,12.75,12.9,13300,0
20150917,12.85,12.89,12.58,12.89,15900,0
20150918,12.93,13,11.26,11.26,239400,0
20150921,12.15,12.47,12.15,12.32,54300,0
20150922,12.31,12.55,12.28,12.38,34700,0
20150923,12.45,12.55,12.34,12.53,2700,0
20150924,12.42,12.5,12.36,12.5,4073,0
20150925,12.5,12.5,12.06,12.11,35000,0
20150928,12.07,12.37,12.06,12.14,20659,0
20150929,12.17,12.5,12.06,12.32,74700,0
20150930,12.45,12.48,12.19,12.39,30300,0
20151001,12.38,12.46,12.16,12.46,23400,0
20151002,12.34,12.45,12.12,12.37,24300,0
20151005,12.22,12.45,12.15,12.38,19265,0
20151006,12.35,12.54,12.33,12.43,1800,0
20151007,12.42,12.46,12.3,12.39,24800,0
20151008,12.43,12.74,12.38,12.57,4800,0
20151012,12.62,12.62,12.46,12.46,320,0
20151013,12.48,12.6,12.46,12.46,500,0
20151014,12.65,12.65,12.51,12.51,500,0
20151015,12.64,12.7,12.58,12.69,3300,0
20151016,12.57,12.75,12.47,12.49,700,0
20151019,12.56,12.63,12.56,12.61,1400,0
20151020,12.46,12.48,12.46,12.48,500,0
20151021,12.5,12.52,12.5,12.51,400,0
20151022,12.51,12.51,12.46,12.46,900,0
20151023,12.51,12.51,12.43,12.45,3700,0
20151026,12.4,12.45,12.26,12.27,15700,0
20151027,12.26,12.42,12.25,12.4,1600,0
20151028,12.28,12.48,12.28,12.35,2700,0
20151029,12.4,12.4,12.4,12.4,200,0
20151030,12.4,12.45,12.4,12.41,1500,0
20151102,12.4,12.5,12.37,12.42,3381,0
20151103,12.49,12.49,12.12,12.41,19000,0
20151104,12.41,12.42,12.32,12.34,3788,0
20151105,12.5,12.5,12.37,12.37,1700,0
20151106,12.32,12.35,12.32,12.35,3900,0
20151109,12.35,12.35,12.32,12.33,8800,0
20151112,12.35,12.47,12.35,12.35,1600,0
20151113,12.47,12.47,12.46,12.46,200,0
20151116,12.38,12.38,12.36,12.36,2100,0
20151117,12.45,12.49,12.38,12.45,2100,0
20151118,12.38,12.43,12.36,12.37,3800,0
20151119,12.48,12.6,12.47,12.51,11100,0
20151120,12.45,12.53,12.38,12.51,2800,0
20151123,12.45,12.57,12.45,12.57,5500,0
20151124,12.51,12.51,12.43,12.43,6700,0
20151125,12.38,12.54,12.36,12.46,9200,0
20151127,12.62,12.62,12.62,12.62,100,0
20151130,12.63,12.63,12.55,12.58,1700,0
20151201,12.57,12.64,12.51,12.64,6382,0
20151202,12.717,12.74,12.661,12.68,2083,0
20151203,12.6,12.8,12.6,12.75,5063,0
20151204,12.61,12.73,12.6,12.6,1000,0
20151207,12.85,12.98,12.8,12.85,10600,0
20151208,13.24,13.44,12.75,12.85,5890,0
20151209,12.95,13.17,12.77,12.86,4600,0
20151210,12.85,13.18,12.76,12.85,1700,0
20151211,12.76,12.82,12.76,12.82,800,0
20151214,13,13,12.76,12.76,721,0
20151215,12.88,12.88,12.85,12.86,3000,0
20151216,12.9,13.49,12.85,12.87,1300,0
20151217,12.95,13.43,12.85,12.85,23400,0
20151218,12.94,13.27,12.87,13.27,3100,0
20151223,13.3,13.3,13.3,13.3,100,0
20151228,13.06,13.06,12.95,12.95,1509,0
20151229,13.02,13.28,13.02,13.23,5155,0
20151230,13.32,13.49,13.16,13.16,2958,0
20151231,13.38,13.46,12.96,12.99,3191,0
20160104,12.99,13.1,12.96,13,16506,0
20160105,13,13.1,12.95,12.95,5146,0
20160106,13.01,13.074,13,13.074,2314,0
20160107,13.08,13.19,13.08,13.19,4746,0
20160108,13.1155,13.13,13.07,13.1,2000,0
20160111,13.09,13.2,13.09,13.16,3900,0
20160112,13.1485,13.19,13.1228,13.19,2875,0
20160113,13.0534,13.16,13.0534,13.16,1000,0
20160114,13.03,13.08,13.03,13.07,3652,0
20160115,13.0385,13.05,12.76,12.8,5952,0
20160119,12.9,13.12,12.89,13.07,7300,0
20160120,12.98,12.98,12.98,12.98,100,0
20160121,12.98,12.98,12.84,12.96,867,0
20160122,13,13,12.95,12.98,3491,0
20160125,12.95,12.98,12.81,12.81,5808,0
20160126,12.82,12.82,12.82,12.82,148,0
20160127,12.8001,12.93,12.8001,12.93,330,0
20160128,12.9281,12.93,12.9132,12.93,9500,0
20160129,12.8994,12.93,12.86,12.879,9980,0
20160201,12.9,12.93,12.85,12.93,27243,0
20160202,12.96,13.02,12.96,13.02,15680,0
20160203,13.02,13.05,13,13.01,6535,0
20160204,13.04,13.15,13.02,13.07,10458,0
20160205,13.02,13.0242,13,13.01,4500,0
20160208,13.0115,13.02,12.96,12.99,3755,0
20160209,12.92,12.92,12.85,12.86,1120,0
20160210,12.89,12.9,12.8896,12.9,6255,0
20160212,12.9,12.9,12.8995,12.8995,1706,0
20160216,12.9259,12.96,12.9,12.9,10277,0
20160217,12.958,13,12.958,13,5058,0
20160218,12.9202,13,12.9202,13,1506,0
20160219,13,13,12.92,12.92,1918,0
20160222,12.9566,13.1,12.9566,13.09,3300,0
20160223,12.92,13.05,12.92,13.05,10100,0
20160224,12.91,13,12.91,13,4802,0
20160225,12.992,13,12.992,13,1100,0
20160226,13,13,12.98,12.98,299,0
20160229,12.999,13,12.88,12.88,3509,0
20160301,12.96,13.45,12.96,13.3,4305,0
20160302,13.08,13.33,13.07,13.33,1496,0
20160303,13.48,13.5,13.37,13.4,2310,0
20160304,13.02,13.02,13.02,13.02,264,0
20160307,13.02,13.25,13.02,13.13,3461,0
20160308,13.0501,13.13,13.0501,13.12,594,0
20160309,13.05,13.05,13.05,13.05,100,0
20160310,13.2501,13.34,13.25,13.26,1763,0
20160311,13.2501,13.27,13.2501,13.27,300,0
20160314,13.27,13.27,13.27,13.27,233,0
20160315,13.27,13.27,13.26,13.27,453,0
20160316,13.398,13.498,13.06,13.06,3902,0
20160317,13.2,13.5,12.92,13,634,0
20160318,13.45,13.99,13.23,13.99,72108,0
20160321,13.504,13.94,13.5,13.65,17234,0
20160322,13.5,13.95,13.5,13.91,1241,0
20160323,13.86,13.89,13.86,13.89,322,0
20160324,13.9,13.9,13.48,13.5,762,0
20160329,13.8,13.8,13.21,13.4,1929,0
20160330,13.8425,13.9,13.5,13.9,7800,0
20160331,13.67,13.67,13.23,13.23,454,0
20160401,13.62,13.89,13.53,13.66,2653,0
20160404,13.45,13.45,13.45,13.45,100,0
20160405,13.45,13.84,13.4,13.66,1123,0
20160406,13.5,13.76,13.45,13.53,3882,0
20160407,13.5,13.5,13.5,13.5,200,0
20160408,13.8465,13.8465,13.5,13.5,200,0
20160411,13.64,13.65,13.64,13.65,603,0
20160412,13.7,13.8,13.61,13.8,2800,0
20160413,13.51,13.51,13.51,13.51,108,0
20160415,13.87,13.9,13.53,13.54,902,0
