Date,Open,High,Low,Close,Volume,OpenInt
20100715,10,10,10,10,0,0
20100716,12,13.25,11.99,12.8,8688092,0
20100719,13.2,13.49,12.8,13.05,890071,0
20100720,12.8,13.88,12.77,13.88,885441,0
20100721,13.91,14.38,13.04,13.63,910000,0
20100722,13.75,14.29,13.7,14.06,396846,0
20100723,14.4,14.4,13.26,13.65,551092,0
20100726,13.95,14.05,13.61,13.82,311090,0
20100727,13.85,14.62,13.82,14.22,562085,0
20100728,14.3,14.47,14.16,14.2,249126,0
20100729,14.33,14.79,14.05,14.25,211303,0
20100730,14.25,14.52,14.06,14.37,375573,0
20100802,14.3,15,14.3,14.78,229262,0
20100803,14.9,15.9,14.9,15.29,597046,0
20100804,15.49,16.04,14.95,15.14,347674,0
20100805,15.21,15.43,15.01,15.03,213677,0
20100806,15.23,15.5,14.71,14.95,194270,0
20100809,15,15.36,14.15,14.64,180678,0
20100810,14.63,14.7,14.15,14.3,161490,0
20100811,14.22,14.27,14,14,287854,0
20100812,14,14.51,14,14.22,111838,0
20100813,14.33,14.64,14.19,14.33,17754,0
20100816,14.43,14.43,14.12,14.3,17939,0
20100817,14.29,14.5,14.08,14.33,88479,0
20100818,14.48,14.48,14.05,14.23,92969,0
20100819,14.15,15.72,14.15,15.58,287648,0
20100820,15.63,16.88,15.49,16.5,501364,0
20100823,16.59,17.94,16.52,17.69,219260,0
20100824,17.5,17.61,16.85,16.99,125349,0
20100825,17.38,17.74,17.15,17.39,156443,0
20100826,17.58,18,17.57,17.76,158401,0
20100827,17.85,18.36,17.59,18.24,246887,0
20100830,18.42,19.57,18.42,19.03,300147,0
20100831,19.25,19.43,18.55,18.63,118907,0
20100901,18.9,19.7,18.78,19.3,141326,0
20100902,19.47,19.69,19,19.35,107329,0
20100903,19.52,19.86,19.11,19.21,98794,0
20100907,19.15,19.62,18.88,18.89,125951,0
20100908,19,19.4,18.7,18.8,199418,0
20100909,18.88,19.19,18.5,18.59,115991,0
20100910,18.49,19,18.49,18.77,116699,0
20100913,18.77,20.91,18.43,20.9,341439,0
20100914,21,22.65,20.91,22.25,355834,0
20100915,22.7,23.97,22.18,23.26,560741,0
20100916,23.45,25.04,23,24.37,589784,0
20100917,24.65,26.08,24.25,25.4,627510,0
20100920,25.84,25.89,24.69,25.03,347170,0
20100921,25.24,25.5,23.63,23.91,404061,0
20100922,23.72,23.91,23.08,23.21,266112,0
20100923,23.45,25.5,23.45,24.6,499591,0
20100924,25.17,26.52,24.05,26.49,541785,0
20100927,26.68,27.7,25.18,25.3,497331,0
20100928,25.49,26.44,24.2,24.97,310882,0
20100929,25.29,25.42,23.2,23.28,310578,0
20100930,23.36,23.49,21.18,22.05,2033023,0
20101001,21.73,22.31,20.99,21.74,531388,0
20101004,21.82,23.72,21.77,22.37,365409,0
20101005,22.77,23.48,22.35,22.82,198867,0
20101006,23.1,23.1,22.25,22.71,181664,0
20101007,23.01,23.12,20.55,21.55,840835,0
20101008,22.1,22.1,21.38,21.65,166058,0
20101011,21.7,22.73,21.6,22.18,149749,0
20101012,22.22,22.69,21.84,22.59,98049,0
20101013,22.78,24.39,22.75,23.85,319465,0
20101014,23.95,24.3,23.07,23.45,227399,0
20101015,23.76,24.17,22.86,23.03,125729,0
20101018,23.43,23.43,22.25,23.24,119148,0
20101019,22.93,23.25,22.25,22.57,126070,0
20101020,22.76,22.87,22.03,22.76,203987,0
20101021,22.86,24,22.37,22.65,261488,0
20101022,22.81,23.87,22.54,23.73,134957,0
20101025,23.97,24.95,23.8,24.73,348555,0
20101026,24.77,25.49,24.25,25.38,202159,0
20101027,25.67,26.39,25.04,25.9,344262,0
20101028,26.1,26.47,25.1,25.41,308165,0
20101029,25.35,25.55,24.79,24.97,396838,0
20101101,25,25.44,24.57,24.77,220372,0
20101102,24.81,24.99,24.21,24.96,379574,0
20101103,25.16,25.49,24.81,25,421721,0
20101104,25,25.06,20.91,24.7,1018769,0
20101105,24.64,24.7,23.07,23.48,442181,0
20101108,23.3,23.49,22.6,23.01,289792,0
20101109,23.02,23.25,22.53,22.66,186005,0
20101110,22.65,23.3,22.5,23.06,195660,0
20101111,22.86,23.4,22.58,23.02,356421,0
20101112,22.91,23.16,22.3,22.85,190344,0
20101115,22.98,23.01,22.54,22.66,175422,0
20101116,21.84,22.51,21.23,21.87,319197,0
20101117,21.78,22.2,21.67,21.92,198394,0
20101118,22.02,22.44,22.02,22.26,183262,0
20101119,22.24,23.1,22.18,22.92,276493,0
20101122,22.96,23.21,22.6,23.03,157651,0
20101123,22.91,23.16,22.74,22.9,72512,0
20101124,23.08,24.1,23.08,23.96,130326,0
20101126,24,24.01,23.39,23.94,46596,0
20101129,23.9,24.42,23.73,24.17,134383,0
20101130,23.69,23.95,22.9,23.57,462369,0
20101201,23.9,23.9,23.01,23.46,281534,0
20101202,23.3,24.14,22.86,23.35,562651,0
20101203,22.97,23.1,22.67,22.9,5441061,0
20101206,22.78,23.38,22.77,23.35,942240,0
20101207,23.52,23.54,22.9,22.98,866339,0
20101208,22.57,23.28,22.52,23.12,663832,0
20101209,23.24,23.72,22.98,23.12,478805,0
20101210,23.24,23.97,22.67,23.4,442910,0
20101213,23.45,23.56,23.17,23.42,549101,0
20101214,23.37,24.19,23.3,23.79,968968,0
20101215,24,24.24,23.72,24.07,706054,0
20101216,24.26,24.3,24,24.19,254310,0
20101217,24.39,26.3,24.38,26.14,1327635,0
20101220,26.29,27.6,25.55,27.33,1089645,0
20101221,27.67,28.28,27.33,27.7,719684,0
20101222,27.87,29.25,26.13,26.8,1033448,0
20101223,26.99,26.99,26.25,26.46,259258,0
20101227,26.66,26.99,26.29,26.88,106399,0
20101228,27,27,26.41,26.64,100435,0
20101229,26.79,26.94,26.25,26.3,163428,0
20101230,26.41,26.62,25.84,25.91,277839,0
20101231,26.41,26.41,25.67,25.87,270203,0
20110103,26.15,28.09,26.01,27.8,494151,0
20110104,28.39,28.89,27.53,28.03,590782,0
20110105,28.21,28.43,27.22,27.4,623829,0
20110106,27.58,27.61,27,27.2,338684,0
20110107,27.39,27.47,26.15,27,271372,0
20110110,26.78,26.79,25.8,26.23,460645,0
20110111,26.2,26.96,26.04,26.4,406734,0
20110112,26,26,24.11,25.79,1986498,0
20110113,25.66,25.79,25.3,25.58,984511,0
20110114,25.5,25.65,25.01,25.33,632208,0
20110118,25.45,25.82,25.02,25.5,757491,0
20110119,25.5,25.73,25.1,25.16,413963,0
20110120,24.99,25.08,24.14,24.2,483456,0
20110121,24.41,24.59,22.92,23.17,642568,0
20110124,23,23.14,22.63,22.87,522134,0
20110125,22.87,22.95,22.19,22.87,361482,0
20110126,22.97,23.27,22.56,22.86,439924,0
20110127,23.49,23.84,23.1,23.8,743722,0
20110128,23.99,23.99,23.01,23.09,334757,0
20110131,23.66,23.99,22.94,23.21,331233,0
20110201,23.5,23.64,23.33,23.5,581752,0
20110202,23.5,24.37,23.36,24.05,3256932,0
20110203,24.1,24.22,23.57,23.69,541084,0
20110204,23.75,23.75,23.25,23.3,385787,0
20110207,23.47,23.85,23.3,23.6,1233849,0
20110208,23.6,23.99,23.44,23.72,845156,0
20110209,23.72,23.73,22.89,23,753058,0
20110210,22.92,24.26,22.8,24.23,1457173,0
20110211,24.28,24.64,23.86,24.63,827342,0
20110214,24.79,25.16,24.5,25.05,875873,0
20110215,25.21,25.53,24.82,25.33,843987,0
20110216,25.9,25.98,25.2,25.74,692943,0
20110218,25.79,27.2,25.7,26.75,512265,0
20110222,26.75,26.85,25.11,25.16,717519,0
20110223,25.09,25.29,23.67,24.14,852201,0
20110224,24.2,24.77,23.95,24.56,702799,0
20110225,25.16,26.08,24.73,26.02,569590,0
20110228,26.58,26.94,25.93,26.16,1131925,0
20110301,26.27,26.39,25.28,25.99,1331493,0
20110302,24.89,26.4,24.45,25.12,2757908,0
20110303,25.38,25.69,24.55,24.86,1611935,0
20110304,24.68,24.75,22.39,23.96,5835692,0
20110307,24.03,24.26,23.27,23.61,2084610,0
20110308,23.68,23.9,23.31,23.67,1333035,0
20110309,23.56,23.84,23.17,23.7,1390264,0
20110310,23.42,23.55,23.11,23.34,2123522,0
20110311,23.21,23.51,22.94,23.35,1041511,0
20110314,23.06,23.34,22.8,22.93,978223,0
20110315,22.4,23.05,21.81,22.96,1835386,0
20110316,22.82,23.1,22.64,22.88,1446774,0
20110317,23.1,23.7,23.01,23.22,1237959,0
20110318,23.4,23.91,23.25,23.5,3285974,0
20110321,23.63,23.97,23.26,23.33,792738,0
20110322,23.55,23.97,23.2,23.28,1090306,0
20110323,23.31,23.9,23,23.89,1652376,0
20110324,23.96,24.35,23.84,24.32,1494809,0
20110325,24.48,24.73,23.82,24.53,1499942,0
20110328,24.72,25.07,24.4,25.01,1489382,0
20110329,24.97,25.21,24.59,24.96,1528809,0
20110330,25.06,25.71,24.94,25.46,1876369,0
20110331,25.42,26.11,25.33,26,1923291,0
20110401,26.05,27.2,25.99,27,3116116,0
20110404,27.02,27.58,27.01,27.31,1283759,0
20110405,27.29,27.49,27.15,27.33,1522603,0
20110406,27.41,27.47,26.49,26.72,1709980,0
20110407,26.7,27.02,26.33,26.91,999103,0
20110408,26.91,27.13,26.7,27,771022,0
20110411,27.1,27.17,26.48,26.73,1019691,0
20110412,26.4,27.1,26.12,27.01,1409624,0
20110413,27.05,27.35,26.67,26.99,1094205,0
20110414,26.59,27.49,26.55,27.4,1042789,0
20110415,27.05,27.49,26.85,27.03,935326,0
20110418,26.97,27.21,26.21,27.17,949906,0
20110419,27.2,29.6,27.2,29.2,3914095,0
20110420,29.2,29.6,28.9,29.32,1948440,0
20110421,29.55,30.2,29.33,29.84,1507354,0
20110425,29.91,30.19,29.42,29.89,619991,0
20110426,30.01,30.1,29.01,29.52,1107243,0
20110427,29.7,29.7,28.63,29.19,1053469,0
20110428,29.37,29.37,28.88,28.9,798203,0
20110429,29.91,32.67,29.47,32.06,5125325,0
20110502,32.1,32.4,31.1,31.14,958364,0
20110503,30.7,30.7,29.65,29.99,1938071,0
20110504,29.76,29.91,28.75,29.91,1936959,0
20110505,29.75,30.64,29.63,30,1148244,0
20110506,29.81,30.32,29.38,29.47,782910,0
20110509,29.5,30.91,29.46,30.47,964361,0
20110510,30.46,30.49,29.86,30.4,849879,0
20110511,30.49,30.49,29.38,30.23,887208,0
20110512,30,31.35,29.93,31.03,1392922,0
20110513,30.95,31.4,30.57,30.82,809987,0
20110516,30.82,30.99,29.67,29.94,1121290,0
20110517,30,30.92,29.98,30.81,1298554,0
20110518,30.68,31.27,30.54,30.79,799322,0
20110519,30.9,31.99,30.86,31.83,1143306,0
20110520,31.11,31.99,31.11,31.86,1283042,0
20110523,31.25,31.82,31.1,31.63,1107155,0
20110524,31.97,33.06,31.89,32.41,1512389,0
20110525,32.02,32.65,31.52,32.06,956386,0
20110526,32.1,32.65,31.99,32.64,1013402,0
20110527,32.7,32.86,32.35,32.85,1186006,0
20110531,33,33.45,32.36,33.29,4717248,0
20110601,33.1,33.54,32.77,32.91,1454846,0
20110602,32.77,33.1,31.81,32.15,1237558,0
20110603,31.75,32.45,31.51,31.98,809535,0
20110606,31.82,32.26,31.73,31.89,584307,0
20110607,31.83,31.91,30.76,30.83,1327124,0
20110608,30.73,30.92,30.15,30.6,956327,0
20110609,30.73,31.01,30.35,30.9,1231813,0
20110610,30.97,30.97,29.37,29.57,1475498,0
20110613,29.73,30.33,29.54,29.6,1024844,0
20110614,29.91,31.02,29.44,30.9,924647,0
20110615,30.58,31.12,29.7,30.05,722288,0
20110616,30.1,30.59,29.56,30.2,1739493,0
20110617,30.39,30.85,30.01,30.58,991259,0
20110620,30.39,31.31,30.34,31.29,665904,0
20110621,31.47,32.64,31.42,32.54,702031,0
20110622,32.67,33.7,32.54,32.67,833134,0
20110623,32.93,33.33,31.83,33.27,758817,0
20110624,33.12,33.99,32.96,33.39,6977486,0
20110627,33.36,33.76,32.63,33.33,765275,0
20110628,33.29,34.2,33.29,33.79,810307,0
20110629,34.04,34.38,33.66,34.19,718806,0
20110630,34.21,34.56,33.86,34.06,584939,0
20110701,33.94,34.37,33.45,33.8,785451,0
20110705,33.91,34.15,33.64,34,474741,0
20110706,34.18,34.96,33.77,34.38,1106036,0
20110707,34.49,34.79,34.08,34.14,750109,0
20110708,33.69,35.62,33.06,35.43,1606270,0
20110711,35,35.24,34.57,34.77,838680,0
20110712,33.7,34.39,33.24,33.49,1102300,0
20110713,33.62,34.24,33.11,33.68,654008,0
20110714,34.86,34.86,33.31,33.71,943778,0
20110715,31.75,31.89,29.82,30.25,3865433,0
20110718,30.35,31.86,29.9,31.28,1322862,0
20110719,31.89,32.99,31.75,32.81,862411,0
20110720,32.93,33.17,31.24,31.75,1203610,0
20110721,32,32.49,29.71,29.91,1585252,0
20110722,30.08,31.15,30.08,30.63,585446,0
20110725,30.08,30.19,29.27,29.36,1142261,0
20110726,29.36,30.46,29.3,30.13,1075297,0
20110727,30.02,30.07,29.24,29.51,919888,0
20110728,29.24,29.65,28.24,28.8,1759537,0
20110729,28.28,30.82,28.02,30.31,2780041,0
20110801,31.18,31.26,29.31,29.66,1715736,0
20110802,29.08,29.74,27.99,28.23,1410373,0
20110803,28.1,28.49,27,28.11,1437112,0
20110804,27.88,28.99,27.27,28.02,2015864,0
20110805,28.1,28.81,27.41,27.81,1903225,0
20110808,26.71,27.33,25.71,25.92,1978935,0
20110809,25.95,28.61,25.35,28.58,1823284,0
20110810,27.69,28.22,26.79,26.85,2576123,0
20110811,27.65,29.22,27.38,28.41,2026647,0
20110812,28.57,29.55,27.62,29.17,1744023,0
20110815,29.41,29.91,29.22,29.78,530476,0
20110816,29.45,29.5,27.92,28.35,1361002,0
20110817,28.36,28.81,27.53,27.81,1478547,0
20110818,27.01,27.18,25.07,25.83,3024625,0
20110819,24.96,25.63,23.5,23.99,2319819,0
20110822,24.59,24.84,23.78,24.4,1146515,0
20110823,24.91,25.81,23.95,25.38,1682096,0
20110824,25.25,25.4,24.14,24.85,1347156,0
20110825,25.37,25.37,23.45,23.57,1255438,0
20110826,23.45,24.54,22.75,24.45,2026870,0
20110829,24.5,25.78,24.24,25.6,1399351,0
20110830,25.58,25.58,24.54,25.25,980790,0
20110831,25.42,26.33,24.54,25.38,878437,0
20110901,25.49,26.07,25.01,25.08,943307,0
20110902,24.1,24.84,23.74,23.85,553493,0
20110906,23.37,23.46,22.19,23.09,1338138,0
20110907,23.81,24.08,23.31,23.96,1258674,0
20110908,23.93,24.24,22.82,23.02,1420570,0
20110909,23.04,23.68,21.91,22.41,1613235,0
20110912,22,23.03,21.82,22.9,1271291,0
20110913,22.01,22.54,21.12,21.36,3567536,0
20110914,21.51,23.23,21.46,22.65,1743429,0
20110915,22.88,23.38,22.56,23.01,1060992,0
20110916,23.19,24.1,23,24.05,2410515,0
20110919,23.69,24.33,23.11,23.94,1205810,0
20110920,23.34,23.99,22.16,22.32,1415487,0
20110921,22.31,24.5,21.52,23.45,2380212,0
20110922,22.52,23.02,21.82,22.27,2012197,0
20110923,22.29,23.58,22.03,23.45,1335575,0
20110926,23.59,24,21.83,22.8,1163910,0
20110927,23.18,24.65,23,23.75,1467761,0
20110928,23.87,24.14,22.91,23,1414565,0
20110929,23.52,24.14,22.14,22.48,1039881,0
20110930,22.03,22.29,21.56,21.63,1167223,0
20111003,21.66,21.91,19.84,19.99,1984487,0
20111004,19.84,21.43,19.59,21.4,1631167,0
20111005,21.31,23.46,21,23.19,2497189,0
20111006,22.94,23.26,21.94,22.41,1884988,0
20111007,22.54,23.37,22.35,22.6,983318,0
20111010,23.1,24.28,23.01,23.61,1343238,0
20111011,22.91,24.61,22.81,24.14,1231054,0
20111012,24.32,26,24.29,24.73,1537750,0
20111013,24.62,25.74,24.31,25.57,821650,0
20111014,25.8,26.36,25.29,25.92,962576,0
20111017,25.53,25.75,24.88,25.13,1303519,0
20111018,25.91,26.8,24.6,26.61,1830262,0
20111019,26.56,27.35,25.13,25.19,1434658,0
20111020,25.31,25.81,24.64,25.62,906123,0
20111021,25.96,26.45,25.4,26.22,865483,0
20111024,26.37,27.74,26.26,27.28,1101382,0
20111025,27.24,28.29,26.84,27.36,2212616,0
20111026,27.7,28.01,25.83,27.26,972387,0
20111027,28.22,30.42,28.22,28.87,1953500,0
20111028,27,30.58,26.5,30.09,2953489,0
20111031,29.51,29.72,28.51,28.57,1584188,0
20111101,27.1,28.67,27.02,28.22,1965466,0
20111102,28.38,30,28.15,29.96,1407968,0
20111103,30,31,29.24,30.89,1013800,0
20111104,30.31,30.74,30.15,30.29,913672,0
20111107,30.01,30.3,29.24,29.74,1222323,0
20111108,29.76,30.35,29.47,30.25,1413669,0
20111109,29.58,30.03,28.83,28.88,786788,0
20111110,29.33,29.93,28.57,29.53,731731,0
20111111,29.93,30.95,29.56,30.31,1321552,0
20111114,30.01,30.76,29.7,30.37,761748,0
20111115,30.61,31,29.84,30.86,1431585,0
20111116,30.5,31.71,30.24,30.58,1143381,0
20111117,30.33,30.73,28.53,29.19,1046923,0
20111118,29.07,29.41,27,27.2,1795331,0
20111121,26.99,27.1,25.98,26.6,1670283,0
20111122,26.52,27.05,25.59,26.16,596581,0
20111123,25.89,26.04,24.69,25.22,987021,0
20111125,25.02,25.52,24.51,24.52,355338,0
20111128,25.44,26.37,25.36,26.31,882823,0
20111129,26.74,26.74,25.06,25.55,651644,0
20111130,26.47,27.38,26.42,27.37,788027,0
20111201,27.33,28.56,26.91,28.18,1068281,0
20111202,28.23,29.4,28.08,28.78,966747,0
20111205,29.37,31.28,29.13,29.92,1651935,0
20111206,30.07,30.25,29.58,29.86,938957,0
20111207,29.76,30.29,29.12,29.7,841614,0
20111208,29.4,30.46,29.26,29.54,858109,0
20111209,29.61,30.5,29.37,30.43,845011,0
20111212,29.64,29.7,28.64,29.45,978883,0
20111213,29.84,29.98,27.93,28.08,968933,0
20111214,28,28.07,26.43,27,903369,0
20111215,27.37,27.44,26.54,26.96,731755,0
20111216,27.07,27.77,26.69,27.23,1379380,0
20111219,26.76,27.51,25.86,26.08,735935,0
20111220,26.71,27.21,26.53,27.04,841639,0
20111221,26.56,26.81,23.45,25.19,1974685,0
20111222,25.29,25.95,23.82,24.36,1718173,0
20111223,24.02,24.74,24.02,24.5,360308,0
20111227,24.51,24.6,23.93,24.51,678454,0
20111228,24.54,24.72,23.86,24.05,357363,0
20111229,24.06,24.57,24.06,24.33,450818,0
20111230,24.2,24.433,23.94,24.2,648612,0
20120103,24.98,25.38,24.14,24.33,801245,0
20120104,24.17,24.21,22.86,22.89,1166732,0
20120105,22.8,23.25,21.83,22.93,834784,0
20120106,22.89,23.57,22.67,23.22,919557,0
20120109,23.28,24.09,23.01,23.25,643392,0
20120110,23.31,23.7,23.3,23.51,884427,0
20120111,23.5,23.94,23.41,23.72,852179,0
20120112,24.78,25.5,24.61,25.21,1178227,0
20120113,24.9,25.98,24.83,25.72,969705,0
20120117,24.93,26,24.74,25.7,998548,0
20120118,24.87,26.38,24.77,26.17,590374,0
20120119,26.24,27.23,26.24,26.8,713943,0
20120120,26.74,27.1,26.39,26.49,362476,0
20120123,26.56,26.79,25.7,25.99,590139,0
20120124,25.94,26.84,25.67,26.8,629679,0
20120125,26.8,27.6,26.79,27.39,857972,0
20120126,27.46,27.76,26.75,27.03,687052,0
20120127,27.05,28.71,27.05,28.39,1137278,0
20120130,28,28.53,27.59,28.22,497457,0
20120131,28.47,28.84,27.9,28.22,477939,0
20120201,28.24,29.3,27.51,29.16,817803,0
20120202,29.35,29.57,28.78,29.26,593931,0
20120203,29.61,29.82,29.12,29.34,767109,0
20120206,29.39,29.39,28.79,28.99,487199,0
20120207,27.89,29.62,27.83,29.3,390511,0
20120208,29.28,29.61,28.75,29.26,305931,0
20120209,29.44,30.79,29.35,30.65,795845,0
20120210,30.24,30.24,29.5,29.75,614247,0
20120213,30.81,30.85,29.76,30.36,585437,0
20120214,30.37,30.54,29.99,30.53,838982,0
20120215,30.9,30.96,30.22,30.49,451044,0
20120216,30.24,31.31,30.06,31.31,1062956,0
20120217,29.52,29.65,28.01,28.73,4465296,0
20120221,28.89,29.11,28.56,28.81,1302855,0
20120222,28.5,29.7,28.35,29.39,1117531,0
20120223,29.06,30,29.05,30,725217,0
20120224,30,31,29.83,30.82,1179935,0
20120227,30.4,31.2,30.08,31.04,673689,0
20120228,31.02,31.31,30.5,31.28,712868,0
20120229,31.36,31.53,30.25,30.27,550543,0
20120301,30.39,32,30.39,31.35,1410392,0
20120302,31.1,31.56,29.89,29.99,1188310,0
20120305,30,30,28.96,29.31,966529,0
20120306,28.73,28.91,28.34,28.83,896341,0
20120307,28.71,29.54,28.71,29.29,263640,0
20120308,29.44,30.35,29.44,29.77,759953,0
20120309,29.69,30.56,29.69,30.56,903731,0
20120312,30.35,31.17,30.03,31.08,1109653,0
20120313,31.15,31.28,30.65,31.19,1113077,0
20120314,31.01,31.1,30.13,30.3,1059760,0
20120315,30.47,31.07,30.17,31.01,513254,0
20120316,30.9,31.2,29.9,30.01,1585255,0
20120319,29.54,30.45,29.54,30.1,827166,0
20120320,30,30.11,29.31,30,1113814,0
20120321,29.96,30.82,29.96,30.38,526158,0
20120322,30.21,30.31,29.69,29.73,733568,0
20120323,29.78,30.19,29.58,30.07,816602,0
20120326,30.49,31.9,30.19,31.76,1093522,0
20120327,31.78,32.94,31.78,32.6,2229116,0
20120328,32.6,32.75,32.05,32.33,1247753,0
20120329,31.98,32.38,31.81,32.01,1217282,0
20120330,32.33,32.58,31.74,32,1159481,0
20120402,31.99,33.35,31.66,33.15,1398806,0
20120403,33.01,33.59,32.77,33.06,1329866,0
20120404,32.59,32.73,31.22,31.66,1398907,0
20120405,31.35,31.54,31.01,31.21,1417503,0
20120409,30.8,30.85,30.27,30.44,1045269,0
20120410,30.4,30.71,29.78,30,791198,0
20120411,30.4,30.89,30.06,30.26,1005129,0
20120412,30.37,31.26,30.28,30.68,562212,0
20120413,30.66,31.15,30.31,30.53,812209,0
20120416,30.34,30.98,29.73,29.99,509715,0
20120417,30.27,30.75,30.16,30.47,503952,0
20120418,30.42,30.95,30.1,30.63,742379,0
20120419,30.68,31.36,30.04,30.48,541675,0
20120420,30.93,31.16,30.51,30.67,845524,0
20120423,30.08,30.34,29.19,30.12,1035944,0
20120424,30.07,30.07,28.38,28.71,1600771,0
20120425,29.37,29.79,29.03,29.52,872995,0
20120426,29.54,30.92,29.42,30.83,1540282,0
20120427,30.92,30.92,28.84,29.64,3189104,0
20120430,29.61,29.61,28.65,28.81,1814050,0
20120501,28.64,29.68,28.36,28.44,1342428,0
20120502,28.36,29.11,28.04,28.91,1047596,0
20120503,29,29.46,28.2,28.52,1062147,0
20120504,27.95,28.32,27.47,27.54,1254372,0
20120507,27.36,27.39,26.59,26.75,1700917,0
20120508,26.46,26.71,25.56,26.59,1945607,0
20120509,26.23,26.87,25.98,26.57,826172,0
20120510,26.73,26.8,24.19,24.41,3464572,0
20120511,24.26,25.44,24.02,24.8,3158660,0
20120514,24.41,24.88,24.11,24.3,1003258,0
20120515,24.33,24.85,24.11,24.26,1335915,0
20120516,24.25,24.63,24.06,24.48,1868503,0
20120517,24.42,24.63,23.28,23.29,1758662,0
20120518,23.3,23.55,22.74,22.97,1682249,0
20120521,23.08,24.32,22.78,24.22,1663616,0
20120522,24.14,25.06,23.99,24.7,2031926,0
20120523,24.38,25.04,24.2,24.9,1429655,0
20120524,24.88,24.88,24.06,24.28,1063155,0
20120525,24.29,24.66,23.7,24.54,1167081,0
20120529,24.85,24.85,23.86,24.09,881128,0
20120530,23.75,23.83,23.02,23.13,1341842,0
20120531,23.23,23.23,22.34,22.73,1536332,0
20120601,22.09,22.38,21.46,21.49,1259694,0
20120604,21.59,21.74,21.08,21.67,1068809,0
20120605,21.48,22.39,21.48,22.03,1098724,0
20120606,22.19,22.83,22.17,22.42,805962,0
20120607,22.65,22.75,22.18,22.26,1187237,0
20120608,22.2,22.28,21.71,21.88,1048644,0
20120611,22.1,22.35,21.34,21.36,1014972,0
20120612,21.58,21.7,21.1,21.28,1249236,0
20120613,21.18,21.83,20.97,21.5,1171387,0
20120614,21.59,21.76,21.3,21.65,1143427,0
20120615,21.59,22.85,21.58,22.77,1627480,0
20120618,22.69,23.22,22.31,23.11,989927,0
20120619,23.51,24.13,23.47,23.77,1196505,0
20120620,23.79,24.11,23.5,23.78,474624,0
20120621,23.68,23.68,22.77,22.86,770701,0
20120622,22.93,23.63,22.75,23.45,2558948,0
20120625,23.07,23.12,22.8,22.89,405370,0
20120626,22.86,23,21.9,21.92,1619840,0
20120627,21.9,22.38,21.55,22.15,1167791,0
20120628,21.92,21.93,20.8,21,1189146,0
20120629,21.76,22.32,21.67,22.12,1663721,0
20120702,21.81,21.81,20.25,20.65,2791300,0
20120703,20.45,20.79,20.23,20.63,1301437,0
20120705,20.5,20.61,20.03,20.33,1363869,0
20120706,19.42,19.55,17.38,17.97,4708707,0
20120709,18.1,18.83,17.85,17.99,3711551,0
20120710,17.9,18.51,17.88,17.94,3783494,0
20120711,17.93,18.59,17.91,18.22,2630973,0
20120712,18.2,18.25,17.66,17.77,2515988,0
20120713,17.9,18.36,17.85,18.28,1145006,0
20120716,18.17,18.27,17.86,18.13,729700,0
20120717,18.31,18.37,17.66,17.96,1105189,0
20120718,17.9,19.03,17.9,18.91,1913085,0
20120719,19.1,19.98,19.1,19.95,2012193,0
20120720,19.57,19.59,19.05,19.32,1187748,0
20120723,18.76,18.88,18.13,18.51,1359556,0
20120724,18.52,18.68,17.44,17.59,1989198,0
20120725,17.62,18.02,17.56,17.86,1591982,0
20120726,18.1,18.18,17.26,17.66,2933729,0
20120727,19.7,21.98,19.16,20.78,5381449,0
20120730,20.82,20.89,19.65,20.09,2005499,0
20120731,20,20.43,19.81,20,1241961,0
20120801,20.14,20.22,19.09,19.2,1846613,0
20120802,18.92,19.28,18.49,18.85,1793010,0
20120803,19.36,20.26,19.13,20.17,2308594,0
20120806,20.28,22.24,20.06,21.97,3134794,0
20120807,22.11,22.9,22,22.54,2181870,0
20120808,22.36,22.62,21.82,22.14,1184960,0
20120809,22.15,22.34,21.91,21.94,864041,0
20120810,21.79,22.2,21.7,22.16,750595,0
20120813,21.97,22.34,21.53,21.82,987641,0
20120814,21.97,21.99,21.19,21.35,682147,0
20120815,21.37,21.87,21.3,21.79,526312,0
20120816,21.84,22.88,21.77,22.83,1187339,0
20120817,22.78,23.2,22.61,23.01,2036083,0
20120820,22.9,23.72,22.84,23.32,1880343,0
20120821,23.35,23.59,22.77,22.99,1483720,0
20120822,22.95,22.98,22.42,22.62,1738604,0
20120823,22.64,22.81,21.88,21.99,1197387,0
20120824,22,22.05,21.49,21.79,1493552,0
20120827,21.98,21.99,21.34,21.73,1563553,0
20120828,21.81,21.92,21.4,21.51,1089064,0
20120829,21.47,21.57,21.18,21.4,1086594,0
20120830,21.33,21.35,20.68,20.99,1386521,0
20120831,21.32,21.38,20.53,21.15,1404352,0
20120904,21.06,22.1,20.86,21.3,2126448,0
20120905,22.2,22.99,21.98,22.12,3528786,0
20120906,22.36,23.83,22.17,23.795,3227916,0
20120907,23.71,24.21,23.63,23.95,1687391,0
20120910,23.86,24.05,23.37,23.69,756137,0
20120911,23.62,23.775,23.011,23.34,955061,0
20120912,23.44,23.71,23.27,23.59,928725,0
20120913,23.56,24.75,23.2,24.25,1546762,0
20120914,24.53,25.7,24.29,25.28,1833514,0
20120917,25.23,25.24,24.59,25,927500,0
20120918,24.6,24.83,24.27,24.57,1456908,0
20120919,24.61,24.83,24.13,24.34,1847174,0
20120920,24.32,24.39,23.815,24.06,1050523,0
20120921,24.5,25.03,24.18,24.23,1641923,0
20120924,24.19,24.57,23.67,23.94,1332036,0
20120925,24.07,24.45,22.86,22.92,1567675,0
20120926,22.76,23.11,22.05,22.77,1513377,0
20120927,22.65,23.32,22.55,23.01,1267030,0
20120928,23.01,23.5,22.22,22.39,1609684,0
20121001,22.6,22.688,21.65,21.9,1960111,0
20121002,22.13,22.22,21.16,21.37,1575386,0
20121003,21.47,21.53,20.23,20.84,4263750,0
20121004,19.5,19.775,18.25,19.54,4189378,0
20121005,19.77,19.98,19.02,19.13,1856494,0
20121008,19.65,20.84,19.59,20.12,3040352,0
20121009,20.08,20.47,19.82,20.27,2441355,0
20121010,21.53,22,21.01,21.37,3283239,0
20121011,21.52,21.97,21.43,21.72,1666185,0
20121012,21.41,22.42,21.18,21.37,1290753,0
20121015,21.29,21.61,21.03,21.58,937773,0
20121016,21.68,22.44,21.43,22.3,1147658,0
20121017,21.97,22.53,21.25,21.36,2244551,0
20121018,21.29,21.39,20.58,21,838205,0
20121019,20.79,21.01,20.43,20.55,987295,0
20121022,20.55,20.73,20.12,20.28,661177,0
20121023,20.04,20.7,19.892,20.69,905395,0
20121024,20.73,20.73,19.51,20.64,673852,0
20121025,20.54,20.71,19.51,20.28,2255262,0
20121026,19.78,20.28,17.26,18.72,8253385,0
20121031,18.035,18.71,17.725,18.41,2890680,0
20121101,18.43,19.38,18.11,19.23,1699185,0
20121102,19.33,19.42,18.84,18.84,1112007,0
20121105,18.9,19.42,18.79,19.3,883249,0
20121106,19.29,19.57,18.73,18.82,1116744,0
20121107,18.57,18.66,18.09,18.23,1088265,0
20121108,18.1,18.53,17.85,17.87,826160,0
20121109,17.73,18.14,17.66,17.78,669171,0
20121112,17.91,17.92,17.46,17.49,791701,0
20121113,17.37,17.43,16.71,17.2,1526992,0
20121114,17.53,18.19,17.51,17.65,1244647,0
20121115,17.63,18.049,17.44,17.8,993292,0
20121116,17.73,18.18,17.46,17.71,1616700,0
20121119,17.86,18.96,17.84,18.78,1050942,0
20121120,18.58,18.92,17.93,18.37,912368,0
20121121,18.35,19.34,18.35,19.24,800243,0
20121123,19.28,19.43,18.77,18.94,376580,0
20121126,18.93,19.17,18.54,19.16,730359,0
20121127,19.1,19.35,18.68,18.91,698834,0
20121128,18.81,19.22,18.51,19.2,595253,0
20121129,19.24,19.94,19.17,19.87,809632,0
20121130,19.95,19.95,19.21,19.38,949631,0
20121203,19.57,19.85,19.32,19.45,986840,0
20121204,19.66,19.82,19.09,19.59,768421,0
20121205,19.08,19.27,17.99,19.07,2107542,0
20121206,18.85,19.49,18.63,19.41,561740,0
20121207,19.59,19.59,18.94,19.24,831155,0
20121210,19.25,19.456,18.5,19.21,666768,0
20121211,19.42,19.72,19,19.59,1182015,0
20121212,19.6,20.57,19.6,20.2,1266425,0
20121213,20.27,20.42,19.77,19.8,1047248,0
20121214,19.66,20.37,19.42,19.93,935676,0
20121217,20.12,20.31,19.61,20.18,2593457,0
20121218,20.35,21.11,20.11,20.87,2841250,0
20121219,21.07,21.74,21.07,21.64,1754094,0
20121220,21.64,21.79,21.24,21.49,1390064,0
20121221,21.27,21.91,21.02,21.75,1701446,0
20121224,21.72,21.72,21.23,21.56,245043,0
20121226,21.64,22.26,21.17,21.61,1061002,0
20121227,21.58,21.97,20.92,21.55,744519,0
20121228,21.33,21.67,21.056,21.41,883894,0
20121231,21.41,21.79,21.26,21.72,747809,0
20130102,22.13,22.67,21.86,22.59,1891852,0
20130103,22.55,22.58,20.26,20.69,3055604,0
20130104,20.92,21.53,20.39,20.7,2599125,0
20130107,20,20.41,19.84,20.19,1958059,0
20130108,20.25,20.43,19.64,20.02,1546013,0
20130109,20.07,20.64,20.04,20.38,1042195,0
20130110,21.5,21.72,20.35,20.65,2731108,0
20130111,20.6,21.48,20.02,21.43,2811904,0
20130114,21.35,21.64,21.09,21.38,820439,0
20130115,21.11,21.77,20.9,21.69,1117308,0
20130116,21.6,21.66,20.98,21.06,731268,0
20130117,20.09,21.32,19.6,20.76,2259105,0
20130118,21.06,21.65,21,21.23,1670519,0
20130122,21.29,21.29,20.94,21.08,933674,0
20130123,21.14,21.56,21.02,21.17,723845,0
20130124,21.16,21.84,21.14,21.53,1078047,0
20130125,22.43,23.68,22.01,22.85,2958956,0
20130128,22.84,23.54,22.37,23.29,1187840,0
20130129,22.61,23,22.05,22.55,1203342,0
20130130,22.4,22.66,22,22.11,1096229,0
20130131,22.64,22.92,21.85,22.21,1273494,0
20130201,22.84,23.08,22.18,22.79,1151055,0
20130204,22.55,22.95,22.14,22.24,696763,0
20130205,22.31,22.64,21.92,22.05,953572,0
20130206,21.91,22.43,21.852,22.18,866366,0
20130207,22,22.22,21.73,21.99,989181,0
20130208,22.1,22.508,22.1,22.34,1105943,0
20130211,22.33,22.34,21.76,22.29,1500756,0
20130212,22.37,22.66,21.99,22.16,2110028,0
20130213,22.18,22.33,21.59,21.99,1811504,0
20130214,21.87,22.93,21.65,22.76,4623389,0
20130215,26.98,27.55,26.36,26.83,9201261,0
20130219,26.84,26.89,25.92,26.55,4092577,0
20130220,26.42,26.73,25.8,25.89,2375918,0
20130221,25.61,25.69,24.78,24.93,2002088,0
20130222,24.93,25.341,24.77,25.1,1114488,0
20130225,25.24,25.74,25.03,25.06,1426832,0
20130226,25.16,25.39,24.73,24.97,1195932,0
20130227,24.95,25.35,24.69,25.16,919852,0
20130228,25.25,26.47,25.2,26,1960679,0
20130301,25.44,26.91,25.372,26.86,2531337,0
20130304,26.14,26.86,26.14,26.45,1217263,0
20130305,26.69,27.05,26.55,26.98,1401430,0
20130306,27.1,27.995,26.889,27.39,1759039,0
20130307,27.35,27.596,26.95,27.21,817898,0
20130308,27.52,27.97,27.05,27.71,1007857,0
20130311,27.52,28.005,27.24,27.67,1037815,0
20130312,27.49,27.64,27.08,27.28,727678,0
20130313,27.22,27.65,27.05,27.23,846900,0
20130314,27.46,28.12,27.16,27.81,1366383,0
20130315,27.93,28.04,27.24,27.78,1041036,0
20130318,27.34,27.64,26.78,27.04,713119,0
20130319,27.09,27.24,25.79,26.7,1395639,0
20130320,26.85,27.23,26.67,27.08,1193436,0
20130321,26.72,27.19,26.22,26.56,1546499,0
20130322,26.11,26.46,25.16,25.68,2868429,0
20130325,25.88,25.89,25.17,25.66,1075929,0
20130326,25.84,26.15,25.53,25.98,733579,0
20130327,25.69,25.97,25.37,25.96,605834,0
20130328,25.88,26.09,25.28,25.83,898832,0
20130401,25.92,26.03,25,25.18,952149,0
20130402,25.44,26.07,25.28,25.66,1417985,0
20130403,25.67,26,24.32,24.43,1624723,0
20130404,24.57,24.86,24.34,24.7,1320400,0
20130405,24.25,24.25,23.41,23.99,1838071,0
20130408,24.68,25.464,24.24,25.15,1864359,0
20130409,25.69,26.21,25.21,25.61,1796753,0
20130410,25.62,26.64,25.54,26.27,1800013,0
20130411,26.1,26.238,25.4,25.73,1427118,0
20130412,25.22,25.905,25.02,25.79,783866,0
20130415,25.53,25.61,24.63,24.71,990972,0
20130416,24.87,25.51,24.8,25.19,618722,0
20130417,24.88,25.01,23.91,24.19,1368522,0
20130418,24.2,24.62,23.72,23.96,1134045,0
20130419,23.98,24.23,23.5,23.66,1425465,0
20130422,23.75,24.1,23.37,23.62,1473687,0
20130423,23.87,24.65,23.83,24.33,1693760,0
20130424,24.42,24.95,24.11,24.62,1709921,0
20130425,24.38,24.55,23.52,23.85,4923011,0
20130426,27,27.88,26.09,26.14,7251340,0
20130429,26.13,27.17,26.02,26.88,1851812,0
20130430,26.75,26.88,25.52,26.01,2694228,0
20130501,25.83,26.11,25.05,25.17,1357531,0
20130502,25.36,25.52,25.12,25.19,2189100,0
20130503,25.59,26.27,25.41,26.24,1779263,0
20130506,26.25,26.85,26.13,26.81,1471652,0
20130507,26.79,27.01,26.08,26.73,1497982,0
20130508,26.64,26.88,26.38,26.81,874487,0
20130509,26.74,28.34,26.59,27.84,2979676,0
20130510,27.82,29.26,27.82,28.94,2331978,0
20130513,28.73,28.99,28.15,28.4,1700156,0
20130514,28.51,29.29,28.24,29,1119455,0
20130515,28.99,29.21,28.7,28.88,902116,0
20130516,29.3,29.74,28.775,29.1,1799451,0
20130517,29.55,30.78,29.52,30.68,4068382,0
20130520,30.3,30.77,29.91,30.35,1566623,0
20130521,30.27,31,30.108,30.65,1447037,0
20130522,30.6,30.92,29.21,29.48,2041223,0
20130523,29.09,30.11,28.6,30,1361821,0
20130524,29.68,30.1,29.11,30.08,888246,0
20130528,30.5,31.186,30.18,30.88,1429498,0
20130529,30.5,30.8,29.93,30.38,1167436,0
20130530,29.88,31.26,29.8,31.09,2096693,0
20130531,30.92,31.33,30.42,30.76,848418,0
20130603,31,31,29,29.55,1658807,0
20130604,29.63,30.02,29.09,29.24,939100,0
20130605,29.24,29.99,29.11,29.4,1402562,0
20130606,29.48,29.78,28.92,29.71,975280,0
20130607,29.89,29.93,28.68,29.72,1122042,0
20130610,29.8,30.1,29.33,29.64,567469,0
20130611,29.27,29.64,28.84,29.27,698304,0
20130612,29.48,29.5,28.64,28.96,689196,0
20130613,29,29.49,28.59,29.44,531463,0
20130614,29.3,29.66,29.15,29.45,752854,0
20130617,29.76,30.14,29.3,29.63,738923,0
20130618,29.7,30.31,29.61,30.26,1321126,0
20130619,30.27,30.27,29.29,29.46,1242319,0
20130620,29.02,29.38,28.57,28.72,1088306,0
20130621,28.8,28.81,27.42,28.31,3482007,0
20130624,28.04,28.25,26.96,27.38,1410710,0
20130625,27.78,27.85,27.18,27.48,1006675,0
20130626,27.69,28.155,27.45,27.99,1348429,0
20130627,28.27,29.29,28.095,29.09,1412574,0
20130628,28.9,28.925,28.06,28.27,1469443,0
20130701,28.58,28.85,28.27,28.3,764581,0
20130702,28.27,28.52,27.987,28.34,752877,0
20130703,28.21,28.6,28.046,28.35,198212,0
20130705,28.61,29.28,28.21,29.28,430179,0
20130708,29.44,29.7,29.145,29.35,711594,0
20130709,29.5,30.13,29.318,30.12,726482,0
20130710,30.07,30.785,30.07,30.59,641934,0
20130711,31.34,32.18,31.19,32.02,1672239,0
20130712,31.81,32.3,31.72,31.93,686061,0
20130715,31.93,32.33,31.31,32.15,612561,0
20130716,32.13,32.25,31.08,31.37,736686,0
20130717,31.52,31.773,31.2,31.22,583721,0
20130718,31.71,32.03,31.44,31.87,1311837,0
20130719,31.66,32.19,31.18,32.16,933890,0
20130722,31.96,32.44,31.4,31.57,885954,0
20130723,31.77,31.99,30.54,30.76,1709998,0
20130724,31.1,31.95,31.04,31.47,2278356,0
20130725,31.34,31.74,31,31.62,3631112,0
20130726,29.87,31.41,28.86,31.16,7928798,0
20130729,31.2,31.34,30.02,30.38,1387413,0
20130730,30.38,31.21,30,31.19,1102864,0
20130731,31.23,31.73,31.03,31.32,937774,0
20130801,31.61,32.64,31.52,32.45,1316465,0
20130802,32.34,32.65,32.1,32.43,1030165,0
20130805,32.6,32.86,32.13,32.44,1069644,0
20130806,32.26,32.26,31.34,31.8,1082634,0
20130807,31.78,31.98,31.27,31.83,998542,0
20130808,32,32.18,31.41,31.87,645830,0
20130809,31.78,33.18,31.72,33.06,1910812,0
20130812,32.12,34,32.12,33.78,1846462,0
20130813,33.7,34,33.27,33.98,905753,0
20130814,33.78,34.31,33.64,33.77,754446,0
20130815,33.22,33.24,32.33,32.66,1001267,0
20130816,32.6,33.13,32.43,32.49,746342,0
20130819,32.5,32.56,31.57,31.59,975893,0
20130820,31.74,32.33,31.3,31.86,624567,0
20130821,31.65,32.15,31.26,31.69,639347,0
20130822,31.91,32.58,31.69,32.51,337811,0
20130823,32.61,35,32.601,34.75,3146204,0
20130826,34.7,35,34.3,34.36,1011389,0
20130827,33.62,34.17,33.33,33.78,1075530,0
20130828,33.78,33.98,32.98,33,1465381,0
20130829,32.95,33.71,32.89,33.01,749023,0
20130830,32.98,33.25,32.43,32.79,1032671,0
20130903,33.26,34.09,33.16,34.06,823076,0
20130904,34.08,34.28,33.69,34.09,745844,0
20130905,34.03,34.56,33.83,34.56,1107705,0
20130906,34.91,35.12,34.26,34.82,1438982,0
20130909,34.93,35.4,34.82,35.22,718592,0
20130910,35.3,35.7,34.97,35.17,1182247,0
20130911,35,35.15,34.64,34.8,815551,0
20130912,34.7,35.03,34.2,34.69,1204025,0
20130913,34.87,35.06,34.37,34.66,701783,0
20130916,35.13,35.16,34.55,34.64,493001,0
20130917,34.6,34.91,34.23,34.84,711155,0
20130918,35,35.75,34.7,35.74,639764,0
20130919,35.79,36.2,35.34,35.44,682966,0
20130920,35.75,37.56,35.75,37.2,3354872,0
20130923,37,37.19,36.09,36.39,1086044,0
20130924,36.25,36.29,34.93,35.02,1954400,0
20130925,35.23,35.28,34.46,34.84,1017700,0
20130926,34.94,35.2,34.53,34.79,1072513,0
20130927,34.59,35.11,34.49,34.83,959600,0
20130930,34.35,34.88,34.08,34.23,1069000,0
20131001,34.33,35.11,34.25,35.07,1070200,0
20131002,34.88,35.47,34.88,35.11,879200,0
20131003,35.11,35.13,34.04,34.14,2076400,0
20131004,34.04,35.49,34.03,35.05,805006,0
20131007,34.63,35.2,33.23,33.3,1416500,0
20131008,33.7,34.34,32.24,32.33,2190700,0
20131009,32.6,32.92,32.04,32.58,913400,0
20131010,32.68,33.48,32.31,33.48,1335900,0
20131011,33.48,33.82,33.09,33.28,987600,0
20131014,33.03,33.35,32.6,33.03,981900,0
20131015,32.7,32.84,31.13,31.51,3726800,0
20131016,32.18,32.93,31.95,32.81,1811100,0
20131017,32.58,32.6,32.09,32.51,1702667,0
20131018,32.83,33.35,32.56,33.3,1347400,0
20131021,33.31,34.07,33.02,33.34,1366400,0
20131022,33.53,33.98,32.83,33.71,891200,0
20131023,33.52,33.73,33.06,33.45,1405600,0
20131024,33.75,33.94,33.36,33.48,2843310,0
20131025,27.46,28.39,26,27.11,17718500,0
20131028,27.11,27.11,26.01,26.51,3860939,0
20131029,26.68,26.78,25.73,26.06,4121600,0
20131030,26.02,26.11,25.15,25.31,3143300,0
20131031,25.25,25.62,24.97,25.32,3261314,0
20131101,25.18,25.32,24.67,25.03,2646200,0
20131104,26.1,26.92,25.7,26.21,4149600,0
20131105,25.97,26.22,25.52,25.7,1860900,0
20131106,25.94,26.33,25.6,25.94,1823329,0
20131107,25.96,26.25,25.09,25.29,1782500,0
20131108,25.55,26.2,25.29,25.86,1512994,0
20131111,25.83,26.24,25.51,26.04,2496600,0
20131112,26.02,26.06,25.54,25.69,1232500,0
20131113,25.56,26.46,25.56,26.25,1816500,0
20131114,26.17,26.25,25.47,25.7,1640100,0
20131115,25.74,26.16,25.61,25.8,2911157,0
20131118,25.96,26.11,25.35,25.43,1525300,0
20131119,25.39,25.45,24.17,24.33,3340900,0
20131120,24.01,24.86,24.01,24.39,1553600,0
20131121,24.54,24.7,24.38,24.55,1114315,0
20131122,24.6,25.19,24.35,25,1947600,0
20131125,25.05,25.3,24.12,24.19,1970358,0
20131126,24.15,24.38,23.95,24.19,2090100,0
20131127,24.3,24.83,24.22,24.73,1008468,0
20131129,24.88,25.28,24.36,25.08,723737,0
20131202,25,25.32,24.76,24.92,1770528,0
20131203,24.88,25.02,24.58,24.98,1510400,0
20131204,24.88,25.09,24.42,24.61,1500400,0
20131205,24.69,24.91,24.44,24.87,1212800,0
20131206,25.1,25.298,24.66,24.96,1560797,0
20131209,25,25.21,24.82,25.06,1251000,0
20131210,24.87,25.22,24.61,24.62,1189584,0
20131211,24.64,24.75,23.86,23.91,1318356,0
20131212,23.86,23.89,23.23,23.43,1670700,0
20131213,23.51,24.59,23.34,24.56,1414100,0
20131216,24.38,24.46,24.09,24.24,1216000,0
20131217,24.75,24.94,24.09,24.84,1279100,0
20131218,24.95,25.3,24.75,25.19,1445500,0
20131219,25.19,25.78,25.02,25.56,1132024,0
20131220,25.62,26.27,25.36,26.08,2154200,0
20131223,26.21,26.47,25.88,26.1,964300,0
20131224,26.09,26.48,26.02,26.34,458338,0
20131226,26.42,26.56,25.95,26.23,1315500,0
20131227,26.23,26.58,26.15,26.51,620800,0
20131230,26.46,26.74,26.21,26.57,1253200,0
20131231,26.6,26.76,26.45,26.63,945300,0
20140102,26.64,26.72,24.96,25.13,3019138,0
20140103,24.96,25.62,24.9,25.6,1295759,0
20140106,25.84,26.128,25.66,25.85,2118868,0
20140107,25.95,26.4,25.81,26.38,3519000,0
20140108,26.42,27.32,26.26,27.3,2541600,0
20140109,27.35,27.42,26.82,27.16,2504396,0
20140110,28.07,28.13,27.43,27.74,3225530,0
20140113,27.61,27.72,26.36,26.54,2051100,0
20140114,26.55,27.31,26.425,27.3,1496675,0
20140115,27.62,28.38,27.34,28.33,2132700,0
20140116,28.3,28.69,28.03,28.14,2314200,0
20140117,28.01,28.24,27.76,28.08,1227400,0
20140121,28.4,28.5,27.81,28.22,1149822,0
20140122,28.65,28.85,28.2,28.6,1247700,0
20140123,30,30,27.67,28.12,1408200,0
20140124,28.33,28.37,27.11,27.18,974900,0
20140127,27.26,27.34,26.37,26.66,1128000,0
20140128,26.71,27.33,26.54,27.2,1112600,0
20140129,26.96,27.08,26.26,26.28,875810,0
20140130,26.61,27.2,26.31,26.9,1136300,0
20140131,26.42,27.05,26,27.02,1334100,0
20140203,27.03,27.32,25.76,26.01,1331820,0
20140204,26.17,26.88,25.808,26.37,878822,0
20140205,26.3,27.08,26.2,26.51,2106800,0
20140206,26.68,26.77,25.7,26.07,1326637,0
20140207,26.17,26.62,25.61,26.45,1144849,0
20140210,25.99,27.29,25.84,27.28,1425309,0
20140211,27.37,27.88,26.725,27.54,1228164,0
20140212,27.5,27.71,27.02,27.16,1841647,0
20140213,26.9,28.285,26.87,28.11,1644152,0
20140214,28.02,28.52,27.64,28.38,1591538,0
20140218,28.5,28.89,28.22,28.27,2265806,0
20140219,28.13,28.26,27.31,27.42,2451210,0
20140220,27.5,28.1,27.22,27.92,2574993,0
20140221,29.88,29.93,27.91,28.14,6756409,0
20140224,28.06,29.55,27.97,29.31,2983162,0
20140225,29.16,29.49,28.79,28.84,1470227,0
20140226,28.94,29.5,28.91,28.95,1668047,0
20140227,28.85,30.89,28.79,30.87,3224218,0
20140228,30.825,31.16,29.96,30.5,2052294,0
20140303,30.152,30.26,29.514,29.85,1668631,0
20140304,30.14,31.15,30.07,30.7,2602549,0
20140305,30.58,31.04,30.36,30.81,1270034,0
20140306,30.76,31.24,30.415,30.99,1543861,0
20140307,31.05,31.13,29.86,30,1559048,0
20140310,29.75,30.229,29.49,29.76,731609,0
20140311,29.75,30.43,29.3,29.4,1116618,0
20140312,29.3,30.88,29.07,30.72,2251418,0
20140313,30.97,31.55,28.33,28.98,4126874,0
20140314,28.9,29.51,28.08,28.23,3159279,0
20140317,28.5,29.22,28.31,28.67,1252468,0
20140318,28.85,29.55,28.66,29.54,1274826,0
20140319,29.58,29.86,28.76,28.93,1154904,0
20140320,28.73,29.05,28.38,28.91,1084652,0
20140321,29.15,29.43,28.225,28.33,1377640,0
20140324,28.52,29,27.05,27.2,2661030,0
20140325,27.43,27.82,26.63,27.02,1622234,0
20140326,27.74,27.86,26.33,26.37,1977000,0
20140327,26.34,26.54,25.8,26.22,1932062,0
20140328,26.3,26.54,25.82,26.03,1975702,0
20140331,26.31,26.67,25.865,26.59,1486447,0
20140401,27.49,28.07,27.01,27.63,2293406,0
20140402,27.67,27.94,26.92,27.23,1247556,0
20140403,27.2,27.388,25.96,26.16,2210768,0
20140404,26.41,26.92,24.64,24.99,4114283,0
20140407,24.76,25.02,23.76,24.34,2966698,0
20140408,24.5,25.19,24.09,24.94,2395384,0
20140409,25.08,25.85,24.89,25.81,1331816,0
20140410,25.74,25.99,24.31,24.54,2044207,0
20140411,24.18,24.49,23.27,23.68,2891711,0
20140414,24.21,24.94,23.79,24.33,1756641,0
20140415,24.81,25.42,24.11,25.2,1634899,0
20140416,25.44,25.66,24.92,25.4,1390885,0
20140417,25.11,25.75,24.88,25.48,984367,0
20140421,25.32,25.97,25.13,25.53,1054964,0
20140422,25.02,25.57,24.84,24.91,2562391,0
20140423,24.88,25.08,23.45,24.13,4078541,0
20140424,24.48,24.72,23.55,24.46,3886743,0
20140425,24.22,24.71,22.01,22.12,5837897,0
20140428,22.22,22.28,20.51,21.33,2669688,0
20140429,21.45,21.99,21.22,21.46,2315461,0
20140430,21.27,22.02,21.02,21.98,2071754,0
20140501,22.01,22.82,21.93,22.31,2208144,0
20140502,22.37,22.949,22.27,22.34,2650621,0
20140505,22.04,22.34,21.75,22.22,1160335,0
20140506,22.13,22.41,21.23,21.32,1928683,0
20140507,21.28,21.33,20.52,20.81,2213976,0
20140508,20.65,21.38,20.43,20.57,989067,0
20140509,20.5,21.22,20.168,21.13,1470316,0
20140512,21.24,22.06,21.24,21.85,1433794,0
20140513,22.05,22.05,21.2,21.27,1681042,0
20140514,21.22,21.5,20.78,20.83,1762078,0
20140515,20.78,21.38,20.17,20.94,2491364,0
20140516,21.1,21.29,20.58,21.2,1341745,0
20140519,21.18,21.99,20.92,21.875,2116688,0
20140520,21.82,22,21.15,21.66,1549837,0
20140521,21.64,21.96,21.22,21.24,1532398,0
20140522,21.26,22.06,20.98,21.9,1939867,0
20140523,21.91,22.45,21.64,22.41,1800596,0
20140527,22.5,22.96,22.43,22.84,1690850,0
20140528,22.82,22.95,21.9,22.31,2010560,0
20140529,22.69,22.69,22.15,22.47,1369100,0
20140530,22.41,22.46,21.35,21.71,1610499,0
20140602,21.81,21.85,21.06,21.5,867363,0
20140603,21.34,21.44,20.68,21,1886005,0
20140604,20.7,21.68,20.52,21.48,1532930,0
20140605,21.75,22.22,21.35,22.19,1736388,0
20140606,22.38,22.69,21.86,22.68,1040523,0
20140609,22.62,23.13,22.435,22.63,862983,0
20140610,22.52,23.07,22.28,22.49,1272300,0
20140611,22.4,22.95,22.4,22.77,971659,0
20140612,22.7,22.87,22.38,22.45,1380807,0
20140613,22.53,22.93,22.31,22.81,780720,0
20140616,22.85,23.46,22.58,23.42,1485797,0
20140617,23.5,24.16,23.19,23.79,1919941,0
20140618,23.44,23.56,22.77,23.03,2513475,0
20140619,23.17,23.31,22.75,23.02,1726521,0
20140620,23.02,23.12,22.56,22.9,1943419,0
20140623,22.84,23.19,22.52,23.04,1195517,0
20140624,23.05,23.41,22.39,22.6,2056793,0
20140625,22.42,22.77,22.21,22.63,1234536,0
20140626,22.65,22.8,22.18,22.5,617014,0
20140627,22.35,22.52,22.17,22.29,1208671,0
20140630,22.76,23.22,22.35,22.62,922841,0
20140701,23.05,23.26,22.71,23.03,1323663,0
20140702,23.1,23.24,22.58,22.69,1015600,0
20140703,22.85,23.16,22.69,23.16,673340,0
20140707,23.13,23.36,22.51,22.61,1337493,0
20140708,22.68,22.96,21.79,21.88,1758158,0
20140709,21.93,22.2,21.62,21.94,993429,0
20140710,21.23,21.97,21.23,21.33,2709693,0
20140711,21.38,21.67,21.27,21.64,1462147,0
20140714,21.93,22.12,21.65,21.9,953556,0
20140715,21.86,22.196,21.189,21.37,1826096,0
20140716,21.43,21.92,21.112,21.28,1166231,0
20140717,21.16,21.505,21.04,21.13,1188941,0
20140718,21.31,21.48,21.09,21.15,1090392,0
20140721,22,22.12,21.5,21.8,1477528,0
20140722,22.02,22.82,21.9,22.41,1397131,0
20140723,22.46,22.92,22.03,22.43,1439774,0
20140724,22.51,23.6,22.5,23.39,3134455,0
20140725,26.05,27.1,25.8,26.83,9148053,0
20140728,26.65,27.04,26.16,26.91,3029578,0
20140729,26.88,27.09,26.57,26.79,1141776,0
20140730,26.94,27.42,26.62,27.35,1703517,0
20140731,26.92,27.07,26.31,26.46,1540765,0
20140801,26.39,26.71,25.9,26.54,1694406,0
20140804,26.59,27.45,26.34,27.39,2050428,0
20140805,27.25,27.52,26.74,27.12,1707111,0
20140806,26.86,27.56,26.69,27.47,1468954,0
20140807,27.6,27.674,26.83,27,1287179,0
20140808,27,27.5,26.875,27.32,1232550,0
20140811,27.37,27.65,27.07,27.5,771971,0
20140812,27.43,27.89,26.8,27.2,1225829,0
20140813,27.24,27.26,26.86,27.25,820016,0
20140814,27.25,27.26,26.935,27.17,459420,0
20140815,27.34,27.39,26.651,26.93,564483,0
20140818,27.12,27.625,27.1,27.43,706280,0
20140819,27.35,28.28,27.11,28.24,1356870,0
20140820,28.09,28.11,27.41,27.55,932993,0
20140821,27.56,27.84,27.1,27.33,908746,0
20140822,27.34,27.61,27.07,27.59,539755,0
20140825,27.74,27.87,27.31,27.41,645915,0
20140826,27.52,28.42,27.25,28.37,1156698,0
20140827,28.3,28.58,28.16,28.21,1149170,0
20140828,28.07,28.17,27.55,27.75,947411,0
20140829,27.85,28.55,27.62,28.23,789653,0
20140902,28.26,28.63,28.04,28.6,857371,0
20140903,28.44,28.74,28.16,28.25,705406,0
20140904,28.3,28.75,28.2,28.67,1055667,0
20140905,28.61,29.13,28.14,29.09,1405917,0
20140908,28.85,29.37,28.83,29.26,1822894,0
20140909,29.12,29.44,28.58,28.705,1199662,0
20140910,28.66,28.95,28.45,28.86,685901,0
20140911,28.64,29.11,28.57,29.05,1800410,0
20140912,29.2,29.585,28.88,29.52,1392423,0
20140915,29.36,29.59,27.92,28.07,1497556,0
20140916,28.07,28.41,27.58,28.26,916780,0
20140917,28.35,28.41,27.7,28.06,1152984,0
20140918,28.26,28.43,27.77,28.26,868349,0
20140919,28.32,28.44,27.25,27.36,1491153,0
20140922,27.24,27.28,26.77,27.16,1184920,0
20140923,27.11,27.36,26.81,26.83,704146,0
20140924,26.97,27.81,26.81,27.8,949575,0
20140925,27.74,27.74,26.61,26.61,1205282,0
20140926,26.76,27.04,26.435,26.91,1193853,0
20140929,26.73,27.48,26.48,27.355,1254803,0
20140930,27.42,27.47,26.69,27.04,1914194,0
20141001,27.02,27.02,25.82,25.98,1498803,0
20141002,26.04,26.7,25.84,26.5,1190270,0
20141003,26.87,27.22,26.66,27.01,1387000,0
20141006,26.12,26.63,25.43,26.41,2453392,0
20141007,26.13,26.33,25.51,25.53,1408045,0
20141008,25.5,25.58,24.48,25.21,3137768,0
20141009,25.13,26.27,25.04,25.65,2690428,0
20141010,25.38,25.68,24.19,24.29,2914474,0
20141013,24.25,24.29,23.16,23.2,2776064,0
20141014,23.26,23.82,22.745,23,2283041,0
20141015,22.58,23.498,22.122,23.46,2034888,0
20141016,23.02,24.05,23.02,23.73,1454163,0
20141017,23.96,24.41,23.825,23.86,2513584,0
20141020,23.63,24.35,23.25,24.25,1485268,0
20141021,24.58,24.87,24.19,24.74,920658,0
20141022,24.62,25,23.79,23.86,1501737,0
20141023,24.02,24.77,23.9,24.62,3376279,0
20141024,28.97,29,25.5,26.46,8287750,0
20141027,26.09,26.97,25.91,26.65,2164885,0
20141028,26.7,27.57,26.7,27.54,1561156,0
20141029,27.5,27.6,27.01,27.32,1483196,0
20141030,27.14,27.6,26.92,27.56,739718,0
20141031,28.17,28.48,27.87,28.35,1728800,0
20141103,28.36,28.54,27.85,27.99,781322,0
20141104,27.89,28.178,27.435,28.04,754109,0
20141105,28.44,28.48,27.73,28.09,1030244,0
20141106,28.43,29.24,28.29,29.02,1657420,0
20141107,28.87,29.35,28.58,29.3,1199409,0
20141110,29.25,29.44,28.9,29.35,1194566,0
20141111,29.35,29.87,29.18,29.85,1388838,0
20141112,29.69,30.29,29.23,30.18,1807011,0
20141113,30.12,30.35,29.365,29.615,1157866,0
20141114,29.79,30.2,29.3,30.1,1009637,0
20141117,29.9,30.35,27.08,29.58,640058,0
20141118,29.72,30.05,29.49,29.82,834765,0
20141119,29.68,29.68,28.46,28.62,2066961,0
20141120,28.44,29.82,28.44,29.78,1613553,0
20141121,30.46,30.7,30,30.11,1464475,0
20141124,30.37,31.19,30.19,31.19,2218344,0
20141125,31.29,31.5,30.76,31.1,864396,0
20141126,31.04,31.28,30.78,31.2,502388,0
20141128,30.85,31.38,30.74,30.83,621766,0
20141201,30.6,30.84,30.1,30.61,1264604,0
20141202,30.6,31.135,30.51,30.72,745496,0
20141203,30.65,31,28.95,30.68,750748,0
20141204,30.52,30.95,30.19,30.44,616120,0
20141205,30.45,31.2,30.45,30.83,1462215,0
20141208,30.67,31.09,29.9,30.13,1124593,0
20141209,29.67,30.88,29.31,30.78,919908,0
20141210,31.16,31.23,29.72,29.74,1186092,0
20141211,30.23,31.06,29.98,30.4,1173601,0
20141212,30.12,30.27,29.33,29.37,1146312,0
20141215,29.65,29.9,28.86,29.62,1254699,0
20141216,29.5,30.08,28.95,29.51,1494440,0
20141217,29.04,30.252,29.04,30.25,1379054,0
20141218,30.94,31.74,30.53,31.645,1375240,0
20141219,31.62,32.15,31.38,31.51,1066669,0
20141222,31.42,31.91,31.28,31.32,635608,0
20141223,31.54,31.785,31.13,31.53,730022,0
20141224,31.63,32.02,31.61,31.77,294935,0
20141226,31.89,32.13,31.74,31.88,299191,0
20141229,31.88,31.97,31.2,31.52,542933,0
20141230,31,31.64,31,31.1,616813,0
20141231,31.21,31.955,30.84,30.89,788701,0
20150102,31.15,31.43,30.52,30.96,793145,0
20150105,30.71,30.96,29.91,30.01,1295646,0
20150106,30.13,30.13,29.261,29.86,1114358,0
20150107,30.14,30.65,29.89,30.08,1092093,0
20150108,29.77,30.83,29.77,30.56,1210951,0
20150109,30.11,30.25,29.23,29.99,974524,0
20150112,30.14,30.432,29.58,30.05,876857,0
20150113,30.59,30.94,29.72,29.97,1149114,0
20150114,29.54,30.06,29.41,29.53,799499,0
20150115,29.882,29.882,28.6,28.69,920568,0
20150116,28.7,29.39,28.5,29.27,3844453,0
20150120,29.3,29.8,28.94,29.61,802213,0
20150121,29.57,30.185,29.29,29.69,1169804,0
20150122,29.94,30.39,29.36,30.21,1217317,0
20150123,30.36,30.98,29.974,30.58,993634,0
20150126,30.55,30.55,29.44,30.01,1238404,0
20150127,29.51,29.84,28.74,29.23,1126882,0
20150128,29.91,29.948,28.66,28.7,1203028,0
20150129,28.73,29.405,28.38,29.24,739083,0
20150130,29.08,29.39,28.32,28.4,1104688,0
20150202,28.49,29.04,27.55,28.08,2071355,0
20150203,28.16,28.8,28.16,28.67,1091727,0
20150204,28.5,28.85,27.62,28.48,2116202,0
20150205,29.25,29.78,28.74,29.41,1941463,0
20150206,29.31,30.09,29.31,29.5,1262444,0
20150209,29.39,29.55,29,29.1,1028909,0
20150210,29.37,29.75,28.92,29.65,1124638,0
20150211,29.54,29.77,29.29,29.64,1239547,0
20150212,29.87,30.35,29.85,30.08,3320574,0
20150213,30.95,32.27,30.5,31.17,3572991,0
20150217,31.19,31.38,30.72,31.05,897575,0
20150218,31.05,31.21,30.74,30.99,1239191,0
20150219,30.84,31.18,30.8,31.165,1137331,0
20150220,31.17,31.77,30.96,31.5,2130429,0
20150223,31.32,31.49,30.74,30.75,1566851,0
20150224,30.83,31.09,30.6,31.03,1864873,0
20150225,30.92,32.01,30.92,31.99,1988945,0
20150226,32.31,32.69,32,32.61,3080300,0
20150227,32.75,33.1,32.25,32.44,2394183,0
20150302,32.39,32.74,32.36,32.59,1283700,0
20150303,32.35,32.6,32.09,32.35,1660400,0
20150304,32.25,32.33,31.69,31.86,1063400,0
20150305,31.48,32.59,31.48,32.55,948800,0
20150306,32.19,32.74,31.87,32,2453300,0
20150309,31.97,32.05,31.32,31.86,1117400,0
20150310,31.82,31.82,31.24,31.41,1235100,0
20150311,31.69,31.69,30.69,30.77,2045000,0
20150312,30.86,31.13,30.71,30.93,1117600,0
20150313,30.88,31.01,30.18,30.73,964300,0
20150316,30.79,31.04,30.56,30.95,799400,0
20150317,30.76,31.04,30.47,30.5,1071400,0
20150318,30.31,31.21,30.29,31.1,2446500,0
20150319,31.08,31.66,31.02,31.55,1570100,0
20150320,31.94,32.21,31.68,32.12,1399800,0
20150323,31.99,32.45,31.99,32.22,934600,0
20150324,32.15,32.39,31.8,31.87,550000,0
20150325,31.88,32.44,30.96,31.04,859600,0
20150326,30.91,31.42,30.51,31.37,982200,0
20150327,31.37,31.63,30.98,31.56,713100,0
20150330,31.57,32.04,31.44,31.68,711800,0
20150331,31.47,31.616,30.721,31.13,1199555,0
20150401,31.21,31.36,30.61,31.22,724100,0
20150402,31.13,31.86,31.12,31.72,653400,0
20150406,31.45,32.41,31.45,32.09,904400,0
20150407,32.3,33,32.26,32.62,1325215,0
20150408,32.38,33.09,32.38,32.68,1013400,0
20150409,32.85,33.51,32.85,33.39,1177085,0
20150410,33.38,33.66,33.16,33.26,1013500,0
20150413,33.29,33.77,33,33.08,1022300,0
20150414,33.22,33.62,32.99,33.59,1164700,0
20150415,33.62,33.74,33.25,33.515,844171,0
20150416,33.34,34.09,33.32,33.58,1045324,0
20150417,33.62,34.01,32.37,32.92,1557500,0
20150420,33.16,33.25,32.84,32.95,1311336,0
20150421,33.05,33.69,32.56,33.37,1370285,0
20150422,33.78,33.93,33.08,33.68,744307,0
20150423,33.48,34.07,33.16,33.65,1999800,0
20150424,35.25,36.14,34.72,35.3,2956122,0
20150427,35.18,35.4,34.54,35.03,1384600,0
20150428,35,35.185,34.51,34.975,846421,0
20150429,34.63,35.68,34.56,35.58,1391700,0
20150430,35.21,35.48,34.35,34.79,1221300,0
20150501,35.15,35.3,34.5,34.91,1004200,0
20150504,34.96,35.39,34.86,35.21,1099000,0
20150505,35.01,35.28,34.4,34.89,893300,0
20150506,34.86,34.89,34.302,34.61,992921,0
20150507,34.62,35,34.56,34.89,789906,0
20150508,35.64,36.39,35.51,36.1,2034200,0
20150511,36.16,36.4,35.91,35.91,668400,0
20150512,35.79,36.72,35.56,36.12,1339147,0
20150513,36.16,36.49,35.93,36.28,579000,0
20150514,36.38,36.86,36.21,36.58,728500,0
20150515,36.52,36.68,36.04,36.21,802105,0
20150518,36.03,36.4,35.86,36.4,1151449,0
20150519,36.39,36.95,36.35,36.58,1149156,0
20150520,36.56,37.31,36.25,37.17,1225300,0
20150521,37.21,37.37,36.85,37.19,1079200,0
20150522,37.06,37.28,36.91,37.24,767200,0
20150526,37.01,37.18,36.28,36.44,559410,0
20150527,36.41,36.92,36.1,36.85,728200,0
20150528,36.75,36.84,36.44,36.84,637994,0
20150529,36.68,36.77,36.11,36.17,721400,0
20150601,36.21,36.63,35.66,36.37,1053736,0
20150602,36.2,36.61,35.79,36.28,729288,0
20150603,36.39,37.07,36.03,36.98,1174100,0
20150604,36.72,37.12,36.28,36.59,589900,0
20150605,36.57,37.44,36.17,37.32,722300,0
20150608,36.82,37.14,36.32,36.36,679400,0
20150609,36.42,36.46,35.79,36.22,699507,0
20150610,36.49,37.04,36.17,36.86,1591656,0
20150611,36.94,36.95,36.51,36.58,952363,0
20150612,36.24,36.8,36.22,36.65,945900,0
20150615,36.15,36.4,35.59,35.97,1093200,0
20150616,35.66,36.86,35.6,36.61,2169400,0
20150617,36.7,37.39,36.64,36.98,1976600,0
20150618,37.23,37.57,36.9,37.32,1374000,0
20150619,37.37,37.47,36.94,37.09,1223700,0
20150622,37.54,37.8,37.31,37.74,961000,0
20150623,37.74,37.88,37.54,37.86,444537,0
20150624,37.83,38,36.76,36.83,523000,0
20150625,36.99,37.03,36.5,36.57,1382300,0
20150626,36.46,36.62,35.74,35.97,1580600,0
20150629,35.3,35.69,34.47,34.54,1751600,0
20150630,34.9,35.14,34.42,34.96,1326825,0
20150701,35.3,35.54,35.08,35.14,1268100,0
20150702,35.16,35.87,34.94,35.78,1062200,0
20150706,35.45,35.78,34.84,35.29,719400,0
20150707,35.29,35.49,34.51,35.37,948900,0
20150708,35.01,35.97,34.98,35.35,856400,0
20150709,35.73,36.48,35.63,36.13,897500,0
20150710,36.68,37.16,36.62,37.07,1282500,0
20150713,37.88,37.95,37.4,37.5,931400,0
20150714,37.56,38.18,37.5,37.92,514053,0
20150715,38.23,38.28,37.68,37.81,573295,0
20150716,38.19,38.72,37.7,38.37,1692800,0
20150717,38.82,38.83,37.84,38,656300,0
20150720,38.1,38.23,37.77,37.95,946100,0
20150721,38.11,38.48,37.72,37.78,1015800,0
20150722,37.46,37.97,37.31,37.43,1120600,0
20150723,37.92,38.56,37.42,37.6,1904900,0
20150724,40.32,42.06,39.76,40.57,6723800,0
20150727,40.58,40.67,39.7,39.94,2033700,0
20150728,39.97,40.83,39.3,40.67,2224800,0
20150729,40.23,40.72,39.8,40.62,1870800,0
20150730,40.19,40.73,39.72,40.5,1023600,0
20150731,40.41,41.39,40.21,40.46,1126700,0
20150803,40.3,40.56,39.92,40.55,1104369,0
20150804,40.57,40.72,40.35,40.52,775900,0
20150805,40.59,41.33,40.59,40.62,750400,0
20150806,40.5,40.99,39.23,39.33,1302825,0
20150807,39.03,39.66,38.68,39.58,1433000,0
20150810,39.93,40.55,39.64,40.17,959700,0
20150811,39.59,40.18,39.1,39.57,766373,0
20150812,39.21,40.3,38.61,40.19,1400300,0
20150813,40.82,41.91,40.5,41.18,2589200,0
20150814,40.8,42.04,40.59,41.92,1284200,0
20150817,41.66,41.9,41.1,41.87,682000,0
20150818,41.97,42.18,41.28,41.38,626300,0
20150819,41.22,41.28,40.4,40.63,718600,0
20150820,40.32,40.54,38.7,38.73,1397700,0
20150821,38.14,38.81,37.58,37.76,1457200,0
20150824,34.69,37.26,33.43,35.69,2181370,0
20150825,37.3,37.3,35.8,35.82,1313100,0
20150826,36.91,37.44,35.58,37.28,1471700,0
20150827,38.38,39.09,37.63,38.63,2065800,0
20150828,38.38,38.88,37.85,38.22,646000,0
20150831,38.04,38.16,37.42,37.86,1070300,0
20150901,37.1,37.81,36.87,37.13,1428600,0
20150902,37.72,37.99,36.8,37.97,828000,0
20150903,37.94,39.03,37.94,38.56,1047200,0
20150904,37.91,38.51,37.88,38.23,552400,0
20150908,38.84,39.67,38.53,39.59,898600,0
20150909,40.04,40.17,38.92,39,961400,0
20150910,38.96,39.56,38.81,39.2,625257,0
20150911,38.99,39.35,38.88,39.29,577300,0
20150914,39.24,39.25,38.64,38.96,555500,0
20150915,39.02,39.74,38.88,39.58,625600,0
20150916,39.28,40.01,39.22,39.89,718700,0
20150917,39.83,40.28,39.31,40.03,1389926,0
20150918,39.25,39.81,38.59,38.73,1434400,0
20150921,39.14,40.35,38.59,39.92,1621800,0
20150922,39.33,39.73,38.9,39.5,945900,0
20150923,39.67,40.56,39.365,40.13,1493956,0
20150924,39.74,40.34,39.33,39.5,1261582,0
20150925,39.98,40.53,38.76,39.08,1517900,0
20150928,38.94,39.21,36.63,36.74,1579656,0
20150929,36.9,37.38,35.04,35.29,2116000,0
20150930,35.62,36.54,35.34,36.45,1722000,0
20151001,36.53,36.78,35.83,36.62,1002800,0
20151002,36.08,37.81,35.81,37.8,1226000,0
20151005,37.85,39.79,37.41,38.63,1047930,0
20151006,42.9,42.9,37.77,37.86,1088800,0
20151007,37.99,39.58,37.52,37.73,1475500,0
20151008,37.45,37.73,36.35,36.86,1734000,0
20151009,36.82,38.35,36.61,38.22,1057900,0
20151012,38.1,38.84,37.9,38.71,1059689,0
20151013,38.37,38.37,35.68,35.84,4299700,0
20151014,35.96,36.31,35.49,35.77,917800,0
20151015,35.81,36.75,35.61,36.72,934100,0
20151016,36.35,37,35.87,36.77,1468000,0
20151019,36.64,37.2,36.24,36.81,1245210,0
20151020,36.99,37.33,35.04,35.09,1720510,0
20151021,35.07,35.31,33.44,33.62,3021900,0
20151022,34.09,35,33.74,34.67,3170900,0
20151023,30.99,32.05,30.1,30.8,6446700,0
20151026,30.56,31.3,30.03,30.12,2520300,0
20151027,30.09,30.97,29.68,30.21,2181400,0
20151028,30.41,32.03,30.08,31.99,2450500,0
20151029,31.6,32.3,31.35,31.73,1875900,0
20151030,31.95,32.18,31.26,31.37,1843800,0
20151102,31.32,31.86,31.25,31.64,1267994,0
20151103,31.47,31.6,30.88,30.95,2652500,0
20151104,31.2,31.37,30.87,31.14,1469464,0
20151105,31.06,31.43,30.21,30.48,1190800,0
20151106,31.51,32.96,31.41,32.94,3534300,0
20151109,32.73,32.97,31.88,32.02,1449598,0
20151110,31.94,32.1,31.43,31.8,854200,0
20151111,32.04,32.4,31.8,32.02,941500,0
20151112,31.8,32.46,31.48,31.53,831800,0
20151113,31.27,31.6,30.96,31.52,1477700,0
20151116,31.53,31.65,30.84,31.17,1253800,0
20151117,31.4,31.55,30.97,31.3,820900,0
20151118,31.36,32.07,30.98,32.04,794700,0
20151119,32.23,32.85,32.16,32.59,1377900,0
20151120,32.75,32.96,32.44,32.52,855700,0
20151123,32.57,32.6,31.93,31.94,622000,0
20151124,31.81,32.68,31.68,32.57,951300,0
20151125,32.51,32.89,32.31,32.71,412100,0
20151127,32.84,33.08,32.66,32.8,191600,0
20151130,32.83,32.9,31.74,31.81,1798700,0
20151201,32.08,32.6,31.85,32.53,1429461,0
20151202,32.6,33,32.32,32.36,906622,0
20151203,32.2,32.88,31.22,31.38,775026,0
20151204,31.38,32.26,31.38,32.06,1083300,0
20151207,31.9,32.71,30.92,31.05,1087700,0
20151208,30.67,31.49,30.33,31.19,1709916,0
20151209,31.15,31.57,30.75,31.08,1104500,0
20151210,31.18,31.55,30.84,31.15,860600,0
20151211,30.68,31.17,30.3,30.38,919100,0
20151214,30.49,30.78,30.115,30.37,869125,0
20151215,30.63,30.89,30.29,30.52,861500,0
20151216,30.6,31.15,30.6,31.01,720200,0
20151217,31.03,31.16,30.44,30.64,709900,0
20151218,30.54,30.54,29.81,29.84,2095700,0
20151221,30.12,30.45,29.92,30.31,1606300,0
20151222,30.41,30.85,30.165,30.79,1898442,0
20151223,31.03,31.57,30.86,31.18,1283900,0
20151224,31.17,31.52,31.01,31.13,207121,0
20151228,31,31.41,30.83,31.4,435253,0
20151229,31.72,32.05,31.58,32.01,607101,0
20151230,31.89,32.44,31.89,32.015,522617,0
20151231,31.85,32.0351,31.6,31.66,486967,0
20160104,31.03,31.23,30.25,30.63,720208,0
20160105,30.65,31.058,30.055,30.31,508640,0
20160106,29.03,29.28,28.3,28.5,2786280,0
20160107,27.86,29.2,27.86,28.47,1629477,0
20160108,28.86,29.43,28.43,28.55,1442936,0
20160111,28.82,29,27.96,28.64,1053303,0
20160112,28.9,29.3,27.83,28.66,1273572,0
20160113,28.95,29.35,27.67,28,1412720,0
20160114,28.21,28.61,27.73,28.33,944905,0
20160115,27.51,27.745,26.7773,27.26,1694401,0
20160119,27.5,27.65,25.63,25.98,1632100,0
20160120,25.44,26.19,24.46,25.88,1283990,0
20160121,25.88,26.66,25.53,25.83,947151,0
20160122,26.29,26.6001,25.725,26.58,821323,0
20160125,26.38,26.47,25,25.09,1144695,0
20160126,25.35,25.7,24.85,25.34,1495509,0
20160127,25.01,25.05,23.93,24.05,3362798,0
20160128,24.44,24.56,23.65,24.14,1845928,0
20160129,24.26,25.29,24.26,25.04,1424320,0
20160201,24.79,25.5698,24.61,25.37,1036422,0
20160202,25.07,25.36,24.66,24.94,1235259,0
20160203,25.07,25.27,24.31,25.05,865860,0
20160204,24.97,25.58,24.525,24.93,1314141,0
20160205,21.1,22.75,20.28,21.21,6803845,0
20160208,20.89,20.89,19.22,19.65,2641503,0
20160209,19.39,20.36,18.89,19.16,2003268,0
20160210,19.51,20.6062,18.81,18.88,2262476,0
20160211,18.67,19.62,18.6,19.42,2972894,0
20160212,17.53,17.89,15.77,17.61,7296789,0
20160216,17.86,18.61,17.7,18.61,2590762,0
20160217,18.54,19.61,18.47,19.55,2615455,0
20160218,19.64,19.83,18.915,19.15,1883169,0
20160219,19.15,20.54,18.96,20.3,2578533,0
20160222,20.62,20.9,20.05,20.8,2243742,0
20160223,20.66,20.93,20.5,20.56,2171455,0
20160224,20.29,20.9,20.015,20.88,1149797,0
20160225,21.04,22.05,21.01,22.03,2639168,0
20160226,22.25,23.08,22.19,23.05,2639570,0
20160229,23.05,23.33,22.78,23.22,2374396,0
20160301,23.47,24.2,23.29,24.16,1500672,0
20160302,24,24.23,23.63,24.19,1742905,0
20160303,26.27,26.74,24.96,26.65,4212929,0
20160304,26.91,27.05,25.66,26.22,2269655,0
20160307,26.03,26.46,25.66,26.19,1122153,0
20160308,26,26.1,25.69,25.76,1288174,0
20160309,25.91,26.06,25.7,25.74,1342392,0
20160310,26.05,26.2199,25.15,25.42,1462275,0
20160311,25.71,26.58,25,26.56,1176405,0
20160314,26.52,26.65,25.9,26.4,1145283,0
20160315,26.25,26.25,25.55,25.83,1027169,0
20160316,25.35,26.68,25.35,26.61,831378,0
20160317,26.27,26.73,26.08,26.59,1362094,0
20160318,26.75,27.38,26.65,26.99,1538702,0
20160321,27.74,27.9,27.1,27.62,2034698,0
20160322,27.34,27.8,27.01,27.08,2122155,0
20160323,26.63,26.64,25.51,26.42,3712791,0
20160324,26.36,27.025,26.08,26.69,931250,0
20160328,29.34,29.78,28.355,29.13,3480562,0
20160329,29.01,29.51,28.56,29.36,1798387,0
20160330,29.44,29.49,28.29,28.53,1480376,0
20160331,28.53,29.17,28.5,28.92,1322859,0
20160401,28.63,28.96,28.33,28.95,1413782,0
20160404,29.13,30.515,29,29.75,1860039,0
20160405,29.4,29.5,28.78,29.08,1639067,0
20160406,29.19,29.64,28.88,29.62,904312,0
20160407,29.54,29.75,28.83,29.05,1611431,0
20160408,29.32,29.53,28.87,29.07,1055563,0
20160411,28.2,28.58,27.69,28.04,2009746,0
20160412,28.14,28.445,27.77,27.94,1287239,0
20160413,28.13,28.49,27.965,28.25,1697530,0
20160414,28.27,28.28,27.64,28.13,2212484,0
20160415,28.07,28.29,27.91,28.23,1424825,0
