Date,Open,High,Low,Close,Volume,OpenInt
20110310,19.12,19.12,17.8,18.12,32233,0
20110311,17.84,18.28,17.64,17.88,33121,0
20110314,17.96,18.32,17.72,17.72,28387,0
20110315,17.96,20.12,16.84,16.92,37630,0
20110316,17.16,17.16,15.4,15.76,38649,0
20110317,16.24,16.48,15.52,15.52,14750,0
20110318,15.8,17.4,15.2,17.4,45229,0
20110321,17.52,18.2,17.12,17.4,38212,0
20110322,17.48,18.2,17,17.48,28442,0
20110323,17.68,18.12,17.36,17.48,17295,0
20110324,17.8,17.8,16.36,16.56,42233,0
20110325,17.92,17.92,16.68,16.84,44944,0
20110328,17.92,18.48,17.24,18.12,67758,0
20110329,18,18.4,17.36,17.76,36434,0
20110330,18.04,18.72,17.84,17.92,58963,0
20110331,17.92,18.2,17.28,17.4,28994,0
20110401,17.2,17.6,16.44,16.8,43122,0
20110404,16.64,16.76,16.08,16.24,35482,0
20110405,16.12,16.36,15.64,16.2,33537,0
20110406,16.32,16.32,15.76,15.96,19485,0
20110407,15.96,15.96,12.68,13.36,357104,0
20110408,13.6,13.76,13.16,13.24,152965,0
20110411,13.32,13.96,13.28,13.96,97967,0
20110412,13.84,13.84,13.28,13.36,28161,0
20110413,13.4,13.6,13.36,13.36,38574,0
20110414,13.4,14.04,13.4,13.96,44980,0
20110415,14,14.2,14,14,26032,0
20110418,14.04,15.2,13.24,13.36,62831,0
20110419,13.4,13.76,12.88,13.12,56677,0
20110420,13.96,13.96,12.72,13,34901,0
20110421,13,13,12.8,12.84,30602,0
20110425,12.72,12.8,11.8,11.92,67074,0
20110426,11.88,11.88,10.96,11.12,110621,0
20110427,11.2,11.4,11.08,11.28,47780,0
20110428,11.4,11.56,11.12,11.16,32985,0
20110429,11.4,11.4,10.24,10.32,68336,0
20110502,10.6,10.6,9.52,10.16,106272,0
20110503,10.2,10.56,10.2,10.24,43304,0
20110504,10.28,10.4,9.28,9.36,61139,0
20110505,9.4,9.68,9,9.52,33791,0
20110506,9.68,10.72,9.56,10.64,102609,0
20110509,10.72,11.92,10.64,11.92,157283,0
20110510,12.12,14.36,11.96,14.12,218866,0
20110511,14.4,19.6,14.4,18.04,721257,0
20110512,18.68,21.8,17.88,21.2,808317,0
20110513,21.2,22.64,18.28,20.52,511660,0
20110516,20.36,20.44,17.36,17.88,222974,0
20110517,17.68,17.76,15.52,15.52,179422,0
20110518,15.48,16.8,15.48,15.64,133869,0
20110519,15.72,16.16,13.8,14.04,142984,0
20110520,14.16,16.08,13.6,15.16,163417,0
20110523,15,16.96,15,16.6,181217,0
20110524,16.84,17.2,14.64,15.44,136375,0
20110525,20.96,22.6,19.08,20.8,848122,0
20110526,20.88,21.68,19.48,20.04,200933,0
20110527,20,20.8,19,20.12,194912,0
20110531,20.24,20.4,19.2,19.72,105481,0
20110601,19.64,19.76,17.4,18.16,139958,0
20110602,17.96,18.28,16.88,17.8,64875,0
20110603,17.52,19.92,17.16,18.44,171606,0
20110606,18.48,18.96,16.6,17.04,77692,0
20110607,17.16,17.52,15.88,15.92,65394,0
20110608,15.72,15.92,14.72,14.92,80716,0
20110609,15.2,16.88,14.96,15.24,78574,0
20110610,15.36,15.36,14.4,14.76,50534,0
20110613,14.76,15.28,14.4,14.68,42479,0
20110614,14.96,15.2,14.48,14.84,27611,0
20110615,14.2,14.2,12.6,12.64,138019,0
20110616,12.76,13.24,12.68,12.8,67328,0
20110617,12.88,14.8,12.48,14.24,55546,0
20110620,14.32,14.32,13.2,13.24,54954,0
20110621,13.36,13.8,12.84,13.6,54539,0
20110622,13.8,14.6,13.52,13.72,64356,0
20110623,13.68,13.68,13.16,13.36,21973,0
20110624,13.56,13.92,13.48,13.88,22944,0
20110627,13.8,13.92,13.16,13.24,18373,0
20110628,13.6,13.64,13.04,13.24,24856,0
20110629,13.4,13.44,13,13.12,23737,0
20110630,13.2,14.08,12.8,13.88,60305,0
20110701,14,19.96,13.72,19.32,1026203,0
20110705,18.52,20.92,17.52,17.96,618869,0
20110706,17.76,18.76,16.8,17.16,220851,0
20110707,17.6,19,16.4,18.2,324357,0
20110708,18.08,19.28,17.4,19.04,221744,0
20110711,18.4,21.92,18.4,21.64,588274,0
20110712,21.84,23.92,20.64,22.12,619557,0
20110713,23.08,23.08,20.64,21,292760,0
20110714,21,23,20.52,21.92,309464,0
20110715,22.08,25.16,21.84,22.48,808484,0
20110718,22.28,22.8,21.04,21.4,275015,0
20110719,22.56,22.56,19,19.56,394712,0
20110720,19.6,20.44,18.4,18.92,128214,0
20110721,18.6,20.48,18.04,20.12,226073,0
20110722,20.76,21.2,20.2,20.56,126959,0
20110725,19.56,20.4,18.68,18.72,130087,0
20110726,18.72,18.96,18.24,18.48,72411,0
20110727,18.56,18.64,16.4,16.64,118663,0
20110728,16.6,17.68,15.88,16.32,158053,0
20110729,16,17.92,15.96,17.44,113740,0
20110801,18.24,18.56,16.56,17.36,97033,0
20110802,17.24,17.24,16.2,16.44,84883,0
20110803,16.2,16.36,15.6,16.36,62285,0
20110804,16.2,16.2,14,14.08,106557,0
20110805,14,15.28,12.32,14.36,154031,0
20110808,12.52,13.92,12.4,12.8,93652,0
20110809,13.4,14.28,12.4,13.44,97723,0
20110810,12.96,13.4,12.6,12.88,31766,0
20110811,13,13.16,12.68,12.84,85414,0
20110812,13.08,13.76,13.04,13.44,113280,0
20110815,13.6,13.92,13.04,13.12,149864,0
20110816,13.16,13.72,13.16,13.48,118257,0
20110817,13.6,13.6,12.8,13.12,58482,0
20110818,13,13,11.96,12.12,73537,0
20110819,11.76,12.24,11.12,11.28,83837,0
20110822,11.44,12.24,10.24,10.88,65143,0
20110823,10.96,11.84,10.64,11.56,32684,0
20110824,12.08,12.28,11.44,12.2,43269,0
20110825,12.68,13.04,12,12.2,37003,0
20110826,12.4,12.56,12.16,12.24,13541,0
20110829,12.6,13,12.24,12.92,40654,0
20110830,12.96,13.2,12.6,13.12,31449,0
20110831,13.12,13.4,12.88,13.24,50734,0
20110901,13.36,13.44,12.2,12.28,43948,0
20110902,12,13.28,11.96,13.28,37257,0
20110906,12.76,12.76,12.04,12.32,16970,0
20110907,12.8,13.36,12.52,13.16,23401,0
20110908,13.28,14.32,12.48,12.76,105430,0
20110909,13.6,13.84,12.4,12.84,66756,0
20110912,13.2,13.36,11.96,12.16,78352,0
20110913,12.36,12.8,12,12.28,55547,0
20110914,12.36,12.6,12.12,12.6,47007,0
20110915,12.4,12.52,11.04,11.28,101417,0
20110916,11.36,11.84,11.32,11.76,40113,0
20110919,11.44,11.44,10.8,11.08,36861,0
20110920,11.2,11.2,10.6,10.72,38435,0
20110921,10.6,10.72,8.92,9.28,74722,0
20110922,8.44,9.08,8.2,8.56,50046,0
20110923,8.52,9,8.52,8.72,31478,0
20110926,8.84,8.92,8.4,8.64,19035,0
20110927,8.88,10.04,8.72,9.96,43164,0
20110928,10.52,10.64,9.16,9.44,31600,0
20110929,9.2,9.72,9,9.32,13027,0
20110930,9.2,10,8.9228,10,22780,0
20111003,9.52,9.88,8.4,8.6,27698,0
20111004,8.52,8.68,7.48,8.64,28472,0
20111005,8.68,9.4,8.44,8.96,32681,0
20111006,8.76,9.6,8.72,8.92,31820,0
20111007,8.8,9.4,8.48,8.84,27389,0
20111010,9,9.2,8.2,8.8,33275,0
20111011,8.6,8.92,8.6,8.8,8449,0
20111012,8.84,9.72,8.84,9.12,28990,0
20111013,9.04,9.56,8.72,8.96,30270,0
20111014,9.16,9.4,8.84,9.32,13910,0
20111017,9.12,9.12,8.32,8.36,32323,0
20111018,8.24,8.8,8,8.76,33719,0
20111019,8.68,8.68,8,8.16,27145,0
20111020,8.16,8.72,7.64,8.44,110859,0
20111021,8.8,8.8,8.08,8.48,26384,0
20111024,8.28,8.96,8.2,8.84,61982,0
20111025,8.84,8.84,8.04,8.36,37724,0
20111026,8.44,8.56,8.12,8.44,17791,0
20111027,8.68,8.68,8.2,8.48,31305,0
20111028,8.44,9.32,8.4,8.96,64949,0
20111031,8.68,8.84,8.4,8.48,24005,0
20111101,8.4,8.6,8,8.4,38113,0
20111102,8.6,8.6,8.16,8.2,10884,0
20111103,8.4,8.48,8.08,8.4,15653,0
20111104,8.4,8.4404,8.16,8.24,9298,0
20111107,8.2,8.32,8,8.2,22486,0
20111108,8.2,8.48,7.8,8.44,50243,0
20111109,8.16,8.4,8,8,25785,0
20111110,8.28,8.36,8,8,29165,0
20111111,8.2,8.2,7.6,7.68,50927,0
20111114,7.72,7.8,6.96,7.12,58558,0
20111115,7.12,7.84,7,7.52,66486,0
20111116,7.44,7.8,7.08,7.08,31085,0
20111117,7.52,7.6,7,7.04,22563,0
20111118,7.12,7.36,6.88,7.08,14263,0
20111121,7.08,7.08,6.6,6.72,22770,0
20111122,6.64,6.84,6.4,6.52,19251,0
20111123,6.4,6.6,6.08,6.08,63564,0
20111125,6.16,6.16,6,6,11522,0
20111128,6.2,6.36,5.2,5.44,57363,0
20111129,5.4,5.4,4.08,4.76,107629,0
20111130,4.88,5.9968,4.8,5.12,80772,0
20111201,5.88,6,5.4,5.64,67819,0
20111202,5.64,5.96,5.4,5.72,38771,0
20111205,5.84,6.56,5.44,5.72,71204,0
20111206,6.04,6.24,5.6,5.84,76086,0
20111207,5.84,6.2,5.652,5.72,28889,0
20111208,6.72,6.72,5.72,6,45423,0
20111209,7.56,7.8,5.64,5.76,149008,0
20111212,5.56,5.72,4.8,5.04,75360,0
20111213,5.2,5.24,4.92,5.04,39022,0
20111214,5,5.12,4.32,4.44,130656,0
20111215,4.68,5,4.56,4.68,67597,0
20111216,3.6,3.6796,2.9612,2.98,1000352,0
20111219,3.08,3.16,2.88,2.88,127352,0
20111220,2.84,3.2,2.8,3,106001,0
20111221,3,3.2,2.96,3,77481,0
20111222,3.28,3.296,3.12,3.2312,87492,0
20111223,3.3512,3.3512,3.04,3.08,60475,0
20111227,3.2,3.24,3,3.16,86110,0
20111228,3.2,3.2352,3.02,3.196,57311,0
20111229,3.16,3.1848,2.88,2.88,102935,0
20111230,2.92,2.9976,2.88,2.92,72264,0
20120103,2.96,3.08,2.88,2.88,57437,0
20120104,2.96,3.12,2.9296,3.1196,35454,0
20120105,3.2,3.2396,3.0112,3.0764,84304,0
20120106,3.16,3.2,3.04,3.2,33656,0
20120109,3.24,3.28,3.052,3.12,37124,0
20120110,3.2,3.24,3.12,3.19,51124,0
20120111,3.28,3.4796,3.2,3.28,109239,0
20120112,3.52,3.6796,3.12,3.1804,483744,0
20120113,3.12,3.524,3.02,3.48,322697,0
20120117,3.56,3.6796,3.36,3.44,151090,0
20120118,3.44,3.516,3.16,3.42,96349,0
20120119,3.48,3.52,3.28,3.36,66168,0
20120120,3.4,3.48,3.18,3.32,65987,0
20120123,3.32,3.32,3,3.012,137415,0
20120124,3.04,3.16,3.02,3.04,90893,0
20120125,3.2,3.2,3.008,3.1,72374,0
20120126,3.24,3.24,3,3.04,71385,0
20120127,3.04,3.08,2.96,3.04,50060,0
20120130,3,3.12,2.88,2.88,70196,0
20120131,3.12,3.2,2.96,3.08,138097,0
20120201,3.2,3.872,3.12,3.768,738929,0
20120202,4.08,4.64,3.84,4.36,936050,0
20120203,4.44,4.56,4.04,4.2,370074,0
20120206,4.36,4.92,3.96,4.8,394277,0
20120207,4.88,5.2,4.32,4.68,701047,0
20120208,4.56,4.6,4.32,4.52,191176,0
20120209,4.32,4.52,4.12,4.36,265619,0
20120210,4.32,4.48,4.12,4.48,136934,0
20120213,4.56,4.96,4.2,4.2,485070,0
20120214,4.28,4.48,4.08,4.16,191823,0
20120215,4.28,4.28,4.04,4.04,160389,0
20120216,4,4.08,3.8,3.88,166472,0
20120217,3.88,3.888,3.45,3.6408,291487,0
20120221,3.52,3.9796,3.52,3.8004,190765,0
20120222,4,4.48,3.96,4.36,388478,0
20120223,4.48,4.56,4.04,4.12,316439,0
20120224,4.16,4.28,3.8,3.96,298305,0
20120227,3.992,3.992,3.76,3.8,144989,0
20120228,3.96,3.96,3.72,3.7996,71491,0
20120229,3.84,3.9188,3.6864,3.7,101873,0
20120301,3.76,3.8,3.56,3.64,111094,0
20120302,3.64,3.7188,3.4,3.48,98870,0
20120305,3.484,3.68,3.4,3.5,71812,0
20120306,3.52,4.4,3.28,4.36,482909,0
20120307,4.92,5.32,4.24,4.24,1103680,0
20120308,4.56,4.88,4,4.12,436491,0
20120309,4.24,4.32,3.92,3.96,210639,0
20120312,4.24,4.52,4.16,4.2,199604,0
20120313,4.36,4.4,4.12,4.36,145699,0
20120314,4.36,4.4,4.12,4.16,119100,0
20120315,4.56,4.56,3.96,4,282803,0
20120316,3.24,3.28,2.96,3.08,2187723,0
20120319,3.2,3.24,3.08,3.2,661120,0
20120320,3.2,3.22,3.08,3.12,305383,0
20120321,3.16,3.16,3.04,3.08,200797,0
20120322,3.12,3.16,3.044,3.048,197967,0
20120323,3.08,3.08,2.962,2.962,260849,0
20120326,3.12,3.16,2.96,2.96,248649,0
20120327,3.04,3.04,2.88,2.88,238796,0
20120328,2.9996,2.9996,2.88,2.88,245132,0
20120329,2.96,2.96,2.6144,2.6456,416014,0
20120330,2.72,2.9072,2.6456,2.76,326659,0
20120402,2.84,2.8804,2.72,2.72,202710,0
20120403,2.8,2.8,2.6,2.6,217619,0
20120404,2.64,2.64,2.52,2.5324,150357,0
20120405,2.56,2.68,2.528,2.528,114088,0
20120409,2.52,2.56,2.28,2.3204,242395,0
20120410,2.44,2.44,2.16,2.28,214682,0
20120411,2.36,2.4,2.28,2.28,176868,0
20120412,2.48,2.88,2.4,2.72,761326,0
20120413,2.76,2.76,2.32,2.4,472011,0
20120416,2.52,2.6,2.3204,2.3204,218578,0
20120417,2.48,2.56,2.364,2.368,124584,0
20120418,2.56,2.56,2.2876,2.3,183353,0
20120419,2.432,2.432,2.3,2.3004,105219,0
20120420,2.44,2.44,2.28,2.28,115943,0
20120423,2.56,2.5792,2.342,2.4,195364,0
20120424,2.52,2.56,2.4016,2.52,275406,0
20120425,2.72,2.86,2.6044,2.7,499410,0
20120426,2.8,2.8,2.6,2.6,213041,0
20120427,2.76,2.76,2.6,2.668,125324,0
20120430,2.8,2.88,2.7,2.782,276193,0
20120501,2.8,2.98,2.782,2.8,258146,0
20120502,2.8,2.816,2.6432,2.7276,131168,0
20120503,2.72,2.8788,2.684,2.748,115546,0
20120504,2.832,2.84,2.6148,2.652,105062,0
20120507,2.8,2.8,2.48,2.52,111211,0
20120508,2.52,2.56,2.3264,2.404,139796,0
20120509,2.48,2.5596,2.32,2.4712,110055,0
20120510,2.48,2.5592,2.4072,2.432,56262,0
20120511,2.32,2.322,1.64,1.66,1189932,0
20120514,1.76,2.132,1.68,2.112,474267,0
20120515,2.12,2.12,1.8,1.88,144019,0
20120516,1.84,2.08,1.84,1.92,166370,0
20120517,1.9996,2.072,1.89,2,173485,0
20120518,2.08,2.12,1.728,1.76,187794,0
20120521,1.92,1.93,1.76,1.8,162152,0
20120522,1.92,2.12,1.88,1.96,165360,0
20120523,2,2.08,1.8836,2.0004,81920,0
20120524,2.11,2.12,2.004,2.0804,68576,0
20120525,2.12,2.52,2.0892,2.44,234347,0
20120529,2.6,2.76,2.32,2.3996,304303,0
20120530,2.6392,2.6392,2.4,2.48,129241,0
20120531,2.52,2.5588,2.4488,2.48,61446,0
20120601,2.48,2.5152,2.4,2.4,79583,0
20120604,2.36,2.4,2.0608,2.08,126392,0
20120605,2.2,2.3792,2.0904,2.22,70466,0
20120606,2.28,2.44,2.26,2.4,62646,0
20120607,2.51,2.56,2.3288,2.496,146623,0
20120608,2.48,2.56,2.4052,2.46,43957,0
20120611,2.6,2.6796,2.444,2.62,153667,0
20120612,2.76,2.76,2.6,2.64,81033,0
20120613,2.608,2.76,2.608,2.72,139477,0
20120614,2.8,3.12,2.68,2.84,780550,0
20120615,3,3.04,2.8416,2.8416,284228,0
20120618,3.08,3.1,2.92,2.9404,199484,0
20120619,3.08,3.08,2.94,3.0336,166116,0
20120620,3.08,3.0844,3,3.004,80138,0
20120621,3,3.04,2.6,2.68,274876,0
20120622,2.8,2.96,2.724,2.7604,125887,0
20120625,2.96,2.96,2.84,2.88,35416,0
20120626,2.9,2.952,2.8,2.92,37712,0
20120627,2.96,2.96,2.92,2.92,22937,0
20120628,2.944,2.944,2.68,2.8112,38565,0
20120629,2.8072,2.944,2.8,2.938,63662,0
20120702,2.944,3.04,2.938,3.0012,78065,0
20120703,3,3.08,2.9596,3.06,65725,0
20120705,3.08,3.24,3.08,3.1924,216179,0
20120706,3.24,3.6,3.21,3.424,311398,0
20120709,3.68,3.96,3.64,3.8,313084,0
20120710,3.92,3.94,3.24,3.44,326154,0
20120711,3.56,3.76,3.56,3.76,159986,0
20120712,3.8,3.8004,3.6,3.7364,125123,0
20120713,3.84,3.92,3.61,3.76,154655,0
20120716,3.8,3.8,3.68,3.68,60650,0
20120717,3.6,3.7196,3.4,3.4796,110381,0
20120718,3.6,3.6,3.4452,3.48,57689,0
20120719,3.4,3.56,3.368,3.4396,79131,0
20120720,3.5568,3.56,3.4,3.534,61389,0
20120723,3.52,3.52,3.2152,3.28,69316,0
20120724,3.2,3.46,3.2,3.2484,53700,0
20120725,3.2,3.28,3.04,3.104,95135,0
20120726,3.12,3.2,3.004,3.004,63030,0
20120727,3.004,3.1592,3.004,3.08,30069,0
20120730,3.2,3.5552,3.158,3.5204,111588,0
20120731,3.68,3.72,3.35,3.4,161779,0
20120801,3.56,3.6,3.44,3.446,64390,0
20120802,3.48,3.6,3.402,3.6,16849,0
20120803,3.64,3.6716,3.4104,3.52,71184,0
20120806,3.6,3.62,3.448,3.62,47817,0
20120807,3.68,3.88,3.646,3.7996,367878,0
20120808,3.8348,3.8348,3.7,3.7604,127573,0
20120809,3.76,3.7996,3.01,3.3696,421731,0
20120810,3.392,3.392,3.16,3.288,61036,0
20120813,3.24,3.28,3.16,3.22,35275,0
20120814,3.2,3.256,3.16,3.2,42420,0
20120815,3.2,3.252,3.16,3.2,41374,0
20120816,3.16,3.2,3.04,3.052,72166,0
20120817,3.12,3.192,3.12,3.12,47332,0
20120820,3.2768,3.2768,3.2,3.24,17784,0
20120821,3.5196,3.52,3.32,3.34,82981,0
20120822,3.44,3.44,3.3204,3.3796,29794,0
20120823,3.44,3.44,3.32,3.32,19332,0
20120824,3.28,3.4,3.28,3.36,22348,0
20120827,3.4,3.44,3.344,3.4004,27384,0
20120828,3.32,3.6,3.32,3.52,71109,0
20120829,3.6,3.68,3.448,3.448,76538,0
20120830,3.48,3.48,3.32,3.32,50152,0
20120831,3.32,3.48,3.28,3.28,29755,0
20120904,3.32,3.476,3.32,3.38,17831,0
20120905,3.46,3.5592,3.32,3.504,31432,0
20120906,3.56,3.56,3.4,3.44,21388,0
20120907,3.5568,3.5568,3.4,3.44,11672,0
20120910,3.52,3.6,3.44,3.5604,76553,0
20120911,3.44,3.5396,3.44,3.4892,23480,0
20120912,3.52,3.52,3.4,3.4008,53659,0
20120913,3.4,3.4,3.28,3.302,81787,0
20120914,3.28,3.51,3.28,3.46,57800,0
20120917,3.04,3.6,3,3.44,115700,0
20120918,3.44,3.44,3.28,3.36,37499,0
20120919,3.36,3.48,3.246,3.44,138625,0
20120920,3.32,3.44,3.29,3.44,19446,0
20120921,3.36,3.36,3.2,3.24,79663,0
20120924,3.28,3.35,3.204,3.242,25873,0
20120925,3.2,3.28,3.014,3.0404,151944,0
20120926,3,3.04,2.92,3.04,63424,0
20120927,3.04,3.18,3.0392,3.1,34820,0
20120928,3,3.1596,3,3.14,27570,0
20121001,3.08,3.2,3.06,3.126,25683,0
20121002,3.16,3.24,3.088,3.16,35818,0
20121003,3.2,3.2,3.09,3.1284,22442,0
20121004,3.244,3.36,3.128,3.3512,50960,0
20121005,3.202,3.32,3.202,3.32,27481,0
20121008,3.32,3.34,3.2472,3.3356,27279,0
20121009,3.348,3.348,3.124,3.124,20058,0
20121010,3.12,3.2396,3.12,3.12,46215,0
20121011,3.12,3.2,3.12,3.12,13385,0
20121012,3.1996,3.1996,3.018,3.12,34046,0
20121015,3.188,3.1996,3,3,24594,0
20121016,3.096,3.096,2.8928,2.96,49456,0
20121017,2.96,3.04,2.92,3.04,49025,0
20121018,3.08,3.08,2.92,2.92,29086,0
20121019,3.04,3.04,2.9224,2.96,18608,0
20121022,3.04,3.04,2.88,2.88,15001,0
20121023,2.88,2.888,2,2.5896,309936,0
20121024,2.54,2.592,2.4404,2.4604,57430,0
20121025,2.36,2.4396,2.324,2.336,64572,0
20121026,2.32,2.3588,2.21,2.288,69482,0
20121031,2.08,2.28,2.08,2.1604,54253,0
20121101,2.08,2.48,2.08,2.476,110133,0
20121102,2.48,2.92,2.48,2.84,123232,0
20121105,2.84,2.84,2.55,2.612,34633,0
20121106,2.75,2.8,2.48,2.736,43381,0
20121107,2.76,2.76,2.56,2.72,29519,0
20121108,2.6,2.7196,2.48,2.518,43204,0
20121109,2.35,2.51,2.21,2.44,81330,0
20121112,2.4,2.72,2.4,2.64,62915,0
20121113,2.72,2.84,2.656,2.748,63139,0
20121114,2.8,2.8756,2.768,2.84,59514,0
20121115,2.8776,2.88,2.812,2.8464,30667,0
20121116,2.88,3.2,2.8,2.88,59900,0
20121119,2.88,2.88,2.844,2.8692,19393,0
20121120,2.8692,2.8788,2.76,2.76,25818,0
20121121,2.7484,2.8788,2.7484,2.7484,5273,0
20121123,2.88,3.04,2.8604,3.04,52934,0
20121126,3.08,3.24,3.08,3.2,96151,0
20121127,3.28,3.3,3.24,3.28,75086,0
20121128,3.2404,3.32,3.24,3.2424,30897,0
20121129,3.32,3.32,3.164,3.304,114325,0
20121130,3.28,3.32,3.208,3.28,68496,0
20121203,3.28,3.4,3.24,3.3068,34253,0
20121204,3.28,3.4,3.12,3.12,53177,0
20121205,3.12,3.2,2.88,2.92,55095,0
20121206,2.84,3,2.8,2.96,42373,0
20121207,3,3.4,2.92,3,31312,0
20121210,3.12,3.16,2.96,3.08,23431,0
20121211,3.16,3.24,3,3.056,28624,0
20121212,3.2,3.24,3.08,3.1204,30020,0
20121213,3.196,3.196,3.0604,3.1756,25945,0
20121214,3.16,3.32,3.0508,3.1952,17098,0
20121217,3.2,3.2,3.046,3.16,24681,0
20121218,3.06,3.2,3.06,3.1584,24438,0
20121219,3.1,3.1552,3.04,3.08,31046,0
20121220,3.12,3.12,3,3.04,23936,0
20121221,2.88,3.12,2.88,3.12,53431,0
20121224,3.04,3.064,2.924,2.9932,24349,0
20121226,3,3.06,2.94,3.0008,13785,0
20121227,3.0032,3.0076,2.888,2.9588,24186,0
20121228,2.88,2.9156,2.8,2.804,40724,0
20121231,2.8,2.864,2.69,2.724,55970,0
20130102,2.796,2.88,2.796,2.87,16487,0
20130103,2.88,3.0296,2.76,2.8416,39741,0
20130104,2.84,2.942,2.8,2.92,24317,0
20130107,2.92,2.9648,2.8204,2.8416,18438,0
20130108,2.76,2.982,2.76,2.84,55705,0
20130109,2.8,2.8796,2.76,2.8,24198,0
20130110,2.84,2.84,2.7412,2.7612,36072,0
20130111,2.8,2.8264,2.756,2.8264,16964,0
20130114,2.88,2.88,2.72,2.7344,27494,0
20130115,2.76,2.8788,2.76,2.7968,20057,0
20130116,2.84,2.88,2.7672,2.786,51934,0
20130117,2.8,2.84,2.7892,2.82,13861,0
20130118,2.916,2.916,2.8004,2.8304,23855,0
20130122,2.76,2.8208,2.76,2.7744,54328,0
20130123,2.84,2.84,2.7644,2.84,29193,0
20130124,2.88,2.88,2.772,2.78,33977,0
20130125,2.84,2.84,2.76,2.76,18937,0
20130128,2.76,2.8784,2.76,2.8,35038,0
20130129,2.8,2.8596,2.72,2.8,28306,0
20130130,2.88,3.1096,2.88,3.08,207696,0
20130131,3.12,3.12,2.9508,2.9508,65061,0
20130201,3,3.12,2.96,2.9996,37868,0
20130204,3,3.04,2.89,3,36494,0
20130205,3,3,2.918,2.92,22204,0
20130206,2.92,2.92,2.84,2.86,35501,0
20130207,2.8424,2.8792,2.8,2.8708,23622,0
20130208,2.82,2.942,2.8,2.88,25558,0
20130211,2.84,2.8912,2.808,2.82,9852,0
20130212,2.8752,2.9724,2.86,2.92,23047,0
20130213,2.92,2.956,2.76,2.8,81407,0
20130214,2.796,2.8072,2.76,2.8,30545,0
20130215,2.788,2.82,2.76,2.792,24136,0
20130219,2.84,2.9,2.8,2.9,30479,0
20130220,2.8976,2.9,2.7668,2.7848,31146,0
20130221,2.8004,2.84,2.72,2.724,42723,0
20130222,2.76,2.8352,2.724,2.7648,42158,0
20130225,2.872,2.872,2.764,2.766,31911,0
20130226,2.86,2.86,2.766,2.7668,9946,0
20130227,2.872,2.872,2.76,2.76,18405,0
20130228,2.84,2.84,2.76,2.76,21739,0
20130301,2.8,2.8,2.76,2.76,11499,0
20130304,2.7228,2.762,2.72,2.724,19162,0
20130305,2.8,2.868,2.72,2.7204,58199,0
20130306,2.8,2.92,2.744,2.8088,98846,0
20130307,2.84,3,2.84,2.9808,64347,0
20130308,3.036,3.1984,3,3.008,149746,0
20130311,3.0756,3.0756,2.96,3.024,54339,0
20130312,3.008,3.02,2.726,2.76,152567,0
20130313,2.84,2.88,2.4,2.48,293825,0
20130314,2.52,2.688,2.44,2.54,89212,0
20130315,2.6,2.6,2.52,2.52,85135,0
20130318,2.56,2.7,2.56,2.7,89306,0
20130319,2.7196,2.7196,2.55,2.6,35324,0
20130320,2.68,2.74,2.618,2.74,115541,0
20130321,2.72,2.8,2.56,2.6,90393,0
20130322,2.64,2.64,2.4996,2.5396,77638,0
20130325,2.56,2.56,2.48,2.48,60681,0
20130326,2.46,2.48,2.44,2.4712,28650,0
20130327,2.4708,2.48,2.4448,2.46,30943,0
20130328,2.484,2.484,2.4408,2.476,22120,0
20130401,2.48,2.54,2.48,2.5364,79583,0
20130402,2.52,2.556,2.46,2.492,42208,0
20130403,2.48,2.52,2.46,2.46,34200,0
20130404,2.44,2.5392,2.44,2.476,22090,0
20130405,2.48,2.52,2.48,2.48,20523,0
20130408,2.44,2.48,2.44,2.48,34699,0
20130409,2.52,2.52,2.4,2.4,57874,0
20130410,2.4,2.4368,2.32,2.34,79995,0
20130411,2.32,2.38,2.24,2.364,103412,0
20130412,2.3432,2.4,2.32,2.324,26499,0
20130415,2.32,2.32,2.248,2.248,39921,0
20130416,2.2,2.248,2.048,2.16,90262,0
20130417,2.2,2.2,2,2.04,83803,0
20130418,2.12,2.12,2.0408,2.1,60505,0
20130419,2.1,2.22,2.1,2.22,86524,0
20130422,2.2,2.28,2.2,2.2,68872,0
20130423,2.32,2.32,2.1636,2.32,54270,0
20130424,2.32,2.36,2.282,2.348,49421,0
20130425,2.4,2.4,2.32,2.34,29701,0
20130426,2.4,2.4,2.32,2.3396,36285,0
20130429,2.4,2.4,2.282,2.3048,24802,0
20130430,2.28,2.32,2.28,2.28,43704,0
20130501,2.24,2.28,2.24,2.24,18176,0
20130502,2.24,2.3,2.2008,2.3,49105,0
20130503,2.36,2.36,2.22,2.2804,22878,0
20130506,2.32,2.4,2.28,2.396,90627,0
20130507,2.4,2.52,2.32,2.4304,53199,0
20130508,2.48,2.56,2.4796,2.56,54935,0
20130509,2.6,2.62,2.544,2.6004,82634,0
20130510,2.6,2.6,2.4,2.4804,69764,0
20130513,2.6,2.6,2.48,2.5,36319,0
20130514,2.52,2.52,2.4092,2.4392,74077,0
20130515,2.44,2.48,2.4,2.48,76252,0
20130516,2.48,2.48,2.3004,2.396,55170,0
20130517,2.36,2.4396,2.36,2.42,32284,0
20130520,2.36,2.44,2.324,2.4004,78558,0
20130521,2.4,2.48,2.3344,2.42,81927,0
20130522,2.3404,2.4388,2.32,2.4,67016,0
20130523,2.24,2.3268,2.24,2.3,53560,0
20130524,2.28,2.52,2.24,2.52,244295,0
20130528,2.64,2.92,2.6,2.76,704908,0
20130529,2.92,2.92,2.444,2.57,463391,0
20130530,2.576,2.64,2.444,2.4876,155720,0
20130531,2.44,2.45,2.36,2.37,131221,0
20130603,2.64,2.64,2.3344,2.4,337323,0
20130604,2.44,2.58,2.356,2.56,174566,0
20130605,2.56,2.56,2.45,2.5032,107979,0
20130606,2.44,2.52,2.44,2.52,55108,0
20130607,2.52,2.52,2.4004,2.402,49157,0
20130610,2.48,2.52,2.3596,2.3996,90665,0
20130611,2.4,2.4,2.3196,2.324,62011,0
20130612,2.48,2.52,2.36,2.36,62332,0
20130613,2.4,2.4,2.34,2.3952,44195,0
20130614,2.36,2.4192,2.32,2.3204,104216,0
20130617,2.326,2.36,2.262,2.28,55399,0
20130618,2.262,2.3,2.252,2.252,31278,0
20130619,2.28,2.38,2.256,2.36,57308,0
20130620,2.34,2.34,2.24,2.28,48493,0
20130621,2.28,2.28,2.1604,2.2,107343,0
20130624,2.16,2.166,2.0808,2.096,58536,0
20130625,2.12,2.236,2.08,2.236,47552,0
20130626,2.308,2.308,2.1,2.1596,61453,0
20130627,2.12,2.36,2.12,2.172,41534,0
20130628,2.2,2.24,2.1356,2.2,15447,0
20130701,2.16,2.2,2.16,2.1692,13120,0
20130702,2.2,2.2996,2.1812,2.242,32057,0
20130703,2.24,2.36,2.2088,2.2108,34419,0
20130705,2.28,2.32,2.088,2.1,76716,0
20130708,2.1,2.156,2.0872,2.12,17978,0
20130709,2.204,2.2572,2.1732,2.2572,50377,0
20130710,2.302,2.302,2.12,2.1812,49139,0
20130711,2.16,2.24,2.12,2.2,44303,0
20130712,2.2008,2.2408,2.182,2.2004,37182,0
20130715,2.16,2.2748,2.16,2.2,65483,0
20130716,2.2612,2.324,2.1612,2.3,117254,0
20130717,2.36,2.384,2.3212,2.384,67363,0
20130718,2.4,2.4,2.132,2.1396,185933,0
20130719,2.16,2.172,2.032,2.0708,168800,0
20130722,2.04,2.0796,1.92,1.9596,149235,0
20130723,1.936,2.04,1.922,1.94,89486,0
20130724,1.92,1.9592,1.886,1.9396,83966,0
20130725,2,2,1.92,2,55394,0
20130726,1.96,1.98,1.92,1.9204,38033,0
20130729,1.92,2,1.92,1.94,50934,0
20130730,1.92,1.96,1.92,1.92,54914,0
20130731,2.35,2.82,1.8586,2.07,374421,0
20130801,2.31,2.31,2.01,2.06,153700,0
20130802,2.08,2.4,2,2.39,381720,0
20130805,2.35,2.79,2.35,2.76,568836,0
20130806,2.71,2.85,2.6,2.69,318966,0
20130807,2.72,2.72,2.359,2.48,290697,0
20130808,2.45,2.46,2.3201,2.3588,106889,0
20130809,2.39,2.39,2.3,2.33,70069,0
20130812,2.33,2.49,2.33,2.48,130140,0
20130813,2.5,2.65,2.45,2.46,224809,0
20130814,2.46,2.48,2.3001,2.37,131533,0
20130815,2.56,2.56,2.11,2.28,524097,0
20130816,2.31,2.38,2.281,2.35,144952,0
20130819,2.3,2.3499,2.2,2.23,162448,0
20130820,2.19,2.2,2.06,2.09,241088,0
20130821,2.08,2.08,2,2.03,184397,0
20130822,2.03,2.06,2.02,2.05,82197,0
20130823,2.05,2.07,2.04,2.07,76608,0
20130826,2.07,2.1,2.04,2.1,108523,0
20130827,2.06,2.1,2.0101,2.1,162164,0
20130828,2.1,2.1,2,2.04,99745,0
20130829,2.04,2.04,2.01,2.01,67120,0
20130830,2.02,2.02,1.95,2,114956,0
20130903,2,2,1.85,1.88,154817,0
20130904,1.86,1.9,1.85,1.9,116056,0
20130905,1.9,2,1.86,1.97,81033,0
20130906,1.98,2.05,1.93,2.04,522633,0
20130909,2.05,2.08,2.02,2.07,170134,0
20130910,2.07,2.08,2.03,2.03,105293,0
20130911,2.02,2.34,2.02,2.31,469254,0
20130912,2.33,2.43,2.23,2.42,315300,0
20130913,2.42,2.42,2.26,2.3,146118,0
20130916,2.25,2.71,2.25,2.61,848973,0
20130917,2.62,2.75,2.45,2.67,272406,0
20130918,2.64,2.73,2.6,2.7,192297,0
20130919,2.71,2.75,2.54,2.71,184296,0
20130920,2.78,2.78,2.6,2.75,240307,0
20130923,2.7,2.729,2.53,2.61,176204,0
20130924,2.6,2.66,2.55,2.63,65000,0
20130925,2.77,3.39,2.65,3.09,1015100,0
20130926,3.16,3.24,3.02,3.2,575679,0
20130927,3.2,3.28,3.1,3.14,268900,0
20130930,3.11,3.21,2.9,3.18,265900,0
20131001,3.24,3.55,3.2,3.42,609700,0
20131002,3.47,4.05,3.23,3.86,822400,0
20131003,3.9,4.44,3.74,4.03,959900,0
20131004,4.03,4.38,4.03,4.28,542600,0
20131007,4.29,4.3,4.1,4.22,400000,0
20131008,4.2,4.22,3.9,3.91,473800,0
20131009,3.95,3.95,3.52,3.88,618200,0
20131010,3.96,4.2,3.96,4.2,351000,0
20131011,4.2,4.25,4.01,4.15,208600,0
20131014,4.15,4.18,4.06,4.12,181500,0
20131015,4.15,4.53,4.06,4.42,288000,0
20131016,4.43,4.78,4.41,4.7,653900,0
20131017,4.94,5.25,4.85,5.05,1019576,0
20131018,5.12,5.15,4.78,5.06,443500,0
20131021,5.17,5.41,5.11,5.4,600700,0
20131022,5.4,5.64,5.25,5.4,656000,0
20131023,5.4,6.05,5.15,5.74,883800,0
20131024,5.82,6.12,5.61,6.1,621600,0
20131025,6.2,6.7,6.2,6.49,1154100,0
20131028,6.5,7.03,6.32,6.85,1265500,0
20131029,6.95,7.5,6.87,7.35,1256800,0
20131030,7.44,7.49,5.19,5.49,3584300,0
20131031,5.13,5.2,4.35,4.77,2884195,0
20131101,4.77,5.26,4.6,4.89,1258000,0
20131104,4.8,4.89,4.25,4.29,1434700,0
20131105,4.35,4.52,4.01,4.16,828800,0
20131106,4.3,5,4.16,4.84,1144800,0
20131107,4.82,5.52,4.66,5.27,1635900,0
20131108,5.27,5.4,5.05,5.34,412682,0
20131111,5.28,5.4,5.06,5.13,406700,0
20131112,5.09,5.2,4.8,4.99,693600,0
20131113,5.42,7,5.36,6.75,5056878,0
20131114,6.51,7.22,6.18,7.03,1956500,0
20131115,6.87,7,6.5,6.92,555129,0
20131118,6.99,7.64,6.8,7.15,1310600,0
20131119,7.14,7.15,6.12,6.45,967100,0
20131120,6.49,6.63,6.23,6.33,416000,0
20131121,6.33,6.51,6.15,6.24,370598,0
20131122,6.24,6.74,6.15,6.68,484900,0
20131125,6.82,6.95,6.4,6.59,571838,0
20131126,6.65,6.87,6.59,6.8,649100,0
20131127,6.96,7.39,6.75,7.15,1214442,0
20131129,7.35,7.43,6.86,6.87,499135,0
20131202,7.16,7.17,6.6,6.61,560532,0
20131203,6.66,6.66,6.16,6.47,612700,0
20131204,6.42,7.04,6.35,6.96,682100,0
20131205,7.1,7.2,6.56,6.64,641700,0
20131206,6.8,6.88,6.4,6.53,333627,0
20131209,6.48,6.69,6.43,6.58,359900,0
20131210,6.53,6.74,6.23,6.4,438000,0
20131211,6.27,6.34,5.85,6.07,786394,0
20131212,5.93,6.19,5.86,6.06,313300,0
20131213,6.03,6.14,6,6.08,176600,0
20131216,6.08,6.54,6.08,6.48,645900,0
20131217,6.26,6.75,6.11,6.73,710500,0
20131218,6.75,6.75,6.4,6.6,366050,0
20131219,6.7,7.24,6.67,7.11,1413253,0
20131220,7.09,7.5,7.03,7.33,1334800,0
20131223,7.34,7.95,7.05,7.81,1246000,0
20131224,7.8,8.06,7.75,7.82,796878,0
20131226,7.87,8.36,7.87,8.34,894600,0
20131227,8.19,8.26,7.52,7.93,655100,0
20131230,7.95,8.01,7.53,7.71,580300,0
20131231,7.7,7.85,7.6,7.8,312000,0
20140102,7.78,8.6,7.78,7.94,787615,0
20140103,8.03,8.1899,7.85,7.86,382785,0
20140106,8.01,8.0894,7.5,7.78,569253,0
20140107,7.84,8.15,7.64,7.99,922500,0
20140108,7.95,8,7.83,7.94,376500,0
20140109,7.93,8,7.36,7.52,550600,0
20140110,7.55,7.62,7.26,7.54,337253,0
20140113,7.3,7.75,6.85,7.37,765100,0
20140114,7.37,7.85,7.15,7.63,654102,0
20140115,7.63,8.41,7.63,8.3,1108800,0
20140116,8.5,9.04,8.2,8.72,1345800,0
20140117,8.93,9.3,8.35,8.4,744800,0
20140121,8.4,8.57,8.01,8.57,415547,0
20140122,8.57,9.2,8.45,9.14,655100,0
20140123,9.09,9.1,8.52,8.73,510800,0
20140124,8.6,8.63,8,8.28,548900,0
20140127,8.16,8.27,7.32,7.88,927100,0
20140128,7.76,8.23,7.6,8.06,471700,0
20140129,8.4,8.8,8.2099,8.51,509680,0
20140130,8.76,9,8.44,8.55,745300,0
20140131,8.42,8.93,8.39,8.6,589700,0
20140203,8.6,8.69,7.89,8.15,540595,0
20140204,8.13,8.2794,7.8,7.82,528846,0
20140205,7.71,8,7.36,7.57,503425,0
20140206,7.92,8.28,7.74,8.08,441094,0
20140207,8,8.3,7.971,8.12,237074,0
20140210,8.03,8.35,8.03,8.2,223536,0
20140211,8.16,8.31,8.09,8.17,193779,0
20140212,8.18,8.18,8,8.03,402654,0
20140213,8,8.3,7.91,7.95,348771,0
20140214,8,8.48,7.87,8.03,2779569,0
20140218,8.03,8.15,7.84,8.1,603930,0
20140219,8.0001,8.435,8.0001,8.33,597760,0
20140220,8.29,9.06,8.25,8.94,903991,0
20140221,9.1,9.1,8.66,8.98,826993,0
20140224,8.96,9.238,8.44,8.47,836291,0
20140225,8.48,8.51,8.18,8.18,573125,0
20140226,8.16,8.54,8.1,8.3,357767,0
20140227,8.34,8.87,8.251,8.8,508547,0
20140228,8.9,9.21,8.52,8.63,719731,0
20140303,8.45,8.71,8.12,8.69,637199,0
20140304,8.86,9.8,8.79,9.55,2339167,0
20140305,9.69,9.74,8.75,9.08,1286068,0
20140306,9.11,9.49,9.11,9.4,702032,0
20140307,9.01,11.25,9,10.25,3800485,0
20140310,10.33,10.65,9.26,9.47,1970274,0
20140311,10.29,10.45,9.01,9.38,1738155,0
20140312,9.26,9.93,9.05,9.81,731117,0
20140313,9.86,10.2,9.19,9.41,713267,0
20140314,9.3,9.62,9.2513,9.44,424917,0
20140317,9.52,9.72,9.15,9.49,655793,0
20140318,9.59,10,9.31,9.57,1154538,0
20140319,9.79,10.25,9.61,9.77,1035291,0
20140320,10.02,10.5,9.71,10.42,1341048,0
20140321,10.65,10.65,9.86,10.18,996230,0
20140324,10.17,10.17,8.8601,9.29,979642,0
20140325,9.53,9.88,9.11,9.85,846192,0
20140326,9.89,10.26,9.25,9.27,995600,0
20140327,9.3,9.8,8.95,9.4,947330,0
20140328,9.36,9.795,9.29,9.79,1349566,0
20140331,9.84,10.01,9.62,9.68,572949,0
20140401,9.72,10.09,9.55,9.97,589535,0
20140402,9.99,10.07,9.33,9.58,911051,0
20140403,9.69,9.74,9.22,9.29,713594,0
20140404,9.34,9.34,8.59,8.73,1268951,0
20140407,8.63,8.68,7.92,8.13,1068171,0
20140408,8.1,8.359,7.9,8.13,558774,0
20140409,8.3,8.67,8.1701,8.59,472731,0
20140410,8.58,8.72,8.21,8.29,644903,0
20140411,8.2,8.4,8,8.08,351133,0
20140414,8.19,8.43,8.04,8.14,362546,0
20140415,8.32,8.34,6.8973,7.59,1231027,0
20140416,7.69,8,7.52,7.91,389628,0
20140417,7.84,8.15,7.73,7.83,363966,0
20140421,7.83,8.28,7.6,7.85,414237,0
20140422,7.84,8.14,7.8,8.04,307914,0
20140423,7.96,8,7.75,7.79,310835,0
20140424,7.9,7.9434,7.51,7.55,312097,0
20140425,7.48,7.5,7.1674,7.23,335720,0
20140428,7.25,7.25,6.25,6.68,1007704,0
20140429,6.7,6.98,6.49,6.84,401870,0
20140430,6.79,6.82,6.49,6.61,282613,0
20140501,6.6,6.89,6.5,6.69,370207,0
20140502,6.69,6.77,6.33,6.33,420353,0
20140505,6.27,6.43,6.0373,6.32,435407,0
20140506,6.31,6.34,2.99,3.04,12202888,0
20140507,3.79,4.64,3.38,3.64,15606416,0
20140508,3.81,4.07,3.15,3.24,5760398,0
20140509,3.29,3.76,3.1601,3.62,1921841,0
20140512,3.8,4.02,3.58,3.64,2154083,0
20140513,3.43,3.8,3.43,3.76,1894665,0
20140514,3.51,3.77,3.3,3.5,2707842,0
20140515,3.43,3.49,3.31,3.45,787703,0
20140516,3.49,3.6,3.4,3.58,1392380,0
20140519,3.57,3.86,3.53,3.83,1546009,0
20140520,3.85,4.42,3.71,4.17,2397147,0
20140521,4.2,4.52,4.09,4.1,1655358,0
20140522,4.12,4.22,3.88,3.95,741934,0
20140523,3.99,4.25,3.93,4.18,435329,0
20140527,4.19,4.25,4.0544,4.15,342358,0
20140528,4.11,4.2799,4.1,4.16,308103,0
20140529,4.21,4.45,4.16,4.37,677182,0
20140530,4.45,4.62,4.3,4.35,546342,0
20140602,4.59,4.59,4.11,4.2,530590,0
20140603,4.54,4.548,4.1301,4.28,531164,0
20140604,4.24,4.25,4.05,4.17,447947,0
20140605,4.15,4.35,4.1,4.2,378832,0
20140606,4.24,4.44,4.21,4.37,493452,0
20140609,4.47,4.5,4.3,4.36,321779,0
20140610,4.44,4.58,4.32,4.38,778254,0
20140611,4.45,4.48,4.17,4.34,535425,0
20140612,4.32,4.49,4.25,4.44,390274,0
20140613,4.5,4.5,4.29,4.36,219665,0
20140616,4.35,4.42,4.27,4.32,258045,0
20140617,4.5,5.41,4.5,5.27,3395126,0
20140618,5.25,5.359,4.96,5.29,1013501,0
20140619,5.29,5.44,5.05,5.07,511924,0
20140620,5.04,5.15,4.84,5.1,514074,0
20140623,5.25,5.34,5.05,5.29,475490,0
20140624,5.31,6.1318,5.25,5.71,1753403,0
20140625,5.68,5.72,5.3,5.45,834941,0
20140626,5.45,5.9,5.32,5.79,734245,0
20140627,5.62,5.94,5.42,5.42,1022522,0
20140630,5.67,5.79,5.36,5.78,554380,0
20140701,5.79,6.13,5.78,5.89,690111,0
20140702,6.01,6.04,5.7,5.79,462500,0
20140703,5.77,5.94,5.77,5.798,342193,0
20140707,5.78,5.95,5.7,5.77,400573,0
20140708,5.7,5.99,5.511,5.63,816044,0
20140709,5.59,5.62,5.108,5.2,821965,0
20140710,5.22,5.2428,4.84,5.01,1013361,0
20140711,5,5.07,4.85,4.96,332381,0
20140714,5,5.44,4.98,5.41,537441,0
20140715,5.58,5.62,5.21,5.3,392427,0
20140716,5.4,5.47,5.2,5.24,233610,0
20140717,5.32,5.38,5.06,5.11,255082,0
20140718,5.08,5.23,4.99,5.2,296479,0
20140721,5.28,5.58,5.25,5.47,533554,0
20140722,5.5,5.73,5.24,5.33,523242,0
20140723,5.31,5.5,5.25,5.28,315153,0
20140724,5.36,5.5,5.29,5.48,318474,0
20140725,5.42,5.54,5.4087,5.47,191679,0
20140728,5.5,5.53,5.2,5.46,265439,0
20140729,5.53,5.55,5.33,5.49,180858,0
20140730,5.53,5.53,5.31,5.42,236573,0
20140731,5.31,5.43,5.06,5.13,413085,0
20140801,5.07,5.1,4.64,4.85,693263,0
20140804,4.85,5.16,4.85,5.1,303589,0
20140805,5.14,5.1756,4.9184,4.99,162716,0
20140806,4.89,5.02,4.6,4.95,230590,0
20140807,5.19,5.19,5,5.05,278112,0
20140808,4.62,5.09,4.6,5.06,382981,0
20140811,5.06,5.15,4.9,4.94,198255,0
20140812,5.06,5.176,4.95,5.01,168638,0
20140813,4.99,4.99,4.8,4.98,210538,0
20140814,5.02,5.12,4.9858,5.01,232395,0
20140815,5.04,5.0769,4.9,4.99,148031,0
20140818,5,5.17,4.85,5.09,290126,0
20140819,5.06,5.34,5,5.18,470000,0
20140820,5.13,5.23,5.04,5.13,136322,0
20140821,5.14,5.2,5.01,5.08,154751,0
20140822,5.07,5.12,4.97,5.12,156552,0
20140825,5.13,5.199,4.99,5.015,183054,0
20140826,5.06,5.11,4.9,4.97,155585,0
20140827,5,5.05,4.9,4.95,180472,0
20140828,4.9,4.975,4.75,4.77,371175,0
20140829,4.66,4.81,4.63,4.74,301194,0
20140902,4.69,4.88,4.66,4.71,172108,0
20140903,4.69,4.92,4.53,4.83,528257,0
20140904,4.83,4.89,4.71,4.73,157453,0
20140905,4.75,4.81,4.68,4.7,111570,0
20140908,4.68,4.76,4.65,4.71,162826,0
20140909,4.67,4.78,4.54,4.55,166066,0
20140910,4.58,4.69,4.38,4.68,195040,0
20140911,4.61,4.85,4.58,4.84,164412,0
20140912,4.82,4.88,4.63,4.66,189448,0
20140915,4.66,4.77,4.34,4.46,276726,0
20140916,4.43,4.55,4.375,4.54,130289,0
20140917,4.55,4.68,4.54,4.64,96839,0
20140918,4.64,4.64,4.5,4.5,117852,0
20140919,4.53,4.53,4.371,4.46,208505,0
20140922,4.4599,4.475,3.9,3.95,581524,0
20140923,3.8,3.83,3.55,3.69,663585,0
20140924,3.7,3.8,3.561,3.63,233951,0
20140925,3.61,3.63,3.41,3.45,329492,0
20140926,3.45,3.92,3.4257,3.89,315154,0
20140929,3.67,3.93,3.4804,3.76,457789,0
20140930,3.73,3.78,3.65,3.72,156257,0
20141001,3.65,3.65,3.5,3.52,231968,0
20141002,3.5,3.52,3.25,3.43,306743,0
20141003,3.46,3.5514,3.36,3.42,125072,0
20141006,3.66,3.8199,3.36,3.46,355167,0
20141007,3.42,3.51,3.31,3.32,146421,0
20141008,3.37,3.43,3.11,3.43,232985,0
20141009,3.45,3.47,3.2,3.34,199375,0
20141010,3.27,3.595,3.22,3.51,248630,0
20141013,3.5,3.74,3.3904,3.71,159204,0
20141014,3.85,4.05,3.78,3.89,362894,0
20141015,3.71,4.08,3.48,3.84,326427,0
20141016,3.77,4.032,3.5893,4.01,217534,0
20141017,4.19,4.2,3.93,3.99,163879,0
20141020,4.05,4.1,3.9038,4.08,122358,0
20141021,4.15,4.15,4.01,4.1,161218,0
20141022,4.14,4.15,3.95,4.05,135765,0
20141023,4.07,4.12,3.91,4.04,92160,0
20141024,4.07,4.09,3.8818,4.06,82778,0
20141027,4.06,4.06,3.87,4.04,88531,0
20141028,3.9,4.07,3.9,3.95,158298,0
20141029,3.88,4.02,3.88,3.92,117944,0
20141030,3.92,4.092,3.9,3.91,115983,0
20141031,3.91,4.04,3.9,3.98,130344,0
20141103,4.12,4.44,4.12,4.37,503063,0
20141104,4.29,4.3299,4.06,4.19,192063,0
20141105,4.21,4.37,4.12,4.29,146327,0
20141106,4.25,4.45,4.25,4.29,162804,0
20141107,3.85,4.05,3.42,3.8,747000,0
20141110,3.75,3.95,3.73,3.81,102400,0
20141111,3.93,3.95,3.52,3.58,295866,0
20141112,3.52,3.6,3.46,3.5,251031,0
20141113,3.53,3.64,3.45,3.58,192303,0
20141114,3.55,3.64,3.46,3.6,170039,0
20141117,3.6,3.68,3.41,3.45,198206,0
20141118,3.41,3.52,3.36,3.45,130374,0
20141119,3.45,3.47,3.31,3.34,138789,0
20141120,3.34,3.59,3.3096,3.59,88052,0
20141121,3.6,3.6,3.4052,3.47,125127,0
20141124,3.45,3.51,3.358,3.44,119825,0
20141125,3.4,3.46,3.32,3.4,105124,0
20141126,3.34,3.44,3.3101,3.39,121871,0
20141128,3.2,3.4499,3.2,3.27,158087,0
20141201,3.21,3.27,2.85,2.94,554286,0
20141202,3.1,3.1,2.92,3,97723,0
20141203,3,3.05,2.91,2.93,134938,0
20141204,2.93,2.9898,2.7,2.79,266485,0
20141205,2.76,2.79,2.45,2.56,448185,0
20141208,2.56,2.6,2.05,2.08,786304,0
20141209,2.11,2.1899,2.06,2.11,296429,0
20141210,2.09,2.1427,1.91,2,340292,0
20141211,1.97,2,1.83,1.84,292877,0
20141212,1.85,1.9,1.75,1.85,304051,0
20141215,1.89,2.41,1.89,2.16,653283,0
20141216,2.22,2.58,2.2,2.35,783020,0
20141217,2.37,2.52,2.2801,2.4,251865,0
20141218,2.49,2.56,2.37,2.4,235555,0
20141219,2.43,2.5282,2.36,2.45,187352,0
20141222,2.51,2.51,2.42,2.47,122726,0
20141223,2.46,2.48,2.35,2.4,120951,0
20141224,2.36,2.39,2.26,2.39,84740,0
20141226,2.39,2.45,2.3,2.32,141553,0
20141229,2.27,2.35,2.17,2.21,173345,0
20141230,2.2,2.22,2.03,2.03,294103,0
20141231,2.02,2.12,2,2.09,378343,0
20150102,2.09,2.44,2.09,2.42,344628,0
20150105,2.42,2.42,2.18,2.2,226981,0
20150106,2.24,2.33,2,2.27,263501,0
20150107,2.29,2.29,2.12,2.19,218330,0
20150108,2.2508,2.78,2.1899,2.72,751677,0
20150109,2.67,2.68,2.45,2.48,510860,0
20150112,2.44,2.48,2.32,2.46,104551,0
20150113,2.44,2.58,2.4,2.41,119738,0
20150114,2.41,2.48,2.31,2.47,120059,0
20150115,2.47,2.48,2.32,2.36,72256,0
20150116,2.29,2.45,2.28,2.28,110975,0
20150120,2.3,2.3499,2.14,2.27,187280,0
20150121,2.27,2.45,2.23,2.33,203483,0
20150122,2.3,2.43,2.3,2.37,78766,0
20150123,2.37,2.45,2.3501,2.42,126768,0
20150126,2.45,2.49,2.35,2.49,215584,0
20150127,2.43,2.56,2.43,2.52,117734,0
20150128,2.58,2.58,2.38,2.44,142680,0
20150129,2.41,2.48,2.37,2.44,86781,0
20150130,2.43,2.5,2.43,2.5,61481,0
20150202,2.5,2.54,2.405,2.52,70449,0
20150203,2.49,2.63,2.41,2.53,183212,0
20150204,2.53,2.59,2.49,2.59,60465,0
20150205,2.62,2.74,2.6,2.69,159211,0
20150206,2.66,2.8,2.65,2.79,158392,0
20150209,3.12,4.05,3.08,3.8,3677803,0
20150210,3.72,3.7399,3.32,3.47,1535567,0
20150211,3.5,3.5,3.19,3.26,616133,0
20150212,3.03,3.24,2.99,3,1054886,0
20150213,2.99,3.04,2.87,2.96,418267,0
20150217,2.95,3.03,2.88,2.99,164055,0
20150218,2.99,3.32,2.92,3.21,748391,0
20150219,3.3,3.43,3.2,3.23,668591,0
20150220,3.23,3.23,3.02,3.03,396406,0
20150223,3.02,3.07,2.94,2.99,183487,0
20150224,3,3.08,2.94,3.01,178765,0
20150225,2.99,3.04,2.97,3.04,94218,0
20150226,3.05,3.164,3.001,3.16,313154,0
20150227,3.15,3.18,3.0621,3.1,252917,0
20150302,3.1,3.14,2.98,3.01,257100,0
20150303,3.03,3.11,2.97,3.01,247000,0
20150304,3.1,3.1,2.91,2.98,315200,0
20150305,2.99,3.06,2.91,2.99,155300,0
20150306,2.93,2.97,2.83,2.85,246000,0
20150309,2.87,2.9,2.81,2.9,173900,0
20150310,2.9,2.91,2.82,2.85,162400,0
20150311,2.85,2.95,2.82,2.92,142400,0
20150312,2.95,3,2.85,2.87,318700,0
20150313,2.88,2.94,2.46,2.55,1006600,0
20150316,2.51,2.53,2.31,2.43,316600,0
20150317,2.41,2.43,2.33,2.35,257500,0
20150318,2.39,2.41,2.22,2.28,254600,0
20150319,2.31,2.37,2.22,2.23,200000,0
20150320,2.23,2.38,2.22,2.35,229300,0
20150323,2.36,2.39,2.27,2.39,154500,0
20150324,2.35,2.63,2.35,2.55,336100,0
20150325,2.55,2.6,2.4,2.45,131300,0
20150326,2.45,2.58,2.43,2.57,129100,0
20150327,2.52,2.85,2.52,2.8,330700,0
20150330,2.83,2.84,2.62,2.65,172600,0
20150331,2.66,2.68,2.54,2.67,79687,0
20150401,2.68,2.82,2.63,2.81,256300,0
20150402,2.87,3.13,2.7,2.88,727100,0
20150406,2.89,2.95,2.78,2.78,151300,0
20150407,2.78,2.87,2.65,2.73,227888,0
20150408,2.79,2.8,2.73,2.79,72200,0
20150409,2.8,2.84,2.77,2.82,96954,0
20150410,2.83,2.98,2.81,2.89,154400,0
20150413,3,3.05,2.76,2.92,486900,0
20150414,2.98,3.01,2.81,3,241000,0
20150415,3,3.0671,2.93,2.96,196697,0
20150416,3.01,3.01,2.9,2.99,123020,0
20150417,2.97,2.98,2.88,2.91,115500,0
20150420,2.93,2.93,2.82,2.86,75229,0
20150421,2.82,2.95,2.8,2.89,123605,0
20150422,2.87,2.99,2.83,2.86,88246,0
20150423,2.88,2.97,2.83,2.97,123500,0
20150424,2.97,2.97,2.85,2.9,69849,0
20150427,3,3.05,2.85,2.85,243400,0
20150428,2.86,3,2.85,2.92,183204,0
20150429,2.92,3.07,2.89,3,364800,0
20150430,2.95,3.1,2.9,3.08,228900,0
20150501,3.06,3.08,2.85,2.94,268000,0
20150504,2.97,3.03,2.89,2.94,152600,0
20150505,2.97,3.1,2.89,2.95,175700,0
20150506,2.93,3.04,2.81,2.85,172714,0
20150507,2.87,2.88,2.68,2.72,271839,0
20150508,2.87,2.87,2.73,2.83,106100,0
20150511,2.81,2.92,2.77,2.92,60800,0
20150512,2.9,2.97,2.8401,2.89,113806,0
20150513,2.87,2.94,2.81,2.89,38468,0
20150514,2.93,3.02,2.85,2.87,238700,0
20150515,2.85,2.93,2.81,2.89,44077,0
20150518,2.85,2.92,2.82,2.91,123831,0
20150519,2.94,2.97,2.84,2.85,42694,0
20150520,2.86,2.93,2.81,2.89,81097,0
20150521,2.92,2.97,2.85,2.97,84600,0
20150522,2.95,2.99,2.87,2.93,79200,0
20150526,2.88,2.94,2.8101,2.89,79069,0
20150527,2.9,2.91,2.8,2.88,58700,0
20150528,2.86,2.8906,2.8,2.83,103935,0
20150529,2.83,2.89,2.8,2.84,51500,0
20150601,2.83,2.89,2.76,2.89,55977,0
20150602,2.85,3.05,2.82,2.92,372685,0
20150603,2.94,2.96,2.82,2.94,134900,0
20150604,2.92,2.93,2.87,2.9,43000,0
20150605,2.92,2.92,2.83,2.89,89100,0
20150608,2.85,2.92,2.75,2.85,126700,0
20150609,2.88,2.88,2.79,2.82,56213,0
20150610,2.81,2.84,2.75,2.82,78992,0
20150611,2.79,2.83,2.69,2.69,126865,0
20150612,2.68,2.69,2.55,2.61,148000,0
20150615,2.62,2.7,2.58,2.6,85100,0
20150616,2.63,2.7,2.56,2.61,94300,0
20150617,2.6,2.62,2.56,2.58,60300,0
20150618,2.59,2.62,2.5,2.5,109000,0
20150619,2.51,2.66,2.51,2.6,181200,0
20150622,2.6,2.7,2.55,2.63,77000,0
20150623,2.61,2.64,2.55,2.61,57311,0
20150624,2.62,2.62,2.53,2.55,78400,0
20150625,2.53,2.57,2.34,2.47,188300,0
20150626,2.51,2.53,2.4,2.44,117000,0
20150629,2.44,2.44,2.2,2.24,346100,0
20150630,2.21,2.3,2.15,2.21,233618,0
20150701,2.2,2.28,2.05,2.18,200800,0
20150702,2.16,2.47,2.14,2.43,114200,0
20150706,2.42,2.42,2.3,2.34,51400,0
20150707,2.32,2.33,2.17,2.28,80700,0
20150708,2.23,2.3,2.12,2.14,116000,0
20150709,2.16,2.31,2.12,2.26,114900,0
20150710,2.29,2.29,2.16,2.28,51800,0
20150713,2.28,2.32,2.15,2.22,88200,0
20150714,2.2,2.28,2.2,2.24,78359,0
20150715,2.22,2.27,2.12,2.15,127459,0
20150716,2.14,2.21,2.12,2.19,75500,0
20150717,2.2,2.31,2.13,2.29,81000,0
20150720,2.29,2.32,2.13,2.14,100500,0
20150721,2.13,2.22,2.1,2.2,42700,0
20150722,2.19,2.27,2.15,2.22,81300,0
20150723,2.25,2.26,2.15,2.17,86800,0
20150724,2.14,2.17,2.1,2.11,84400,0
20150727,2.1,2.15,1.9,1.95,234700,0
20150728,1.95,2.04,1.83,2.01,151900,0
20150729,2,2.0901,1.95,2.05,41812,0
20150730,2.05,2.11,2.01,2.02,63400,0
20150731,2,2.06,2,2.01,47400,0
20150803,2,2.04,1.9075,1.94,69319,0
20150804,1.91,1.99,1.86,1.9,78600,0
20150805,1.92,2.13,1.9,1.92,118000,0
20150806,1.93,1.9916,1.85,1.89,123824,0
20150807,1.89,1.98,1.73,1.74,252000,0
20150810,1.75,1.96,1.69,1.72,210500,0
20150811,1.7,1.73,1.63,1.65,154800,0
20150812,1.63,1.77,1.45,1.69,269100,0
20150813,1.61,1.71,1.51,1.53,131300,0
20150814,1.58,1.7,1.52,1.57,94500,0
20150817,1.56,1.62,1.51,1.59,148100,0
20150818,1.59,1.67,1.52,1.52,90000,0
20150819,1.52,1.54,1.41,1.42,247100,0
20150820,1.38,1.41,1.26,1.29,341200,0
20150821,1.29,1.3,1.19,1.22,242300,0
20150824,1.18,1.3799,1.1168,1.3,251316,0
20150825,1.35,1.44,1.28,1.3,223200,0
20150826,1.29,1.46,1.28,1.44,198500,0
20150827,1.48,1.6,1.45,1.53,259000,0
20150828,1.55,1.7,1.49,1.66,125700,0
20150831,1.67,1.69,1.48,1.66,217900,0
20150901,1.55,1.64,1.49,1.55,176400,0
20150902,1.56,1.6,1.5,1.56,116900,0
20150903,1.58,1.58,1.49,1.51,76100,0
20150904,1.53,1.53,1.41,1.49,91100,0
20150908,1.54,1.55,1.43,1.51,67700,0
20150909,1.5,1.58,1.43,1.46,67800,0
20150910,1.45,1.49,1.43,1.43,63912,0
20150911,1.4,1.58,1.4,1.41,67400,0
20150914,1.4,1.48,1.3,1.38,103800,0
20150915,1.34,1.4,1.31,1.32,83400,0
20150916,1.32,1.52,1.31,1.45,246300,0
20150917,1.4,1.5,1.35,1.35,102952,0
20150918,1.34,1.46,1.34,1.45,89800,0
20150921,1.49,1.5,1.36,1.4,39000,0
20150922,1.38,1.44,1.33,1.43,102900,0
20150923,1.43,1.44,1.32,1.32,143000,0
20150924,1.32,1.3201,1.24,1.3,176262,0
20150925,1.33,1.4,1.18,1.21,273100,0
20150928,1.18,1.18,1.1,1.1,238081,0
20150929,1.1,1.1,1,1.01,675100,0
20150930,1.07,1.1,1,1.1,171100,0
20151001,1.11,1.18,1.07,1.14,121800,0
20151002,1.11,1.15,1.07,1.13,68600,0
20151005,1.17,1.19,1.14,1.18,94266,0
20151006,1.15,1.32,1.15,1.27,177100,0
20151007,1.26,1.44,1.26,1.42,197214,0
20151008,1.45,1.55,1.34,1.53,289200,0
20151009,1.54,1.62,1.5,1.53,222100,0
20151012,1.53,1.53,1.355,1.41,253350,0
20151013,1.4,1.47,1.38,1.46,20300,0
20151014,1.47,1.49,1.41,1.42,19250,0
20151015,1.4,1.49,1.4,1.48,70500,0
20151016,1.48,1.5,1.38,1.38,45200,0
20151019,1.37,1.44,1.35,1.39,36542,0
20151020,1.41,1.42,1.23,1.3,175257,0
20151021,1.32,1.32,1.2,1.26,77700,0
20151022,1.29,1.39,1.2,1.21,94900,0
20151023,1.2,1.25,1.18,1.25,57500,0
20151026,1.25,1.26,1.18,1.2,117300,0
20151027,1.18,1.25,1.11,1.11,153700,0
20151028,1.14,1.21,1.11,1.17,281700,0
20151029,1.17,1.18,1.06,1.11,141100,0
20151030,1.12,1.17,1.07,1.1,134000,0
20151102,1.1,1.26,1.0801,1.25,208239,0
20151103,1.26,1.26,1.18,1.22,115339,0
20151104,1.2,1.22,1.18,1.2,49034,0
20151105,1.2,1.25,1.18,1.19,53100,0
20151106,1.17,1.2,1.17,1.2,22100,0
20151109,1.2,1.226,1.18,1.2,41563,0
20151110,1.17,1.21,1.11,1.14,63300,0
20151111,1.11,1.17,1.08,1.17,70700,0
20151112,1.16,1.16,0.97,1.02,517200,0
20151113,1.04,1.04,0.88,0.91,782600,0
20151116,0.91,0.95,0.81,0.84,205100,0
20151117,0.88,0.88,0.83,0.85,238400,0
20151118,0.85,0.9,0.82,0.84,135200,0
20151119,0.815,0.867,0.815,0.865,189944,0
20151120,0.83,0.88,0.83,0.83,282500,0
20151123,0.83,0.88,0.82,0.82,227900,0
20151124,0.84,0.96,0.82,0.92,314100,0
20151125,1,1.04,0.89,0.93,400600,0
20151127,0.93,0.96,0.89,0.89,55600,0
20151130,0.9,0.95,0.9,0.9,195100,0
20151201,0.91,0.95,0.9,0.95,61802,0
20151202,0.93,0.98,0.92,0.92,80570,0
20151203,0.91,0.9549,0.88,0.88,56333,0
20151204,0.89,0.91,0.85,0.89,84500,0
20151207,0.9,0.92,0.84,0.84,108300,0
20151208,0.84,0.889,0.84,0.84,67188,0
20151209,0.85,0.89,0.84,0.84,65000,0
20151210,0.82,0.86,0.82,0.85,102300,0
20151211,0.83,0.85,0.83,0.83,29700,0
20151214,0.82,0.87,0.8,0.81,112284,0
20151215,0.83,0.84,0.8,0.83,62000,0
20151216,0.82,0.87,0.81,0.82,138300,0
20151217,0.85,0.86,0.76,0.82,146300,0
20151218,0.8,0.83,0.79,0.81,88500,0
20151221,0.79,0.82,0.78,0.79,142500,0
20151222,0.77,0.829,0.74,0.7547,280731,0
20151223,0.76,0.83,0.75,0.77,120400,0
20151224,0.78,0.829,0.78,0.8266,46309,0
20151228,0.81,0.849,0.8055,0.8056,77426,0
20151229,0.8115,0.839,0.7659,0.779,185810,0
20151230,0.778,0.78,0.7,0.7,246010,0
20151231,0.72,0.7489,0.6837,0.7301,188647,0
20160104,0.7,0.7906,0.7,0.7859,41823,0
20160105,0.796,0.81,0.755,0.762,62506,0
20160106,0.76,0.858,0.76,0.7801,123328,0
20160107,0.79,0.79,0.7,0.7151,103438,0
20160108,0.72,0.75,0.7,0.71,144452,0
20160111,0.72,0.81,0.7,0.73,35436,0
20160112,0.72,0.74,0.6798,0.7,62878,0
20160113,0.7134,0.7134,0.6577,0.66,88326,0
20160114,0.71,0.71,0.6601,0.69,41014,0
20160115,0.68,0.6801,0.6,0.615,63148,0
20160119,0.66,0.68,0.55,0.58,73900,0
20160120,0.59,0.6,0.5,0.5606,344101,0
20160121,0.58,0.647,0.58,0.61,80513,0
20160122,0.59,0.66,0.59,0.6301,58849,0
20160125,0.6266,0.663,0.6266,0.66,6096,0
20160126,0.63,0.63,0.562,0.59,84625,0
20160127,0.616,0.616,0.56,0.58,43310,0
20160128,0.5951,0.598,0.55,0.59,31528,0
20160129,0.6479,0.648,0.572,0.572,118944,0
20160201,0.5978,0.598,0.52,0.5445,47081,0
20160202,0.6,0.6,0.52,0.5251,38046,0
20160203,0.514,0.558,0.51,0.514,36464,0
20160204,0.56,0.5899,0.5502,0.56,50219,0
20160205,0.62,0.66,0.58,0.6494,120446,0
20160208,0.6266,0.69,0.6266,0.6498,112118,0
20160209,0.65,0.65,0.625,0.6348,28833,0
20160210,0.66,0.7397,0.63,0.7374,246324,0
20160211,0.79,0.79,0.72,0.74,112410,0
20160212,0.762,0.7699,0.695,0.7299,97181,0
20160216,0.703,0.753,0.582,0.678,195162,0
20160217,0.69,0.69,0.63,0.668,80088,0
20160218,0.67,0.68,0.6588,0.678,29387,0
20160219,0.6774,0.69,0.65,0.688,59685,0
20160222,0.68,0.73,0.68,0.73,41695,0
20160223,0.74,0.74,0.726,0.73,24930,0
20160224,0.7299,0.735,0.6803,0.733,17819,0
20160225,0.7,0.735,0.7,0.73,29754,0
20160226,0.735,0.745,0.73,0.745,61596,0
20160229,0.73,0.748,0.72,0.72,49237,0
20160301,0.73,0.742,0.7,0.742,38117,0
20160302,0.74,0.74,0.71,0.7399,39845,0
20160303,0.7374,0.745,0.7226,0.7226,79874,0
20160304,0.735,0.735,0.7129,0.7129,51192,0
20160307,0.73,0.76,0.68,0.7226,117477,0
20160308,0.7225,0.76,0.71,0.74,49957,0
20160309,0.718,0.82,0.718,0.79,119001,0
20160310,0.83,0.83,0.77,0.8,83039,0
20160311,0.8,0.8,0.7607,0.79,34375,0
20160314,0.79,0.82,0.7696,0.82,27219,0
20160315,0.71,0.71,0.29,0.3595,1929650,0
20160316,0.33,0.38,0.321,0.38,408271,0
20160317,0.355,0.38,0.35,0.3693,357517,0
20160318,0.39,0.39,0.339,0.34,238738,0
20160321,0.34,0.3775,0.34,0.3763,218493,0
20160322,0.3878,0.4025,0.37,0.386,84696,0
20160323,0.23,0.28,0.1305,0.167,2864520,0
20160324,0.14,0.16,0.11,0.1501,932130,0
20160328,0.15,0.15,0.087,0.095,2128726,0
20160329,0.0755,0.29,0.0755,0.261,5829885,0
20160330,0.261,0.261,0.16,0.1611,2853294,0
20160331,0.16,0.1603,0.08,0.0801,5776101,0
