Date,Open,High,Low,Close,Volume,OpenInt
20070724,11,11,11,11,0,0
20070725,11,11.05,9.75,10.13,1743478,0
20070726,10.25,10.49,9.98,10.3,274281,0
20070727,10.25,10.6,10.15,10.15,26081,0
20070730,10.75,10.75,10.22,10.4,31741,0
20070731,10.7,10.7,10.3,10.35,230330,0
20070801,10.35,10.36,10.16,10.35,30136,0
20070802,10.45,10.45,10.15,10.45,182379,0
20070803,10.35,10.45,10.15,10.35,9380,0
20070806,10.26,10.26,10,10,91891,0
20070807,10.26,10.28,10,10.01,19821,0
20070808,10,10.26,10,10.04,31714,0
20070809,10.24,10.25,10,10.1,10358,0
20070810,10,10.07,9.75,10,68079,0
20070813,9.91,9.91,9.25,9.75,64282,0
20070814,9.89,9.99,8.9,9.5,35344,0
20070815,9.11,9.11,8.75,9,90127,0
20070816,9.38,9.39,8.8,9,43820,0
20070817,9.01,10,9,9.25,30099,0
20070820,9.1,9.5,9,9.09,13573,0
20070821,9.09,9.43,9.04,9.1,3580,0
20070822,9.23,9.93,8.86,8.9,106607,0
20070823,9.25,9.25,8.7,8.71,167152,0
20070824,8.96,8.96,8.7,8.7,14988,0
20070827,8.7,8.78,8.6,8.69,56819,0
20070828,8.74,8.74,8.51,8.65,26368,0
20070829,8.6,8.6,8.41,8.6,15008,0
20070830,8.61,8.61,8.34,8.6,11710,0
20070831,8.55,8.61,8.4,8.61,17801,0
20070904,8.87,9.24,8.76,8.84,67966,0
20070905,9,9,7.88,8.06,75917,0
20070906,8.25,8.5,7.98,8.14,136987,0
20070907,8.14,8.15,7.81,8.15,35795,0
20070910,8.35,8.36,7.96,8,46372,0
20070911,8,8.24,7.75,7.75,562708,0
20070912,8.12,8.15,7.75,8.11,78747,0
20070913,8.12,8.17,7.79,7.82,558509,0
20070914,7.87,8.1,7.55,8.1,71501,0
20070917,8.2,8.41,8.13,8.38,117422,0
20070918,8.49,9,8.46,8.74,61767,0
20070919,8.8,9.25,8.55,9.08,122717,0
20070920,9.23,9.23,8.62,8.88,65722,0
20070921,8.99,9.2,8.8,9.1,88119,0
20070924,9.23,9.74,9.01,9.01,28946,0
20070925,8.94,9.54,8.76,8.82,29631,0
20070926,8.71,9.35,8.5,8.71,27223,0
20070927,8.63,8.79,8.19,8.44,123556,0
20070928,8.58,9,8.05,8.05,880615,0
20071001,8.11,8.52,8.08,8.25,102223,0
20071002,8.27,8.69,8.12,8.69,121221,0
20071003,8.65,8.95,8.25,8.84,96921,0
20071004,8.76,8.95,8.51,8.86,119566,0
20071005,8.9,9.36,8.75,9.36,23586,0
20071008,9.32,9.37,8.88,9.24,30655,0
20071009,9.36,9.75,9.26,9.7,102494,0
20071010,9.65,9.95,9.5,9.95,67427,0
20071011,9.93,10.16,9.93,9.98,116146,0
20071012,10,10.23,9.87,9.99,41245,0
20071015,10.03,10.1,9.53,9.72,90657,0
20071016,9.71,10.1,9.66,9.96,47330,0
20071017,9.97,10.1,9.77,9.83,22053,0
20071018,9.62,10,9.28,9.86,37234,0
20071019,9.85,9.88,9.02,9.21,60509,0
20071022,9.19,9.83,8.88,9.04,30035,0
20071023,9.08,9.45,8.89,8.95,35943,0
20071024,8.92,9.31,8.52,8.87,51787,0
20071025,8.91,9.34,8.9,9.17,22739,0
20071026,9.24,10.03,9.14,9.9,26158,0
20071029,9.88,10.11,9.57,9.78,65795,0
20071030,9.75,9.99,9.43,9.93,76275,0
20071031,9.95,9.99,9.66,9.89,102098,0
20071101,9.84,9.9,9.27,9.35,72636,0
20071102,9.35,9.99,9.26,9.67,44586,0
20071105,9.6,9.6,9.3,9.54,27222,0
20071106,9.72,10.12,9.72,9.99,86726,0
20071107,9.95,10.14,9.48,9.5,71570,0
20071108,9.54,9.59,9.34,9.4,47145,0
20071109,9.3,9.3,8.83,8.96,76866,0
20071112,8.99,9.09,8.78,8.91,33185,0
20071113,9.01,9.61,8.92,9.48,109311,0
20071114,9.6,9.89,9.51,9.74,132027,0
20071115,9.84,10.1,9.43,9.73,59388,0
20071116,9.73,9.73,8.97,9.6,82026,0
20071119,9.55,9.9,9.2,9.69,38282,0
20071120,9.67,9.91,9.41,9.91,36060,0
20071121,9.95,10.06,9.49,9.62,27902,0
20071123,9.68,10.25,9.68,10.2,31286,0
20071126,10.2,10.4,9.76,9.8,97701,0
20071127,9.76,10,9.33,9.95,34151,0
20071128,10.01,10.4,9.92,10.22,43543,0
20071129,10.24,10.24,9.98,10.13,24593,0
20071130,10.19,10.66,9.89,9.89,80673,0
20071203,9.92,10.03,9.01,9.3,77387,0
20071204,9.26,9.36,8.97,9.1,33712,0
20071205,9.08,9.83,9.08,9.59,37891,0
20071206,9.62,10.25,9.51,10.14,78914,0
20071207,10.29,10.3,10.01,10.25,61258,0
20071210,10.29,10.3,9.8,10.14,127200,0
20071211,10,10.15,9.5,9.55,41944,0
20071212,9.65,10.13,9.65,9.76,49384,0
20071213,9.72,9.79,9.11,9.7,51585,0
20071214,9.64,9.68,9.05,9.24,58736,0
20071217,9.21,9.52,9,9,255165,0
20071218,9.05,9.91,8.61,9.65,395895,0
20071219,9.61,9.9,9.48,9.84,35241,0
20071220,9.87,9.9,9.56,9.9,53870,0
20071221,10,11,9.93,11,227631,0
20071224,10.98,11.14,10.66,11.02,80103,0
20071226,11.02,11.25,10.86,11.13,112674,0
20071227,11.23,11.34,10.88,11.29,93547,0
20071228,11.34,11.34,11,11.18,47333,0
20071231,11.13,12,11,11.93,119839,0
20080102,12,12.25,11.59,11.76,136306,0
20080103,11.76,11.95,11.26,11.68,134102,0
20080104,11.61,11.61,11.04,11.17,30957,0
20080107,11.17,11.75,11.02,11.47,103873,0
20080108,11.31,12.75,11.31,12.37,452537,0
20080109,12.37,13.18,12.36,12.9,312351,0
20080110,12.73,13.11,12.56,12.74,136826,0
20080111,12.7,12.84,11.94,11.97,215145,0
20080114,12.12,12.5,11.17,11.7,1437521,0
20080115,11.59,11.98,11.01,11.28,251323,0
20080116,11.28,11.87,10.5,10.78,228484,0
20080117,10.95,11,10.1,10.13,253160,0
20080118,10.18,10.91,9.69,10.57,358648,0
20080122,10.02,10.83,9.68,10.58,92032,0
20080123,10.31,10.47,9.5,10.24,108031,0
20080124,10.31,10.96,9.82,10.76,171402,0
20080125,10.92,11.94,10.84,11.46,208068,0
20080128,11.51,11.55,11.03,11.42,82967,0
20080129,11.35,11.45,11.08,11.31,125068,0
20080130,11.28,11.85,11.26,11.51,46591,0
20080131,11.3,11.82,11.11,11.59,79364,0
20080201,11.68,11.87,11.35,11.63,70636,0
20080204,11.69,12.12,11.31,12.01,135139,0
20080205,11.76,12,11.65,11.86,88032,0
20080206,11.98,12.21,11.8,11.86,202257,0
20080207,11.9,11.97,11.42,11.82,181470,0
20080208,11.81,12.22,11.66,12.05,64779,0
20080211,12.01,12.9,11.93,12.62,174595,0
20080212,12.62,13.04,12.55,12.66,80111,0
20080213,12.72,13,12.38,12.66,54905,0
20080214,12.98,13.75,12.55,13.25,224521,0
20080215,13.2,13.3,12.9,13.3,165740,0
20080219,13.57,13.74,13.46,13.56,273353,0
20080220,13.51,14.52,13.37,14.5,192622,0
20080221,14.87,15.36,14.66,14.72,195506,0
20080222,14.78,14.94,14.27,14.63,54902,0
20080225,14.6,17.17,14,16.79,215854,0
20080226,17.18,17.95,16.81,17.69,655354,0
20080227,17.66,17.85,17.13,17.5,204677,0
20080228,17.38,17.49,15.6,16.27,773241,0
20080229,16.26,16.26,15.53,15.7,122737,0
20080303,15.77,17.08,15.33,15.89,113643,0
20080304,15.84,15.9,15.2,15.68,54499,0
20080305,15.79,16.6,15.7,16,77208,0
20080306,16.04,16.67,15.5,15.5,52136,0
20080307,15.31,16.01,15.31,15.65,64988,0
20080310,15.73,15.76,14.96,15.19,330352,0
20080311,15.54,16.69,15.2,16.61,279923,0
20080312,16.5,16.5,15.66,16.25,168418,0
20080313,16.07,16.64,15.61,16.64,169282,0
20080314,16.62,16.62,15.65,16,114159,0
20080317,15.7,16,14.9,15.06,115271,0
20080318,15.4,16.24,14.99,16,167911,0
20080319,15.92,15.98,14.51,15.19,190643,0
20080320,15.11,15.4,14.36,15.05,219599,0
20080324,15.05,15.76,14.73,15.75,51523,0
20080325,15.7,16.22,15.35,16,133044,0
20080326,16,17.17,15.67,16.44,368449,0
20080327,16.5,16.5,16.11,16.26,87891,0
20080328,16,16.3,15.86,16.26,44467,0
20080331,16.24,16.77,15.96,16.64,194042,0
20080401,16.8,16.87,16.09,16.75,191867,0
20080402,16.88,17.5,16.43,16.65,807487,0
20080403,16.7,17,16.39,16.76,214308,0
20080404,16.76,17.5,16.5,17.39,274364,0
20080407,17.59,18.84,17.31,18.68,535727,0
20080408,17.7,18.06,17.18,17.62,273339,0
20080409,17.69,18.68,17.48,18.23,126426,0
20080410,18.28,18.92,17.7,17.89,207846,0
20080411,17.71,17.96,17.48,17.69,131824,0
20080414,17.75,18.95,17.56,18.39,456633,0
20080415,18.61,20.17,18.61,19.9,368931,0
20080416,19.97,22.62,19.91,22.34,639387,0
20080417,22,22.74,21.76,21.99,296729,0
20080418,22.13,22.75,21.67,22.59,243848,0
20080421,22.65,23.01,22.05,22.17,177297,0
20080422,22.41,22.6,20.92,20.95,161756,0
20080423,20.9,22.37,20.9,21.12,476435,0
20080424,21.32,21.97,20.9,21.08,206542,0
20080425,21.24,22.15,20.92,21.74,136502,0
20080428,21.81,23,21.55,22.22,181887,0
20080429,21.89,22.03,21.02,21.68,415512,0
20080430,21.73,22.85,21.46,21.7,1756054,0
20080501,21.4,22.9,21.1,22.65,595679,0
20080502,22.94,24.45,22.64,24.05,477010,0
20080505,24.21,24.21,22.55,23,348834,0
20080506,23.1,25.3,23.01,24.7,462508,0
20080507,25.11,25.49,23.75,23.89,173455,0
20080508,23.85,24.48,23.59,24.37,169098,0
20080509,24.54,24.64,23.11,23.98,336060,0
20080512,24,24,22.6,22.76,484990,0
20080513,22.94,25.4,22.87,25.15,385790,0
20080514,25.16,25.16,23.04,23.53,474385,0
20080515,23.57,24.11,23.24,23.94,304156,0
20080516,23.94,24.56,23.56,23.85,306594,0
20080519,23.72,23.99,23.3,23.83,386628,0
20080520,23.82,24,23.05,23.88,202114,0
20080521,23.99,24.84,23,24.7,331776,0
20080522,24.9,25.56,24.48,25.16,382749,0
20080523,25.2,25.73,23.23,23.72,473856,0
20080527,23.7,24.47,22.76,23.57,557427,0
20080528,23.55,23.65,22.69,23.43,193346,0
20080529,23.3,23.41,21.64,22.19,401230,0
20080530,22.27,22.95,21.89,22.36,398274,0
20080602,22.29,22.44,21.13,22.22,522153,0
20080603,22.22,23.59,22.2,22.7,556106,0
20080604,22.38,22.86,22.06,22.38,208885,0
20080605,22.35,23.63,21.99,23.46,257158,0
20080606,23.64,26.21,23.56,25.64,555067,0
20080609,26,28.44,25.56,27.54,635541,0
20080610,27.35,27.45,26.44,27.05,623258,0
20080611,29.23,29.92,28.14,28.75,1740639,0
20080612,29.3,29.9,28.51,28.75,723912,0
20080613,29.07,29.35,26.81,27.34,997035,0
20080616,28,28.97,27.58,28.1,535465,0
20080617,28.51,28.8,27.78,28.42,457908,0
20080618,28.79,28.98,28.1,28.78,547908,0
20080619,29,29,27.2,27.27,604016,0
20080620,27.42,28.25,26.79,28.06,681849,0
20080623,28.24,29.5,28.18,28.55,372338,0
20080624,28.75,28.89,26.75,26.89,328200,0
20080625,26.9,27.41,24.26,25.28,906485,0
20080626,25.35,26.2,25.2,25.6,358841,0
20080627,25.45,26.45,24.88,26.4,1368039,0
20080630,27.07,27.9,26.25,26.4,548003,0
20080701,26.69,26.76,25.48,26.45,430696,0
20080702,26.45,27.15,24.11,24.26,725987,0
20080703,24.16,24.53,21.87,24.14,676324,0
20080707,23.68,24.08,21.84,22.52,455797,0
20080708,22.5,22.98,19.84,22.62,810793,0
20080709,22.35,23,22.07,22.25,356682,0
20080710,22.29,23.47,21.6,23.28,384843,0
20080711,23.32,24.19,22.97,23.67,308978,0
20080714,23.88,24.86,23.76,23.85,452148,0
20080715,23.98,24.35,22.98,23.05,442632,0
20080716,23.05,24.49,22.55,24.05,467629,0
20080717,23.98,24.03,20.06,21.48,525363,0
20080718,21.6,22.97,21.09,21.23,340815,0
20080721,21.09,22.23,20.85,21.68,313146,0
20080722,21.7,21.96,19.78,19.9,494616,0
20080723,19.82,19.82,16.91,17.07,796395,0
20080724,17.07,17.94,16.23,17,1295081,0
20080725,16.92,19.1,16.57,18.1,566573,0
20080728,17.86,18.24,17.5,17.54,402911,0
20080729,17.54,18.08,17,17.83,351784,0
20080730,17.7,19.54,17.53,19.5,489769,0
20080731,19.3,20.18,19.01,19.9,594500,0
20080801,19.8,20.2,19.44,19.9,307786,0
20080804,19.76,20.78,17.76,18,1191935,0
20080805,18.1,18.1,16.52,16.84,770795,0
20080806,16.9,18.44,16.3,18.15,755713,0
20080807,18.24,20.77,18.1,20.38,883014,0
20080808,20.12,21.23,19.59,19.8,1157700,0
20080811,19.96,20.02,18.26,18.51,545851,0
20080812,18.6,19.47,18.38,19.14,547584,0
20080813,19.12,20.1,18.95,19.92,336408,0
20080814,19.71,20.79,19.32,20.6,488113,0
20080815,20.63,20.99,19.61,19.95,461917,0
20080818,19.94,20.35,19.62,19.94,371111,0
20080819,19.9,20.34,19.75,20.15,291974,0
20080820,20.26,21.36,20.06,21.15,268387,0
20080821,21.39,22.9,20.89,22.56,360231,0
20080822,22.24,22.54,20.8,21.42,188946,0
20080825,21.44,21.44,20.37,21.1,408737,0
20080826,21.1,21.31,20.02,20.98,174535,0
20080827,21.1,21.73,20.17,21,325456,0
20080828,21.01,21.25,20.06,20.31,323095,0
20080829,20.4,20.8,19.94,20.07,223240,0
20080902,19.87,19.87,17.65,18.03,429466,0
20080903,18,18.09,16.1,16.24,589273,0
20080904,16.31,16.37,14.5,15.31,797064,0
20080905,15.42,15.47,14.15,14.9,603327,0
20080908,15.14,15.22,14.53,14.66,825370,0
20080909,14.57,14.85,13.86,13.93,687028,0
20080910,13.9,14.94,13.79,14.7,524421,0
20080911,14.5,16.05,14.5,15.54,489508,0
20080912,15.64,16.64,15.42,16.56,410867,0
20080915,15.79,16.31,14.99,15.47,418029,0
20080916,14.91,16.27,14.07,16.05,644602,0
20080917,15.95,17.05,15.25,16.2,1297260,0
20080918,16.44,17.9,16.38,17.51,549961,0
20080919,18.17,21.25,17.73,21.16,1509177,0
20080922,21.21,21.58,18.92,19.19,405341,0
20080923,19.18,19.71,18.67,19.04,338551,0
20080924,19.33,20.31,18.91,18.96,259683,0
20080925,19.01,19.91,19.01,19.5,515786,0
20080926,19.06,19.41,18.3,19.01,482045,0
20080929,18.05,18.17,15.11,15.76,663262,0
20080930,15.93,16.46,14.56,15.76,763565,0
20081001,15.55,15.58,14.11,14.55,340935,0
20081002,14.46,14.46,12.9,13.33,379545,0
20081003,12.56,13.4,11.5,11.65,498133,0
20081006,10.79,10.79,8.46,9.6,975211,0
20081007,9.71,10.3,7.8,7.81,835622,0
20081008,7.54,8.62,7.09,8.2,749249,0
20081009,8.39,9,8.03,8.2,1723280,0
20081010,8,8.14,6.51,7.41,1162139,0
20081013,7.9,9.29,7.41,9.13,701255,0
20081014,9.38,10.21,7.88,8.41,500485,0
20081015,8.12,8.4,6.78,6.98,565373,0
20081016,7.11,7.16,5.96,6.8,1011681,0
20081017,6.58,7.96,6.55,7.65,571757,0
20081020,7.94,9.14,7.9,9.06,537031,0
20081021,8.81,9.45,8.44,9.03,566686,0
20081022,8.94,9.15,7.18,7.5,538939,0
20081023,7.55,8.11,7.07,7.48,446239,0
20081024,6.65,7.24,6.65,6.98,618132,0
20081027,6.93,7.41,6.41,6.43,266717,0
20081028,6.73,6.93,5.83,6.36,802875,0
20081029,6.45,7.07,6.15,6.77,704737,0
20081030,6.98,7.43,6.91,7.15,727552,0
20081031,7.02,7.15,6.45,6.78,879625,0
20081103,6.59,6.88,6.32,6.32,394181,0
20081104,6.69,7.19,6.45,6.73,814118,0
20081105,6.85,6.85,6.1,6.39,404365,0
20081106,6.1,6.26,5.51,5.74,373346,0
20081107,5.72,5.72,3.13,4.25,1881955,0
20081110,4.6,4.81,4.22,4.46,988208,0
20081111,4.24,4.58,4.24,4.44,415317,0
20081112,4.35,4.93,4.35,4.58,474982,0
20081113,4.57,5.6,4.27,5.6,711716,0
20081114,5.41,5.51,4.95,4.98,503188,0
20081117,4.88,5.25,4.71,4.84,264336,0
20081118,4.88,5.1,4.6,5.06,334317,0
20081119,5.01,5.09,4.66,4.72,349035,0
20081120,4.58,4.58,3.44,3.93,673532,0
20081121,4.01,4.89,3.76,4.77,600318,0
20081124,4.9,5.2,4.72,5.08,369449,0
20081125,5.16,5.34,4.79,5.06,609854,0
20081126,4.96,6.7,4.76,6.69,311134,0
20081128,6.65,6.65,5.87,6.1,123382,0
20081201,5.91,5.91,4.5,4.5,251883,0
20081202,4.62,4.86,4.39,4.81,256677,0
20081203,4.62,4.98,4.21,4.21,390173,0
20081204,4.17,4.29,3.45,3.5,476659,0
20081205,3.46,3.75,3.29,3.44,456606,0
20081208,3.62,3.83,2.86,3.05,677099,0
20081209,3.16,3.5,2.93,3.05,838503,0
20081210,3.22,3.48,3.03,3.08,815562,0
20081211,3.34,3.61,3.1,3.37,1739255,0
20081212,3.11,3.2,2.89,2.95,610104,0
20081215,3.12,3.2,2.36,2.55,961241,0
20081216,2.6,3.06,2.42,2.97,789595,0
20081217,2.96,3.29,2.77,3.25,637212,0
20081218,3.22,3.25,2.77,2.86,644669,0
20081219,2.93,3.25,2.9,3.25,870617,0
20081222,3.24,3.24,2.77,2.81,276465,0
20081223,2.85,3,2.66,2.83,479883,0
20081224,2.81,2.81,2.5,2.57,408738,0
20081226,2.6,2.71,2.47,2.67,424959,0
20081229,2.7,2.85,2.59,2.85,408734,0
20081230,2.85,2.95,2.76,2.86,398065,0
20081231,2.87,2.98,2.74,2.94,604697,0
20090102,2.94,3.41,2.91,3.34,460943,0
20090105,3.37,3.6,3.31,3.53,885725,0
20090106,3.6,3.85,3.53,3.77,906078,0
20090107,3.72,3.85,3.57,3.77,409617,0
20090108,3.75,4.11,3.5,3.96,566332,0
20090109,4,4,3.45,3.5,536094,0
20090112,3.45,3.45,3.03,3.24,485919,0
20090113,3.19,3.24,3.06,3.09,219948,0
20090114,3.04,3.26,3.03,3.08,352353,0
20090115,3.05,3.08,2.65,2.89,771025,0
20090116,2.92,2.99,2.17,2.24,937641,0
20090120,2.3,2.48,2.24,2.27,622485,0
20090121,2.38,2.53,2.33,2.49,668182,0
20090122,2.26,2.44,2.17,2.23,325781,0
20090123,2.21,2.38,2.12,2.31,279363,0
20090126,2.32,2.47,2.31,2.38,171783,0
20090127,2.38,2.41,2.25,2.29,214193,0
20090128,2.3,2.34,2.25,2.29,202529,0
20090129,2.29,2.35,2.25,2.3,277879,0
20090130,2.33,2.48,2.33,2.39,544793,0
20090202,2.35,2.93,2.35,2.43,889890,0
20090203,2.45,2.46,2.23,2.27,228231,0
20090204,2.26,2.32,2.23,2.26,117621,0
20090205,2.25,2.26,2.2,2.22,142074,0
20090206,2.22,2.26,2.16,2.19,221418,0
20090209,2.18,2.3,2.18,2.24,145688,0
20090210,2.24,2.32,2.15,2.15,305166,0
20090211,2.17,2.45,2.17,2.23,343134,0
20090212,2.2,2.3,1.94,2.05,575964,0
20090213,2,2.03,1.79,1.88,397170,0
20090217,1.85,1.89,1.54,1.59,600542,0
20090218,1.65,1.68,1.4,1.4,550687,0
20090219,1.41,1.54,1.29,1.48,929086,0
20090220,1.46,1.56,1.36,1.5,722462,0
20090223,1.52,1.58,1.5,1.5,285752,0
20090224,1.56,1.61,1.47,1.5,348828,0
20090225,1.48,1.56,1.4,1.49,398746,0
20090226,1.55,1.59,1.5,1.5,149383,0
20090227,1.5,1.53,1.47,1.47,116014,0
20090302,1.49,1.49,1.15,1.17,284626,0
20090303,1.15,1.25,1.14,1.14,480740,0
20090304,1.16,1.27,1.02,1.1,707381,0
20090305,1.12,1.24,0.99,1.04,376752,0
20090306,1.12,1.16,1,1.12,1899099,0
20090309,1.18,1.95,1.18,1.61,602238,0
20090310,1.55,2.27,1.55,1.84,680576,0
20090311,1.85,2.02,1.62,1.71,372748,0
20090312,1.68,1.88,1.6,1.87,270726,0
20090313,1.89,2.15,1.87,2.04,224449,0
20090316,2.05,2.06,1.85,2.02,164477,0
20090317,1.96,2.13,1.81,2.13,164440,0
20090318,2.1,2.31,2,2.31,202619,0
20090319,2.35,3.27,2.33,3.26,876795,0
20090320,3.27,3.33,2.78,2.82,591562,0
20090323,2.89,3.57,2.89,3.3,540881,0
20090324,3.23,3.51,3.15,3.49,591116,0
20090325,3.53,4.37,3.53,3.81,1149885,0
20090326,3.92,4.2,3.8,3.85,1174051,0
20090327,3.79,3.79,3.03,3.36,661684,0
20090330,3.25,3.28,3.02,3.02,380996,0
20090331,3.11,3.19,2.85,2.87,304899,0
20090401,2.98,3.09,2.83,2.97,335706,0
20090402,3.07,3.37,3.07,3.11,332062,0
20090403,3.07,3.09,2.92,3,837751,0
20090406,3,3,2.78,2.84,193098,0
20090407,2.75,2.83,2.51,2.52,258278,0
20090408,2.49,3,2.49,3,301049,0
20090409,3.07,3.18,2.89,3.12,554390,0
20090413,3.02,3.1,2.85,3,192920,0
20090414,3.01,3.07,2.92,2.94,182281,0
20090415,2.9,3,2.86,2.92,142457,0
20090416,3,3.56,2.96,3.45,962195,0
20090417,3.45,3.65,3.28,3.43,434696,0
20090420,3.3,3.37,2.99,3.08,377419,0
20090421,3.05,3.52,2.94,3.5,339775,0
20090422,3.5,3.5,3.22,3.41,204665,0
20090423,3.46,3.51,3.24,3.38,261542,0
20090424,3.44,3.75,3.42,3.68,752546,0
20090427,3.54,3.89,3.41,3.62,240720,0
20090428,3.57,3.64,3.33,3.52,381013,0
20090429,3.57,3.88,3.54,3.81,232067,0
20090430,3.84,4.07,3.72,3.81,416792,0
20090501,3.81,4,3.49,3.92,489878,0
20090504,4,4.65,4,4.55,711882,0
20090505,4.56,4.84,4.56,4.73,676654,0
20090506,5.22,5.27,4.85,5.15,1258305,0
20090507,5.34,5.64,4.67,5.04,764621,0
20090508,5.24,6.01,5.13,5.95,899106,0
20090511,5.88,5.94,5.39,5.44,344000,0
20090512,5.5,5.55,4.75,5.07,788958,0
20090513,4.98,5.21,4.25,4.42,543985,0
20090514,4.3,5.25,4.25,4.71,406846,0
20090515,4.69,5.08,4.65,4.82,388547,0
20090518,4.95,5.78,4.95,5.76,561504,0
20090519,5.81,5.98,5.5,5.94,468590,0
20090520,6.02,6.65,6.02,6.34,677737,0
20090521,6.25,6.45,5.94,6.04,501020,0
20090522,6.1,6.21,5.91,6,631985,0
20090526,5.91,6.43,5.81,6.29,424042,0
20090527,6.32,6.97,6.25,6.51,521007,0
20090528,6.6,6.75,6.02,6.68,459132,0
20090529,6.88,7,6.69,6.81,407163,0
20090601,7.13,7.63,7.13,7.39,499788,0
20090602,7.39,7.43,7.01,7.4,494321,0
20090603,7.3,7.33,7.01,7.26,659682,0
20090604,7.35,7.56,7.17,7.56,322855,0
20090605,7.66,7.66,7.23,7.57,290939,0
20090608,7.38,7.39,6.59,6.7,927658,0
20090609,6.83,7.05,6.71,6.93,353816,0
20090610,7.16,7.29,6.71,6.76,473459,0
20090611,6.84,7.07,6.8,6.94,372305,0
20090612,6.83,7.08,6.65,7.01,244577,0
20090615,6.85,6.89,6.39,6.53,321304,0
20090616,6.68,6.86,6.21,6.4,336199,0
20090617,6.34,6.47,5.41,5.88,424541,0
20090618,5.76,6.2,5.74,5.85,222109,0
20090619,5.95,6.06,5.64,5.84,320089,0
20090622,5.84,5.91,4.6,4.7,1981888,0
20090623,4.75,5.18,4.75,4.98,1221289,0
20090624,5.15,5.46,5.07,5.32,412247,0
20090625,5.38,5.4,5.05,5.3,537929,0
20090626,5.2,5.53,5.12,5.48,1762860,0
20090629,5.48,5.8,5.45,5.72,359944,0
20090630,5.75,5.94,5.47,5.7,253465,0
20090701,5.78,5.81,5.52,5.58,346372,0
20090702,5.42,5.44,5.13,5.22,220485,0
20090706,5.12,5.18,4.82,4.97,301188,0
20090707,4.97,4.97,4.55,4.57,296497,0
20090708,4.54,4.55,4.02,4.22,549858,0
20090709,4.26,4.64,4.18,4.35,298766,0
20090710,4.34,4.6,4.25,4.45,265129,0
20090713,4.41,4.8,4.13,4.8,215290,0
20090714,4.88,5.17,4.83,5.15,246343,0
20090715,5.3,5.34,5.13,5.24,512243,0
20090716,5.19,5.27,4.97,5.25,170559,0
20090717,5.24,5.53,5.12,5.31,258524,0
20090720,5.4,5.52,5.31,5.44,201738,0
20090721,5.46,5.76,5.38,5.64,387786,0
20090722,5.52,5.69,5.43,5.5,276702,0
20090723,5.51,5.8,5.51,5.78,277213,0
20090724,5.72,6.31,5.7,6.09,370998,0
20090727,6.04,6.24,5.8,6.07,274691,0
20090728,5.86,6.08,5.62,5.94,248972,0
20090729,5.8,5.85,5.5,5.61,252764,0
20090730,5.69,5.97,5.51,5.93,323404,0
20090731,5.8,6.9,5.7,5.92,834867,0
20090803,6.1,6.39,6.1,6.33,992784,0
20090804,6.29,6.52,6.26,6.32,378475,0
20090805,6.26,6.36,6,6.24,727563,0
20090806,6.29,6.38,6.03,6.17,383912,0
20090807,6.28,6.38,6.15,6.19,229354,0
20090810,6.14,6.21,5.87,6,375457,0
20090811,5.94,6.03,5.53,5.76,338385,0
20090812,5.78,6.04,5.76,5.9,406008,0
20090813,6.06,6.23,5.97,6.23,345337,0
20090814,6.19,6.21,5.88,5.96,205427,0
20090817,5.7,5.8,5.47,5.63,226277,0
20090818,5.66,5.81,5.51,5.68,141829,0
20090819,5.59,5.9,5.52,5.8,137899,0
20090820,5.8,5.9,5.62,5.77,195179,0
20090821,5.93,5.96,5.8,5.96,284247,0
20090824,6.01,6.24,5.98,6.11,274233,0
20090825,6.11,6.44,5.94,6.23,304446,0
20090826,6.18,6.33,6,6.27,179453,0
20090827,6.18,6.29,6.1,6.24,185783,0
20090828,6.33,6.33,6,6.22,270587,0
20090831,6.06,6.19,5.86,5.96,258067,0
20090901,5.93,6.07,5.6,5.67,238152,0
20090902,5.67,6.05,5.67,5.94,256850,0
20090903,5.98,6.06,5.88,5.93,92851,0
20090904,5.91,6.04,5.88,6.04,152851,0
20090908,6.18,6.21,6.03,6.2,205538,0
20090909,6.27,6.78,6.2,6.75,437138,0
20090910,6.76,7.2,6.71,7.12,510559,0
20090911,6.77,6.92,6.43,6.54,1054990,0
20090914,6.43,6.59,6.26,6.45,296076,0
20090915,6.98,7.91,6.66,7.81,2156414,0
20090916,7.98,8.58,7.84,8.28,1303969,0
20090917,8.28,8.35,7.69,7.8,546346,0
20090918,7.84,8.04,7.6,7.69,367295,0
20090921,7.26,7.48,7.01,7.17,1343044,0
20090922,7.36,7.93,7.2,7.81,638558,0
20090923,7.82,7.85,7.46,7.52,293315,0
20090924,7.54,7.67,6.83,7.29,283663,0
20090925,7.18,7.25,6.87,7.06,399819,0
20090928,7.09,7.35,7,7.33,220492,0
20090929,7.35,7.55,7.26,7.41,200817,0
20090930,8.5,8.54,8.04,8.35,1296592,0
20091001,8.45,8.46,7.5,7.52,834166,0
20091002,7.5,8.12,7.38,8.02,742604,0
20091005,8.18,8.5,7.9,8.48,750374,0
20091006,8.72,8.95,8.5,8.73,477366,0
20091007,8.75,9.1,8.53,8.99,644648,0
20091008,9.1,9.54,9.1,9.38,451830,0
20091009,9.35,9.69,9.2,9.51,408156,0
20091012,9.7,10.15,9.65,10.02,889751,0
20091013,10.13,10.17,9.91,10.15,1102398,0
20091014,10.28,10.67,10.25,10.53,765510,0
20091015,10.51,10.85,10.5,10.65,621944,0
20091016,10.57,10.66,10.09,10.37,438618,0
20091019,10.44,10.48,9.83,9.92,930220,0
20091020,10.04,10.54,9.83,10.32,547672,0
20091021,10.25,11.01,10.21,10.39,602094,0
20091022,10.42,10.59,10.05,10.31,384970,0
20091023,10.35,10.35,9.58,9.74,403772,0
20091026,9.74,10.04,9.07,9.12,453620,0
20091027,9.14,9.5,8.75,8.98,350087,0
20091028,8.95,8.96,8.07,8.18,992059,0
20091029,8.3,9.05,8.3,9.04,527938,0
20091030,8.89,8.91,8.05,8.09,548349,0
20091102,8.19,8.52,7.8,8.01,454023,0
20091103,7.9,8.82,7.72,8.61,549454,0
20091104,8.73,9,8.25,8.3,473484,0
20091105,8.34,8.8,8.26,8.68,356943,0
20091106,8.6,9.26,8.32,9.16,658057,0
20091109,9.46,9.8,9.35,9.71,634369,0
20091110,9.76,9.97,9.4,9.67,333882,0
20091111,9.74,9.86,9.41,9.49,182836,0
20091112,9.34,9.81,9.16,9.25,400479,0
20091113,9.25,9.38,8.76,9.19,434532,0
20091116,9.33,9.91,9.33,9.74,394492,0
20091117,9.74,9.9,9.5,9.83,219538,0
20091118,9.85,9.85,9.42,9.56,206800,0
20091119,9.42,9.45,8.86,9.15,353868,0
20091120,9.03,9.07,8.71,8.9,330902,0
20091123,9,9.28,8.99,9.23,421456,0
20091124,9.26,9.34,9.02,9.33,249635,0
20091125,9.36,9.75,9.27,9.61,223181,0
20091127,8.97,9.25,8.9,9,223300,0
20091130,9,9.19,8.79,9.05,368496,0
20091201,9.19,9.56,9.19,9.4,233781,0
20091202,9.38,9.69,9.13,9.38,243624,0
20091203,9.46,9.71,9.19,9.22,341005,0
20091204,9.49,9.75,9.36,9.63,648008,0
20091207,9.55,10.76,9.5,10.75,1468815,0
20091208,10.75,10.91,10.11,10.4,689303,0
20091209,10.42,10.59,10.1,10.42,414110,0
20091210,10.5,10.69,10.19,10.24,479831,0
20091211,10.34,10.64,10.12,10.61,296302,0
20091214,11,11.47,10.85,11.46,711406,0
20091215,11.3,11.5,10.92,10.94,541580,0
20091216,11.18,11.75,11.01,11.55,687130,0
20091217,11.47,12.07,11.35,11.98,540345,0
20091218,12.17,12.45,11.95,12.17,697245,0
20091221,12.23,12.74,11.28,11.46,810640,0
20091222,11.83,12.34,11.68,11.99,604530,0
20091223,12.2,12.83,11.93,12.69,574535,0
20091224,12.75,13.2,12.75,13.03,235419,0
20091228,13.16,13.48,12.91,12.97,437883,0
20091229,13,13.08,12.72,13.06,428820,0
20091230,12.94,13.01,12.57,12.71,428072,0
20091231,12.73,12.85,11.98,12,432466,0
20100104,12.3,13.43,12.3,13.18,527389,0
20100105,13.11,13.84,13.11,13.54,590733,0
20100106,13.58,13.81,13.04,13.11,535631,0
20100107,13.11,13.29,12.74,12.9,427545,0
20100108,12.88,12.98,12.66,12.81,228320,0
20100111,12.91,12.95,12.16,12.4,254978,0
20100112,11.9,12.17,11.41,12.04,622661,0
20100113,12.05,12.14,11.5,11.92,396665,0
20100114,11.73,13.26,11.7,12.55,1403995,0
20100115,12.7,13.4,12.68,13.15,4175916,0
20100119,13.19,14.12,13.15,13.54,882844,0
20100120,13.48,13.98,13.25,13.51,546529,0
20100121,13.55,13.97,13.09,13.1,665845,0
20100122,13.02,13.34,12.7,12.86,1034140,0
20100125,12.97,13.14,12.7,12.78,852860,0
20100126,12.72,12.94,12.42,12.45,887249,0
20100127,12.39,12.73,12.25,12.65,826337,0
20100128,12.36,12.5,12.02,12.42,1167438,0
20100129,12.52,12.73,12.39,12.39,1711378,0
20100201,12.5,12.8,12.35,12.77,742872,0
20100202,12.85,13.12,12.61,12.91,435586,0
20100203,12.5,12.83,12.46,12.54,565449,0
20100204,12.38,12.51,11.69,11.71,1017691,0
20100205,11.65,11.95,10.81,11.53,2058615,0
20100208,11.46,12.16,11.15,11.94,584943,0
20100209,12.21,12.5,12.03,12.21,943957,0
20100210,12.16,12.5,12.04,12.5,427114,0
20100211,12.46,13.2,12.38,13.12,503890,0
20100212,12.93,13.79,12.7,13.64,923162,0
20100216,13.92,14.5,13.85,14.28,753883,0
20100217,14.42,14.55,13.98,14.23,353583,0
20100218,14.15,14.6,14.06,14.51,371675,0
20100219,14.41,14.8,14.2,14.74,323178,0
20100222,14.76,14.97,14.4,14.45,386943,0
20100223,14.35,14.36,13.78,13.8,452267,0
20100224,13.9,14.21,13.54,13.76,392487,0
20100225,13.5,14,13.26,14,268193,0
20100226,14.05,14.09,13.65,13.84,406084,0
20100301,13.91,14.4,13.72,14.11,373248,0
20100302,14.15,15.39,14.15,14.54,713384,0
20100303,14.2,14.21,13.5,13.52,854006,0
20100304,13.64,13.99,13.45,13.66,502015,0
20100305,13.81,14.27,13.81,14.22,748789,0
20100308,14.22,14.25,13.76,14.04,322143,0
20100309,13.9,14.18,13.74,14.03,283211,0
20100310,14.07,14.63,14.02,14.27,214679,0
20100311,14.14,14.54,14.12,14.5,142533,0
20100312,14.56,14.56,14.03,14.2,286669,0
20100315,14.13,14.13,13.37,13.82,492478,0
20100316,13.88,14.28,13.65,13.89,226208,0
20100317,13.93,14.4,13.89,14.25,230112,0
20100318,14.15,14.26,13.35,13.38,817014,0
20100319,13.38,13.38,12,12.27,1448029,0
20100322,12.02,12.74,11.82,12.57,625530,0
20100323,12.56,12.73,12.29,12.62,457689,0
20100324,12.57,12.65,11.97,12.03,555838,0
20100325,12.18,12.22,11.33,11.43,869962,0
20100326,11.49,11.52,10.87,11.07,1116241,0
20100329,11.08,11.25,10.77,11.16,948325,0
20100330,11.2,11.2,10.93,11.02,593488,0
20100331,11,11.68,11,11.39,1134101,0
20100401,11.49,12.22,11.31,12.04,984067,0
20100405,12.18,12.88,12.18,12.85,551768,0
20100406,12.78,12.97,12.56,12.93,489877,0
20100407,12.88,13.17,12.74,12.82,460572,0
20100408,12.77,12.94,12.48,12.8,326086,0
20100409,13.55,14,13.28,13.89,1277157,0
20100412,13.9,14.08,13.64,13.99,331252,0
20100413,13.95,13.95,13.32,13.74,446099,0
20100414,13.86,14.05,13.41,13.95,294069,0
20100415,13.95,14.08,13.43,13.51,368007,0
20100416,13.45,13.57,12.98,13.2,764024,0
20100419,13.07,13.19,12.8,12.94,645428,0
20100420,13.03,13.11,12.57,12.73,675495,0
20100421,12.72,12.9,12.51,12.74,236812,0
20100422,12.46,12.72,12.35,12.6,355242,0
20100423,12.68,13.35,12.59,13.31,554635,0
20100426,13.32,13.65,13.18,13.24,294300,0
20100427,13.04,13.15,12.57,12.95,627597,0
20100428,13.05,13.65,13.02,13.34,597841,0
20100429,13.5,13.6,12.97,13.35,468723,0
20100430,13.35,13.49,12.9,13.3,515235,0
20100503,13.36,13.74,13.07,13.6,160284,0
20100504,13.28,13.39,12.96,13.25,384202,0
20100505,13,13.75,12.46,13.09,856180,0
20100506,13,13.23,11.42,12.66,1079448,0
20100507,12.42,12.61,11.53,12.06,990589,0
20100510,12.68,12.74,11.96,12.19,647894,0
20100511,11.98,12.37,11.75,12.03,790948,0
20100512,12.13,12.7,12.1,12.56,505593,0
20100513,12.47,12.99,12.33,12.69,514583,0
20100514,12.54,12.68,11.81,12.25,588519,0
20100517,12.38,12.57,11.09,11.3,908375,0
20100518,11.45,11.65,11.1,11.22,601582,0
20100519,11.1,11.21,10.31,11.01,668614,0
20100520,10.76,11,10.29,10.32,830617,0
20100521,10.16,10.81,9.81,10.43,702981,0
20100524,10.39,10.53,9.51,9.54,727355,0
20100525,9.32,9.73,9,9.64,815552,0
20100526,9.81,10.16,9.69,9.78,924222,0
20100527,10.11,10.38,10.03,10.36,582549,0
20100528,10.64,10.75,10.19,10.45,724740,0
20100601,10.27,10.3,9.8,9.8,523342,0
20100602,9.81,10.66,9.61,10.53,1120975,0
20100603,10.62,11.31,10.37,11.22,897785,0
20100604,10.98,12.18,10.66,10.79,1665960,0
20100607,10.89,11.51,10.8,10.96,1021255,0
20100608,11.05,11.4,10.45,10.74,718217,0
20100609,10.94,11.48,10.66,10.76,449883,0
20100610,11.01,11.35,10.87,11.29,758020,0
20100611,11.14,11.5,10.92,11.47,292235,0
20100614,11.57,11.86,11.34,11.38,333715,0
20100615,11.52,12.02,11.49,11.97,420922,0
20100616,11.82,12.44,11.73,12.27,390427,0
20100617,12.37,12.4,11.9,12.06,293212,0
20100618,12.1,12.1,11.56,11.78,495832,0
20100621,12.02,12.35,11.39,11.6,212896,0
20100622,11.62,11.77,10.98,11.04,537085,0
20100623,11,11.04,10.66,10.77,493821,0
20100624,10.63,10.74,10.27,10.42,302580,0
20100625,10.46,10.87,10.26,10.85,1360576,0
20100628,10.82,10.82,10.46,10.52,517282,0
20100629,10.21,10.48,9.73,9.83,654627,0
20100630,9.84,10.34,9.84,10.1,733959,0
20100701,10.2,10.43,9.96,10.37,557630,0
20100702,10.48,10.71,9.96,10.14,487092,0
20100706,10.21,10.52,10,10.1,367024,0
20100707,10.15,10.51,10.13,10.5,590048,0
20100708,10.63,10.99,10.32,10.5,699276,0
20100709,10.44,10.83,10.28,10.78,252898,0
20100712,10.7,10.82,10.35,10.57,248191,0
20100713,10.79,11.2,10.79,11.01,417656,0
20100714,10.92,11,10.61,10.85,375909,0
20100715,10.9,10.95,10.49,10.58,295467,0
20100716,10.48,10.65,10.05,10.15,615066,0
20100719,10.23,10.43,10.02,10.39,236862,0
20100720,10.22,10.86,10.08,10.85,291037,0
20100721,10.93,11.08,10.13,10.34,342617,0
20100722,10.6,10.95,10.5,10.55,375418,0
20100723,10.47,10.82,10.17,10.79,734948,0
20100726,10.79,10.89,10.48,10.88,365921,0
20100727,10.95,10.99,10.39,10.6,316784,0
20100728,10.54,10.76,10.51,10.62,313380,0
20100729,10.66,10.77,10.18,10.51,381809,0
20100730,10.35,10.69,10.19,10.6,277677,0
20100802,10.8,10.85,10.56,10.63,329173,0
20100803,10.54,10.66,10.3,10.47,207025,0
20100804,10.35,10.74,10.25,10.7,399872,0
20100805,10.6,10.82,10.35,10.39,231470,0
20100806,10.24,10.4,10,10.33,252382,0
20100809,10.41,10.47,10.1,10.37,176235,0
20100810,10.21,10.28,10,10.11,382874,0
20100811,10,10,9.36,9.41,602532,0
20100812,9.21,9.47,9.08,9.29,400172,0
20100813,9.23,9.41,9.14,9.25,385300,0
20100816,9.16,9.33,9.04,9.3,442306,0
20100817,9.47,9.82,9.41,9.8,288476,0
20100818,9.8,9.85,9.45,9.51,279691,0
20100819,9.48,9.48,9.01,9.04,336416,0
20100820,9,9.22,8.88,9.13,495523,0
20100823,9.2,9.26,8.91,8.97,280881,0
20100824,8.88,9.02,8.71,8.87,420688,0
20100825,8.7,9.05,8.62,8.98,450405,0
20100826,9.05,9.49,8.83,9.2,623564,0
20100827,9.34,10.12,9.28,10.11,650548,0
20100830,10.07,10.59,9.95,10.26,578571,0
20100831,10.28,11.89,9.98,11.31,3315982,0
20100901,11.57,11.85,11.31,11.43,1381059,0
20100902,11.5,12.05,11.22,11.98,821341,0
20100903,12.15,12.47,11.77,12.32,637747,0
20100907,12.28,12.46,11.64,11.74,426830,0
20100908,11.81,12.04,11.66,11.79,286749,0
20100909,11.94,12.27,11.82,11.86,306949,0
20100910,11.88,11.99,11.58,11.83,322619,0
20100913,11.87,11.91,11.46,11.79,365132,0
20100914,11.72,11.89,11.51,11.53,194200,0
20100915,11.42,11.58,11.17,11.5,437330,0
20100916,11.45,11.52,11.1,11.2,430893,0
20100917,11.34,11.59,11.1,11.26,247695,0
20100920,11.3,11.71,10.98,11.16,492486,0
20100921,11.15,11.48,11.02,11.3,237153,0
20100922,11.26,11.47,11.1,11.21,368290,0
20100923,11.16,11.31,11.07,11.13,413303,0
20100924,11.31,11.98,11.19,11.91,485834,0
20100927,11.96,12.06,11.63,12.03,349493,0
20100928,12.1,12.65,11.83,12.42,665684,0
20100929,12.42,12.72,12.3,12.7,238871,0
20100930,12.82,12.89,12.3,12.8,511274,0
20101001,12.91,13.33,12.81,13.03,408141,0
20101004,12.9,12.91,12.06,12.35,1080478,0
20101005,12.49,13.16,12.35,12.94,418893,0
20101006,12.9,13.16,12.85,13.01,270297,0
20101007,13.03,13.03,12.6,12.74,227148,0
20101008,12.78,13.1,12.57,13.01,538596,0
20101011,13.11,13.2,12.9,13.01,340770,0
20101012,12.99,13.27,12.76,13.25,441775,0
20101013,13.41,13.74,13.3,13.67,437196,0
20101014,13.66,13.67,12.31,12.86,1378601,0
20101015,13.01,13.13,12.53,12.83,553084,0
20101018,12.89,13.23,12.84,13.17,463830,0
20101019,12.98,12.99,12.63,12.78,533263,0
20101020,12.9,13,12.77,12.87,274853,0
20101021,12.94,13.19,12.6,12.86,279878,0
20101022,12.88,12.89,12.61,12.71,250002,0
20101025,12.84,13.14,12.8,12.88,198015,0
20101026,12.8,13,12.76,12.88,127591,0
20101027,12.79,12.9,12.2,12.86,384383,0
20101028,12.99,12.99,12.31,12.36,352649,0
20101029,12.33,12.48,12.25,12.33,195021,0
20101101,12.37,12.52,12.04,12.18,240863,0
20101102,12.3,12.54,11.09,11.25,1284490,0
20101103,11.25,11.45,10.98,11.2,456578,0
20101104,11.42,12.08,11.36,11.86,542842,0
20101105,11.85,11.86,11.24,11.24,505124,0
20101108,11.15,11.18,10.79,10.9,487752,0
20101109,11.54,11.75,11.07,11.14,951646,0
20101110,11.29,11.45,10.98,11.41,893302,0
20101111,11.22,12.15,11.2,12.06,1233335,0
20101112,11.98,12.65,11.86,12.14,879208,0
20101115,12.31,12.57,11.74,11.8,316209,0
20101116,11.63,11.73,11.11,11.47,410423,0
20101117,11.49,11.85,11.48,11.55,369177,0
20101118,11.8,11.8,11.57,11.65,288396,0
20101119,11.66,11.99,11.41,11.95,411278,0
20101122,11.89,12.55,11.83,12.5,527526,0
20101123,12.28,12.3,11.77,11.89,1320925,0
20101124,11.99,12.21,11.89,11.95,396155,0
20101126,11.82,11.96,11.6,11.77,190543,0
20101129,11.71,11.87,11.62,11.81,190427,0
20101130,11.69,11.96,11.59,11.85,289969,0
20101201,12.02,12.45,11.95,12.3,853020,0
20101202,12.36,12.73,12.3,12.39,540435,0
20101203,12.27,12.59,12.08,12.48,498357,0
20101206,12.51,13.15,12.32,12.91,733140,0
20101207,13,13.19,12.43,12.63,545996,0
20101208,12.71,12.71,11.93,12.1,587099,0
20101209,12.2,12.42,11.85,12.35,449606,0
20101210,12.4,12.52,12.05,12.41,277244,0
20101213,12.5,12.8,12.21,12.74,628170,0
20101214,12.75,12.97,12.57,12.96,460523,0
20101215,12.92,13.14,12.69,13.06,823653,0
20101216,13.1,13.15,12.8,13,301031,0
20101217,13.03,13.2,12.89,12.92,295114,0
20101220,12.98,13.32,12.72,13.06,297161,0
20101221,13.14,13.49,13.07,13.29,442213,0
20101222,13.38,13.53,13.18,13.46,277553,0
20101223,13.5,13.74,13.12,13.18,246013,0
20101227,13.1,13.5,13.01,13.2,209054,0
20101228,13.25,13.53,13.11,13.35,256669,0
20101229,13.47,13.83,13.3,13.66,427702,0
20101230,13.65,13.97,13.56,13.8,322900,0
20101231,13.82,14.14,13.65,13.65,211736,0
20110103,13.84,14.33,13.67,14.04,613460,0
20110104,14.17,14.17,13.06,13.2,695851,0
20110105,13.09,13.32,12.95,13.25,385273,0
20110106,13.25,13.41,12.87,13.01,292537,0
20110107,13.25,13.35,13.1,13.3,338826,0
20110110,13.27,13.31,13.1,13.15,439946,0
20110111,13.21,13.3,12.99,13,676308,0
20110112,13.15,13.15,12.69,12.81,668221,0
20110113,12.86,12.86,12.25,12.27,840739,0
20110114,12.24,12.5,11.98,12.38,720952,0
20110118,12.32,12.71,12.31,12.65,623962,0
20110119,12.67,12.75,12.24,12.36,364065,0
20110120,12.23,12.29,11.84,12.01,400074,0
20110121,12.01,12.27,11.73,12.17,280665,0
20110124,12.17,12.35,12.06,12.21,197683,0
20110125,12.11,12.34,11.77,12.32,394362,0
20110126,12.4,12.73,12.3,12.39,444426,0
20110127,12,12.02,11.63,11.84,1420415,0
20110128,11.8,11.89,11.5,11.56,644211,0
20110131,11.62,12.14,11.61,12.04,874986,0
20110201,12.01,12.43,12.01,12.22,810416,0
20110202,12.21,12.43,12.04,12.04,432929,0
20110203,12.1,12.43,12.05,12.36,548815,0
20110204,12.37,12.46,11.9,11.96,533523,0
20110207,11.97,12.5,11.97,12.2,574225,0
20110208,12.22,12.26,12,12.09,274758,0
20110209,12.19,12.19,11.71,11.76,508352,0
20110210,11.72,11.75,11.45,11.47,721503,0
20110211,11.44,11.49,11.22,11.37,364841,0
20110214,11.37,11.6,11.35,11.39,468008,0
20110215,11.4,11.42,11.08,11.09,478639,0
20110216,11.32,11.32,10.82,10.85,1195721,0
20110218,11.03,11.34,10.93,11.28,564119,0
20110222,11.6,11.88,11.42,11.45,1314510,0
20110223,11.55,12.22,11.52,11.88,1339084,0
20110224,11.91,12.59,11.91,12.26,1372049,0
20110225,12.47,12.67,12.25,12.59,707737,0
20110228,12.74,13.01,12.56,12.6,801982,0
20110301,12.69,12.76,11.88,12.12,943726,0
20110302,12.02,12.3,11.81,12.03,492857,0
20110303,12.17,12.17,11.71,11.76,413748,0
20110304,11.8,12.16,11.76,12.02,586570,0
20110307,12.33,12.74,12.02,12.49,976806,0
20110308,12.49,12.6,11.86,11.88,669223,0
20110309,11.88,12.11,11.51,11.62,412606,0
20110310,11.52,11.58,10.86,11.11,867127,0
20110311,10.92,11.35,10.84,11.19,741787,0
20110314,11.14,11.21,10.55,11.01,835645,0
20110315,10.68,10.82,10.51,10.7,916099,0
20110316,10.76,11.33,10.55,10.85,1372600,0
20110317,11.04,11.42,11,11.31,912751,0
20110318,11.35,11.44,11.02,11.16,3661162,0
20110321,11.46,11.88,11.23,11.48,798022,0
20110322,11.38,11.67,11.3,11.57,596006,0
20110323,11.32,11.41,10.94,11.02,1274330,0
20110324,11.04,11.19,10.98,11.15,816795,0
20110325,11.14,11.3,11.04,11.25,1203548,0
20110328,11.25,11.36,11.14,11.3,921654,0
20110329,11.29,11.49,11.16,11.38,393952,0
20110330,11.48,11.77,11.29,11.53,495106,0
20110331,11.6,11.7,11.46,11.64,537935,0
20110401,11.73,11.8,11.59,11.64,669019,0
20110404,11.64,11.7,11.51,11.54,412648,0
20110405,11.42,11.58,11.23,11.54,319639,0
20110406,11.63,11.71,11.34,11.47,859710,0
20110407,11.57,11.76,11.45,11.66,696975,0
20110408,11.66,11.87,11.6,11.69,601644,0
20110411,11.72,11.96,11.54,11.6,803881,0
20110412,11.45,11.64,10.97,10.98,1057884,0
20110413,11.06,11.42,11.06,11.33,714825,0
20110414,11.22,11.34,11.1,11.3,462260,0
20110415,11.2,11.36,11,11.33,451154,0
20110418,11.14,11.27,11.04,11.18,576351,0
20110419,11.2,11.29,10.99,11.07,409551,0
20110420,11.22,11.61,11.14,11.58,885680,0
20110421,11.55,11.75,11.43,11.7,524649,0
20110425,11.7,11.89,11.58,11.87,278703,0
20110426,11.84,11.9,11.49,11.7,784921,0
20110427,11.8,11.8,11.46,11.71,454091,0
20110428,11.78,12.29,11.53,12.29,1321743,0
20110429,12.36,12.84,12.28,12.83,904302,0
20110502,12.85,13,12.49,12.58,837700,0
20110503,12.57,12.65,12.19,12.32,800640,0
20110504,12.62,12.9,12.18,12.22,1333446,0
20110505,12.06,12.28,11.75,11.92,1402107,0
20110506,12,12.38,11.81,11.99,984491,0
20110509,12.06,12.49,12.05,12.41,583365,0
20110510,12.58,12.75,12.39,12.71,675263,0
20110511,12.63,12.63,11.99,12.15,917374,0
20110512,12.03,12.3,11.73,12.19,767655,0
20110513,12.24,12.3,11.95,12.12,668446,0
20110516,12.05,12.35,11.86,12.05,840312,0
20110517,12.1,12.39,11.89,12.03,839392,0
20110518,12.12,12.76,12.07,12.68,1118583,0
20110519,12.76,12.88,12.53,12.59,865718,0
20110520,12.75,12.8,12.32,12.69,1285827,0
20110523,12.42,12.54,12.1,12.34,696222,0
20110524,12.44,12.68,12.14,12.32,479585,0
20110525,12.33,12.69,12.05,12.61,535491,0
20110526,12.56,12.89,12.42,12.82,582916,0
20110527,12.94,13.18,12.66,12.86,901374,0
20110531,12.96,13.17,12.6,13.06,606842,0
20110601,13.03,13.06,12.26,12.36,729668,0
20110602,12.31,12.61,12.18,12.44,603037,0
20110603,12.22,12.36,11.74,12.24,1781108,0
20110606,12.3,12.41,11.98,11.99,828016,0
20110607,12.06,12.09,11.75,11.79,741424,0
20110608,11.77,12,11.59,11.9,996161,0
20110609,11.99,12.08,11.81,11.87,611210,0
20110610,11.75,11.83,11.57,11.72,863333,0
20110613,11.71,11.86,10.19,10.37,2216337,0
20110614,10.43,10.93,10.43,10.59,897362,0
20110615,10.44,10.59,10.03,10.2,836574,0
20110616,10.1,10.31,9.83,10.06,647401,0
20110617,10.13,10.29,9.67,9.93,1742835,0
20110620,9.86,10.03,9.77,10,522253,0
20110621,10.14,10.79,10.12,10.72,1013365,0
20110622,10.65,10.89,10.47,10.47,454464,0
20110623,10.26,10.31,9.92,10.29,616876,0
20110624,10.28,10.39,9.93,9.93,983966,0
20110627,9.97,10.07,9.71,9.96,823212,0
20110628,10,10.27,9.81,10.14,850676,0
20110629,10.25,10.84,10.2,10.5,752231,0
20110630,10.57,10.65,10.22,10.27,754800,0
20110701,10.27,10.43,9.96,10.32,729796,0
20110705,10.38,10.74,10.29,10.37,517767,0
20110706,10.36,10.37,10.09,10.32,396828,0
20110707,10.42,10.75,10.42,10.63,847423,0
20110708,10.43,10.6,10.37,10.54,354665,0
20110711,10.36,10.36,10.07,10.27,669215,0
20110712,10.46,10.79,10.28,10.63,1340728,0
20110713,10.77,11.19,10.65,10.92,622974,0
20110714,11,11.12,10.56,10.71,1465506,0
20110715,10.96,11.6,10.94,11.2,901876,0
20110718,11.07,11.31,10.98,11.18,512960,0
20110719,11.33,11.88,11.25,11.86,566699,0
20110720,11.99,11.99,11.39,11.6,511239,0
20110721,11.66,11.9,11.49,11.59,459119,0
20110722,11.64,11.99,11.53,11.78,253604,0
20110725,11.61,11.99,11.35,11.84,591844,0
20110726,11.82,12,11.58,11.63,332895,0
20110727,11.55,11.76,11.11,11.32,520981,0
20110728,11.31,11.5,10.96,11.1,363289,0
20110729,10.81,11.37,10.75,11.07,493004,0
20110801,11.24,11.4,10.78,11.07,845807,0
20110802,11.09,11.5,10.84,10.88,609397,0
20110803,11.4,12.67,11.31,12.61,3133176,0
20110804,12.29,12.48,11.73,12.02,1389109,0
20110805,12.2,12.25,10.81,11.37,1158588,0
20110808,10.87,11.03,10.23,10.25,1219025,0
20110809,10.5,11.35,10.04,11.31,1230751,0
20110810,11.01,12.38,11,11.47,1127174,0
20110811,11.5,12.34,11.2,12.16,1257818,0
20110812,12.36,12.97,12.27,12.53,1325595,0
20110815,12.66,12.94,12.6,12.81,596845,0
20110816,12.61,12.78,12.16,12.41,845547,0
20110817,12.54,12.8,12.4,12.57,507344,0
20110818,12.2,12.28,11.35,11.55,981890,0
20110819,11.33,11.93,11.05,11.43,648562,0
20110822,11.74,11.75,10.63,10.75,861472,0
20110823,10.92,11.35,10.46,11.33,829648,0
20110824,11.29,11.63,11.1,11.57,521771,0
20110825,11.58,11.83,11,11.11,459201,0
20110826,10.97,11.45,10.63,11.33,445467,0
20110829,11.52,12.14,11.4,12.1,720430,0
20110830,12.04,12.39,11.83,12.27,798683,0
20110831,12.4,12.55,12.03,12.29,693686,0
20110901,12.27,12.65,12.09,12.45,1007256,0
20110902,12.11,12.44,12,12.24,700546,0
20110906,11.77,12.12,11.61,12,954873,0
20110907,12.26,12.44,11.92,12.4,1113786,0
20110908,12.11,13.76,12.01,13.49,2094832,0
20110909,13.36,13.48,12.72,13.25,1458720,0
20110912,12.96,13.56,12.84,13.3,1230529,0
20110913,13.42,13.73,12.9,13.24,1909991,0
20110914,13.36,13.95,13.1,13.72,1015809,0
20110915,13.78,14.08,13.44,13.93,1067161,0
20110916,14.06,14.09,13.55,13.84,1874893,0
20110919,13.52,13.94,13.26,13.55,600696,0
20110920,14.48,15.64,14.43,14.92,4434360,0
20110921,14.86,15.46,14.22,14.28,1898742,0
20110922,13.78,13.83,12.75,13.3,1800444,0
20110923,13.05,13.32,12.57,12.89,817176,0
20110926,13,13.32,12.34,13.3,838350,0
20110927,13.66,14.5,13.54,13.86,1077985,0
20110928,14.31,14.97,13.59,13.63,1868715,0
20110929,14.07,14.09,12.88,13.41,918774,0
20110930,13.15,13.2,12.52,12.65,742100,0
20111003,12.51,12.68,11.76,11.76,851453,0
20111004,11.65,11.73,10.63,11.57,1795355,0
20111005,11.54,12.06,11.3,11.98,1151391,0
20111006,11.54,12.08,11.16,11.79,1139590,0
20111007,11.85,12.03,11.13,11.63,727267,0
20111010,11.91,13.29,11.91,13.19,1619591,0
20111011,12.94,13.4,12.38,12.98,679613,0
20111012,13.14,13.73,13,13.12,798248,0
20111013,13.01,13.48,12.48,13.14,669377,0
20111014,13.25,13.67,13.09,13.65,720788,0
20111017,13.68,13.89,13.33,13.59,699920,0
20111018,13.68,14,13.16,13.6,1309278,0
20111019,13.6,13.97,13.42,13.64,915340,0
20111020,13.79,13.84,13.11,13.7,809472,0
20111021,13.98,14.25,13.73,13.91,872243,0
20111024,14.02,15,13.93,14.88,764380,0
20111025,14.7,15,13.99,14.07,926652,0
20111026,14.43,14.82,13.83,14.71,656705,0
20111027,15.15,16.5,15.05,16.04,1430762,0
20111028,15.81,16.1,15.62,15.97,941626,0
20111031,15.7,15.98,15.35,15.48,766039,0
20111101,14.5,14.92,14.05,14.23,1032169,0
20111102,15.8,16.15,15.02,16.01,1976693,0
20111103,16.54,17.01,15.97,16.61,2066207,0
20111104,17.03,17.13,16.48,17.06,1606203,0
20111107,17,17.57,16.5,17.47,1197876,0
20111108,17.6,18,17.24,17.93,1017233,0
20111109,17.31,17.63,16.29,16.35,1134489,0
20111110,16.7,17.24,16.28,16.72,851087,0
20111111,17.02,17.19,16.62,16.79,1236828,0
20111114,16.76,16.92,16.39,16.65,640368,0
20111115,16.47,16.73,16.14,16.44,840782,0
20111116,16.78,17.25,16.46,16.55,1198424,0
20111117,16.55,16.75,16,16.1,1013949,0
20111118,16.24,16.8,16.12,16.2,1116662,0
20111121,15.93,16.03,15.26,15.91,759191,0
20111122,15.87,16.4,15.77,15.87,614348,0
20111123,15.67,15.67,14.54,14.55,1049118,0
20111125,14.58,14.95,14.2,14.22,356275,0
20111128,14.92,15.07,14.6,14.87,812667,0
20111129,14.85,15.46,14.67,15.27,938625,0
20111130,16.03,16.52,15.93,16.15,840641,0
20111201,16.01,16.35,15.49,15.5,685113,0
20111202,15.74,15.9,15.37,15.43,739838,0
20111205,15.64,15.89,15.45,15.64,500702,0
20111206,15.61,16,15.03,15.85,739662,0
20111207,15.76,16.32,15.36,15.9,1069011,0
20111208,15.69,15.75,14.21,14.3,1107525,0
20111209,14.52,14.95,14.13,14.87,621916,0
20111212,14.63,14.88,13.97,14.58,947584,0
20111213,14.63,15,13.93,14.11,682682,0
20111214,13.86,14.04,13.27,13.57,972260,0
20111215,13.83,14.04,13.55,13.76,774089,0
20111216,13.93,14.41,13.84,14.09,884869,0
20111219,14.12,14.31,13.32,13.54,612756,0
20111220,13.78,14.62,13.77,14.52,819326,0
20111221,14.47,14.86,14.14,14.78,690543,0
20111222,14.8,15.08,14.45,14.83,518656,0
20111223,14.88,15.01,14.58,14.86,306954,0
20111227,14.93,15.66,14.93,15.6,752985,0
20111228,15.53,15.89,14.6,15.05,730377,0
20111229,15.06,15.12,14.71,14.8,591031,0
20111230,14.92,15.03,14.61,14.76,299503,0
20120103,15.21,15.3,14.85,15.09,570783,0
20120104,14.93,15.3,14.67,15.09,391286,0
20120105,15.01,15.32,14.85,15.02,312215,0
20120106,15.12,15.12,14.2,14.3,472640,0
20120109,14.43,14.65,14.28,14.5,475521,0
20120110,14.74,14.94,14.3,14.39,392108,0
20120111,14.34,14.44,13.67,13.7,891950,0
20120112,13.68,13.82,11.57,11.63,2801326,0
20120113,11.77,11.8,10.98,11.1,2008222,0
20120117,11.49,11.6,11.1,11.19,1629355,0
20120118,11.12,11.34,10.71,10.99,2479622,0
20120119,10.96,11.03,10.24,10.27,1330098,0
20120120,10.36,10.36,9.96,10.16,966548,0
20120123,10.55,10.88,10.17,10.74,2089872,0
20120124,10.66,10.87,10.4,10.69,861643,0
20120125,10.68,11.02,10.44,10.94,884928,0
20120126,11.05,11.1,10.61,10.72,1407452,0
20120127,10.6,10.78,10.47,10.72,385692,0
20120130,10.59,10.82,10.51,10.61,426679,0
20120131,9.83,9.85,9.29,9.46,3040430,0
20120201,9.97,10.17,9.79,9.98,3956196,0
20120202,10.01,10.23,9.92,10.11,930462,0
20120203,10.23,10.23,9.98,10.15,808939,0
20120206,10.14,10.33,10,10.32,513045,0
20120207,10.33,10.49,10.05,10.3,742281,0
20120208,10.39,10.44,10.13,10.39,874082,0
20120209,10.39,10.81,10.24,10.47,1185075,0
20120210,10.25,10.31,9.8,10.28,1117634,0
20120213,10.36,10.43,10.08,10.25,643676,0
20120214,10.1,10.47,10.03,10.29,538846,0
20120215,10.4,10.73,10.2,10.23,1449729,0
20120216,10.39,10.62,10.01,10.34,831757,0
20120217,10.45,10.62,10.2,10.37,1018150,0
20120221,10.51,10.84,10.4,10.46,1373689,0
20120222,9.96,11.15,9.95,11.1,2031866,0
20120223,11.17,11.85,10.93,11.74,1696237,0
20120224,11.71,11.81,11.45,11.66,1109658,0
20120227,11.63,11.69,11.2,11.38,1167217,0
20120228,11.65,11.72,11,11.26,1017670,0
20120229,11.3,11.71,10.9,11.5,1962828,0
20120301,11.55,11.89,11.35,11.56,1604698,0
20120302,11.61,11.65,11.01,11.04,1037548,0
20120305,11,11.13,10.75,10.82,613347,0
20120306,10.54,10.61,10.06,10.31,910526,0
20120307,10.37,10.7,10.19,10.62,730358,0
20120308,10.7,11.06,10.58,10.87,846740,0
20120309,10.88,10.96,10.58,10.71,987147,0
20120312,10.59,10.68,10.3,10.49,495660,0
20120313,10.5,10.72,10.21,10.7,1688930,0
20120314,10.66,10.84,10.56,10.67,743733,0
20120315,10.61,10.71,10.35,10.53,592251,0
20120316,10.59,10.94,10.53,10.86,2023727,0
20120319,10.67,11.62,10.67,11.52,1064297,0
20120320,11.35,12.07,11.35,12.03,2495270,0
20120321,12,12.04,11.08,11.16,1666212,0
20120322,10.87,10.97,10.16,10.28,1489972,0
20120323,10.3,10.82,10.3,10.73,946864,0
20120326,10.84,10.88,10.44,10.47,642282,0
20120327,10.8,11.22,10.63,11.17,1332668,0
20120328,11.09,11.16,10.55,10.76,936221,0
20120329,10.7,10.75,10.35,10.72,781354,0
20120330,10.79,10.92,10.46,10.68,1018612,0
20120402,10.86,11.14,10.51,11.01,1293824,0
20120403,10.97,11.03,10.42,10.63,731543,0
20120404,10.75,10.77,10.37,10.54,768232,0
20120405,10.45,10.73,10.25,10.32,1063352,0
20120409,10.23,10.42,10.09,10.28,470708,0
20120410,10.27,10.31,9.43,9.57,871340,0
20120411,9.74,9.8,9.27,9.36,1180529,0
20120412,9.37,10.05,9.37,9.86,882580,0
20120413,9.74,9.77,9.25,9.37,941494,0
20120416,9.38,9.56,9.03,9.25,1106156,0
20120417,9.36,9.45,9.19,9.24,742204,0
20120418,9.14,9.2,8.8,9.04,876414,0
20120419,9.07,9.21,8.91,9.08,735049,0
20120420,9.4,9.61,9.09,9.45,1529374,0
20120423,9.22,9.51,8.95,9.36,869040,0
20120424,9.36,9.67,9.21,9.42,747719,0
20120425,9.53,9.75,9.29,9.75,612851,0
20120426,9.72,10.29,9.57,10.15,897578,0
20120427,10.16,10.28,9.86,10.14,398699,0
20120430,10.16,10.55,9.92,10.51,776249,0
20120501,10.55,11.25,10.26,10.94,1805159,0
20120502,11.29,11.5,11.03,11.15,1885043,0
20120503,11.08,11.24,10.62,10.76,1143992,0
20120504,10.59,10.59,10.13,10.39,938282,0
20120507,10.35,11.13,10.31,10.76,899468,0
20120508,11.02,11.06,10.3,11.02,1653344,0
20120509,10.81,11.21,10.52,11.21,1070142,0
20120510,11.26,11.3,10.78,10.84,794486,0
20120511,10.74,11.3,10.71,10.84,823291,0
20120514,10.75,10.82,10.5,10.52,1510812,0
20120515,10.66,10.71,9.85,10,1753820,0
20120516,10.08,10.54,9.8,9.86,1254693,0
20120517,9.86,10.18,9.75,9.94,1060167,0
20120518,10,10.25,9.5,9.55,1434652,0
20120521,9.61,10.32,9.44,10.29,1390865,0
20120522,10.69,11.04,9.93,10.06,1571768,0
20120523,9.98,10.76,9.79,10.75,1150107,0
20120524,10.74,10.74,10.28,10.41,525811,0
20120525,10.4,10.5,10.22,10.25,706772,0
20120529,10.43,10.92,10.35,10.64,1119637,0
20120530,10.42,10.43,10.01,10.15,702402,0
20120531,10.13,10.21,9.7,10.06,1218087,0
20120601,9.68,9.9,9.31,9.32,1130630,0
20120604,9.33,9.46,9,9.29,1030526,0
20120605,9.37,9.94,9.22,9.77,1275382,0
20120606,9.91,10.25,9.91,10.25,780258,0
20120607,10.45,10.62,10.05,10.12,895208,0
20120608,10.03,10.18,9.77,10.16,969982,0
20120611,10.35,10.43,9.86,9.89,829735,0
20120612,9.96,10.21,9.65,10.04,942192,0
20120613,9.98,10.31,9.66,9.7,737028,0
20120614,9.74,10.43,9.56,10.27,900379,0
20120615,10.27,10.79,10.16,10.76,1811811,0
20120618,10.62,10.63,10.15,10.24,817328,0
20120619,10.35,10.77,10.28,10.49,1151281,0
20120620,10.5,10.59,10.18,10.34,569573,0
20120621,10.35,10.37,9.5,9.5,1585731,0
20120622,9.62,9.72,9.3,9.65,2350215,0
20120625,9.54,9.68,9.25,9.66,1121057,0
20120626,9.78,10.14,9.63,9.99,993759,0
20120627,10.01,10.5,10.01,10.43,753506,0
20120628,10.35,10.76,10.16,10.73,814579,0
20120629,10.93,11.24,10.78,11.21,1160657,0
20120702,11.15,11.62,10.94,11.62,990902,0
20120703,11.62,12.02,11.62,11.99,743813,0
20120705,11.92,12.16,11.44,11.78,815257,0
20120706,11.57,11.73,11.32,11.67,1338882,0
20120709,11.63,11.97,11.45,11.82,568148,0
20120710,11.9,11.94,11.47,11.58,572221,0
20120711,11.75,11.89,11.61,11.74,562741,0
20120712,11.52,11.82,11.23,11.8,894766,0
20120713,11.8,12.14,11.71,12,638541,0
20120716,12.01,12.89,11.91,12.66,1458300,0
20120717,12.71,12.87,12.2,12.54,1458412,0
20120718,12.48,12.82,12.15,12.5,558210,0
20120719,12.54,12.81,12.37,12.51,702804,0
20120720,12.43,12.8,12.25,12.65,545599,0
20120723,12.2,12.55,12,12.48,574870,0
20120724,12.45,12.66,12.23,12.41,1225432,0
20120725,12.47,12.67,12.08,12.29,685834,0
20120726,12.53,12.63,12.17,12.53,557322,0
20120727,12.56,13.19,12.43,12.94,728037,0
20120730,12.95,13.19,12.84,13.07,441925,0
20120731,13.05,13.25,12.66,12.68,584831,0
20120801,12.75,12.91,12.41,12.82,510565,0
20120802,12.6,12.7,12.32,12.47,640012,0
20120803,12.8,13.03,12.41,12.68,500782,0
20120806,12.72,12.89,12.66,12.77,724425,0
20120807,12.86,12.87,12.42,12.49,1634257,0
20120808,12.39,13.75,12.34,13.04,2383858,0
20120809,13.17,13.69,12.87,13.51,830404,0
20120810,13.43,13.43,12.89,12.95,710234,0
20120813,13,13,12.48,12.52,620972,0
20120814,12.71,12.9,12.35,12.59,829603,0
20120815,12.55,12.79,12.34,12.68,704555,0
20120816,12.7,12.74,12.48,12.65,622554,0
20120817,12.63,12.7,12.01,12.44,1195797,0
20120820,12.39,12.57,12.01,12.08,719155,0
20120821,12.65,13.35,12.62,13.07,2478550,0
20120822,12.88,13.2,12.76,13.15,665038,0
20120823,13.19,13.24,12.69,12.75,614653,0
20120824,12.65,12.87,12.49,12.83,548582,0
20120827,12.87,13.21,12.74,13.03,591683,0
20120828,12.97,13.06,12.73,12.87,625206,0
20120829,12.89,12.89,12.48,12.52,718178,0
20120830,12.35,12.39,11.89,12.125,738833,0
20120831,12.3,12.43,12,12.39,1007655,0
20120904,12.35,12.43,12.05,12.08,837010,0
20120905,12.43,12.57,11.82,12.03,1375954,0
20120906,12.18,12.61,12.18,12.4,763005,0
20120907,12.48,13.15,12.48,13.1,627856,0
20120910,13.07,13.28,12.98,13,434389,0
20120911,13.11,13.6,13.11,13.57,655682,0
20120912,13.56,13.87,13.28,13.68,556010,0
20120913,13.69,14.13,13.5,13.985,672910,0
20120914,14.08,14.65,14,14.41,885160,0
20120917,14.32,14.48,13.87,14,524400,0
20120918,13.98,14.08,13.56,13.76,534184,0
20120919,13.71,13.95,13.43,13.63,738746,0
20120920,13.54,13.64,13.06,13.4,482106,0
20120921,13.6,14.045,13.56,13.74,1136435,0
20120924,13.54,13.69,13.46,13.57,673124,0
20120925,13.68,13.83,13.27,13.37,468732,0
20120926,13.31,13.31,12.58,12.8,928960,0
20120927,12.98,13.67,12.88,13.33,1555010,0
20120928,13.27,13.5,13.21,13.345,491928,0
20121001,13.48,13.68,13.16,13.27,589009,0
20121002,13.37,13.37,12.76,12.87,734937,0
20121003,12.83,12.83,12.07,12.27,823301,0
20121004,12.44,12.605,12.16,12.445,716647,0
20121005,12.27,12.65,12.27,12.34,409289,0
20121008,12.26,12.54,12.2,12.49,293246,0
20121009,12.57,13.05,12.56,12.88,477918,0
20121010,12.85,13.1,12.61,12.75,482946,0
20121011,12.99,13.31,12.89,13.15,549315,0
20121012,13.09,13.23,12.72,12.76,454458,0
20121015,12.82,13.09,12.5,12.76,329336,0
20121016,12.93,13.25,12.77,13.06,583728,0
20121017,13.09,13.62,12.93,13.4,412380,0
20121018,13.12,13.78,13.1,13.67,527571,0
20121019,13.56,13.655,13.29,13.35,398292,0
20121022,13.26,13.45,13.06,13.4,435970,0
20121023,13.09,13.24,12.62,13.09,693703,0
20121024,13.17,13.255,12.65,12.869,642757,0
20121025,13.05,13.05,12.75,12.93,228998,0
20121026,12.98,13.11,12.72,12.99,292489,0
20121031,13,13.32,12.802,13.24,302908,0
20121101,13.31,13.88,13.15,13.8,617095,0
20121102,13.9,14,13.34,13.681,641898,0
20121105,13.63,13.96,13.41,13.78,499852,0
20121106,13.84,14.11,13.84,14.03,901187,0
20121107,13.79,13.88,12.75,13.27,1419122,0
20121108,12.95,13.08,11.85,12.26,1571754,0
20121109,12.17,12.67,12.09,12.52,1040345,0
20121112,12.55,12.58,12.02,12.12,511994,0
20121113,11.86,12.33,11.69,12.13,983753,0
20121114,12.21,13.01,12.03,12.515,1050564,0
20121115,12.54,12.85,11.97,12,740936,0
20121116,12.12,12.43,11.83,12.27,897200,0
20121119,12.4,12.76,12.27,12.39,489051,0
20121120,12.3,12.5,12.14,12.44,365823,0
20121121,12.47,12.58,12.23,12.48,191656,0
20121123,12.54,12.76,12.49,12.75,137380,0
20121126,12.66,12.8,12.52,12.59,339486,0
20121127,12.54,12.64,12.3,12.52,473093,0
20121128,12.39,12.83,12.27,12.81,833281,0
20121129,12.92,13.47,12.79,13.34,629898,0
20121130,13.35,13.57,13.09,13.15,626551,0
20121203,13.28,13.328,12.34,12.34,803461,0
20121204,12.32,12.5,12.03,12.33,435398,0
20121205,12.42,12.75,12.205,12.65,630582,0
20121206,12.66,13.04,12.45,12.7,771706,0
20121207,12.62,13,12.49,12.92,707245,0
20121210,12.92,12.95,12.06,12.23,1049622,0
20121211,12.33,12.58,12.04,12.11,617878,0
20121212,12.19,12.38,12.03,12.141,489070,0
20121213,12.1,12.13,11.78,11.89,563649,0
20121214,12.03,12.11,11.87,11.94,414972,0
20121217,12.01,12.05,11.74,11.9,433117,0
20121218,11.95,12.63,11.9,12.62,1183737,0
20121219,12.64,12.87,12.51,12.71,474451,0
20121220,12.71,13.06,12.59,12.99,500130,0
20121221,12.79,12.84,12.44,12.8,806166,0
20121224,12.77,12.95,12.55,12.7,176745,0
20121226,12.74,12.98,12.612,12.71,285897,0
20121227,12.88,12.93,12.565,12.73,391919,0
20121228,12.62,12.82,12.583,12.73,366174,0
20121231,12.67,13.05,12.51,13.02,381974,0
20130102,13.41,13.45,13.06,13.32,620512,0
20130103,13.24,13.78,13.08,13.24,530061,0
20130104,13.32,13.32,12.91,13.12,1627801,0
20130107,12.95,13.4,12.64,13.4,453603,0
20130108,13.43,13.65,13.36,13.46,426715,0
20130109,13.52,13.52,13.01,13.01,529702,0
20130110,13.09,13.26,12.78,12.84,578356,0
20130111,12.86,13.05,12.65,12.8,534055,0
20130114,12.72,12.89,12.49,12.59,751158,0
20130115,12.56,12.85,12.45,12.78,599866,0
20130116,12.85,13.22,12.65,13.18,487168,0
20130117,13.29,13.825,13.16,13.61,473875,0
20130118,13.61,13.83,13.412,13.78,570212,0
20130122,13.8,14.28,13.59,14.17,491230,0
20130123,14.16,14.16,13.63,13.65,376725,0
20130124,13.6,14.06,13.6,13.7,272010,0
20130125,13.84,14.04,13.65,14.02,510733,0
20130128,13.96,14,13.34,13.41,468245,0
20130129,13.43,13.56,13.18,13.54,316153,0
20130130,13.57,13.57,12.835,12.88,972220,0
20130131,12.85,13.205,12.7,13.13,750530,0
20130201,13.26,13.42,13.14,13.26,515836,0
20130204,13.16,13.29,12.82,12.87,472049,0
20130205,13.07,13.33,12.91,13.27,850206,0
20130206,13.21,13.61,13.18,13.5,479449,0
20130207,13.54,13.66,13.26,13.34,490366,0
20130208,13.38,13.5,13.28,13.35,213518,0
20130211,13.34,13.41,13.13,13.32,260383,0
20130212,13.36,13.42,13.15,13.35,530230,0
20130213,13.36,13.71,13.29,13.7,668571,0
20130214,13.68,14,13.62,13.95,556730,0
20130215,13.95,14.34,13.66,14.18,794019,0
20130219,14.18,14.475,14.1,14.32,474159,0
20130220,14.26,14.43,13.6,13.68,571187,0
20130221,13.82,13.86,13.2,13.68,524273,0
20130222,13.76,13.975,13.62,13.93,302721,0
20130225,13.97,14.17,13.16,13.2,533213,0
20130226,13.36,13.42,12.84,13.13,739733,0
20130227,13.07,13.75,12.95,13.09,604589,0
20130228,13.17,13.81,13.1,13.48,563249,0
20130301,13.38,13.75,13.07,13.7,602455,0
20130304,13.62,13.71,12.93,13.18,628033,0
20130305,13.29,13.53,13.1,13.38,372904,0
20130306,13.48,13.59,13.37,13.55,341847,0
20130307,13.53,14.26,13.32,14.23,626362,0
20130308,14.35,14.45,14.15,14.34,430775,0
20130311,14.32,14.62,14.08,14.49,350801,0
20130312,14.5,14.85,14.37,14.74,654926,0
20130313,14.72,14.98,14.53,14.71,507200,0
20130314,14.74,16.29,14.54,15.53,1199244,0
20130315,15.55,15.85,15.39,15.54,962878,0
20130318,15.56,16.5,15.54,16.19,926987,0
20130319,16.19,16.34,15.65,15.78,766711,0
20130320,16.01,16.3,15.96,16.09,550724,0
20130321,16.02,16.08,15.85,15.88,458700,0
20130322,15.95,16.11,15.81,15.98,664999,0
20130325,16.14,16.24,15.9,16.2,579745,0
20130326,16.3,16.58,16.11,16.49,489599,0
20130327,16.218,16.5,16.218,16.35,371017,0
20130328,16.43,16.615,16.15,16.49,518603,0
20130401,16.64,16.72,16.1,16.44,601660,0
20130402,16.51,16.66,16.25,16.32,756690,0
20130403,16.45,16.605,15.77,15.88,943919,0
20130404,15.85,15.94,15.36,15.94,430980,0
20130405,15.7,16.85,15.54,16.5,788828,0
20130408,16.68,16.87,16.48,16.65,533785,0
20130409,16.7,17.03,16.61,16.81,622254,0
20130410,16.86,17.26,16.78,17.18,469503,0
20130411,17.16,17.33,16.91,16.97,755742,0
20130412,16.93,16.96,16.1,16.53,722749,0
20130415,16.37,16.39,15.09,15.19,1067773,0
20130416,15.43,15.76,14.95,15.48,715096,0
20130417,15.17,15.37,14.51,14.86,638818,0
20130418,14.95,15.6,14.41,15.5,916839,0
20130419,15.7,15.74,14.9,15.49,553654,0
20130422,15.51,15.52,14.73,15.14,551621,0
20130423,15.29,15.601,15.09,15.42,619116,0
20130424,15.4,16,15.28,15.9,447511,0
20130425,16.08,16.61,16,16.16,824076,0
20130426,16.18,16.27,15.89,16.11,566149,0
20130429,16.51,16.56,16.03,16.33,456145,0
20130430,16.31,16.37,15.88,16.07,523669,0
20130501,16.05,16.05,14.93,15.38,1108452,0
20130502,15.59,16.22,15.2,15.85,503059,0
20130503,16.06,16.75,16.06,16.7,610045,0
20130506,16.7,16.86,16.56,16.61,552626,0
20130507,16.54,16.9,16.51,16.79,524040,0
20130508,16.8,16.88,16.45,16.67,482807,0
20130509,16.59,16.74,16.15,16.62,316134,0
20130510,16.64,16.64,16.09,16.46,334128,0
20130513,16.37,16.73,16.22,16.73,380883,0
20130514,16.69,17.178,16.65,16.84,535704,0
20130515,16.67,17,16.55,16.68,301586,0
20130516,16.7,16.8,16.43,16.57,292627,0
20130517,16.8,17.03,16.78,17,414098,0
20130520,16.5,17.67,16.5,17.3,791520,0
20130521,17.3,17.6,16.96,17.07,328633,0
20130522,17.23,17.53,16.2,16.58,848996,0
20130523,16.26,16.73,16.03,16.61,995710,0
20130524,16.51,17.03,16.41,16.98,598872,0
20130528,17.33,17.53,17.1,17.24,350400,0
20130529,17.11,17.44,16.9,17.08,223262,0
20130530,17.07,17.11,16.68,16.92,423764,0
20130531,16.79,17,16.59,16.61,484456,0
20130603,16.61,17.3,16.53,17.26,791012,0
20130604,17.23,17.37,16.93,17.28,545727,0
20130605,17.19,17.405,16.883,16.95,299489,0
20130606,16.95,17.18,16.51,17.09,452536,0
20130607,17.24,17.37,16.98,17.2,393322,0
20130610,17.36,17.42,17.09,17.12,337535,0
20130611,16.83,17.16,16.7,16.81,481375,0
20130612,16.93,17.11,16.77,16.8,327126,0
20130613,16.8,17.47,16.66,17.37,397153,0
20130614,17.37,17.5,17.03,17.06,276687,0
20130617,17.31,17.87,17.238,17.65,349456,0
20130618,17.6,18.39,17.6,18.27,519322,0
20130619,18.24,18.55,17.99,18.14,496384,0
20130620,17.9,17.9,17.33,17.45,467498,0
20130621,17.56,17.9,17,17.69,1311815,0
20130624,17.32,17.91,16.81,17.53,431647,0
20130625,17.73,18.2,17.34,18.15,690530,0
20130626,18.32,18.328,17.67,17.74,403638,0
20130627,17.86,18.29,17.68,17.88,496243,0
20130628,17.79,18.14,17.58,17.58,1913070,0
20130701,17.66,18.3,17.45,18,495034,0
20130702,18.01,18.64,18,18.21,442463,0
20130703,18.21,18.65,18.01,18.64,317184,0
20130705,19.04,19.14,18.64,19.14,275322,0
20130708,19.22,19.22,18.71,19.05,372681,0
20130709,19.16,19.32,18.21,18.35,723493,0
20130710,18.4,18.526,18.02,18.39,568711,0
20130711,18.76,19.05,18.24,18.26,598600,0
20130712,18.17,18.3,17.51,18.06,497273,0
20130715,18.17,18.42,17.7,17.71,362080,0
20130716,17.66,17.98,17.5,17.94,414680,0
20130717,17.91,18.34,17.87,17.94,420092,0
20130718,17.99,18.54,17.7,18.24,519797,0
20130719,18.25,18.8,18.21,18.79,485648,0
20130722,18.68,18.89,18.43,18.59,629796,0
20130723,18.66,18.98,18.49,18.67,551354,0
20130724,18.64,18.665,18.37,18.59,687578,0
20130725,18.54,19.2,18.54,19.16,640281,0
20130726,19.05,19.17,18.72,18.83,465850,0
20130729,18.75,19,18.42,18.83,328540,0
20130730,18.87,19.305,18.83,19.18,298389,0
20130731,19.27,19.46,19.1,19.19,447858,0
20130801,19.4,19.86,19.4,19.84,530391,0
20130802,19.79,20.07,19.55,19.73,706001,0
20130805,19.74,20.51,19.73,20.38,486222,0
20130806,20.37,20.43,19.89,20.33,634355,0
20130807,20.57,21.93,20.57,21.45,1771084,0
20130808,21.69,22.08,21.06,21.1,990603,0
20130809,21.22,21.74,21,21.18,549139,0
20130812,21.19,21.71,21,21.23,564216,0
20130813,21.38,21.82,21.18,21.7,390449,0
20130814,21.62,21.79,20.825,20.855,823755,0
20130815,20.55,20.98,20,20.55,3024974,0
20130816,20.42,20.76,20.27,20.45,906648,0
20130819,20.34,21.1,20.27,20.96,726616,0
20130820,20.88,21.49,20.74,21.26,811943,0
20130821,21.11,21.3,20.24,20.25,644565,0
20130822,20.3,20.52,20.06,20.42,394553,0
20130823,20.48,21.035,20.3,21,561317,0
20130826,21.12,21.38,20.91,21.07,346262,0
20130827,20.98,21.3,20.57,20.61,311982,0
20130828,20.67,21.18,20.56,20.73,485634,0
20130829,20.64,20.81,20.27,20.53,452312,0
20130830,20.56,21.06,20.27,20.8,581369,0
20130903,21.1,21.53,21.07,21.31,389774,0
20130904,21.28,21.5,21.12,21.35,418872,0
20130905,21.28,21.5,21.11,21.13,348524,0
20130906,21.24,21.455,20.15,20.57,848809,0
20130909,20.61,21.01,20.53,20.77,420013,0
20130910,20.8,20.8,20.25,20.44,388192,0
20130911,20.48,20.72,20.17,20.6,424939,0
20130912,20.54,20.76,20.41,20.63,309290,0
20130913,20.66,20.86,20.52,20.72,242124,0
20130916,20.96,21.1,20.37,20.4,241866,0
20130917,20.58,21.18,20.41,21.18,380968,0
20130918,21.16,22.02,20.9,21.97,605132,0
20130919,21.98,22.26,21.83,22.03,444185,0
20130920,22.05,22.36,21.85,22.26,888629,0
20130923,22.12,22.72,22.07,22.641,547652,0
20130924,22.8,22.99,22.22,22.28,573500,0
20130925,22.26,22.46,21.85,21.88,344300,0
20130926,21.88,22.22,21.51,22.22,624908,0
20130927,22.19,22.43,22.05,22.09,248200,0
20130930,21.76,22.42,21.45,22.32,383200,0
20131001,22.25,22.75,22.25,22.55,391600,0
20131002,22.51,22.66,22.01,22.11,495600,0
20131003,22,22.11,21.38,21.5,579100,0
20131004,21.45,22.01,21.3,21.84,395800,0
20131007,21.61,21.93,21.41,21.54,463300,0
20131008,21.67,21.9,20.87,20.99,422000,0
20131009,21.07,21.38,20.67,21.16,596300,0
20131010,21.38,21.97,21.29,21.79,428300,0
20131011,21.7,22.77,21.5,22.43,438000,0
20131014,22.34,23.51,22.24,23.04,699900,0
20131015,23.01,23.51,22.41,22.56,601400,0
20131016,22.99,24.66,22.97,23.8,1145600,0
20131017,23.71,24.31,23.14,23.85,1021151,0
20131018,23.92,24.98,23.84,24.98,1137200,0
20131021,24.95,25.17,23.95,23.97,706600,0
20131022,24.05,24.31,22.96,23.23,850900,0
20131023,22.54,23.08,21.2,21.79,1411200,0
20131024,21.69,22.83,21.52,22.67,1160400,0
20131025,22.66,23.23,22.31,22.66,654043,0
20131028,22.69,22.8,22.18,22.24,510200,0
20131029,22.23,22.69,22.18,22.5,518900,0
20131030,22.59,23.04,21.65,21.9,790900,0
20131031,21.86,22.04,21.4,21.5,531936,0
20131101,21.49,21.5,20.41,20.93,764600,0
20131104,21.12,22.3,20.9,22.23,920100,0
20131105,22.02,22.02,20.92,21.2,701000,0
20131106,20.15,20.98,18.56,18.94,1987630,0
20131107,18.93,19.19,18.4,18.82,1300800,0
20131108,18.77,19.57,18.75,19.3,790002,0
20131111,19.23,19.45,18.82,18.85,464200,0
20131112,18.66,18.71,17.81,17.96,983400,0
20131113,17.8,18.85,17.8,18.8,1022200,0
20131114,18.77,18.8,17.95,18.61,577500,0
20131115,18.62,19.205,18.4,19.18,876901,0
20131118,19.2,19.34,18.66,18.94,1357100,0
20131119,18.92,18.92,18.06,18.31,723500,0
20131120,18.38,19.05,18.19,18.51,911600,0
20131121,18.59,19.58,18.37,19.54,957350,0
20131122,19.68,20.2,19.65,20.15,1032900,0
20131125,20.16,20.2,19.42,19.91,909327,0
20131126,19.88,20.42,19.65,20.12,399300,0
20131127,20.04,20.14,18.8,19.04,516350,0
20131129,19.08,19.47,18.72,19.18,242509,0
20131202,19.25,19.71,18.87,19.61,890623,0
20131203,19.59,20.31,18.92,19.04,899700,0
20131204,19.09,19.46,18.79,19.15,585500,0
20131205,19.07,19.32,18.8,19.16,386100,0
20131206,19.44,20.07,18.98,19.07,985047,0
20131209,19.11,19.93,18.94,19.89,751400,0
20131210,19.95,20.21,19.44,19.44,1017223,0
20131211,19.41,19.84,19.14,19.51,703842,0
20131212,19.59,20.15,19.49,19.64,517800,0
20131213,19.64,19.83,19.11,19.62,439000,0
20131216,19.76,19.88,19.41,19.6,459200,0
20131217,19.48,19.68,19.13,19.55,437500,0
20131218,19.58,19.79,18.77,19.25,741900,0
20131219,19.18,20,19,19.4,925702,0
20131220,19.5,20.75,19.32,20.6,1228800,0
20131223,20.75,21.15,20.26,20.46,644933,0
20131224,20.4,20.79,20.2,20.47,184822,0
20131226,20.49,20.52,19.78,19.83,364500,0
20131227,19.92,20.19,19.4,20.06,507200,0
20131230,20.11,20.35,19.5,19.54,436800,0
20131231,19.6,19.95,19.37,19.71,534300,0
20140102,19.59,19.69,18.52,18.98,903693,0
20140103,18.92,19.2,18.4,18.93,888109,0
20140106,18.94,19.15,18.59,18.61,1252350,0
20140107,18.62,19.1,18.24,18.38,710000,0
20140108,18.41,18.63,17.82,18.19,756689,0
20140109,18.7,18.85,17.83,17.95,1460924,0
20140110,17.95,18.17,17.49,17.78,660429,0
20140113,17.8,17.905,16.95,17.04,764129,0
20140114,17.07,17.92,17.04,17.82,741202,0
20140115,18,19.23,17.97,18.76,1468100,0
20140116,18.85,19.31,18.51,19.09,708700,0
20140117,19.12,19.18,18.56,18.69,638000,0
20140121,18.8,19.14,18.62,19.11,432757,0
20140122,19.21,19.7,19.01,19.26,902800,0
20140123,19.34,19.49,19.19,19.39,1089600,0
20140124,19.3,19.63,18.96,19.22,1005000,0
20140127,19.23,19.63,18.19,18.28,1065800,0
20140128,18.21,18.78,18.18,18.7,423900,0
20140129,18.54,18.66,18.1,18.55,833115,0
20140130,18.68,18.89,18.38,18.43,659200,0
20140131,18.16,19.11,18.1,18.84,728100,0
20140203,18.87,19.13,18.16,18.36,420714,0
20140204,18.43,19.33,18.378,18.74,1002440,0
20140205,18.55,18.68,17.9,18.13,824369,0
20140206,18.23,18.7,18.07,18.35,853547,0
20140207,18.45,18.45,17.558,17.97,846086,0
20140210,17.94,17.956,17.58,17.84,416933,0
20140211,17.85,18.21,17.69,18.01,408790,0
20140212,18.05,18.37,17.73,17.74,541792,0
20140213,17.58,18.29,17.54,18.08,488797,0
20140214,18.11,18.439,18.04,18.18,257940,0
20140218,18.2,18.66,18.099,18.47,573382,0
20140219,18.37,18.7,18.16,18.21,520611,0
20140220,17.72,18.25,16.91,18.1,1061422,0
20140221,18.37,18.49,17.53,17.59,898467,0
20140224,17.55,18.95,17.55,18.7,861300,0
20140225,18.7,18.86,18.41,18.59,618006,0
20140226,18.54,18.7,18.1,18.26,321433,0
20140227,18.17,18.59,18.02,18.54,323359,0
20140228,18.51,19.14,18.26,19,557181,0
20140303,19,19.31,18.31,18.4,656427,0
20140304,18.43,19.15,18.34,19.03,537269,0
20140305,19,19.34,18.56,18.83,433437,0
20140306,18.85,19.09,18.51,18.6,431740,0
20140307,18.61,18.95,18.18,18.27,485447,0
20140310,18.18,18.26,17.78,18.14,526910,0
20140311,18.22,18.49,17.28,17.41,525027,0
20140312,17.31,17.68,17,17.51,444537,0
20140313,17.3,17.6,17.14,17.53,587810,0
20140314,17.5,17.82,17.5,17.74,274145,0
20140317,17.87,18.08,17.3,17.5,260319,0
20140318,17.48,18.08,17.37,18.01,507351,0
20140319,17.98,18.16,17.48,17.51,532752,0
20140320,17.45,17.545,17,17.1,842427,0
20140321,17.2,17.31,17.05,17.2,1338639,0
20140324,17.35,17.4,16.74,17.37,1039705,0
20140325,17.61,17.74,17.11,17.23,546796,0
20140326,17.3,17.43,16.85,16.99,459300,0
20140327,17.3,17.57,16.96,17.33,642836,0
20140328,17.4,17.93,17.25,17.86,1108842,0
20140331,18.01,18.89,17.9,18.71,973146,0
20140401,18.75,19.13,18.52,19.06,760178,0
20140402,19.06,19.52,18.96,19.37,435915,0
20140403,19.56,19.85,19.225,19.29,584840,0
20140404,19.43,19.63,18.92,18.95,449157,0
20140407,18.91,18.93,18.16,18.4,761446,0
20140408,18.47,19.3,18.13,19.22,657315,0
20140409,19.18,19.28,18.78,18.95,527141,0
20140410,18.92,19.19,18.61,18.78,467819,0
20140411,18.63,19.42,18.611,19.1,456927,0
20140414,19.46,19.81,19.01,19.4,786933,0
20140415,19.57,19.85,19.21,19.64,928453,0
20140416,19.75,20.2,19.65,20.16,660719,0
20140417,20.34,21,20.202,20.86,467872,0
20140421,21.05,21.13,20.11,20.715,648167,0
20140422,20.68,21.08,20.3,20.64,675361,0
20140423,20.66,21.24,20.66,21.01,673228,0
20140424,21.04,21.89,20.958,21.5,854522,0
20140425,21.41,21.41,20.65,20.86,636908,0
20140428,20.99,21.09,20.15,20.18,768020,0
20140429,20.17,21.16,20.135,20.68,1251321,0
20140430,22,22,20.82,21.06,1571563,0
20140501,21.02,21.17,20.39,20.77,1062794,0
20140502,20.85,21.61,20.73,21.28,526751,0
20140505,21.05,21.42,20.91,21.08,485140,0
20140506,21.09,21.33,20.64,20.75,422417,0
20140507,20.77,20.96,20.14,20.28,642894,0
20140508,20.06,20.222,19.4,19.44,578333,0
20140509,19.38,19.69,19.13,19.43,531320,0
20140512,19.65,19.99,19.35,19.64,324366,0
20140513,19.69,20.13,19.61,20.04,556876,0
20140514,20.19,20.37,19.71,19.74,365776,0
20140515,19.61,19.74,18.9,19.7,654651,0
20140516,19.65,20.18,19.3,20.18,526894,0
20140519,20.21,20.33,19.75,19.98,398830,0
20140520,19.9,19.98,19.32,19.53,545369,0
20140521,19.59,19.82,19.19,19.68,867927,0
20140522,19.47,19.83,19.19,19.22,504026,0
20140523,19.28,19.44,18.82,18.96,469070,0
20140527,19.14,19.19,18.845,19.1,772199,0
20140528,19.08,19.81,18.97,19.67,1169622,0
20140529,19.73,20.14,19.35,20.02,446901,0
20140530,20,20.15,19.54,19.88,367727,0
20140602,19.69,20.2,19.39,19.39,579880,0
20140603,19.39,19.56,18.745,19,1079030,0
20140604,19.03,19.08,18.66,18.87,612745,0
20140605,18.98,19.06,18.42,18.79,1030583,0
20140606,18.9,19.09,18.76,18.9,617187,0
20140609,19.47,19.48,18.6,18.74,863989,0
20140610,18.87,18.87,18.31,18.37,542400,0
20140611,18.37,18.68,18.23,18.62,479031,0
20140612,18.67,19.1,18.28,18.58,799779,0
20140613,18.59,18.92,18.35,18.85,452597,0
20140616,18.84,18.9,18.49,18.52,455203,0
20140617,18.43,18.61,18.22,18.4,475996,0
20140618,18.41,18.67,18.06,18.56,879149,0
20140619,18.89,19.24,18.695,18.77,1183458,0
20140620,18.88,19.03,18.44,18.49,1038411,0
20140623,18.65,18.99,18.325,18.36,837880,0
20140624,18.38,18.61,17.15,17.28,1099958,0
20140625,17.07,17.78,17.07,17.63,625999,0
20140626,17.7,17.8,16.94,17.16,846738,0
20140627,17.04,17.51,17.02,17.43,778672,0
20140630,17.39,17.73,17.29,17.71,540594,0
20140701,17.69,17.84,17.46,17.49,504787,0
20140702,17.47,17.63,17.16,17.19,489300,0
20140703,17.23,17.5,17.08,17.48,373953,0
20140707,17.37,17.37,16.33,16.43,1210230,0
20140708,16.33,16.55,16,16.25,1000513,0
20140709,16.27,16.6,16.17,16.58,858325,0
20140710,16.24,16.323,15.92,16.07,920470,0
20140711,15.98,16.065,15.34,15.44,1480081,0
20140714,15.46,15.655,15.23,15.32,1119241,0
20140715,15.17,15.3,14.72,14.75,1403821,0
20140716,14.98,15.14,14.68,15.1,2229438,0
20140717,15,15.22,14.55,14.67,1267086,0
20140718,14.6,15.03,14.43,14.97,1149511,0
20140721,14.96,15.07,14.72,14.86,1087754,0
20140722,15.1,15.335,14.88,15.17,920581,0
20140723,15.17,15.43,14.7,14.76,862169,0
20140724,14.82,14.968,14.58,14.6,566037,0
20140725,14.59,14.6,14.23,14.29,666121,0
20140728,14.3,14.31,13.91,14.08,719868,0
20140729,14.22,14.3,13.835,14.12,1266996,0
20140730,14.15,14.25,13.92,14.07,817026,0
20140731,13.93,14.04,13.48,13.79,1336478,0
20140801,13.91,13.91,13.24,13.39,755167,0
20140804,13.4,13.84,13.18,13.82,688644,0
20140805,13.79,13.874,13.23,13.43,885137,0
20140806,12.47,14.14,12.38,13.83,1079634,0
20140807,14.148,14.148,13.38,13.54,1266672,0
20140808,13.7,14.43,13.47,14.36,996316,0
20140811,14.44,15.5,14.42,15.14,2563723,0
20140812,15.05,15.11,14.25,14.38,855090,0
20140813,13.76,14.16,13.76,13.88,2591944,0
20140814,14.02,14.169,13.73,13.84,1304941,0
20140815,13.98,14.17,13.82,14.15,909512,0
20140818,14.25,14.4,13.91,14.03,426400,0
20140819,14.15,14.83,14.14,14.55,1300377,0
20140820,14.47,14.65,13.9,14.12,585710,0
20140821,14.34,14.97,14.12,14.72,1047747,0
20140822,14.75,14.932,14.35,14.45,724581,0
20140825,14.54,14.88,14.46,14.85,530643,0
20140826,15.25,15.62,15.01,15.05,985032,0
20140827,15.12,15.31,15.05,15.17,679197,0
20140828,15.1,15.33,15.02,15.12,384561,0
20140829,15.11,15.29,15.03,15.28,512151,0
20140902,15.4,15.44,14.86,14.95,586597,0
20140903,15.08,15.25,15,15.02,388386,0
20140904,15.02,15.257,14.44,14.57,697762,0
20140905,14.58,15,14.56,14.98,934103,0
20140908,14.88,14.91,14.36,14.58,574639,0
20140909,14.6,14.79,14.11,14.27,915110,0
20140910,14.19,14.4,13.93,14.34,958449,0
20140911,14.17,14.67,13.93,14.55,596041,0
20140912,14.48,14.6,14.3,14.43,657248,0
20140915,14.42,14.9,14.05,14.84,951890,0
20140916,14.72,15.27,14.71,15.21,1014933,0
20140917,15.26,15.5,15.16,15.4,1477181,0
20140918,15.41,15.45,14.95,15.19,1671527,0
20140919,15.28,15.37,14.71,14.755,1622722,0
20140922,14.68,14.705,13.56,13.9,2021942,0
20140923,13.87,14.245,13.58,13.6,1046502,0
20140924,13.6,14,13.18,13.71,1080276,0
20140925,13.64,13.84,13.03,13.14,1365196,0
20140926,13.19,13.454,12.955,13.35,1089347,0
20140929,13.17,13.575,12.79,13.57,1257413,0
20140930,13.54,13.9,12.59,12.67,1077632,0
20141001,12.68,13.19,12.32,12.48,1410911,0
20141002,12.54,12.54,11.63,12.26,1588716,0
20141003,12.32,12.36,11.95,12.13,779679,0
20141006,12.16,12.28,11.61,11.99,709904,0
20141007,12.53,12.53,12.07,12.09,2699439,0
20141008,12.02,12.17,11.25,11.66,8609958,0
20141009,11.57,11.57,10.49,10.69,2095992,0
20141010,10.7,10.87,10.03,10.19,2346477,0
20141013,10.13,10.34,8.54,8.545,3267593,0
20141014,8.84,9.25,7.79,8.09,3669972,0
20141015,7.7,8.99,7.5,8.9,4295016,0
20141016,8.52,9.72,8.35,9.22,2810420,0
20141017,9.51,10.19,8.76,8.86,2050444,0
20141020,9,9.2,8.33,8.56,1934113,0
20141021,9.18,9.2,8.6,8.96,2228950,0
20141022,8.98,9.1,8.39,8.4,2185836,0
20141023,8.58,8.97,8.33,8.68,1063882,0
20141024,8.59,8.77,8.04,8.31,1479315,0
20141027,7.98,8.1,7.405,7.58,2817980,0
20141028,7.72,7.8499,7.5,7.72,1738904,0
20141029,7.82,8.38,7.82,8.15,2294931,0
20141030,7.98,8.12,7.47,7.65,1728211,0
20141031,7.66,7.91,6.69,7.84,2154336,0
20141103,7.9,8.17,7.58,7.79,2433454,0
20141104,7.63,7.75,7.12,7.21,2934314,0
20141105,6.77,7.46,6.76,7.45,2740375,0
20141106,7.25,7.52,6.62,7.5,3832532,0
20141107,7.47,8.27,7.38,8,3515688,0
20141110,7.85,8.17,7.2,7.23,2480288,0
20141111,7.25,7.85,7.09,7.56,1646313,0
20141112,7.49,8.04,7.27,7.55,2619665,0
20141113,7.51,7.5964,7.04,7.29,2698841,0
20141114,7.36,8.13,7.27,8.09,2609015,0
20141117,7.99,7.99,7.31,7.34,2752958,0
20141118,7.29,7.99,7.26,7.82,3591709,0
20141119,7.82,7.94,7.52,7.66,2405257,0
20141120,7.65,8.15,7.62,8.08,2142503,0
20141121,8.34,8.73,8.21,8.37,2338242,0
20141124,8.3,8.47,7.95,8.26,2872925,0
20141125,8.58,9.4,8.31,8.84,5991018,0
20141126,8.94,9.02,8.51,8.55,3606100,0
20141128,7.99,8.21,7.01,7.02,3326399,0
20141201,7.01,7.3,6.64,6.99,4965159,0
20141202,6.79,7.3199,6.66,6.84,3036648,0
20141203,6.91,7.39,6.85,7.22,2992976,0
20141204,7.15,7.16,6.68,6.755,3261791,0
20141205,6.8,6.81,6.07,6.15,3497032,0
20141208,5.95,5.96,5.02,5.03,3939341,0
20141209,5,5.539,4.94,5.465,2926612,0
20141210,5.29,5.29,4.99,5.25,3100462,0
20141211,5.25,5.58,5.08,5.15,2286959,0
20141212,5.03,5.2,4.66,5.18,3849523,0
20141215,5.31,5.39,4.55,4.59,3966668,0
20141216,4.55,5.38,4.5,5.19,3773000,0
20141217,5.17,5.97,5.05,5.91,3668717,0
20141218,6.3,6.57,5.75,6.02,4056547,0
20141219,6.2,6.48,5.88,6.47,6409016,0
20141222,6.38,6.57,5.44,5.53,3734058,0
20141223,5.76,5.97,5.09,5.34,4342328,0
20141224,5.11,5.29,4.97,5.17,1843847,0
20141226,5.17,5.359,4.94,5.07,2021115,0
20141229,5.09,5.29,5.01,5.24,2741978,0
20141230,5.15,5.27,5,5.05,1802514,0
20141231,5.05,5.14,4.64,5.1,3468970,0
20150102,5.04,5.27,4.85,5.17,1924896,0
20150105,5.11,5.11,4.66,4.73,3097786,0
20150106,4.7,4.83,4.36,4.54,3413589,0
20150107,4.72,4.75,4.27,4.34,2632275,0
20150108,4.45,4.45,3.93,3.99,5741719,0
20150109,3.97,3.97,3.62,3.68,3881157,0
20150112,3.52,3.53,2.88,2.94,7947215,0
20150113,2.94,3.03,2.73,2.73,4294919,0
20150114,2.68,2.88,2.63,2.65,6154114,0
20150115,2.77,2.85,2.6,2.61,5333074,0
20150116,2.66,2.78,2.61,2.67,2414055,0
20150120,2.75,2.8,2.47,2.5,3826241,0
20150121,2.56,2.85,2.525,2.825,3861993,0
20150122,2.92,2.95,2.67,2.83,2586182,0
20150123,2.85,3.05,2.77,3.03,4116282,0
20150126,3.05,3.31,2.92,3.16,3826417,0
20150127,3.13,3.44,3.11,3.43,3901469,0
20150128,3.5,3.5,3.08,3.11,4185532,0
20150129,3.12,3.39,3.07,3.39,3734970,0
20150130,3.36,3.6,3.25,3.54,4085027,0
20150202,3.55,4.09,3.55,4.05,5665656,0
20150203,4.21,5.05,4.15,5,8274721,0
20150204,4.52,4.62,4.21,4.56,7160208,0
20150205,4.83,4.98,4.7,4.77,4245247,0
20150206,4.81,4.86,4.47,4.73,3934206,0
20150209,4.75,5.24,4.75,4.92,4998246,0
20150210,5,5,4.59,4.6,5405443,0
20150211,4.48,4.74,4.11,4.71,4797956,0
20150212,4.85,5.05,4.83,4.95,2995843,0
20150213,5.18,5.2,4.96,5.08,3594859,0
20150217,5.11,5.14,4.77,4.91,4051179,0
20150218,4.78,4.91,4.59,4.69,3643391,0
20150219,4.43,4.82,4.23,4.69,4657038,0
20150220,4.66,5,4.6,4.87,3300288,0
20150223,4.71,4.9,4.595,4.79,2479670,0
20150224,4.83,4.88,4.56,4.65,2326340,0
20150225,4.62,4.83,4.47,4.79,2845581,0
20150226,4.75,4.98,4.6,4.94,2864722,0
20150227,4.95,5.09,4.82,4.9,2523233,0
20150302,4.83,5.04,4.71,4.91,2770400,0
20150303,4.93,5.14,4.84,4.88,2730000,0
20150304,4.89,4.99,4.71,4.93,2503900,0
20150305,5,5,4.84,4.88,2127000,0
20150306,4.93,4.94,4.64,4.65,2745800,0
20150309,4.65,4.66,4.22,4.25,4234700,0
20150310,4.09,4.13,3.94,3.95,2809900,0
20150311,4.01,4.15,3.87,4.13,2384800,0
20150312,4.16,4.2,4.03,4.11,1472100,0
20150313,3.99,4.04,3.74,3.93,2316900,0
20150316,3.88,4.03,3.57,4.03,2884000,0
20150317,3.87,4.04,3.71,3.89,3291800,0
20150318,3.81,4.29,3.73,4.27,2993300,0
20150319,4.1,4.2,3.89,3.9,2479500,0
20150320,4,4.13,3.79,3.85,7326800,0
20150323,3.83,4.05,3.8,3.85,2547600,0
20150324,3.92,4.02,3.84,4,1548200,0
20150325,3.99,4.32,3.96,4.16,2867400,0
20150326,4.35,4.48,4.11,4.21,2473800,0
20150327,4.17,4.17,3.78,3.86,3651500,0
20150330,3.91,3.94,3.73,3.85,1777000,0
20150331,4.01,4.01,3.66,3.72,4140558,0
20150401,3.71,3.79,3.63,3.7,4217100,0
20150402,3.67,3.94,3.62,3.85,4413600,0
20150406,3.88,4.42,3.88,4.38,4638300,0
20150407,4.23,4.64,4.12,4.43,2290805,0
20150408,4.45,4.57,4.21,4.24,1582000,0
20150409,4.25,4.47,4.17,4.45,1270449,0
20150410,4.48,4.53,4.28,4.32,1462800,0
20150413,4.39,4.45,4.24,4.39,1395900,0
20150414,4.44,4.6,4.4,4.49,1847100,0
20150415,4.6,5.08,4.56,4.81,3971068,0
20150416,4.82,5.04,4.71,4.98,2936110,0
20150417,4.91,5.06,4.9,4.97,2990700,0
20150420,4.99,5.07,4.92,4.94,2303267,0
20150421,4.97,5.02,4.7,4.81,2603097,0
20150422,4.8,4.91,4.74,4.77,2378647,0
20150423,4.8,4.98,4.8,4.8,1574000,0
20150424,4.8,4.94,4.68,4.74,2480198,0
20150427,4.77,4.8,4.51,4.65,1703300,0
20150428,4.64,4.76,4.57,4.74,1295604,0
20150429,4.73,5.07,4.66,4.97,2378100,0
20150430,5.01,5.19,4.8,5,3255500,0
20150501,4.99,5.08,4.87,4.97,1706000,0
20150504,4.97,5.13,4.9,5.12,2380300,0
20150505,5.23,5.39,4.88,4.94,4048900,0
20150506,5.21,5.37,4.97,5.285,3114227,0
20150507,5.28,5.28,4.97,5.06,3047396,0
20150508,5.09,5.47,5,5.36,2966900,0
20150511,5.4,5.58,5.34,5.37,1983300,0
20150512,5.41,5.72,5.355,5.71,2547116,0
20150513,5.72,5.74,5.37,5.52,2629500,0
20150514,5.54,5.55,5.26,5.3,2325700,0
20150515,5.31,5.47,5.144,5.32,2360874,0
20150518,5.32,5.38,5.09,5.24,2008761,0
20150519,5.2,5.28,5.125,5.21,2669728,0
20150520,5.25,5.33,5.13,5.31,1889600,0
20150521,5.36,5.57,5.31,5.48,1528200,0
20150522,5.47,5.6,5.31,5.41,1314300,0
20150526,5.26,5.37,5.14,5.32,1554671,0
20150527,5.34,5.34,5.13,5.17,1395900,0
20150528,5.13,5.14,4.91,4.99,2715731,0
20150529,5,5.23,4.86,5.02,1768700,0
20150601,5.03,5.04,4.845,4.86,1938984,0
20150602,4.89,5.09,4.85,5.07,1338202,0
20150603,4.97,5.23,4.97,5.21,1936900,0
20150604,5.14,5.22,4.9,5.05,1927400,0
20150605,5.01,5.27,4.98,5.12,1119200,0
20150608,5.12,5.2,4.91,5.03,1321000,0
20150609,5.1,5.17,4.95,4.97,1317888,0
20150610,5.1,5.135,4.925,5.08,1818211,0
20150611,5.06,5.09,4.72,4.775,2428933,0
20150612,4.77,4.77,4.59,4.64,1143600,0
20150615,4.54,4.68,4.34,4.6,2255100,0
20150616,4.58,4.64,4.51,4.63,2507800,0
20150617,4.76,5.22,4.74,4.96,4874900,0
20150618,4.96,5.22,4.95,4.99,3956000,0
20150619,5.11,5.18,4.91,5.01,10154300,0
20150622,4.99,5.05,4.88,4.96,2237000,0
20150623,4.98,5.31,4.96,5.21,3167764,0
20150624,5.18,5.34,5.1,5.26,1696800,0
20150625,5.2,5.47,5.2,5.42,2800700,0
20150626,5.41,5.51,5.31,5.5,4040400,0
20150629,5.34,5.49,5.3,5.4,3733000,0
20150630,5.45,5.59,5.42,5.59,3814925,0
20150701,5.6,5.6,5.03,5.05,3087200,0
20150702,5.09,5.2,4.89,5.01,2550600,0
20150706,4.81,4.82,4.42,4.42,3442700,0
20150707,4.37,4.43,3.88,4.26,6643600,0
20150708,4.14,4.16,3.76,3.78,4952900,0
20150709,3.9,4.02,3.77,3.84,3200700,0
20150710,3.85,3.9,3.65,3.7,4616400,0
20150713,3.76,3.77,3.65,3.67,3106800,0
20150714,3.67,3.82,3.52,3.76,4563760,0
20150715,3.79,3.8,3.52,3.55,3978797,0
20150716,3.58,3.63,3.46,3.5,2326900,0
20150717,3.51,3.51,3.29,3.39,2586400,0
20150720,3.41,3.41,3.24,3.24,2745700,0
20150721,3.28,3.43,3.23,3.27,3569900,0
20150722,3.13,3.13,2.63,2.63,7059000,0
20150723,2.68,2.73,2.51,2.6,3436800,0
20150724,2.64,2.64,2.25,2.31,4234000,0
20150727,2.26,2.29,2.15,2.25,1751700,0
20150728,2.27,2.46,2.15,2.43,3227600,0
20150729,2.39,2.6,2.33,2.45,3696300,0
20150730,2.42,2.49,2.23,2.24,2006500,0
20150731,2.34,2.34,2.19,2.24,1401900,0
20150803,2.2,2.37,2.09,2.29,3173485,0
20150804,2.32,2.32,1.92,1.98,3750000,0
20150805,2.02,2.23,2,2.02,2397600,0
20150806,2,2.27,1.85,2.25,2400338,0
20150807,2.24,2.88,2.24,2.28,3230700,0
20150810,2.28,2.57,2.26,2.55,2502200,0
20150811,2.5,2.638,2.35,2.57,2394262,0
20150812,2.52,3.04,2.5,3,4004700,0
20150813,3,3.06,2.86,2.93,1711100,0
20150814,2.93,3.74,2.93,3.35,3079300,0
20150817,3.29,3.54,3.21,3.38,1771000,0
20150818,3.34,3.53,3.31,3.48,1379500,0
20150819,3.37,3.6,3.09,3.19,1983700,0
20150820,3.19,3.3,3.07,3.13,1002900,0
20150821,3.06,3.1,2.75,2.76,1553700,0
20150824,2.47,2.81,2.4,2.57,3046732,0
20150825,2.83,2.85,2.46,2.47,1452500,0
20150826,2.7,2.75,2.43,2.59,2986600,0
20150827,2.77,2.89,2.66,2.77,2656300,0
20150828,2.75,3.26,2.74,3.11,3102300,0
20150831,3,3.48,2.86,3.45,3298900,0
20150901,3.36,3.48,3.1,3.12,2135700,0
20150902,3.2,3.25,2.95,3.18,1870400,0
20150903,3.21,3.31,3.1,3.12,1510900,0
20150904,3.01,3.09,2.98,2.99,832400,0
20150908,3.02,3.11,2.92,2.98,949900,0
20150909,2.98,3.09,2.85,2.85,1451300,0
20150910,2.85,2.945,2.68,2.69,1536460,0
20150911,2.65,2.66,2.5,2.5,1473200,0
20150914,2.46,2.51,2.31,2.34,1628600,0
20150915,2.33,2.47,2.3,2.33,929100,0
20150916,2.39,2.69,2.37,2.64,2679600,0
20150917,2.66,2.74,2.57,2.62,2009219,0
20150918,2.46,2.58,2.44,2.53,3720000,0
20150921,2.6,2.6,2.38,2.42,1421100,0
20150922,2.35,2.51,2.31,2.32,1305800,0
20150923,2.34,2.39,2.13,2.16,1638196,0
20150924,2.14,2.19,2.05,2.17,2130013,0
20150925,2.21,2.25,2.05,2.19,1763900,0
20150928,2.15,2.22,2.02,2.03,1284888,0
20150929,2.04,2.17,2,2.03,1589500,0
20150930,2.07,2.12,1.96,2.07,3723700,0
20151001,2.13,2.28,2.12,2.17,1259100,0
20151002,2.24,2.48,2.15,2.48,1891200,0
20151005,2.54,2.74,2.53,2.64,2334792,0
20151006,2.67,3.12,2.62,3.12,3371300,0
20151007,3.16,3.34,2.69,3.19,3698100,0
20151008,3.15,3.19,2.88,3.1,2160200,0
20151009,3.1,3.15,2.93,2.95,1783100,0
20151012,2.96,3.05,2.69,2.7,1902973,0
20151013,2.66,2.85,2.51,2.52,1873500,0
20151014,2.5,2.58,2.45,2.52,2311800,0
20151015,2.49,2.72,2.45,2.7,1569300,0
20151016,2.7,2.79,2.59,2.73,1430400,0
20151019,2.63,2.7,2.56,2.59,1664699,0
20151020,2.58,2.765,2.57,2.72,1107431,0
20151021,2.68,2.69,2.48,2.48,1735600,0
20151022,2.52,2.57,2.3,2.4,1753100,0
20151023,2.4,2.4,2.22,2.28,1687000,0
20151026,2.24,2.29,2.1,2.1,2454600,0
20151027,2.12,2.15,1.98,2.05,2380400,0
20151028,2.1,2.29,2.05,2.22,1892300,0
20151029,2.24,2.38,2.14,2.19,1272900,0
20151030,2.15,2.29,2.04,2.26,1509500,0
20151102,2.21,2.52,2.2,2.52,1802365,0
20151103,2.55,2.68,2.44,2.52,2795800,0
20151104,2.57,2.75,2.46,2.6,2076186,0
20151105,2.56,2.68,2.47,2.5,1266100,0
20151106,2.42,2.59,2.4,2.46,1183300,0
20151109,2.47,2.585,2.37,2.47,1288153,0
20151110,2.55,2.55,2.22,2.32,2039500,0
20151111,2.29,2.29,2.14,2.18,2277600,0
20151112,2.18,2.2,2.03,2.09,2140300,0
20151113,2.07,2.2,2,2.07,3260500,0
20151116,2.09,2.29,2.04,2.26,1772100,0
20151117,2.24,2.26,2.11,2.11,1382100,0
20151118,2.14,2.29,2.04,2.13,1456700,0
20151119,2.13,2.13,2,2.08,2278700,0
20151120,2.07,2.13,1.87,1.9,2645400,0
20151123,1.96,1.96,1.5,1.51,4102500,0
20151124,1.55,1.75,1.55,1.75,2900000,0
20151125,1.79,1.79,1.61,1.61,1824800,0
20151127,1.61,1.62,1.51,1.51,1192500,0
20151130,1.57,1.62,1.36,1.37,2670000,0
20151201,1.28,1.33,1.06,1.13,4157355,0
20151202,1.17,1.225,1.09,1.15,3751177,0
20151203,1.19,1.28,1.15,1.21,1851192,0
20151204,1.2,1.24,1.07,1.07,2299000,0
20151207,1.03,1.1,0.93,1.03,3221600,0
20151208,1.01,1.04,0.9797,0.99,1549917,0
20151209,1.01,1.1,0.96,1.03,1247700,0
20151210,1.02,1.05,0.98,1.05,1131600,0
20151211,1.04,1.05,0.97,0.98,1597500,0
20151214,0.978,1.01,0.89,0.92,2412675,0
20151215,0.95,1.08,0.95,1.05,2516800,0
20151216,1.05,1.07,0.95,1,1929700,0
20151217,1,1.18,1,1.06,3132200,0
20151218,1.08,1.15,1.01,1.15,7772200,0
20151221,1.13,1.21,1.02,1.15,3038800,0
20151222,1.03,1.12,1.02,1.06,2613122,0
20151223,1.14,1.14,1.04,1.06,3898500,0
20151224,1.11,1.11,1.03,1.03,1175536,0
20151228,1.02,1.05,0.922,0.922,2508972,0
20151229,0.96,1.07,0.9101,1.06,2241962,0
20151230,1.05,1.05,0.95,0.95,852323,0
20151231,0.93,1.15,0.93,1.06,1801919,0
20160104,1.05,1.09,0.9801,1.01,1772203,0
20160105,1,1.02,0.9512,0.955,1272226,0
20160106,0.93,0.978,0.83,0.8719,1706468,0
20160107,0.858,0.9713,0.8446,0.9413,1326920,0
20160108,0.95,1.01,0.9186,1.01,2331538,0
20160111,0.98,1.005,0.8053,0.8053,2293491,0
20160112,0.85,0.86,0.745,0.7463,1707932,0
20160113,0.7412,0.7994,0.6642,0.6642,2079802,0
20160114,0.719,0.9436,0.68,0.8465,1730831,0
20160115,0.78,0.8296,0.7021,0.7176,1448232,0
20160119,0.74,0.75,0.56,0.57,2375800,0
20160120,0.549,0.949,0.5111,0.8275,3128754,0
20160121,0.8,0.81,0.6606,0.75,2281205,0
20160122,0.77,0.8067,0.6969,0.7765,1869546,0
20160125,0.7377,0.7959,0.54,0.555,3145140,0
20160126,0.6,0.7349,0.531,0.6659,5485105,0
20160127,0.63,0.76,0.61,0.6958,1384512,0
20160128,0.75,0.7601,0.6791,0.7297,1763589,0
20160129,0.738,0.76,0.68,0.7432,2105546,0
20160201,0.6849,0.75,0.65,0.6758,1321314,0
20160202,0.65,0.6715,0.5549,0.5549,1975439,0
20160203,0.62,0.6479,0.57,0.6201,2787873,0
20160204,0.65,0.65,0.5501,0.5821,2211279,0
20160205,0.58,0.599,0.54,0.54,1123911,0
20160208,0.5442,0.58,0.49,0.5366,1976347,0
20160209,0.56,0.6,0.501,0.548,1235361,0
20160210,0.57,0.6,0.5064,0.5675,1570859,0
20160211,0.5201,0.62,0.5183,0.6096,1934042,0
20160212,0.644,0.644,0.6,0.6318,1279558,0
20160216,0.634,0.69,0.54,0.6653,1324712,0
20160217,0.63,0.84,0.6,0.7179,2281346,0
20160218,0.7,0.7514,0.51,0.5194,2192757,0
20160219,0.559,0.6079,0.5215,0.5613,1951203,0
20160222,0.6154,0.69,0.5901,0.66,2507703,0
20160223,0.6698,0.67,0.5501,0.5595,2026099,0
20160224,0.6,0.655,0.53,0.6425,2274511,0
20160225,0.6399,0.6399,0.56,0.5994,1279554,0
20160226,0.63,0.65,0.57,0.65,1588037,0
20160229,0.65,0.65,0.58,0.6,1273826,0
20160301,0.5863,0.6158,0.585,0.6,759406,0
20160302,0.65,0.84,0.6202,0.82,5199802,0
20160303,0.81,1.16,0.7712,1.14,6174651,0
20160304,1.15,1.49,0.93,1.41,6964796,0
20160307,1.53,2.43,1.495,2.17,12791772,0
20160308,2,2.06,1.29,1.31,6280458,0
20160309,1.6,1.61,1.2643,1.32,6498798,0
20160310,1.37,1.37,1.09,1.23,3760068,0
20160311,1.33,1.55,1.29,1.54,5173211,0
20160314,1.41,1.95,1.3798,1.66,6961924,0
20160315,1.63,1.85,1.55,1.69,3720695,0
20160316,1.83,1.92,1.475,1.59,6889670,0
20160317,1.68,1.72,1.52,1.53,3010367,0
20160318,1.58,1.63,1.16,1.19,29784344,0
20160321,1.24,1.36,1.18,1.27,4350406,0
20160322,1.26,1.26,1.16,1.18,1768573,0
20160323,1.2,1.2,0.98,1,3390886,0
20160324,0.9576,1.05,0.91,1.03,1957353,0
20160328,1.05,1.05,0.931,0.9672,1711955,0
20160329,1.16,1.16,0.8518,0.8637,2624267,0
20160330,0.8768,0.938,0.83,0.8536,1674201,0
20160331,0.8542,0.8696,0.741,0.7683,1828937,0
20160401,0.75,0.81,0.7263,0.775,1538630,0
20160404,0.76,0.8022,0.722,0.7304,1017644,0
20160405,0.74,0.7498,0.66,0.6658,2118222,0
20160406,0.725,0.77,0.69,0.7385,1804757,0
20160407,0.789,0.79,0.6899,0.6902,2727611,0
20160408,0.75,0.809,0.7312,0.7614,2135825,0
20160411,0.79,0.97,0.7884,0.9535,4280172,0
20160412,1.05,1.44,1.03,1.15,12806837,0
20160413,1.18,1.31,1.05,1.11,6999775,0
20160414,1.09,1.13,1,1.04,3050290,0
20160415,1,1.21,0.91,1.1,3897862,0
