Date,Open,High,Low,Close,Volume,OpenInt
20121010,8.7,8.7,8.69,8.69,1308,0
20121011,8.75,8.75,8.75,8.75,1819,0
20121012,8.5,8.505,8.42,8.485,9084,0
20121015,8.1,8.7,8.1,8.6,27951,0
20121016,8.6,8.6,8.47,8.56,6303,0
20121017,8.15,8.2,8.15,8.2,3151,0
20121018,8.25,8.432,8.25,8.4,22793,0
20121019,8.35,9.1,8.25,8.39,136625,0
20121022,8.26,8.35,8.06,8.06,5461,0
20121024,8.25,8.25,8,8.07,27115,0
20121025,9.68,9.68,8.2,8.2,23599,0
20121026,8.088,8.088,8.088,8.088,100,0
20121031,8.4999,8.4999,7.5,7.5,35600,0
20121101,7.7,7.7,7.65,7.65,449,0
20121102,7.75,7.75,7.61,7.65,3300,0
20121105,8.01,8.24,7.51,7.51,600,0
20121106,7.57,7.69,7.5,7.5,18898,0
20121107,8.0899,8.0899,8.0899,8.0899,404,0
20121108,7.5,7.5,7.5,7.5,5667,0
20121109,8,8,7.49,7.49,1125,0
20121112,7.27,7.9225,7.27,7.3,7971,0
20121113,7.26,7.5,7.25,7.4,4000,0
20121114,7.26,7.26,6.79,7.05,5100,0
20121115,7,7,7,7,400,0
20121119,7.01,7.0101,7.01,7.0101,200,0
20121120,6.9,6.9,5.68,6.2499,352050,0
20121121,6.79,6.79,5.89,6.025,1926,0
20121123,6.5,6.5,6.5,6.5,200,0
20121126,6.3,6.5,6.25,6.28,2859,0
20121127,6.07,6.28,6.07,6.28,900,0
20121128,6.3,6.8,6.3,6.8,500,0
20121129,6,6.71,6,6.4,3200,0
20121130,6.81,6.82,6.4,6.45,7000,0
20121203,6.4,6.4,6.4,6.4,233,0
20121204,6.47,6.47,6.02,6.02,530,0
20121205,6.49,6.49,6,6.37,3010,0
20121206,6.47,6.48,5.92,5.99,10868,0
20121207,5.98,5.98,5.89,5.9,2510,0
20121210,5.76,5.91,5.56,5.78,105166,0
20121211,5.939,5.939,5.6001,5.77,2162,0
20121212,5.56,5.75,5.27,5.27,3973,0
20121213,5.5,5.75,5.19,5.25,21796,0
20121214,5.29,5.57,4.55,5.38,13039,0
20121217,5.28,5.28,5.11,5.11,1658,0
20121218,5.06,5.07,4.85,4.85,61107,0
20121219,4.86,5,4.85,5,6483,0
20121220,5.38,5.38,4.75,4.75,6083,0
20121221,4.99,4.99,4.72,4.72,16636,0
20121224,4.79,4.79,4.71,4.71,711,0
20121226,5,5,4.73,4.73,1000,0
20121227,4.8,4.8,4.75,4.75,1000,0
20121228,5.03,5.03,5.03,5.03,100,0
20121231,5.03,5.16,4.905,5,39704,0
20130102,4.76,5,4.75,4.89,8452,0
20130103,5.14,5.14,4.8,4.8,300,0
20130104,4.85,4.99,4.8,4.81,8913,0
20130107,5.1699,5.1899,5.1699,5.1899,200,0
20130108,5.199,5.199,4.9,4.95,1197,0
20130110,5.05,5.05,4.9,5,1100,0
20130111,5.049,5.049,4.9,4.9,3381,0
20130114,5,5.01,4.88,4.88,104719,0
20130115,4.9,4.92,4.9,4.92,2300,0
20130116,4.95,4.95,4.89,4.89,300,0
20130117,4.9,4.9,4.9,4.9,1020,0
20130118,4.8,4.8,4.57,4.65,10344,0
20130122,4.7,4.7,4.7,4.7,16200,0
20130123,4.7,4.71,4.7,4.71,600,0
20130124,4.7,4.8,4.63,4.795,8858,0
20130125,4.71,4.8,4.55,4.7,1558,0
20130128,4.6,4.8799,4.4,4.7199,5307,0
20130129,4.44,4.6799,3.92,4.32,15085,0
20130130,4.32,4.6799,3.87,3.91,47735,0
20130131,3.9,4.1,3.9,4,7163,0
20130201,3.93,4,3.81,3.87,5557,0
20130204,3.8901,3.93,3.8901,3.9,498,0
20130205,4,4,3.806,3.806,1988,0
20130206,4.01,4.01,3.76,3.97,2400,0
20130207,3.96,3.96,3.96,3.96,157,0
20130208,3.8,3.802,3.75,3.75,3698,0
20130211,3.8,3.8001,3.25,3.66,27421,0
20130212,3.5,3.74,3.5,3.74,15131,0
20130213,3.69,3.73,3.63,3.72,12351,0
20130214,3.67,3.7,3.57,3.57,4983,0
20130215,3.62,3.62,3.59,3.59,400,0
20130219,3.65,3.7,3.52,3.55,13401,0
20130220,3.55,3.69,3.55,3.69,12152,0
20130221,3.5,3.92,3.5,3.92,205400,0
20130222,3.63,3.95,3.62,3.95,6864,0
20130226,3.89,4.13,3.89,4.03,10182,0
20130227,3.92,4.08,3.91,4.08,5398,0
20130228,3.92,4.11,3.92,4,9072,0
20130301,4.11,4.11,3.92,3.97,4187,0
20130304,4.01,4.01,3.95,3.95,2600,0
20130305,4,4.22,3.9501,4.22,5297,0
20130306,4.05,4.24,4.05,4.22,4370,0
20130307,4.15,4.22,4.06,4.22,1944,0
20130308,4.35,4.96,4.15,4.15,8874,0
20130311,4.2,4.51,4.2,4.5,9841,0
20130312,4.6,4.98,4.54,4.9,9687,0
20130313,4.97,5.01,4.96,5,18900,0
20130314,5,5,4.99,5,9200,0
20130315,5,5,4.43,4.43,37987,0
20130318,4.59,4.69,4.5,4.51,8918,0
20130319,4.64,4.64,4.48,4.54,2291,0
20130320,4.64,4.64,4.59,4.59,700,0
20130321,4.7,4.73,4.7,4.73,200,0
20130322,4.74,4.946,4.74,4.74,2195,0
20130325,4.61,4.61,4.51,4.53,6366,0
20130326,4.73,4.73,4.41,4.6,13605,0
20130328,4.64,4.75,4.41,4.66,61550,0
20130401,4.62,4.62,4.61,4.61,500,0
20130402,4.5,4.5,4.5,4.5,400,0
20130403,4.5,4.56,4.47,4.482,10988,0
20130404,4.48,4.48,4.47,4.47,2541,0
20130405,4.45,4.48,4.38,4.38,16246,0
20130408,4.44,4.88,4.35,4.55,7141,0
20130409,4.64,4.92,4.64,4.9,300,0
20130410,4.86,5,4.76,4.85,1916,0
20130411,4.76,4.8,4.72,4.76,2300,0
20130412,4.6,4.7,4.57,4.7,1200,0
20130415,4.6,4.6,4.33,4.43,3472,0
20130416,4.5,4.5,4.33,4.33,343,0
20130417,4.5,4.5,4.21,4.29,10085,0
20130418,4.21,4.21,4.21,4.21,4900,0
20130419,4.18,4.3,4.11,4.11,2420,0
20130422,4.15,4.15,4.15,4.15,2500,0
20130423,4.33,4.33,4.11,4.11,6100,0
20130424,4.11,4.33,4.09,4.33,824,0
20130425,4.2499,4.2499,4.15,4.15,1886,0
20130426,4.11,4.22,4.05,4.06,6185,0
20130429,4,4.0001,4,4,45950,0
20130430,4.05,4.25,3.98,4.2,18593,0
20130501,4.13,4.13,3.99,4,2696,0
20130502,3.98,4.03,3.98,3.98,44704,0
20130503,4.0001,4.02,3.9499,4,8500,0
20130506,4.05,4.14,4,4.01,8400,0
20130507,4,4,3.92,3.92,3196,0
20130508,4,4,3.92,3.92,400,0
20130509,4.02,4.035,3.9201,3.95,7400,0
20130510,3.99,4,3.95,3.95,3978,0
20130513,4,4,3.95,3.95,6451,0
20130514,4.02,4.03,3.96,3.99,8190,0
20130515,4,4,3.96,3.96,7700,0
20130516,3.96,3.96,3.96,3.96,200,0
20130517,4.4999,4.4999,3.97,3.97,6200,0
20130520,4,4,3.96,3.96,3773,0
20130521,3.98,3.988,3.98,3.9816,1200,0
20130522,3.98,3.98,3.96,3.962,2570,0
20130523,3.96,4.02,3.94,3.94,1500,0
20130524,3.94,3.95,3.93,3.93,8000,0
20130528,3.97,3.97,3.85,3.85,9147,0
20130529,3.87,4.0899,3.82,3.85,5359,0
20130530,3.851,3.851,3.64,3.72,20279,0
20130531,3.75,3.76,3.74,3.74,3813,0
20130603,3.95,4,3.65,3.66,1400,0
20130604,3.71,3.775,3.68,3.68,13507,0
20130605,3.71,3.71,3.69,3.71,15835,0
20130606,3.71,3.72,3.71,3.72,4244,0
20130607,3.74,3.91,3.71,3.78,13100,0
20130610,3.83,3.83,3.72,3.72,402,0
20130611,3.71,3.71,3.69,3.69,720,0
20130612,3.71,3.85,3.71,3.85,300,0
20130617,3.7,3.7,3.7,3.7,300,0
20130618,3.69,3.79,3.69,3.69,1600,0
20130619,3.85,4.0199,3.85,3.85,23599,0
20130620,3.86,3.9253,3.84,3.9253,3052,0
20130621,4,4.22,4,4.22,6976,0
20130624,4.17,4.19,4.17,4.19,1500,0
20130625,4.1,4.24,4.02,4.02,7262,0
20130626,4.08,4.39,4.07,4.39,1496,0
20130627,4.31,4.5,4.17,4.5,7842,0
20130628,4.51,4.95,4.5,4.8,90319,0
20130701,4.67,4.67,4.41,4.5,33607,0
20130702,4.74,4.89,4.53,4.88,12667,0
20130703,4.85,4.94,4.7723,4.94,2400,0
20130705,4.97,5,4.9,5,14244,0
20130708,4.96,5.04,4.94,4.95,30235,0
20130709,5,5,4.95,4.95,21610,0
20130710,5.05,5.3,5.05,5.13,58185,0
20130711,5.14,5.299,5.12,5.18,25323,0
20130712,5.18,5.2,5.12,5.14,19713,0
20130715,5.15,5.2799,5.14,5.16,23533,0
20130716,5.16,5.34,5.14,5.2,27642,0
20130717,5.2001,5.3299,5.2,5.25,34549,0
20130718,5.27,5.3,5.25,5.3,17070,0
20130719,5.34,5.5,5.32,5.37,169820,0
20130722,5.49,5.52,5.35,5.35,6485,0
20130723,5.6,5.6,5.48,5.5648,15500,0
20130724,5.56,5.6,5.42,5.56,13922,0
20130725,5.6,5.7,5.6,5.7,14100,0
20130726,5.8,5.85,5.61,5.63,22217,0
20130729,5.7,6.07,5.58,6.07,30983,0
20130730,5.86,5.9,5.57,5.57,33435,0
20130731,5.77,5.8,5.57,5.7,18800,0
20130801,5.66,5.99,5.38,5.97,29389,0
20130802,5.95,6.05,5.94,5.98,6205,0
20130805,5.49,5.89,5.4,5.65,11859,0
20130806,5.67,5.78,5.66,5.7325,9500,0
20130807,5.86,5.979,5.79,5.79,6800,0
20130808,5.79,6,5.79,5.98,300,0
20130809,5.92,5.92,5.72,5.79,7220,0
20130812,5.79,5.8176,5.52,5.52,17201,0
20130813,5.67,5.67,5.58,5.58,200,0
20130815,5.64,5.64,5.64,5.64,365,0
20130819,5.72,5.73,5.61,5.7,6600,0
20130820,5.72,5.75,5.66,5.7,4922,0
20130821,5.6401,5.79,5.6401,5.79,7584,0
20130822,5.61,5.7799,5.61,5.7799,846,0
20130826,5.8,5.8999,5.8,5.85,9669,0
20130827,5.82,5.89,5.6,5.7,10032,0
20130828,5.59,5.8,5.57,5.675,15016,0
20130829,5.6505,5.6505,5.6295,5.6295,500,0
20130903,5.72,5.79,5.72,5.76,3900,0
20130904,5.61,5.7,5.61,5.62,3901,0
20130905,5.61,5.62,5.59,5.6,4300,0
20130906,5.59,5.59,5.59,5.59,100,0
20130909,5.59,5.6,5.57,5.57,4800,0
20130910,5.61,5.7,5.55,5.55,4860,0
20130912,5.58,5.58,5.57,5.57,526,0
20130913,5.57,5.58,5.53,5.53,4300,0
20130916,5.65,5.65,5.49,5.54,5736,0
20130917,5.59,5.59,5.49,5.5,1125,0
20130918,5.5,5.52,5.47,5.48,3399,0
20130919,5.7,5.7,5.45,5.55,22591,0
20130920,5.57,5.71,5.5,5.71,28779,0
20130923,5.6,5.6,5.25,5.3,15309,0
20130926,5.36,5.36,5.25,5.26,8850,0
20130927,5.26,5.27,5.25,5.26,3700,0
20130930,5.25,5.46,5.01,5.45,31900,0
20131001,5.32,5.42,5.05,5.09,17800,0
20131002,5.03,5.27,4.9,4.91,34000,0
20131003,5.13,5.13,5,5,3300,0
20131004,5.05,5.1,4.93,4.95,7400,0
20131007,5.04,5.05,4.93,4.95,1800,0
20131008,5,5.1,5,5.1,19500,0
20131009,5.15,5.3,5.05,5.2,60000,0
20131010,5.13,5.49,4.92,5.29,8400,0
20131011,5.2,5.28,5.2,5.21,500,0
20131014,5.02,5.25,4.93,5.25,25900,0
20131015,5.08,5.27,5.01,5.07,30400,0
20131016,5.25,5.25,5.12,5.18,3700,0
20131017,5.25,5.25,5.21,5.22,500,0
20131018,5.22,5.25,5.2,5.25,4500,0
20131021,5.25,5.25,5.12,5.12,200,0
20131023,5.11,5.11,5,5,1300,0
20131024,5.01,5.16,4.91,5.15,16700,0
20131025,5.31,5.35,5.29,5.31,4100,0
20131028,5.31,5.31,5.14,5.14,3100,0
20131029,5.26,5.28,5.25,5.28,500,0
20131030,5.23,5.39,5.08,5.36,9100,0
20131031,5.33,5.3651,4.94,4.98,31104,0
20131101,5.3,5.3,5.22,5.22,11100,0
20131104,5.25,5.25,5.2,5.2,5000,0
20131105,5.25,5.25,5.11,5.11,1100,0
20131106,5.23,5.43,5.22,5.3,8500,0
20131107,5.24,5.26,5.2,5.2,8800,0
20131108,5.19,5.2,5.19,5.2,5500,0
20131111,5.25,5.25,5.24,5.24,3700,0
20131112,5.01,5.01,5.01,5.01,100,0
20131113,5.13,5.14,5.13,5.14,600,0
20131114,4.93,5,4.93,4.95,3400,0
20131115,4.93,4.93,4.93,4.93,100,0
20131119,4.92,4.92,4.88,4.88,9100,0
20131120,4.75,4.85,4.36,4.36,14100,0
20131122,4.5,4.51,4.45,4.47,6500,0
20131125,4.51,4.51,4.51,4.51,2000,0
20131126,4.23,4.59,4.22,4.38,7700,0
20131127,4.21,4.31,4.21,4.31,700,0
20131129,4.2999,4.2999,4.2,4.2,2400,0
20131202,4.15,4.15,4.125,4.125,300,0
20131203,4.15,4.15,3.91,4.1,18100,0
20131204,4.05,4.11,4.05,4.1,11500,0
20131206,4.12,4.12,4.12,4.12,700,0
20131209,4.13,4.13,3.78,4.06,168600,0
20131210,4.14,4.31,4.14,4.21,5755,0
20131211,4.17,4.33,4.165,4.33,7928,0
20131212,4.35,4.35,4.35,4.35,800,0
20131213,4.4,4.73,4.4,4.54,15400,0
20131216,4.51,4.54,4.41,4.54,1600,0
20131217,4.53,4.54,4.53,4.54,200,0
20131218,4.54,4.77,4.54,4.77,1900,0
20131219,4.485,4.485,4.46,4.46,242,0
20131220,4.47,4.47,4.27,4.35,1900,0
20131223,4.3152,4.3152,4.29,4.3,2149,0
20131224,4.3,4.3,4.25,4.3,4800,0
20131226,4.25,4.32,4.25,4.29,11800,0
20131227,4.39,4.45,4.3,4.33,10000,0
20131230,4.3,4.43,4.3,4.33,7100,0
20131231,4.43,4.81,4.33,4.79,26700,0
20140102,4.75,4.83,4.75,4.83,8388,0
20140103,4.85,4.85,4.8001,4.801,2209,0
20140106,4.8699,4.9899,4.8699,4.95,10516,0
20140107,5.01,5.04,5,5,4200,0
20140108,4.95,4.95,4.95,4.95,425,0
20140109,5.0999,5.0999,5,5,3210,0
20140110,4.939,4.94,4.939,4.94,325,0
20140113,4.95,4.98,4.55,4.55,26130,0
20140114,4.7,4.88,4.58,4.7,8727,0
20140115,4.72,4.89,4.63,4.67,5900,0
20140116,4.7,4.99,4.7,4.7,7900,0
20140117,4.59,5.04,4.55,5.01,27200,0
20140121,5.05,5.05,4.6,4.61,12651,0
20140122,4.64,5,4.64,5,5300,0
20140123,5.01,5.01,4.65,4.7,9600,0
20140124,4.7,4.73,4.64,4.65,2300,0
20140127,4.66,4.99,4.62,4.84,1400,0
20140128,4.98,4.98,4.76,4.82,3100,0
20140129,4.94,4.98,4.85,4.85,1372,0
20140130,4.96,4.96,4.96,4.96,500,0
20140131,4.94,4.96,4.63,4.63,9300,0
20140203,4.75,4.88,4.7,4.7,7650,0
20140204,4.68,4.8999,4.67,4.76,1025,0
20140205,4.66,4.68,4.66,4.68,1968,0
20140206,4.7,4.75,4.7,4.75,2602,0
20140211,4.5,4.58,4.35,4.5,8339,0
20140212,4.45,4.47,4.4,4.4,3309,0
20140214,4.46,4.5,4.46,4.46,3800,0
20140218,4.3501,4.3701,4.35,4.3556,3400,0
20140219,4.38,4.38,4.38,4.38,139,0
20140220,4.4999,4.4999,4.4999,4.4999,133,0
20140221,4.42,4.45,4.42,4.45,769,0
20140224,4.42,4.44,4.4,4.44,2834,0
20140225,4.409,4.409,4.409,4.409,322,0
20140226,4.4,4.4,4.39,4.39,2848,0
20140227,4.37,4.4,4.36,4.4,3062,0
20140228,4.4,4.4,4.3915,4.3988,6560,0
20140304,4.4,4.4,4.39,4.4,1095,0
20140305,4.3899,4.4,4.3899,4.4,719,0
20140306,4.4,4.4,4.35,4.3999,4540,0
20140307,4.35,4.35,4.3375,4.3452,6009,0
20140310,4.33,4.35,4.33,4.35,3775,0
20140311,4.35,4.59,4.33,4.48,18440,0
20140312,4.48,4.53,4.3412,4.3412,25827,0
20140313,4.42,4.53,4.42,4.52,7724,0
20140314,4.58,4.6501,4.5,4.6501,4337,0
20140317,4.9,4.9,4.77,4.85,23640,0
20140318,4.8,4.89,4.76,4.76,13649,0
20140319,4.77,4.77,4.77,4.77,264,0
20140320,4.75,4.9,4.75,4.77,9133,0
20140321,4.7,4.88,4.7,4.87,12712,0
20140324,4.72,4.72,4.6,4.6,4144,0
20140326,4.65,4.72,4.64,4.7,1800,0
20140327,4.3545,4.48,4.3545,4.48,405,0
20140328,4.37,4.37,4.31,4.31,11617,0
20140331,4.39,4.46,4.28,4.46,19085,0
20140401,4.31,4.365,4.25,4.25,55311,0
20140407,4.25,4.38,4.25,4.38,2310,0
20140409,4.31,4.31,4.25,4.3,15182,0
20140410,4.25,4.26,4.24,4.25,28569,0
20140411,4.16,4.24,4.13,4.19,19530,0
20140415,4.16,4.18,4.03,4.03,4015,0
20140416,3.97,4.1,3.96,3.96,13472,0
20140417,4,4.01,4,4,1818,0
20140421,4,4.12,3.92,3.99,20849,0
20140422,4.05,4.05,3.92,4.0396,21800,0
20140423,3.98,4.05,3.921,4.01,5600,0
20140424,3.93,3.93,3.92,3.92,1365,0
20140428,3.93,3.95,3.87,3.88,7988,0
20140430,4.2259,4.2259,4.02,4.02,230,0
20140505,4.25,4.25,3.96,3.96,1120,0
20140507,4.13,4.13,3.91,3.91,419,0
20140508,3.91,3.91,3.77,3.82,13476,0
20140514,3.85,3.92,3.85,3.92,600,0
20140515,3.86,3.86,3.85,3.85,2300,0
20140516,3.61,3.848,3.61,3.66,1362,0
20140520,3.67,3.67,3.62,3.64,8513,0
20140521,3.56,3.56,3.51,3.51,1000,0
20140522,3.53,3.53,3.5,3.5,1700,0
20140523,3.45,3.45,3.32,3.3601,6634,0
20140527,3.38,3.49,3.38,3.49,409,0
20140528,3.5296,3.5296,3.51,3.52,2508,0
20140529,3.5799,3.61,3.579,3.61,2176,0
20140530,3.7842,3.82,3.7842,3.8,1902,0
20140602,3.8899,3.8899,3.8899,3.8899,565,0
20140603,3.84,3.84,3.81,3.81,1701,0
20140604,3.8,3.8,3.8,3.8,503,0
20140609,3.76,3.76,3.58,3.6196,5987,0
20140612,3.58,3.58,3.5,3.5,3957,0
20140613,3.46,3.55,3.3201,3.53,10766,0
20140616,3.6,3.6372,3.6,3.6372,343,0
20140617,3.6375,3.6375,3.6375,3.6375,167,0
20140618,3.655,3.655,3.6,3.6,1436,0
20140619,3.55,3.55,3.55,3.55,1367,0
20140620,3.37,3.599,3.37,3.59,5179,0
20140623,3.54,3.6,3.42,3.59,2724,0
20140624,3.5941,3.5941,3.5941,3.5941,794,0
20140625,3.61,3.66,3.61,3.65,2317,0
20140626,3.84,3.84,3.62,3.8,25946,0
20140627,3.81,3.95,3.77,3.89,19047,0
20140630,3.83,3.89,3.82,3.82,4038,0
20140701,3.93,3.93,3.7153,3.7153,16607,0
20140702,3.73,3.73,3.7,3.7,200,0
20140703,3.92,3.92,3.81,3.864,1050,0
20140707,3.92,3.92,3.7,3.75,5182,0
20140708,3.75,3.75,3.7499,3.75,800,0
20140709,3.62,3.64,3.52,3.52,7876,0
20140710,3.49,3.72,3.481,3.72,5403,0
20140711,3.68,3.75,3.6752,3.73,5400,0
20140714,3.73,3.74,3.73,3.74,14929,0
20140715,3.72,3.74,3.7,3.7,6830,0
20140716,3.7399,3.7399,3.54,3.7399,9317,0
20140717,3.74,3.74,3.54,3.74,10414,0
20140718,3.73,3.74,3.56,3.56,32570,0
20140721,3.68,3.68,3.56,3.5605,9101,0
20140722,3.59,3.64,3.53,3.53,12698,0
20140723,3.75,3.75,3.71,3.7299,2363,0
20140724,3.71,3.71,3.55,3.58,6688,0
20140725,3.59,3.59,3.52,3.52,4315,0
20140728,3.44,3.52,3.393,3.501,5453,0
20140729,3.56,3.58,3.4501,3.58,5345,0
20140731,3.46,3.46,3.46,3.46,204,0
20140801,3.45,3.54,3.42,3.5399,6173,0
20140804,3.5262,3.5262,3.4,3.4,1402,0
20140805,3.55,3.55,3.38,3.4,1100,0
20140806,3.55,3.55,3.362,3.362,366,0
20140807,3.5,3.55,3.5,3.5499,2320,0
20140808,3.53,3.53,3.53,3.53,202,0
20140811,3.4,3.53,3.38,3.53,6080,0
20140812,3.45,3.53,3.33,3.385,40242,0
20140813,3.43,3.52,3.4,3.48,12094,0
20140814,3.53,3.543,3.48,3.49,4334,0
20140815,3.5,3.5,3.49,3.4991,800,0
20140818,3.55,3.55,3.49,3.5397,3509,0
20140819,3.5,3.5,3.5,3.5,1501,0
20140820,3.55,3.55,3.4,3.5,4687,0
20140821,3.4499,3.4499,3.39,3.43,9583,0
20140822,3.39,3.39,3.39,3.39,100,0
20140826,3.35,3.3999,3.34,3.3999,2160,0
20140828,3.38,3.38,3.24,3.24,11179,0
20140829,3.25,3.25,3.1722,3.24,5801,0
20140902,2.97,3.1709,2.93,2.975,17361,0
20140903,2.97,3.1399,2.9,2.9,23269,0
20140904,2.89,2.89,2.67,2.67,16451,0
20140905,2.63,2.67,2.45,2.67,4140,0
20140908,2.67,2.67,2.16,2.31,9380,0
20140909,2.4,2.4979,2.3,2.4,36212,0
20140910,2.4,2.4,2.29,2.31,8298,0
20140911,2.4,2.4,2.28,2.32,10973,0
20140912,2.38,2.49,2.35,2.39,37103,0
20140915,2.3,2.37,2.28,2.28,4765,0
20140916,2.3,2.4,2.25,2.37,80529,0
20140917,2.43,3.21,2.4206,2.83,27990,0
20140918,3.01,3.27,2.8,2.93,67164,0
20140919,3.01,3.4,3.01,3.36,32668,0
20140922,3.4,3.94,3.23,3.9,59044,0
20140923,3.76,3.83,3.59,3.64,6527,0
20140924,3.64,3.66,3.5,3.62,8423,0
20140925,3.6,3.632,3.5,3.52,11713,0
20140926,3.59,4.09,3.45,3.88,39398,0
20140929,4,4,3.85,3.87,9918,0
20140930,3.941,3.941,3.8,3.87,7105,0
20141001,3.88,3.88,3.623,3.83,11212,0
20141002,3.94,4,3.53,3.93,11929,0
20141003,3.46,3.98,3.46,3.801,17468,0
20141006,3.52,3.89,3.41,3.8,14981,0
20141007,3.85,3.85,3.4736,3.8,1099,0
20141008,3.63,3.83,3.63,3.82,7552,0
20141009,3.7,3.75,3.46,3.57,4335,0
20141010,3.6,3.67,3.38,3.64,3478,0
20141013,3.17,3.74,3.17,3.74,7040,0
20141014,3.73,3.8,3.55,3.62,9714,0
20141015,3.62,3.7,3.38,3.5,8248,0
20141016,3.5,3.77,3.4501,3.46,2600,0
20141017,3.52,3.78,3.52,3.77,19200,0
20141020,3.91,3.92,3.74,3.92,5110,0
20141021,3.86,3.9399,3.86,3.88,7529,0
20141022,3.91,3.92,3.79,3.89,5892,0
20141023,3.8999,3.8999,3.71,3.76,2511,0
20141024,3.6,3.78,3.57,3.609,4994,0
20141027,3.53,3.75,3.53,3.75,6058,0
20141103,3.87,3.93,3.47,3.775,13082,0
20141104,3.78,3.83,3.65,3.72,4811,0
20141105,3.8401,4.1,3.816,3.95,10882,0
20141106,3.86,4.06,3.64,4.0399,3217,0
20141107,4.03,4.03,3.93,4,4275,0
20141110,4,4.04,3.89,4.0301,7807,0
20141111,4.05,4.05,3.91,3.91,4177,0
20141112,4,4,3.6,3.9899,3707,0
20141113,4.02,4.02,3.78,4.02,4060,0
20141114,4.049,4.049,3.9869,3.9869,2140,0
20141117,3.71,3.859,3.3076,3.6,11501,0
20141118,3.4,3.49,2.81,2.95,20451,0
20141119,3.38,3.7,3.171,3.19,7730,0
20141120,2.7,3.35,2.66,3.35,7201,0
20141121,3.47,3.5,2.93,3.5,9877,0
20141124,3.5,3.86,3.3,3.6,12400,0
20141125,3.65,3.65,3.04,3.19,4942,0
20141126,3.4298,3.489,2.99,3.28,1100,0
20141128,3.46,3.46,3,3.04,1300,0
20141201,2.92,3.31,2.92,2.99,3418,0
20141202,3,3.19,2.96,3.06,5189,0
20141203,3.2,3.2,2.9201,2.9201,597,0
20141204,2.79,3.179,2.79,2.85,7387,0
20141205,3.08,3.08,2.8501,2.89,4111,0
20141208,2.97,2.97,2.97,2.97,127,0
20141209,3,3.06,2.9,2.9,1510,0
20141210,3.02,3.02,3.0099,3.0099,548,0
20141211,3.04,3.04,2.66,2.75,7381,0
20141212,2.71,2.94,2.61,2.64,24915,0
20141215,2.6,2.6,2.4334,2.48,3693,0
20141216,2.77,2.77,2.33,2.35,26679,0
20141217,2.37,2.38,2.2,2.2,3389,0
20141218,2.19,2.27,2.15,2.23,13590,0
20141219,2.23,2.23,2.1,2.15,23904,0
20141222,2.47,2.47,1.92,2.0411,8099,0
20141223,2.01,2.08,1.9801,2.01,25107,0
20141224,2.12,2.12,1.99,1.99,16480,0
20141226,2.09,2.17,1.98,2.0189,19805,0
20141229,2,2.11,1.98,1.98,18851,0
20141230,1.98,2,1.98,2,3703,0
20141231,1.9872,2,1.9642,1.99,12714,0
20150102,1.83,2.01,1.63,1.86,15455,0
20150105,1.76,1.9299,1.76,1.9299,1239,0
20150106,1.85,1.85,1.7,1.75,30563,0
20150107,1.69,1.7599,1.65,1.73,6020,0
20150108,1.77,1.77,1.73,1.73,4324,0
20150109,1.78,1.81,1.7799,1.79,5858,0
20150112,1.66,1.74,1.66,1.74,216,0
20150113,1.7799,1.79,1.7799,1.78,4727,0
20150114,1.7699,1.78,1.7699,1.78,468,0
20150115,1.8,1.82,1.8,1.81,3913,0
20150116,1.7692,2.05,1.7692,2,11272,0
20150120,2.21,2.3,1.99,1.99,19117,0
20150121,1.99,2.17,1.99,2.17,2800,0
20150122,2.13,2.13,2.02,2.07,2900,0
20150123,2.21,2.22,2.04,2.07,1462,0
20150126,2.1,2.23,2.1,2.11,3925,0
20150127,2.11,2.11,2.05,2.05,6044,0
20150128,2,2.02,1.97,1.97,4800,0
20150129,1.94,1.95,1.94,1.94,300,0
20150130,2.1799,2.1799,1.91,1.94,2931,0
20150202,2.2,2.2,1.91,1.946,21028,0
20150203,2.12,2.12,1.94,1.99,8143,0
20150204,2.01,2.01,1.96,1.96,4270,0
20150205,1.97,1.9888,1.89,1.98,2825,0
20150206,1.9801,1.9801,1.85,1.9,9257,0
20150209,1.8752,1.8752,1.8752,1.8752,590,0
20150210,1.9,1.95,1.9,1.95,5800,0
20150211,1.87,1.939,1.85,1.86,11100,0
20150212,1.86,1.939,1.8,1.82,13604,0
20150213,1.85,1.85,1.82,1.82,2108,0
20150217,1.82,1.82,1.8,1.82,3574,0
20150218,1.831,1.831,1.78,1.78,9486,0
20150219,1.8,1.8,1.79,1.8,2960,0
20150220,1.8,1.8,1.78,1.8,2200,0
20150223,1.78,1.782,1.78,1.782,1552,0
20150224,1.79,1.8,1.57,1.66,11627,0
20150225,1.66,1.7256,1.65,1.7256,3225,0
20150226,1.94,2.08,1.7365,1.77,1333,0
20150227,1.75,1.75,1.71,1.71,3561,0
20150302,1.73,1.74,1.6,1.6,8800,0
20150303,1.89,1.9,1.65,1.65,2100,0
20150304,1.6,1.65,1.55,1.55,18300,0
20150305,1.65,1.97,1.55,1.65,23800,0
20150306,1.64,1.65,1.6,1.64,1900,0
20150309,1.56,1.76,1.56,1.63,24600,0
20150310,1.59,1.61,1.52,1.55,5400,0
20150311,1.64,1.65,1.52,1.52,5600,0
20150312,1.54,1.55,1.5,1.52,2300,0
20150313,1.53,1.53,1.48,1.5,2200,0
20150316,1.84,1.84,1.44,1.51,29900,0
20150317,1.6,1.6,1.49,1.49,13600,0
20150318,1.48,1.53,1.48,1.48,4900,0
20150319,1.49,1.5,1.44,1.44,6500,0
20150320,1.5,1.55,1.44,1.55,22400,0
20150323,1.54,1.62,1.44,1.54,8400,0
20150324,1.4,1.53,1.4,1.48,12600,0
20150325,1.46,1.48,1.46,1.48,1400,0
20150326,1.48,1.48,1.47,1.48,11000,0
20150327,1.53,1.53,1.44,1.48,3900,0
20150330,1.88,1.88,1.36,1.45,5600,0
20150331,1.46,1.46,1.46,1.46,5600,0
20150401,1.44,1.45,1.26,1.28,22500,0
20150402,1.28,1.35,1.26,1.32,3600,0
20150406,1.3,1.45,1.3,1.32,4000,0
20150407,1.68,1.68,1.35,1.4199,2472,0
20150408,1.5,1.55,1.44,1.44,7100,0
20150409,1.382,1.6,1.382,1.59,2590,0
20150410,1.41,1.51,1.4,1.4,300,0
20150413,1.4,1.42,1.4,1.42,1300,0
20150414,1.47,1.47,1.47,1.47,100,0
20150416,1.42,1.42,1.1,1.12,112013,0
20150417,1.26,1.26,1.06,1.13,23100,0
20150420,1.09,1.17,1.0401,1.08,34594,0
20150421,1.08,1.18,1.04,1.0668,23081,0
20150422,1.08,1.08,1.06,1.06,3630,0
20150423,1.08,1.08,0.91,1.01,52500,0
20150424,1.01,1.01,0.94,0.97,7100,0
20150427,1,1,0.97,0.97,7500,0
20150428,0.97,0.99,0.92,0.94,8200,0
20150429,0.95,0.95,0.91,0.91,4000,0
20150430,1,1,0.93,0.96,3000,0
20150501,0.95,0.96,0.94,0.94,3500,0
20150504,0.96,0.96,0.94,0.94,1400,0
20150505,0.93,0.93,0.9,0.9,18900,0
20150506,0.8999,0.9,0.87,0.8832,9744,0
20150507,0.88,0.9108,0.83,0.8699,15376,0
20150508,0.85,0.85,0.81,0.84,2700,0
20150511,0.95,0.95,0.83,0.84,24200,0
20150512,0.859,0.859,0.82,0.83,28112,0
20150513,0.82,0.82,0.79,0.79,11300,0
20150514,0.81,0.82,0.81,0.82,400,0
20150515,0.68,0.9,0.68,0.7615,21601,0
20150518,0.9245,0.9245,0.75,0.75,14614,0
20150519,0.8,0.94,0.76,0.77,22200,0
20150520,0.77,0.85,0.76,0.76,32000,0
20150521,0.77,0.78,0.67,0.67,37600,0
20150522,0.7,0.76,0.65,0.67,17800,0
20150526,0.67,0.838,0.66,0.6644,20852,0
20150527,0.66,0.67,0.65,0.66,6100,0
20150528,0.66,0.66,0.65,0.66,1606,0
20150529,0.69,0.69,0.64,0.64,151700,0
20150601,0.97,0.97,0.67,0.67,26147,0
20150602,0.73,0.73,0.65,0.666,4369,0
20150603,0.66,0.71,0.65,0.68,3100,0
20150604,0.66,0.69,0.66,0.69,600,0
20150605,0.68,0.8,0.67,0.67,1400,0
20150608,0.66,0.66,0.65,0.65,8300,0
20150609,0.67,0.67,0.5801,0.6002,41700,0
20150610,0.6,0.6001,0.58,0.58,22795,0
20150611,0.51,0.58,0.4061,0.4201,87760,0
20150612,0.46,0.46,0.4,0.4,629600,0
20150615,0.4,0.42,0.37,0.37,61700,0
20150616,0.38,0.4,0.34,0.36,98200,0
20150617,0.36,0.36,0.29,0.31,177400,0
20150618,0.35,0.35,0.28,0.28,60300,0
20150619,0.3,0.43,0.28,0.34,443400,0
20150622,0.35,0.39,0.33,0.33,399900,0
20150623,0.33,0.33,0.3,0.318,128654,0
20150624,0.3,0.32,0.26,0.29,52400,0
20150625,0.29,0.35,0.29,0.35,122600,0
20150626,0.33,0.39,0.33,0.37,193800,0
20150629,0.38,0.4,0.35,0.36,62600,0
20150630,0.39,0.4,0.39,0.394,27151,0
20150701,0.43,0.43,0.39,0.39,10700,0
20150702,0.4,0.4,0.39,0.4,35300,0
20150706,0.39,0.4,0.39,0.4,46800,0
20150707,0.4,0.4,0.39,0.39,54200,0
20150708,0.4,0.42,0.4,0.42,125500,0
20150709,0.42,0.54,0.42,0.46,216300,0
20150710,0.46,0.46,0.41,0.44,146600,0
20150713,0.43,0.44,0.42,0.43,25300,0
20150714,0.4402,0.45,0.42,0.432,41886,0
20150715,0.437,0.44,0.425,0.4274,66562,0
20150716,0.43,0.45,0.43,0.43,97600,0
20150717,0.47,0.47,0.45,0.45,131000,0
20150720,0.43,0.48,0.41,0.41,224400,0
20150721,0.42,0.42,0.41,0.41,38400,0
20150722,0.41,0.41,0.4,0.4,215800,0
20150723,0.42,0.42,0.36,0.39,20200,0
20150724,0.39,0.42,0.39,0.42,6600,0
20150727,0.41,0.41,0.33,0.38,9000,0
20150728,0.4,0.4,0.34,0.35,34200,0
20150729,0.41,0.41,0.4,0.4,19900,0
20150730,0.41,0.44,0.4,0.41,24800,0
20150731,0.41,0.41,0.4,0.4,12000,0
20150803,0.48,0.48,0.3917,0.3999,38950,0
20150804,0.45,0.45,0.41,0.41,30800,0
20150805,0.43,0.47,0.39,0.41,91000,0
20150806,0.41,0.4199,0.39,0.4199,104461,0
20150807,0.42,0.47,0.42,0.46,51100,0
20150810,0.44,0.46,0.36,0.42,36900,0
20150811,0.383,0.4599,0.38,0.4598,2500,0
20150812,0.47,0.48,0.41,0.45,22700,0
20150813,0.44,0.45,0.44,0.44,2400,0
20150814,0.43,0.43,0.41,0.41,10000,0
20150817,0.38,0.44,0.38,0.41,4000,0
20150818,0.4,0.4,0.4,0.4,300,0
20150819,0.43,0.43,0.4,0.4,4200,0
20150820,0.48,0.48,0.36,0.38,14900,0
20150821,0.38,0.44,0.37,0.44,8500,0
20150824,0.38,0.4328,0.3512,0.39,6955,0
20150825,0.38,0.4,0.36,0.38,5600,0
20150826,0.35,0.4,0.35,0.38,2700,0
20150827,0.38,0.41,0.38,0.4,7700,0
20150828,0.4,0.4,0.39,0.4,2000,0
20150831,0.4,0.45,0.4,0.42,2600,0
20150901,0.42,0.44,0.42,0.44,4000,0
20150902,0.46,0.46,0.4,0.4,15000,0
20150903,0.41,0.45,0.4,0.4,2900,0
20150904,0.4,0.44,0.34,0.36,25600,0
20150908,0.44,0.44,0.41,0.41,600,0
20150909,0.39,0.41,0.39,0.41,5300,0
20150910,0.4154,0.4154,0.367,0.367,2412,0
20150914,0.35,0.39,0.35,0.35,10700,0
20150915,0.35,0.35,0.34,0.34,16900,0
20150916,0.35,0.39,0.35,0.39,400,0
20150917,0.389,0.438,0.389,0.4344,8980,0
20150918,0.4,1.65,0.4,1.65,547800,0
20150921,0.7,0.75,0.52,0.6,119400,0
20150922,0.56,0.56,0.51,0.52,21400,0
20150923,0.53,0.56,0.47,0.47,24500,0
20150924,0.45,0.51,0.45,0.51,13680,0
20150925,0.46,0.56,0.46,0.52,35500,0
20150928,0.49,0.5106,0.49,0.5106,3619,0
20150929,0.49,0.56,0.49,0.5,60100,0
20150930,0.47,0.52,0.47,0.5,17700,0
20151001,0.49,0.52,0.47,0.47,5100,0
20151002,0.54,0.62,0.46,0.61,58600,0
20151005,0.68,0.68,0.5638,0.64,4450,0
20151006,0.65,0.65,0.61,0.63,12800,0
20151007,0.63,0.63,0.61,0.61,4400,0
20151008,0.58,0.65,0.57,0.57,17700,0
20151009,0.56,0.68,0.56,0.61,33500,0
20151012,0.5227,0.6072,0.5227,0.6072,584,0
20151013,0.58,0.69,0.58,0.69,5000,0
20151014,0.6,0.66,0.6,0.65,8800,0
20151015,0.66,0.66,0.53,0.59,10900,0
20151016,0.53,0.67,0.53,0.65,10300,0
20151019,0.68,0.71,0.54,0.62,27100,0
20151020,0.65,0.7377,0.65,0.7,8118,0
20151021,0.74,0.75,0.72,0.73,4800,0
20151022,0.75,0.75,0.74,0.74,4100,0
20151023,0.7,0.76,0.7,0.73,41400,0
20151026,0.7,0.73,0.69,0.7,4700,0
20151027,0.72,0.88,0.72,0.81,40300,0
20151028,0.85,0.85,0.78,0.82,32100,0
20151029,0.81,0.95,0.81,0.94,20700,0
20151030,0.95,1,0.91,0.98,45600,0
20151102,0.975,1.22,0.8531,1.22,74079,0
20151103,1.27,1.48,0.98,1.08,126600,0
20151104,1.13,1.13,0.9899,0.99,11798,0
20151105,1.02,1.06,1,1,47400,0
20151106,1.17,1.31,1,1.03,17900,0
20151109,1.1699,1.1699,1.08,1.1305,2654,0
20151110,1.13,1.13,1.03,1.1,11000,0
20151111,1.17,1.19,1.03,1.09,11000,0
20151112,1.14,1.23,1.06,1.17,6300,0
20151113,1.37,1.37,1.1,1.15,45600,0
20151116,1.26,1.26,1.1,1.1,19000,0
20151117,1.11,1.32,1.07,1.32,38700,0
20151118,1.2,1.3,1.18,1.22,22500,0
20151119,1.21,1.29,1.18,1.2,6000,0
20151120,1.25,1.25,1.2,1.24,14200,0
20151124,1.2,1.22,1.09,1.09,20500,0
20151125,1.1,1.1,0.98,1.01,31600,0
20151127,1,1,0.88,0.92,1800,0
20151130,0.96,0.96,0.95,0.96,11500,0
20151201,0.95,0.95,0.9,0.9,11511,0
20151202,0.8221,0.9181,0.82,0.82,4837,0
20151203,0.92,0.92,0.8,0.8,14202,0
20151204,0.78,0.83,0.63,0.69,27100,0
20151207,0.69,0.69,0.54,0.56,175000,0
20151208,0.56,0.6871,0.54,0.6738,418486,0
20151209,0.67,0.71,0.56,0.65,56200,0
20151210,0.68,0.93,0.68,0.71,73900,0
20151211,0.75,0.99,0.75,0.81,56800,0
20151214,0.81,0.96,0.78,0.83,97429,0
20151215,0.8,1,0.68,0.68,95600,0
20151216,0.79,0.9,0.68,0.75,209800,0
20151217,0.75,0.76,0.7,0.7,7800,0
20151218,0.7,0.7,0.62,0.62,7200,0
20151221,0.65,0.84,0.51,0.71,474300,0
20151222,0.629,0.7,0.629,0.635,18853,0
20151223,0.7,0.73,0.67,0.7,5200,0
20151224,0.7,0.8,0.65,0.65,16485,0
20151228,0.66,0.83,0.66,0.66,7417,0
20151229,0.65,0.71,0.573,0.605,16117,0
20151230,0.59,0.65,0.5,0.59,94246,0
20151231,0.64,0.64,0.53,0.578,9757,0
20160104,0.5901,0.625,0.575,0.61,5229,0
20160105,0.64,0.64,0.51,0.5202,8450,0
20160106,0.55,0.6001,0.5101,0.5413,78979,0
20160107,0.52,0.52,0.5,0.501,29674,0
20160108,0.52,0.61,0.5101,0.5211,31776,0
20160111,0.52,0.65,0.4672,0.51,58652,0
20160112,0.491,0.555,0.491,0.55,7590,0
20160113,0.539,0.6099,0.491,0.6099,1400,0
20160114,0.6099,0.6099,0.5003,0.5192,17027,0
20160115,0.5101,0.5192,0.5,0.5,13000,0
20160119,0.5,0.51,0.5,0.5,5200,0
20160120,0.5001,0.5001,0.5001,0.5001,327,0
20160121,0.5001,0.5599,0.5,0.5207,751,0
20160122,0.55,0.56,0.52,0.5599,7240,0
20160125,0.5663,0.5663,0.52,0.52,7948,0
20160126,0.5663,0.5663,0.5663,0.5663,100,0
20160128,0.52,0.5326,0.4526,0.52,40809,0
20160129,0.5399,0.54,0.4925,0.4949,3300,0
20160201,0.4901,0.55,0.4901,0.55,7048,0
20160202,0.4901,0.5899,0.4901,0.513,2825,0
20160203,0.49,0.5899,0.475,0.51,13203,0
20160204,0.54,0.591,0.5001,0.51,7355,0
20160205,0.5369,0.5369,0.5033,0.5033,769,0
20160208,0.5063,0.5064,0.5,0.5,7007,0
20160209,0.5009,0.52,0.4752,0.52,9790,0
20160210,0.48,0.544,0.475,0.4802,9288,0
20160211,0.475,0.475,0.475,0.475,100,0
20160212,0.5117,0.5135,0.505,0.5135,1000,0
20160216,0.495,0.5,0.4501,0.4686,39680,0
20160217,0.4901,0.4901,0.451,0.4876,13102,0
20160218,0.462,0.487,0.462,0.487,800,0
20160219,0.5315,0.6,0.51,0.51,34972,0
20160222,0.49,0.49,0.4502,0.4864,2150,0
20160223,0.5056,0.51,0.48,0.48,2200,0
20160225,0.4895,0.516,0.48,0.49,6200,0
20160226,0.481,0.53,0.481,0.5002,10898,0
20160229,0.5286,0.5613,0.51,0.51,19841,0
20160301,0.4956,0.4956,0.48,0.4802,3373,0
20160302,0.4879,0.572,0.4801,0.509,28798,0
20160303,0.5511,0.5699,0.4901,0.4901,15298,0
20160304,0.52,0.56,0.4801,0.5001,4202,0
20160307,0.519,0.519,0.4802,0.501,13924,0
20160308,0.515,0.52,0.515,0.5197,1309,0
20160309,0.52,0.549,0.4802,0.4802,7470,0
20160310,0.52,0.5499,0.4501,0.5499,46300,0
20160311,0.56,0.57,0.5,0.5096,5201,0
20160314,0.5101,0.5699,0.5101,0.521,40924,0
20160315,0.57,0.83,0.5697,0.75,117808,0
20160316,0.83,0.876,0.6001,0.825,32755,0
20160317,0.77,0.8133,0.7051,0.7952,9624,0
20160318,0.8,0.9172,0.8,0.85,21405,0
20160321,0.91,0.93,0.82,0.85,16166,0
20160322,0.8,0.9299,0.71,0.87,6997,0
20160323,0.8459,0.85,0.8459,0.85,315,0
20160324,0.89,0.99,0.8301,0.99,12040,0
20160328,0.99,0.99,0.9074,0.9101,21155,0
20160329,0.87,0.95,0.87,0.92,8740,0
20160330,0.91,0.91,0.8541,0.86,4400,0
20160331,0.8554,0.915,0.8401,0.85,26975,0
20160401,0.89,0.9,0.89,0.9,2207,0
20160404,0.9,0.9135,0.77,0.78,24511,0
20160405,0.77,0.77,0.6001,0.625,94373,0
20160406,0.67,0.7193,0.61,0.63,50725,0
20160407,0.67,0.6989,0.65,0.65,18957,0
20160408,0.71,0.71,0.5941,0.5941,7425,0
20160411,0.665,0.67,0.616,0.616,14848,0
20160412,0.6697,0.6697,0.6697,0.6697,5000,0
20160413,0.65,0.6503,0.65,0.65,7830,0
20160414,0.65,0.8299,0.65,0.65,10955,0
20160415,0.71,0.74,0.68,0.6887,5252,0
