Date,Open,High,Low,Close,Volume,OpenInt
20140912,12,30,11.5,25.6,12759830,0
20140915,31.76,43.71,30.17,37.15,11243008,0
20140916,41.47,43.49,32,36.95,8220010,0
20140917,37.39,37.97,33.2,33.7,3877285,0
20140918,31.81,32.79,27.53,28.25,2610562,0
20140919,27.51,30.24,27.5,27.78,1296759,0
20140922,27.5,31.98,26.16,31.72,1701909,0
20140923,35,35,30.52,31.1,2904166,0
20140924,32.06,32.2,29.05,30.15,678065,0
20140925,29.64,31.89,27.55,30.49,732688,0
20140926,30.7,31.41,29.57,31,238787,0
20140929,30.7,33.1,29.75,33.1,987154,0
20140930,34,35.55,32.39,34.15,1532385,0
20141001,34.29,34.29,32.15,32.7,525194,0
20141002,33.18,33.6,29.78,31.65,709541,0
20141003,32.31,32.95,30.57,30.93,396283,0
20141006,30.82,31.4,28.51,29.2,367019,0
20141007,28.7,30.3,27.65,28.9,429377,0
20141008,29.31,29.99,28.01,29.85,278428,0
20141009,29.6,31.48,28.58,30.27,589024,0
20141010,29.11,30.41,28.1,29,352376,0
20141013,28.01,28.81,25.5,25.61,555034,0
20141014,25.75,26.44,24.5,25.48,248614,0
20141015,25,25.22,23.502,24.9,221167,0
20141016,24.24,29,23.79,27.98,388275,0
20141017,28.53,30,28.05,28.77,229082,0
20141020,28.9,29.5,27.73,28.89,138468,0
20141021,28.98,29.05,27.8,28.1,172118,0
20141022,28.1,28.18,26.6,26.87,168201,0
20141023,27.7,28,26.11,26.41,159965,0
20141024,26.32,26.65,25.6,25.92,121757,0
20141027,25.74,29.34,25.1,29.1,507241,0
20141028,29.41,32.41,28.66,29.25,1073263,0
20141029,29.42,29.738,27.8,28.85,242309,0
20141030,29.82,31.97,29.18,30.44,535170,0
20141031,31.2,31.88,30.305,30.65,400204,0
20141103,31.3,33.25,29.65,30.18,676689,0
20141104,30.25,30.99,29.39,30.32,244271,0
20141105,30.61,31.5,29.45,30,284944,0
20141106,29.8,30.49,28.91,29.98,322111,0
20141107,29.87,31.1,29,30.02,345178,0
20141110,29.95,31.5,29.6,30.15,441153,0
20141111,30,30.8,29.5,29.59,295670,0
20141112,29.5,30.32,28.7,29.22,312831,0
20141113,29.78,32.9,28,28.1,1723006,0
20141114,28.64,29.44,27.07,27.9,552937,0
20141117,27.64,28.19,26.96,27.15,244093,0
20141118,27.27,27.9,27,27.36,139331,0
20141119,27.5,27.94,26.6,26.98,264832,0
20141120,26.65,27.254,26.28,26.71,156553,0
20141121,27.26,27.88,26.799,27.37,186027,0
20141124,27.08,27.89,26.83,27.5,181688,0
20141125,27.5,27.75,26.53,26.7,272827,0
20141126,26.56,27.47,26.3,26.63,203235,0
20141128,26.55,26.593,26.2,26.38,129249,0
20141201,26.17,26.17,25.33,25.42,279453,0
20141202,25.3,25.751,24.7,25.06,191707,0
20141203,24.88,24.88,24,24.13,233986,0
20141204,24,24,22.1,22.23,253752,0
20141205,22.17,23.92,22.019,23.67,187740,0
20141208,23.5,23.5,22.53,23,146560,0
20141209,22.8,23,21.39,22.82,128090,0
20141210,22.91,23.49,21.41,21.43,176398,0
20141211,22,22.44,21.5,21.5,151857,0
20141212,21.5,21.78,20.73,21.22,191259,0
20141215,21.63,21.65,20.31,20.77,93420,0
20141216,20.66,20.66,19.05,19.18,268478,0
20141217,18.89,18.91,18.01,18.75,164252,0
20141218,19.01,20.46,18.3,20,173376,0
20141219,20.02,21.8,19.82,21.62,148610,0
20141222,21.61,23.31,21.3,23.25,136241,0
20141223,23.26,23.5,21.35,21.55,174174,0
20141224,21.45,22.47,21.45,21.66,51237,0
20141226,21.47,21.746,20.5,20.79,143971,0
20141229,20.98,22.25,20.22,20.5,92945,0
20141230,20.37,20.96,19.69,19.99,107123,0
20141231,20.22,20.22,18.88,18.88,182425,0
20150102,19,19.75,18.76,19.61,86935,0
20150105,19.5,20.47,19.1,19.81,98952,0
20150106,19.81,21,19.33,20.3,92242,0
20150107,20.94,22.25,20,20.4,145504,0
20150108,22,22,20.42,21.26,105928,0
20150109,21.37,21.52,20.67,20.97,106775,0
20150112,21.01,22.25,20.52,22.17,134117,0
20150113,22.33,22.74,20.321,20.74,124272,0
20150114,20.56,21,20.41,20.67,94619,0
20150115,20.67,20.9,19.9,20.59,175555,0
20150116,20.48,20.73,20.177,20.27,30203,0
20150120,20.45,20.45,18.5,18.52,211426,0
20150121,18.64,18.97,17.21,17.34,147574,0
20150122,17.33,17.5,17.1,17.26,83415,0
20150123,17.1,18.57,17.1,18.15,85874,0
20150126,17.92,18.88,17.76,18.5,76790,0
20150127,18.29,18.7,17.7,18.25,39903,0
20150128,18.45,18.46,17.35,18.01,51946,0
20150129,17.97,18.2,17.01,17.71,49787,0
20150130,17.45,17.804,17.01,17.44,55966,0
20150202,17.53,18.72,17.02,18.53,64773,0
20150203,18.56,18.6,17.5,18.01,66717,0
20150204,17.9,18.227,17.51,17.78,33964,0
20150205,17.86,18.49,17.501,17.94,36909,0
20150206,17.9,18,17.09,17.39,36423,0
20150209,17.57,17.82,17.14,17.38,42250,0
20150210,17.42,17.65,17.15,17.26,25752,0
20150211,17.46,17.983,17.07,17.08,96686,0
20150212,17.5,18.75,17.15,18.17,105720,0
20150213,18.11,18.34,17,17.4,117051,0
20150217,17.33,17.372,15.65,15.87,74182,0
20150218,15.8,16.68,15.57,16.21,112172,0
20150219,16.18,16.7,16,16.57,127788,0
20150220,16.6,16.7,15.6,16.17,52733,0
20150223,16.08,16.08,14.64,14.9,82587,0
20150224,14.8,15.47,14.11,15.23,225259,0
20150225,15.23,16.83,14.72,16.35,159092,0
20150226,16.59,17.472,16.19,16.83,130783,0
20150227,17.05,17.6,16.5,17.17,97520,0
20150302,17.26,17.59,16.41,16.52,65600,0
20150303,16.5,16.63,15.89,16.63,34900,0
20150304,16.49,16.49,15.9,15.9,63500,0
20150305,15.87,18.24,15.84,18.05,456700,0
20150306,17.86,18.8,17.68,17.84,106200,0
20150309,18.48,18.48,17,17.05,41800,0
20150310,16.85,17.13,15.54,15.65,117800,0
20150311,14.5,14.99,13.28,13.67,314900,0
20150312,13.61,13.85,12.9,13.5,214100,0
20150313,13.84,13.85,13.06,13.39,158800,0
20150316,13.4,13.7,12.8,12.97,139300,0
20150317,12.89,13.3,12.5,12.7,123300,0
20150318,12.72,12.8,12.03,12.2,130600,0
20150319,12.05,13.5,12.05,13.33,147400,0
20150320,13.41,13.7,12.68,13.26,195000,0
20150323,13.34,13.85,13.01,13.38,145900,0
20150324,13.29,13.8,13.29,13.39,181900,0
20150325,13.32,13.75,13.03,13.2,177700,0
20150326,13.09,13.54,12.85,13.52,150500,0
20150327,13.49,13.75,13.4,13.43,125900,0
20150330,13.38,13.85,13.22,13.58,114300,0
20150331,13.55,13.69,12.36,12.36,225400,0
20150401,12.41,13.19,12.41,12.53,151800,0
20150402,12.46,13.24,12.25,12.8,143400,0
20150406,12.8,13.25,12.4,12.68,113700,0
20150407,12.59,13.15,12.43,12.81,79042,0
20150408,12.87,14.65,12.55,14.02,708200,0
20150409,14.05,14.21,13.3,13.52,258837,0
20150410,13.47,13.95,13.21,13.6,151500,0
20150413,13.97,13.99,13.05,13.2,158800,0
20150414,13.1,13.49,13.05,13.45,90300,0
20150415,13.4,13.74,13.19,13.45,97550,0
20150416,13.27,13.5,13.16,13.23,107186,0
20150417,13.17,13.31,12.75,12.93,95300,0
20150420,12.9,13.25,12.75,12.87,92398,0
20150421,12.87,13.2,12.767,13.13,81696,0
20150422,13.13,13.21,12.8,13.09,104806,0
20150423,13.08,13.08,12.75,12.83,98100,0
20150424,12.83,13.07,12.75,12.8,83200,0
20150427,12.85,12.89,11.8,11.86,196000,0
20150428,11.85,12.27,11.7,11.78,191300,0
20150429,12.08,12.45,11.4,11.5,131900,0
20150430,10.92,11.24,10.58,10.97,124200,0
20150501,10.91,11.07,10.35,10.58,109800,0
20150504,10.54,11.06,10.54,10.71,109400,0
20150505,10.76,11.04,10.6,10.76,74300,0
20150506,10.82,11.38,10.53,10.81,172627,0
20150507,10.77,11.84,10.5,11.19,273360,0
20150508,11.2,11.3,10.56,10.66,67000,0
20150511,10.56,10.9,10.56,10.73,55400,0
20150512,10.64,11.47,10.39,11.29,158479,0
20150513,11.32,11.55,10.97,11.25,79700,0
20150514,11.01,11.37,11.01,11.19,41600,0
20150515,11.3,11.49,11.108,11.34,45297,0
20150518,11.29,11.48,10.8,10.83,109709,0
20150519,11.19,11.19,10.85,11.04,40700,0
20150520,11.15,11.15,10.8,11.07,57100,0
20150521,11.1,11.15,10.98,11.06,37300,0
20150522,11.88,13.99,11.68,13.35,1209300,0
20150526,13.42,14.25,13,13.61,919309,0
20150527,13.59,13.68,12.75,13,225000,0
20150528,12.99,13.144,12.27,12.79,125257,0
20150529,12.7,13.1,12.5,12.6,121000,0
20150601,12.7,12.96,12.03,12.36,127400,0
20150602,12.27,12.72,12.15,12.5,111515,0
20150603,12.54,12.65,12.3,12.58,106300,0
20150604,12.57,13.1,12.31,12.4,162900,0
20150605,12.35,12.5,12.02,12.04,146200,0
20150608,12.08,12.24,11.53,12.17,229500,0
20150609,12.15,12.2,11.85,12.08,70731,0
20150610,12.25,12.25,11.83,12,192947,0
20150611,11.99,12.5,11.99,12.34,248815,0
20150612,12.07,12.46,11.8,12.03,137900,0
20150615,11.94,11.96,11.5,11.51,117500,0
20150616,11.51,11.65,11.1,11.51,136100,0
20150617,11.52,11.85,11.52,11.68,81200,0
20150618,11.76,11.81,11.5,11.74,65300,0
20150619,11.8,11.98,11.22,11.86,99900,0
20150622,12,12.04,11.71,11.78,183100,0
20150623,11.92,11.92,11.5,11.67,100977,0
20150624,11.72,11.8,11.4,11.43,46500,0
20150625,11.46,11.51,11,11.44,162300,0
20150626,11.49,11.56,11.04,11.51,64500,0
20150629,11.3,11.35,11.08,11.35,89500,0
20150630,11.45,11.6,11.05,11.15,42466,0
20150701,11.22,11.31,10.46,10.5,146500,0
20150702,10.6,10.97,10.38,10.51,80700,0
20150706,10.56,10.7,9.86,10.05,104700,0
20150707,10.06,10.06,8.76,9.19,179600,0
20150708,9.19,9.19,8.81,8.89,104100,0
20150709,9.09,9.27,8.9,9.14,89400,0
20150710,9.23,9.64,9.21,9.63,37600,0
20150713,9.73,9.96,9.63,9.72,30800,0
20150714,9.75,10.463,9.75,10.19,78325,0
20150715,10.27,10.467,10.25,10.365,53246,0
20150716,10.44,10.86,10.31,10.66,74900,0
20150717,10.73,10.74,10.49,10.53,49400,0
20150720,10.6,10.62,10.2,10.3,46800,0
20150721,10.3,10.3,9.88,9.9,33900,0
20150722,10,10.35,9.9,10.13,79500,0
20150723,10.28,10.48,10.26,10.35,42500,0
20150724,10.4,10.7,10.26,10.38,108100,0
20150727,10.46,10.53,9.9,10.4,65900,0
20150728,10.6,10.6,10.21,10.51,51400,0
20150729,10.6,10.6,10.35,10.55,21200,0
20150730,10.7,10.7,10.31,10.34,39300,0
20150731,10.34,10.6,10.34,10.52,19900,0
20150803,10.47,10.7,10.345,10.68,30949,0
20150804,10.65,11.89,10.65,11.81,138800,0
20150805,11.8,11.9,11.41,11.62,134100,0
20150806,11.6,11.6,8.9605,9.26,237983,0
20150807,9.2,9.5,9.08,9.34,66000,0
20150810,9.41,9.65,9.07,9.6,87400,0
20150811,9.53,9.66,9.1,9.21,59197,0
20150812,9.21,9.69,9.09,9.45,98400,0
20150813,9.51,9.7,9.26,9.45,54400,0
20150814,9.51,9.7,9.21,9.49,40400,0
20150817,9.54,9.9,9.5,9.72,32300,0
20150818,9.62,9.85,9.52,9.6,43500,0
20150819,9.6,9.75,9.4,9.48,34900,0
20150820,9.51,9.84,9.4,9.55,111900,0
20150821,9.6,9.7,9.56,9.61,33000,0
20150824,9.4,9.57,9.133,9.4,92289,0
20150825,9.52,9.64,9.22,9.31,69200,0
20150826,9.35,9.6,8.24,8.79,138100,0
20150827,8.74,8.99,8.28,8.3,70800,0
20150828,8.3,8.63,8.29,8.46,53500,0
20150831,8.47,8.74,8.41,8.44,101000,0
20150901,8.33,8.45,7.93,8.01,55800,0
20150902,7.99,8.36,7.49,7.55,57300,0
20150903,7.47,7.82,7.31,7.6,61800,0
20150904,7.57,7.78,7.43,7.65,24700,0
20150908,7.79,8.43,7.7,8.28,72300,0
20150909,8.46,9.35,8.34,9.11,42100,0
20150910,9.05,9.26,8.8,9.03,36722,0
20150911,8.97,9.39,8.88,9.2,18500,0
20150914,9.17,9.25,8.75,8.84,29100,0
20150915,8.75,9.1,8.42,8.75,13800,0
20150916,8.81,9.19,8.59,8.99,22500,0
20150917,8.95,9.17,8.95,9.1,19900,0
20150918,9.07,9.28,8.99,9.28,16000,0
20150921,9.55,9.59,9.14,9.32,160700,0
20150922,9.5,9.5,8.92,9.01,31600,0
20150923,8.91,8.91,8.69,8.82,17100,0
20150924,8.84,9.17,8.2,8.54,71285,0
20150925,8.64,9.25,8,8,20600,0
20150928,8.03,8.29,7.2,7.4,53817,0
20150929,7.33,8.34,7.2,7.42,48600,0
20150930,7.49,7.89,7.44,7.68,23500,0
20151001,7.76,8.04,7.33,7.83,41800,0
20151002,7.74,8.27,7.66,8.1,23800,0
20151005,8.29,8.29,7.89,8.14,29992,0
20151006,8.11,8.49,7.96,8.41,30600,0
20151007,8.47,8.64,7.74,7.9,43500,0
20151008,7.95,8.15,7.95,8.13,18500,0
20151009,8.15,8.52,8.15,8.43,16800,0
20151012,8.7,8.99,8.7,8.715,22815,0
20151013,8.7,8.99,8.7,8.97,26000,0
20151014,8.97,9.43,8.7,9.25,50000,0
20151015,9.27,9.49,8.77,9.43,28500,0
20151016,10,10.12,9.01,9.33,118000,0
20151019,9.28,9.5,9.05,9.09,36600,0
20151020,9.14,9.14,8.18,8.27,26141,0
20151021,8.55,8.55,8,8.01,17800,0
20151022,8,8.44,7.91,7.93,22900,0
20151023,8.29,8.6,8.19,8.6,24900,0
20151026,8.6,8.78,8.12,8.26,76300,0
20151027,8.26,8.33,7.95,8.21,31800,0
20151028,8.05,8.3,7.98,8.13,39300,0
20151029,8.13,8.49,8.13,8.32,14800,0
20151030,8.36,8.46,8.09,8.09,9000,0
20151102,8.06,8.3899,7.96,8.02,34611,0
20151103,8.1,8.25,8.04,8.1,25700,0
20151104,8.2,8.41,8.2,8.2501,29270,0
20151105,8.2,8.39,8,8.1,46700,0
20151106,8.02,8.28,7.88,8.01,58700,0
20151109,7.93,8.47,7.884,8.44,20176,0
20151110,8.44,8.44,7.9,8,54100,0
20151111,8.17,8.17,7.86,7.88,18300,0
20151112,7.8,8.02,7.8,7.88,21400,0
20151113,7.78,7.85,7.66,7.72,44600,0
20151116,7.72,7.8,7.6,7.75,26700,0
20151117,7.71,7.85,7.71,7.75,19800,0
20151118,7.85,8.3,7.73,7.95,53600,0
20151119,8.02,8.02,7.7,7.7,28200,0
20151120,7.7,7.9,7.7,7.77,16600,0
20151123,7.8,8,7.72,7.86,37900,0
20151124,7.9,8,7.75,8,25100,0
20151125,8,8.09,7.8,8.01,54400,0
20151127,7.97,7.97,7.7,7.71,24900,0
20151130,7.74,7.86,7.7,7.79,16300,0
20151201,7.7,7.7,7.5,7.58,31316,0
20151202,7.53,7.53,7.2,7.22,24242,0
20151203,7.2,7.31,7.2,7.3,25679,0
20151204,7.28,7.3,6.53,6.53,62200,0
20151207,6.5,6.99,6.29,6.47,67800,0
20151208,6.5,6.6,6.25,6.25,47051,0
20151209,6.25,6.44,6.11,6.42,20500,0
20151210,6.43,6.57,6.26,6.33,16500,0
20151211,6.19,6.19,5.55,5.82,65700,0
20151214,5.74,6.0172,5.7312,5.83,31498,0
20151215,6,6.16,5.87,6,21000,0
20151216,6.03,6.15,5.95,6,26600,0
20151217,7.82,13.59,7.82,11,7098900,0
20151218,11.22,15.6,11,13.5,9244600,0
20151221,14.31,15.45,13.3,13.61,2985800,0
20151222,13.2,14.88,12.93,14.37,1213149,0
20151223,14.28,17.4,14.25,16.72,2777700,0
20151224,16.31,17.21,15.8,16.89,1193111,0
20151228,16.97,16.97,15.23,15.24,885947,0
20151229,15.32,16.65,15,15.58,905600,0
20151230,15.4,15.4899,14.5,14.5,544660,0
20151231,14.15,14.87,14.05,14.47,268231,0
20160104,13.75,15.15,13.74,14.89,406837,0
20160105,14.58,15.81,14.58,14.88,347770,0
20160106,14.4,14.79,12.99,13.29,467722,0
20160107,12.64,13.26,12.22,12.43,474899,0
20160108,12.8,13.15,12.12,12.38,256056,0
20160111,12.15,12.79,11.3,11.46,618566,0
20160112,12.11,12.61,11.46,11.88,475145,0
20160113,11.88,12.23,11,11.01,302423,0
20160114,11.03,12.23,10.55,11.31,880856,0
20160115,10.4,10.85,10,10.19,306886,0
20160119,10.1,10.21,9.58,9.86,219000,0
20160120,9.76,10.75,9.36,10.6,402456,0
20160121,10.59,11.15,10.0801,10.49,208555,0
20160122,10.38,11.08,10.23,10.62,94229,0
20160125,10.63,11.25,9.98,10.04,76542,0
20160126,10.02,10.67,9.75,10.28,98510,0
20160127,10.16,10.3932,9.68,9.7,54653,0
20160128,10.04,10.3699,9.51,9.57,104112,0
20160129,9.56,10.38,9.56,10.1,201509,0
20160201,10.08,10.35,9.855,10.01,48823,0
20160202,9.92,9.9232,9.42,9.6,66004,0
20160203,9.67,9.7814,9.11,9.34,51662,0
20160204,9.55,9.79,9.3,9.36,38096,0
20160205,9.3,9.47,8.8,9.09,57429,0
20160208,9.02,9.09,8.2,8.2757,97118,0
20160209,8.04,8.66,7.91,8.02,52818,0
20160210,8.05,8.701,8.05,8.28,107229,0
20160211,8.12,8.94,8.04,8.75,81538,0
20160212,8.89,9.49,8.748,9.26,99764,0
20160216,9.75,10.7,9.75,10.65,334946,0
20160217,11.09,11.45,10.49,11.15,522648,0
20160218,11.15,11.19,10.73,11.07,80971,0
20160219,10.82,11.195,10.53,10.98,136143,0
20160222,11,12.2,10.73,12.04,434385,0
20160223,12,12.14,11.61,11.69,160366,0
20160224,11.61,12.17,11.02,11.65,116889,0
20160225,10.79,11.4,10.26,10.41,138578,0
20160226,10.42,11.18,10.42,10.45,78210,0
20160229,10.45,10.9373,10.26,10.48,71447,0
20160301,10.07,10.26,9.01,9.07,193486,0
20160302,9.3,9.49,9,9.05,134178,0
20160303,8.8,8.989,8.4,8.48,175967,0
20160304,8.43,8.75,8.04,8.53,181006,0
20160307,8.33,9.02,8.33,8.64,89743,0
20160308,8.6,8.6,8.38,8.53,42879,0
20160309,7.6,9.46,7.41,8.89,309405,0
20160310,8.69,9.39,8.566,8.96,208546,0
20160311,8.9,9.18,8.812,8.9,35654,0
20160314,8.84,9.68,8.84,9.5,211647,0
20160315,9.5,9.5,8.5,8.5607,125182,0
20160316,8.5,8.796,8.21,8.29,162520,0
20160317,8.28,8.57,8,8.57,158273,0
20160318,8.7,8.85,8.27,8.31,60595,0
20160321,8.25,8.51,8.25,8.46,22136,0
20160322,8.34,8.63,8.28,8.63,21324,0
20160323,8.56,8.7,8.379,8.55,30350,0
20160324,8.48,8.6989,8.31,8.61,25318,0
20160328,8.69,8.7,8.5,8.57,35831,0
20160329,8.51,9.38,8.3701,9.315,74195,0
20160330,9.38,9.7,9.1501,9.23,73276,0
20160331,9.221,9.42,9.16,9.4,31275,0
20160401,9.38,9.99,9.12,9.91,65499,0
20160404,9.92,10.7867,9.5256,9.54,166314,0
20160405,9.49,10.04,9.16,9.22,78471,0
20160406,9.21,9.77,9.2,9.63,37372,0
20160407,9.52,9.723,9.2,9.37,40658,0
20160408,9.37,9.4,9,9.01,31755,0
20160411,9.01,9.5,9,9.09,41120,0
20160412,9.21,9.58,9.21,9.38,32681,0
20160413,9.38,10.17,9.32,10.01,83437,0
20160414,10.1947,10.46,9.71,10.45,69212,0
20160415,10.09,10.09,9.75,9.8,59446,0
