Date,Open,High,Low,Close,Volume,OpenInt
20050225,2.8,2.85,2.8,2.85,17000,0
20050228,2.8,2.8,2.8,2.8,7248,0
20050301,2.8,3,2.8,2.95,44032,0
20050302,2.9,2.95,2.85,2.9,23500,0
20050303,2.95,2.99,2.85,2.99,6100,0
20050304,2.99,2.99,2.9,2.9,27050,0
20050307,2.85,2.9,2.76,2.9,24100,0
20050308,2.89,2.9,2.85,2.85,12816,0
20050309,2.9,2.9,2.8,2.8,40800,0
20050310,2.9,2.9,2.75,2.75,96500,0
20050311,2.8,2.82,2.8,2.82,11350,0
20050314,2.8,2.9,2.8,2.8,2180,0
20050315,2.9,2.9,2.9,2.9,2000,0
20050316,2.8,2.85,2.8,2.85,5650,0
20050317,2.7,2.85,2.7,2.85,126000,0
20050322,2.8,2.85,2.77,2.85,23104,0
20050323,2.77,2.8,2.77,2.77,6900,0
20050324,2.76,2.76,2.6,2.7,70649,0
20050328,2.65,2.65,2.65,2.65,1100,0
20050329,2.65,2.65,2.65,2.65,16800,0
20050330,2.65,2.68,2.6,2.65,73000,0
20050331,2.65,2.7,2.65,2.65,16496,0
20050401,2.65,2.65,2.65,2.65,4633,0
20050404,2.65,2.65,2.65,2.65,1000,0
20050405,2.61,2.61,2.55,2.59,70350,0
20050406,2.55,2.55,2.45,2.5,18300,0
20050407,2.45,2.55,2.45,2.55,5000,0
20050408,2.5,2.54,2.5,2.54,1995,0
20050411,2.5,2.53,2.5,2.5,27000,0
20050412,2.45,2.45,2.4,2.4,14200,0
20050413,2.35,2.35,2.03,2.2,193950,0
20050414,2.2,2.3,2.15,2.3,10804,0
20050415,2.15,2.35,2.15,2.35,3500,0
20050421,2.25,2.25,2.25,2.25,1000,0
20050422,2.25,2.25,2.25,2.25,2200,0
20050425,2.2,2.25,2.2,2.25,8925,0
20050426,2.25,2.25,2.25,2.25,500,0
20050427,2.15,2.25,2.15,2.25,1500,0
20050428,2.15,2.25,2.15,2.25,1833,0
20050429,2.2,2.25,2.2,2.25,6500,0
20050502,2.2,2.25,2.2,2.25,5278,0
20050503,2.3,2.3,2.3,2.3,1000,0
20050504,2.3,2.35,2.25,2.35,2000,0
20050506,2.25,2.34,2.15,2.34,4100,0
20050510,2.25,2.25,2.2,2.25,11212,0
20050511,2.25,2.28,2.25,2.28,12698,0
20050512,2.2,2.25,2.15,2.15,10700,0
20050513,2.24,2.25,2.2,2.21,33200,0
20050517,2,2.21,2,2.21,5081,0
20050518,2.1,2.15,2.1,2.15,3000,0
20050519,2.15,2.15,2.15,2.15,1000,0
20050523,2,2.05,1.95,2.05,17500,0
20050524,2.1,2.1,2,2.05,29000,0
20050525,2,2,1.88,2,11400,0
20050526,1.9,2,1.9,2,27000,0
20050601,1.9,1.99,1.9,1.99,3250,0
20050602,1.95,1.95,1.95,1.95,700,0
20050603,1.85,1.91,1.82,1.87,84693,0
20050606,1.9,1.99,1.82,1.88,15013,0
20050607,1.85,1.98,1.85,1.98,7470,0
20050608,1.9,1.93,1.9,1.93,11000,0
20050609,1.84,1.9,1.84,1.85,12850,0
20050610,1.85,1.85,1.85,1.85,10000,0
20050613,1.87,1.95,1.87,1.91,18990,0
20050615,1.92,1.92,1.9,1.9,14200,0
20050620,1.86,1.97,1.86,1.97,466,0
20050621,1.86,1.97,1.86,1.97,2200,0
20050622,1.86,1.86,1.86,1.86,250,0
20050623,1.86,1.86,1.85,1.86,11200,0
20050624,1.9,1.9,1.9,1.9,2197,0
20050627,1.9,1.9,1.9,1.9,242,0
20050628,1.95,1.95,1.9,1.9,1500,0
20050630,1.85,1.95,1.85,1.95,300,0
20050705,2,2.05,1.85,1.85,4700,0
20050708,2.05,2.05,2,2.05,3495,0
20050711,2.09,2.09,1.9,2.05,12800,0
20050713,1.9,1.9,1.9,1.9,1500,0
20050714,1.9,1.9,1.9,1.9,4400,0
20050719,1.9,1.9,1.9,1.9,700,0
20050721,1.82,1.82,1.65,1.8,21499,0
20050722,1.7,1.85,1.7,1.8,14328,0
20050725,1.8,1.8,1.8,1.8,8500,0
20050726,1.8,1.8,1.78,1.8,2500,0
20050727,1.85,1.85,1.83,1.85,20499,0
20050729,1.8,1.8,1.8,1.8,1800,0
20050802,1.95,1.95,1.75,1.8,20650,0
20050803,1.8,1.8,1.8,1.8,250,0
20050804,1.76,1.76,1.76,1.76,5500,0
20050811,1.8,1.84,1.8,1.84,1500,0
20050812,1.95,2.04,1.9,2.03,399485,0
20050815,2.03,2.03,1.92,2.03,22900,0
20050816,1.95,1.95,1.95,1.95,200,0
20050817,1.95,1.98,1.9,1.98,18000,0
20050818,1.99,2,1.99,2,5000,0
20050822,1.95,1.95,1.95,1.95,10500,0
20050823,1.89,1.95,1.89,1.95,32500,0
20050829,1.9,1.9,1.9,1.9,13000,0
20050830,1.97,1.97,1.86,1.86,44000,0
20050831,1.92,2.05,1.92,2,17833,0
20050901,1.95,2,1.86,2,2830,0
20050906,1.9,1.95,1.9,1.95,21000,0
20050907,1.86,1.97,1.86,1.94,49100,0
20050908,1.9,1.9,1.9,1.9,1000,0
20050909,1.86,2,1.86,2,68275,0
20050912,2,2,2,2,2550,0
20050913,2,2.03,1.88,2.03,13075,0
20050916,1.93,2,1.93,2,10500,0
20050921,2,2,1.99,1.99,12500,0
20050922,1.95,1.99,1.95,1.99,3500,0
20050930,1.95,1.95,1.95,1.95,1000,0
20051004,1.9,1.9,1.8,1.81,4700,0
20051005,1.8,1.85,1.71,1.85,75600,0
20051007,1.85,2,1.85,2,21600,0
20051011,1.95,1.95,1.95,1.95,1000,0
20051012,1.9,1.9,1.75,1.8,6650,0
20051013,1.8,1.8,1.7,1.7,2500,0
20051014,1.9,1.99,1.9,1.9,7000,0
20051017,1.93,1.93,1.9,1.9,1397,0
20051018,1.9,1.9,1.9,1.9,1000,0
20051019,1.75,1.9,1.75,1.9,10000,0
20051021,1.9,2,1.75,2,43934,0
20051024,1.75,1.9,1.75,1.8,28600,0
20051027,1.85,2,1.85,2,13100,0
20051031,1.8,1.98,1.8,1.98,5100,0
20051103,1.8,1.8,1.8,1.8,2000,0
20051104,1.8,1.95,1.75,1.95,4400,0
20051107,1.8,1.85,1.8,1.85,5500,0
20051109,1.8,1.8,1.8,1.8,500,0
20051111,1.81,1.85,1.75,1.85,2100,0
20051114,1.85,1.95,1.85,1.95,9600,0
20051115,1.85,1.95,1.8,1.95,532900,0
20051116,1.85,1.93,1.85,1.9,293500,0
20051117,1.9,2.05,1.9,2,31025,0
20051118,2,2,2,2,4250,0
20051121,2,2,1.95,2,30970,0
20051122,2,2,2,2,7250,0
20051123,2,2,2,2,12000,0
20051125,2,2,2,2,1000,0
20051128,2,2,2,2,850,0
20051129,2,2.01,2,2,67500,0
20051130,2,2,1.87,2,75000,0
20051201,1.9,1.93,1.81,1.89,507566,0
20051202,1.89,1.95,1.89,1.95,102200,0
20051205,1.95,1.95,1.93,1.95,29000,0
20051206,1.95,1.95,1.9,1.95,39450,0
20051207,1.94,1.95,1.94,1.95,5100,0
20051208,1.93,1.94,1.93,1.93,7000,0
20051209,1.93,2,1.93,2,12500,0
20051212,2,2,2,2,16800,0
20051213,2,2,2,2,5545,0
20051214,2,2,1.97,1.99,10330,0
20051215,1.98,2,1.97,2,15810,0
20051216,2,2,1.97,1.97,3640,0
20051219,2,2,1.97,1.97,4796,0
20051220,1.99,1.99,1.95,1.95,26418,0
20051221,2,2,1.95,1.95,1200,0
20051222,1.95,1.95,1.95,1.95,1510,0
20051223,1.95,1.96,1.95,1.96,7800,0
20051227,2,2,1.9,1.9,14160,0
20051228,1.84,1.84,1.75,1.8,112757,0
20051229,1.8,1.85,1.8,1.81,36850,0
20051230,1.8,1.8,1.76,1.77,20500,0
20060103,1.8,1.8,1.8,1.8,23403,0
20060104,1.8,1.8,1.78,1.79,137000,0
20060105,1.8,1.8,1.78,1.78,28270,0
20060106,1.77,1.95,1.72,1.78,69875,0
20060109,1.76,1.78,1.75,1.75,142500,0
20060110,1.74,1.74,1.73,1.73,11190,0
20060111,1.75,1.78,1.75,1.75,34560,0
20060112,1.78,1.8,1.72,1.8,38327,0
20060113,1.8,1.9,1.8,1.9,11617,0
20060117,1.9,1.9,1.9,1.9,600,0
20060118,1.9,2.02,1.89,2,157465,0
20060119,2.02,2.05,2.01,2.05,9215,0
20060120,2.1,2.1,2.04,2.05,73150,0
20060123,2.05,2.08,2.05,2.07,37700,0
20060124,2.02,2.09,2.02,2.05,2900,0
20060125,2.05,2.05,2.04,2.04,1000,0
20060126,2.05,2.2,2.05,2.08,6050,0
20060127,2.15,2.2,2.15,2.2,78200,0
20060130,2.17,2.2,2.17,2.2,14050,0
20060131,2.2,2.2,2.17,2.18,13100,0
20060201,2.17,2.22,2.15,2.19,165623,0
20060202,2.2,2.25,2.2,2.24,23000,0
20060203,2.25,2.28,2.2,2.25,88400,0
20060206,2.25,2.25,2.24,2.25,99551,0
20060207,2.27,2.27,2.25,2.26,47350,0
20060208,2.3,2.3,2.25,2.25,124199,0
20060209,2.27,2.28,2.24,2.24,45600,0
20060210,2.23,2.29,2.23,2.25,35962,0
20060213,2.24,2.24,2.19,2.2,34861,0
20060214,2.23,2.23,2.15,2.15,14850,0
20060215,2.18,2.24,2.17,2.18,22039,0
20060217,2.22,2.25,2.2,2.2,23584,0
20060221,2.2,2.25,2.2,2.24,29378,0
20060222,2.25,2.35,2.25,2.3,166425,0
20060223,2.27,2.27,2.27,2.27,250,0
20060224,2.3,2.3,2.3,2.3,8000,0
20060227,2.29,2.29,2.26,2.28,10950,0
20060228,2.25,2.28,2.25,2.28,2500,0
20060301,2.25,2.27,2.25,2.25,20860,0
20060302,2.25,2.25,2.2,2.25,19300,0
20060303,2.21,2.21,2.21,2.21,5900,0
20060306,2.23,2.23,2.1,2.1,44400,0
20060307,2.15,2.18,2.12,2.12,6750,0
20060308,2.1,2.12,2.02,2.05,67225,0
20060309,2.08,2.08,2,2.01,24107,0
20060310,2,2.05,1.99,2.05,46450,0
20060313,2.06,2.1,2.06,2.1,4800,0
20060314,2,2.12,2,2.12,73790,0
20060316,2.12,2.12,2.12,2.12,1000,0
20060317,2.12,2.12,2.12,2.12,500,0
20060320,2.14,2.14,2.14,2.14,11570,0
20060321,2.15,2.19,2.14,2.15,90707,0
20060322,2.15,2.15,2.1,2.15,80161,0
20060323,2.15,2.23,2.14,2.19,373272,0
20060324,2.23,2.3,2.23,2.25,144500,0
20060327,2.22,2.35,2.22,2.34,48850,0
20060328,2.39,2.5,2.39,2.5,142461,0
20060329,2.46,2.5,2.42,2.45,64095,0
20060330,2.44,2.45,2.4,2.4,82720,0
20060331,2.43,2.45,2.43,2.45,690,0
20060403,2.42,2.42,2.25,2.25,70377,0
20060404,2.3,2.3,2.3,2.3,442,0
20060405,2.48,2.48,2.3,2.3,35549,0
20060406,2.25,2.25,2.1,2.1,25430,0
20060407,2.12,2.26,2.12,2.26,15861,0
20060411,2.26,2.26,2.26,2.26,14800,0
20060412,2.25,2.25,2.25,2.25,500,0
20060413,2.25,2.26,2.23,2.26,29000,0
20060417,2.24,2.25,2.22,2.24,34500,0
20060418,2.1,2.15,2.02,2.15,17491,0
20060419,2.15,2.16,2.15,2.15,37370,0
20060420,2.2,2.3,2.2,2.3,2500,0
20060421,2.3,2.3,2.3,2.3,500,0
20060424,2.35,2.35,2.25,2.25,26025,0
20060425,2.3,2.3,2.24,2.25,72600,0
20060426,2.24,2.25,2.24,2.24,55000,0
20060427,2.15,2.24,2.15,2.18,44937,0
20060428,2.24,2.3,2.22,2.3,26410,0
20060502,2.2,2.2,2.06,2.2,7000,0
20060503,2.24,2.35,2.24,2.35,55915,0
20060504,2.35,2.35,2.35,2.35,3050,0
20060505,2.3,2.3,2.3,2.3,500,0
20060508,2.35,2.64,2.35,2.5,271039,0
20060509,2.6,2.7,2.6,2.62,229400,0
20060510,2.65,2.8,2.6,2.75,120938,0
20060511,2.6,2.6,2.6,2.6,2000,0
20060512,2.55,2.6,2.5,2.51,11233,0
20060515,2.63,2.63,2.5,2.5,6900,0
20060516,2.55,2.7,2.52,2.7,35308,0
20060517,2.65,2.65,2.5,2.6,6200,0
20060518,2.56,2.6,2.55,2.56,16915,0
20060519,2.65,2.65,2.55,2.6,28200,0
20060522,2.6,2.6,2.55,2.6,6850,0
20060523,2.65,2.7,2.6,2.7,24355,0
20060524,2.7,2.7,2.68,2.68,13375,0
20060525,2.7,2.78,2.68,2.74,36497,0
20060526,2.66,2.75,2.5,2.75,326458,0
20060530,2.75,2.91,2.7,2.78,42788,0
20060531,2.77,2.78,2.75,2.75,29300,0
20060601,2.75,2.76,2.75,2.75,77245,0
20060602,2.77,2.79,2.75,2.79,118477,0
20060605,2.75,2.78,2.75,2.78,4500,0
20060606,2.78,2.8,2.75,2.77,27000,0
20060607,2.8,2.81,2.75,2.75,44585,0
20060608,2.75,2.75,2.75,2.75,207319,0
20060609,2.77,2.78,2.7,2.7,76866,0
20060612,2.7,2.7,2.58,2.58,68080,0
20060613,2.61,2.75,2.61,2.67,70759,0
20060614,2.66,2.66,2.65,2.65,3500,0
20060615,2.65,2.65,2.65,2.65,5501,0
20060616,2.72,2.72,2.72,2.72,1000,0
20060620,2.65,2.7,2.65,2.65,32140,0
20060622,2.7,2.72,2.65,2.65,10543,0
20060626,2.7,2.7,2.7,2.7,2500,0
20060627,2.72,2.72,2.65,2.7,23200,0
20060629,2.7,2.71,2.65,2.65,7486,0
20060630,2.7,2.7,2.65,2.65,2972,0
20060705,2.68,2.72,2.68,2.72,4000,0
20060706,2.65,2.65,2.65,2.65,11000,0
20060707,2.67,2.67,2.54,2.54,7220,0
20060710,2.54,2.56,2.5,2.54,4600,0
20060712,2.6,2.6,2.6,2.6,10025,0
20060713,2.6,2.6,2.6,2.6,6000,0
20060714,2.6,2.6,2.6,2.6,500,0
20060717,2.6,2.68,2.6,2.6,8700,0
20060718,2.6,2.6,2.6,2.6,500,0
20060719,2.56,2.56,2.56,2.56,500,0
20060720,2.5,2.5,2.5,2.5,1000,0
20060724,2.5,2.6,2.49,2.54,33500,0
20060725,2.54,2.63,2.45,2.54,8900,0
20060726,2.57,2.58,2.55,2.56,13150,0
20060727,2.45,2.45,2.45,2.45,4375,0
20060728,2.46,2.54,2.46,2.54,11100,0
20060731,2.56,2.7,2.3,2.52,252347,0
20060801,2.52,2.52,2.52,2.52,850,0
20060802,2.5,2.55,2.5,2.55,3100,0
20060803,2.5,2.53,2.5,2.53,28934,0
20060804,2.53,2.53,2.53,2.53,500,0
20060807,2.5,2.53,2.45,2.53,37241,0
20060808,2.51,2.51,2.51,2.51,8000,0
20060809,2.51,2.6,2.45,2.6,29300,0
20060810,2.75,2.82,2.75,2.75,60337,0
20060811,2.75,2.75,2.65,2.65,900,0
20060814,2.65,2.65,2.5,2.5,6600,0
20060815,2.5,2.7,2.5,2.6,8400,0
20060816,2.65,2.7,2.5,2.5,231966,0
20060817,2.54,2.54,2.45,2.45,4000,0
20060818,2.5,2.5,2.4,2.5,17700,0
20060822,2.63,2.63,2.63,2.63,2200,0
20060823,2.63,2.63,2.55,2.6,15500,0
20060824,2.6,2.6,2.6,2.6,2000,0
20060825,2.6,2.6,2.6,2.6,2500,0
20060828,2.25,2.6,2.25,2.5,16575,0
20060829,2.5,2.5,2.5,2.5,350,0
20060830,2.5,2.57,2.5,2.57,4825,0
20060831,2.38,2.58,2.38,2.58,23979,0
20060901,2.6,2.6,2.6,2.6,1600,0
20060906,2.58,2.65,2.4,2.65,123900,0
20060907,2.61,2.66,2.58,2.66,73670,0
20060908,2.6,2.6,2.6,2.6,3000,0
20060911,2.5,2.5,2.45,2.5,3300,0
20060912,2.5,2.6,2.47,2.47,14910,0
20060913,2.53,2.6,2.47,2.5,37100,0
20060914,2.5,2.5,2.5,2.5,1500,0
20060918,2.51,2.51,2.5,2.5,11963,0
20060919,2.53,2.53,2.45,2.45,11659,0
20060922,2.46,2.46,2.45,2.45,11200,0
20060925,2.45,2.45,2.41,2.41,10321,0
20060926,2.44,2.44,2.43,2.43,13500,0
20060927,2.36,2.45,2.35,2.44,19400,0
20060928,2.49,2.5,2.45,2.5,83056,0
20060929,2.45,2.45,2.35,2.35,6000,0
20061002,2.47,2.5,2.47,2.5,46674,0
20061003,2.5,2.5,2.47,2.5,21695,0
20061004,2.5,2.6,2.4,2.6,36600,0
20061005,2.6,2.6,2.6,2.6,29000,0
20061006,2.65,2.65,2.65,2.65,500,0
20061009,2.6,2.65,2.6,2.65,27450,0
20061010,2.61,2.7,2.6,2.68,48500,0
20061011,2.7,2.73,2.68,2.68,23073,0
20061012,2.71,2.77,2.68,2.74,42000,0
20061013,2.7,2.7,2.7,2.7,1000,0
20061016,2.65,2.65,2.4,2.61,8000,0
20061017,2.6,2.65,2.5,2.65,7525,0
20061018,2.65,2.7,2.65,2.7,4900,0
20061019,2.71,2.82,2.71,2.75,59600,0
20061020,2.75,2.78,2.55,2.78,148327,0
20061023,2.7,2.7,2.7,2.7,1117,0
20061024,2.6,2.78,2.6,2.68,21880,0
20061025,2.7,2.72,2.68,2.71,26400,0
20061026,2.74,2.78,2.65,2.78,14050,0
20061027,2.7,2.76,2.7,2.76,35212,0
20061031,2.76,3,2.74,3,33800,0
20061101,2.97,3.05,2.95,2.95,13700,0
20061102,2.9,2.9,2.85,2.86,6500,0
20061103,2.86,3.1,2.85,3.05,42227,0
20061106,3.1,3.22,3.1,3.17,23045,0
20061107,3.17,3.17,3.05,3.11,26253,0
20061108,3.1,3.11,3,3.07,30002,0
20061109,2.9,3,2.9,3,1800,0
20061110,2.95,3,2.87,2.95,127415,0
20061113,2.95,2.95,2.95,2.95,4000,0
20061114,2.95,2.99,2.94,2.99,5630,0
20061115,2.99,3,2.81,2.81,21333,0
20061116,2.81,2.9,2.8,2.8,3533,0
20061117,2.8,2.8,2.8,2.8,2000,0
20061120,2.91,2.95,2.86,2.95,126205,0
20061121,2.95,2.95,2.95,2.95,3999,0
20061124,2.9,2.9,2.9,2.9,4700,0
20061127,2.95,2.95,2.9,2.92,25500,0
20061128,2.9,2.9,2.83,2.9,3000,0
20061129,2.95,2.95,2.85,2.95,34500,0
20061130,2.85,2.94,2.85,2.85,8000,0
20061201,2.9,2.9,2.88,2.9,12000,0
20061204,2.9,2.93,2.9,2.9,5300,0
20061205,2.9,2.9,2.9,2.9,1000,0
20061206,2.95,2.97,2.89,2.97,23865,0
20061207,2.97,3.22,2.97,3.1,28200,0
20061208,3.2,3.2,3,3,3300,0
20061211,3.08,3.13,3,3,4400,0
20061212,3,3,3,3,350,0
20061213,3.05,3.05,2.85,2.88,25334,0
20061214,3,3,2.75,2.79,7787,0
20061215,2.85,2.85,2.85,2.85,1000,0
20061218,2.8,2.8,2.8,2.8,1000,0
20061219,2.74,2.81,2.74,2.81,480,0
20061220,2.81,2.85,2.81,2.81,1705,0
20061221,2.82,3,2.82,2.96,246892,0
20061226,2.75,2.75,2.5,2.7,34933,0
20061227,2.7,2.8,2.7,2.8,2045,0
20061229,3,3,2.85,2.85,3380,0
20070103,2.88,2.88,2.85,2.88,12169,0
20070104,2.86,2.86,2.86,2.86,7425,0
20070105,3,3.01,2.8,2.9,89900,0
20070108,2.8,2.8,2.8,2.8,300,0
20070109,2.96,2.99,2.8,2.85,48650,0
20070110,2.9,2.9,2.9,2.9,24300,0
20070111,2.85,2.9,2.81,2.9,10700,0
20070112,2.9,2.95,2.84,2.84,116280,0
20070116,2.85,2.85,2.85,2.85,2500,0
20070117,2.9,2.9,2.9,2.9,6300,0
20070118,2.85,2.95,2.85,2.85,23600,0
20070119,2.85,2.9,2.85,2.9,13100,0
20070122,2.9,2.9,2.85,2.85,24550,0
20070123,2.87,2.9,2.75,2.9,364270,0
20070124,2.92,3.01,2.92,3.01,3850,0
20070125,2.86,2.9,2.85,2.85,6362,0
20070126,2.9,3,2.87,2.95,28590,0
20070129,2.9,2.95,2.89,2.89,16335,0
20070130,2.92,3,2.9,3,30320,0
20070131,2.91,2.98,2.91,2.98,3474,0
20070201,2.9,2.98,2.9,2.98,11436,0
20070202,2.91,2.95,2.91,2.95,11200,0
20070205,2.98,2.98,2.93,2.93,8700,0
20070206,2.91,2.99,2.91,2.99,13750,0
20070207,3,3.06,3,3.05,71800,0
20070208,3.02,3.03,3.02,3.02,8326,0
20070209,3.02,3.02,2.98,3,15300,0
20070212,2.95,2.95,2.95,2.95,12100,0
20070213,2.95,2.95,2.95,2.95,11561,0
20070214,3,3.02,2.91,3.02,41855,0
20070215,3.02,3.04,3,3,14482,0
20070216,3.02,3.1,3.02,3.06,169000,0
20070220,3.08,3.15,3.07,3.12,22872,0
20070221,3.06,3.07,3.06,3.07,37300,0
20070222,3.07,3.07,3,3.07,17700,0
20070223,3.1,3.17,3.1,3.13,71605,0
20070226,3.15,3.17,3.1,3.15,41006,0
20070227,3.15,3.15,3.07,3.07,9811,0
20070228,3.1,3.15,3.1,3.15,24900,0
20070301,3.15,3.15,3.14,3.15,4000,0
20070302,3.18,3.2,3.15,3.15,89800,0
20070305,3.15,3.17,3.15,3.15,3500,0
20070306,3.11,3.36,3.11,3.36,114214,0
20070307,3.35,3.7,3.35,3.5,135582,0
20070308,3.49,3.5,3.45,3.5,28500,0
20070309,3.45,3.61,3.45,3.6,19000,0
20070312,3.62,3.65,3.55,3.63,8395,0
20070313,3.65,3.65,3.5,3.56,38382,0
20070314,3.54,3.54,3.45,3.5,5700,0
20070315,3.56,3.56,3.56,3.56,222,0
20070316,3.56,3.56,3.52,3.56,1018,0
20070319,3.6,3.65,3.6,3.65,7200,0
20070320,3.65,3.7,3.6,3.65,8982,0
20070321,3.6,3.7,3.6,3.63,28733,0
20070322,3.7,3.7,3.62,3.7,18650,0
20070323,3.65,3.69,3.64,3.68,16180,0
20070326,3.69,3.74,3.65,3.65,36475,0
20070327,3.71,3.71,3.64,3.68,58688,0
20070328,3.68,3.7,3.63,3.65,22267,0
20070329,3.68,3.7,3.65,3.7,103818,0
20070330,3.7,3.74,3.7,3.73,15983,0
20070402,3.73,3.75,3.64,3.65,79815,0
20070403,3.73,3.82,3.73,3.82,26659,0
20070404,3.82,3.9,3.8,3.85,50530,0
20070405,3.88,4.2,3.88,3.95,158969,0
20070409,4,4.1,4,4.05,59291,0
20070410,4.06,4.35,4.05,4.3,65335,0
20070411,4.35,4.43,4.2,4.25,125602,0
20070412,4.2,4.3,4.2,4.25,25546,0
20070413,4.34,4.34,4.25,4.25,25612,0
20070416,4.25,4.25,4.2,4.2,12700,0
20070417,4.25,4.25,4.15,4.23,20565,0
20070418,4.16,4.18,3.8,4.1,1157499,0
20070419,4.1,4.1,3.86,4.1,50441,0
20070420,4.08,4.1,3.98,4.03,22590,0
20070423,4.03,4.03,3.91,3.91,163325,0
20070424,3.91,3.99,3.91,3.99,11000,0
20070425,3.95,4.17,3.95,4.17,36424,0
20070426,4.15,4.16,4.1,4.1,1700,0
20070427,4.1,4.18,4.1,4.18,104000,0
20070430,4.1,4.1,3.99,4.02,9325,0
20070501,4,4.04,4,4.03,13624,0
20070502,4.01,4.25,4.01,4.05,34471,0
20070503,4.18,4.2,4.08,4.2,23900,0
20070504,4.2,4.2,4.13,4.13,22800,0
20070507,4.2,4.2,4.13,4.14,21825,0
20070508,4.15,4.25,4.15,4.25,34211,0
20070509,4.25,4.25,4.15,4.2,12750,0
20070510,4.18,4.18,4.15,4.16,27200,0
20070511,4.16,4.16,4.15,4.15,11550,0
20070514,4.29,4.29,4.17,4.2,65725,0
20070515,4.2,4.2,4.1,4.1,30600,0
20070516,4.1,4.12,4,4,3575,0
20070517,4,4,3.85,3.85,58330,0
20070518,3.9,3.94,3.9,3.94,18000,0
20070521,3.95,4,3.9,4,25300,0
20070522,4,4.1,3.97,3.97,20143,0
20070523,4.05,4.05,4.05,4.05,800,0
20070524,4,4.05,3.95,4,10650,0
20070525,3.95,3.99,3.8,3.99,5500,0
20070529,4,4.1,3.85,4,21255,0
20070530,3.95,4.19,3.95,4.19,84971,0
20070531,4.15,4.2,4.1,4.15,86125,0
20070601,4.15,4.2,4.15,4.18,80000,0
20070604,4.15,4.15,4.1,4.15,36970,0
20070605,4.15,4.15,4.1,4.15,23910,0
20070606,4.15,4.18,4.15,4.17,119300,0
20070607,4.15,4.22,4.15,4.22,133900,0
20070608,4.22,4.27,4.17,4.25,142500,0
20070611,4.25,4.25,4.2,4.25,64000,0
20070612,4.22,4.23,4.2,4.23,54442,0
20070613,4.22,4.29,4.22,4.27,34800,0
20070614,4.3,4.34,4.25,4.28,42800,0
20070615,4.3,4.3,4.28,4.3,30890,0
20070618,4.3,4.35,4.3,4.35,23420,0
20070619,4.3,4.36,4.3,4.3,144080,0
20070620,4.3,4.32,4.18,4.25,79560,0
20070621,4.25,4.52,4.25,4.5,63478,0
20070622,4.5,4.55,4.42,4.5,36845,0
20070625,4.5,4.5,4.45,4.45,1800,0
20070626,4.45,4.5,4.4,4.5,40000,0
20070627,4.43,4.43,4.35,4.4,26100,0
20070628,4.35,4.35,4.3,4.3,16662,0
20070629,4.3,4.3,4.15,4.3,9417,0
20070702,4.3,4.3,4,4.05,20847,0
20070703,4,4,3.95,3.95,5700,0
20070705,4.05,4.1,4.05,4.05,4645,0
20070706,4.05,4.15,4.05,4.1,20770,0
20070709,4,4,4,4,1234,0
20070710,4.15,4.15,4.05,4.05,38248,0
20070711,4.05,4.15,4,4,3450,0
20070712,4.15,4.4,4.15,4.38,38482,0
20070713,4.4,4.4,4.38,4.38,5000,0
20070716,4.34,4.34,4.25,4.25,5000,0
20070717,4.2,4.3,4.14,4.2,44347,0
20070718,4.2,4.25,4.06,4.25,3593,0
20070719,4.25,4.25,4.05,4.25,2175,0
20070723,4.1,4.15,4.1,4.15,1700,0
20070725,4.05,4.1,4.04,4.1,12420,0
20070726,4.01,4.1,4.01,4.1,19538,0
20070727,4.01,4.1,4.01,4.1,28500,0
20070730,4.05,4.05,4.05,4.05,7910,0
20070731,4.01,4.1,4,4.05,25262,0
20070801,4,4,3.95,4,27600,0
20070802,4,4,3.85,3.9,22967,0
20070803,3.9,3.95,3.85,3.95,5760,0
20070806,3.85,3.9,3.75,3.9,29900,0
20070807,3.8,3.85,3.7,3.75,19650,0
20070808,3.8,4,3.75,4,35300,0
20070809,4,4,3.9,3.9,10250,0
20070810,3.85,3.89,3.85,3.89,4575,0
20070813,3.7,3.85,3.7,3.85,10600,0
20070814,3.85,3.85,3.7,3.82,23506,0
20070815,3.66,3.85,3.55,3.85,64113,0
20070816,3.7,3.82,3.35,3.8,140393,0
20070817,3.82,3.82,3.43,3.43,81550,0
20070820,3.4,3.45,3.35,3.35,17400,0
20070821,3.33,3.37,3.28,3.3,39490,0
20070822,3.35,3.36,3.26,3.26,33160,0
20070823,3.32,3.4,3.3,3.38,22335,0
20070824,3.35,3.35,3.2,3.35,15537,0
20070827,3.35,3.45,3.28,3.4,60525,0
20070828,3.4,3.7,3.4,3.7,65537,0
20070829,3.7,3.7,3.6,3.7,14200,0
20070830,3.75,3.85,3.7,3.85,18165,0
20070831,3.85,3.85,3.81,3.85,11790,0
20070904,3.75,3.8,3.7,3.75,27475,0
20070905,3.75,3.75,3.75,3.75,14005,0
20070906,3.7,3.75,3.61,3.65,32200,0
20070907,3.63,3.7,3.62,3.7,42818,0
20070910,3.7,3.7,3.55,3.55,31690,0
20070911,3.5,4.1,3.46,4.1,187127,0
20070912,3.95,4,3.95,3.95,12600,0
20070913,4,4,3.9,4,20142,0
20070914,3.95,4.05,3.9,4,36307,0
20070917,3.95,3.95,3.95,3.95,500,0
20070918,3.95,4.05,3.95,4.05,60200,0
20070919,4.05,4.1,4.05,4.05,8050,0
20070920,4.02,4.02,4,4,6500,0
20070921,3.98,4.05,3.66,4,15369,0
20070925,4,4.05,3.85,4.05,85603,0
20070926,4.05,4.1,4.05,4.1,31350,0
20070927,4.05,4.05,4.03,4.03,2775,0
20070928,4.03,4.03,3.74,4,6725,0
20071001,4,4,3.79,3.9,12771,0
20071002,3.75,3.9,3.75,3.9,3626,0
20071003,3.8,4.1,3.8,4.1,25635,0
20071004,4.1,4.15,4.05,4.1,52885,0
20071005,4.05,4.1,4,4.05,101304,0
20071008,4,4.1,4,4.1,45200,0
20071009,4.1,4.2,4.1,4.16,209462,0
20071010,4.2,4.25,4.16,4.24,72036,0
20071011,4.23,4.25,4.18,4.18,68000,0
20071012,4.19,4.2,4.15,4.2,6400,0
20071015,4.2,4.24,4.2,4.22,79516,0
20071016,4.2,4.25,4.17,4.25,212897,0
20071017,4.17,4.3,4.17,4.25,182090,0
20071018,4.3,4.3,4.2,4.25,115100,0
20071019,4.15,4.27,4.1,4.25,84173,0
20071022,4.25,4.3,4.15,4.27,46776,0
20071023,4.3,4.34,4.28,4.3,43300,0
20071024,4.3,4.4,4.25,4.4,47200,0
20071025,4.45,4.74,4.45,4.6,238216,0
20071026,4.62,4.62,4.5,4.55,89517,0
20071029,4.62,4.78,4.57,4.57,153579,0
20071030,4.8,4.85,4.73,4.83,48600,0
20071031,4.87,4.95,4.75,4.95,112279,0
20071101,4.95,4.95,4.7,4.88,44783,0
20071102,4.88,4.89,4.31,4.58,29740,0
20071105,4.59,4.65,4.38,4.38,12242,0
20071106,4.46,4.6,4.45,4.57,23632,0
20071107,4.42,4.5,4.4,4.43,7000,0
20071108,4.4,4.59,4.35,4.39,19900,0
20071109,4.28,4.5,4.2,4.25,34427,0
20071112,4.43,4.43,4.42,4.42,2453,0
20071113,4.25,4.35,4.06,4.19,20200,0
20071114,4.31,4.31,4.05,4.3,16300,0
20071115,4.33,4.33,4,4.09,36100,0
20071116,4.18,4.8,4.08,4.28,14116,0
20071119,4.25,4.26,4.21,4.26,1400,0
20071120,4.24,5.14,4.1,4.45,339471,0
20071121,4.45,4.45,4.35,4.37,6600,0
20071126,4.43,4.43,4.1,4.12,9375,0
20071127,4.55,4.55,4.11,4.12,15316,0
20071128,4.1,4.5,4.1,4.5,25725,0
20071129,4.38,4.5,4.38,4.4,2900,0
20071130,4.5,4.55,4.15,4.35,21294,0
20071203,4.54,4.54,4.05,4.4,46694,0
20071204,4.39,4.39,4.05,4.16,15350,0
20071205,4.16,4.5,4.05,4.23,18143,0
20071206,4.5,4.5,4.3,4.3,16210,0
20071207,4.4,4.6,4.3,4.6,139621,0
20071210,4.65,4.95,4.2,4.8,81723,0
20071211,4.8,4.8,4.68,4.7,67575,0
20071212,4.6,4.6,4.5,4.5,302,0
20071213,4.89,4.89,4.51,4.65,6617,0
20071214,4.5,4.85,4.25,4.62,41925,0
20071217,4.55,4.75,4.55,4.73,15620,0
20071218,4.8,4.8,4.41,4.41,8100,0
20071219,4.42,4.72,4.4,4.48,20161,0
20071220,4.4,4.72,4.4,4.72,1080,0
20071221,4.55,4.55,4.55,4.55,3265,0
20071224,4.55,4.56,4.55,4.56,728,0
20071226,4.55,4.55,4.35,4.35,4554,0
20071227,4.35,4.63,4.35,4.45,21481,0
20071228,4.55,4.55,4.4,4.4,1932,0
20071231,4.4,4.54,4.34,4.5,3384,0
20080102,4.42,4.55,4.25,4.49,16600,0
20080103,4.54,4.54,4.3,4.5,84617,0
20080104,4.26,4.5,4.2,4.44,25000,0
20080107,4.45,4.5,4.3,4.5,26600,0
20080108,4.26,4.5,4.23,4.42,8204,0
20080109,4.42,4.42,4.19,4.2,22120,0
20080110,4.3,4.4,4.2,4.4,6425,0
20080111,4.42,4.65,4.42,4.51,36850,0
20080114,4.29,4.55,4.29,4.4,14572,0
20080115,4.54,4.6,4.12,4.5,20182,0
20080116,4.5,4.5,4.15,4.35,6062,0
20080117,4.06,4.5,3.99,4.08,129900,0
20080118,4.07,4.5,3.78,4,25645,0
20080122,3.98,4,3.75,4,22588,0
20080123,3.9,4,3.75,4,11720,0
20080124,3.85,3.86,3.75,3.85,13160,0
20080125,3.81,3.81,3.6,3.6,10489,0
20080128,3.52,3.85,3.45,3.6,33120,0
20080129,3.6,3.85,3.6,3.6,5422,0
20080130,3.71,3.85,3.6,3.75,8330,0
20080131,3.71,3.85,3.65,3.85,19200,0
20080201,3.75,4,3.47,3.6,17831,0
20080204,3.63,3.8,3.38,3.79,6780,0
20080205,4,4,3.7,3.75,32346,0
20080206,3.75,3.75,3.65,3.65,2300,0
20080207,3.6,3.6,3.5,3.55,2989,0
20080208,3.65,3.95,3.65,3.81,1900,0
20080211,3.7,3.79,3.54,3.7,3100,0
20080212,3.68,3.73,3.45,3.49,38011,0
20080213,3.6,3.67,3.4,3.41,111615,0
20080214,3.32,3.75,3.25,3.37,531657,0
20080215,3.4,3.4,3.3,3.33,2300,0
20080219,3.2,3.2,2.53,2.75,170138,0
20080220,2.8,3.31,2.2,3.31,135617,0
20080221,3.28,3.5,3,3.2,41972,0
20080222,3.2,3.5,3.01,3.4,48093,0
20080225,3.4,3.42,3.21,3.4,15075,0
20080226,3.4,3.4,3.35,3.4,22500,0
20080227,3.4,3.4,3.38,3.4,4200,0
20080228,3.31,3.31,3.01,3.31,21472,0
20080229,3.03,3.4,3.03,3.25,45692,0
20080303,3,3.13,3,3.1,71216,0
20080304,3.03,3.15,3,3.12,10830,0
20080305,3.22,3.69,3.14,3.27,128115,0
20080306,3.17,3.27,3.05,3.23,30894,0
20080307,3.06,3.1,3,3.1,7874,0
20080310,3.04,3.04,2.93,3,63800,0
20080311,3,3.02,3,3.01,129600,0
20080312,3,3.01,2.99,3,54400,0
20080313,3,3,3,3,29000,0
20080314,3,3.1,3,3.08,15000,0
20080317,3,3.05,2.9,3,27901,0
20080318,3,3,3,3,2500,0
20080319,3,3.1,2.78,3.1,17847,0
20080320,3.1,3.1,2.7,2.7,20232,0
20080324,2.6,3.09,2.6,2.94,32300,0
20080325,2.91,3.1,2.91,3.1,8675,0
20080326,3.1,3.1,3.01,3.1,2416,0
20080328,3.1,3.1,3.1,3.1,7685,0
20080331,3.15,3.17,3.12,3.12,2500,0
20080401,3.03,3.25,3,3.19,18616,0
20080402,3.03,3.22,2.92,3.16,23380,0
20080403,3.05,3.37,3,3,32388,0
20080404,3.35,3.35,2.91,3,9500,0
20080407,3.35,3.35,2.9,2.9,1300,0
20080408,3.35,3.35,3,3.03,4100,0
20080409,3.14,3.26,3,3.14,15950,0
20080410,3.14,3.14,3,3.08,6200,0
20080411,3.07,3.15,3,3.1,7250,0
20080414,3.15,3.15,3,3.14,1200,0
20080415,3.01,3.19,2.9,2.98,21563,0
20080416,2.9,3.05,2.9,2.96,14900,0
20080417,2.91,2.96,2.81,2.9,53992,0
20080418,2.98,3.04,2.9,2.9,22650,0
20080421,2.74,2.98,2.74,2.88,3500,0
20080422,3.02,3.02,2.86,2.99,4400,0
20080423,3,3.05,2.91,3,30038,0
20080424,3,3,2.97,3,11500,0
20080425,3,3,3,3,1200,0
20080428,3,3,2.94,3,7000,0
20080429,3,3,2.95,3,5100,0
20080501,2.95,2.95,2.79,2.93,1140,0
20080502,2.95,2.95,2.75,2.89,3250,0
20080505,2.94,2.95,2.87,2.87,3110,0
20080506,2.79,2.94,2.65,2.71,24050,0
20080507,2.65,3,2.65,2.81,26445,0
20080509,2.75,2.75,2.74,2.74,700,0
20080512,2.64,2.78,2.58,2.58,8070,0
20080513,2.66,2.68,2.44,2.46,15106,0
20080514,2.86,2.86,2.7,2.7,600,0
20080515,2.82,2.82,2.55,2.61,21732,0
20080516,2.61,2.61,2.6,2.6,6800,0
20080519,2.61,2.69,2.58,2.6,16300,0
20080520,2.57,2.6,2.4,2.44,21824,0
20080521,2.47,2.47,2.26,2.4,13134,0
20080522,2.36,2.4,2.35,2.35,31900,0
20080523,2.41,2.49,2.26,2.47,43971,0
20080527,2.47,2.47,2.47,2.47,4694,0
20080528,2.5,2.5,2.4,2.4,4724,0
20080529,2.36,2.5,2.35,2.4,4930,0
20080530,2.4,2.4,2.35,2.35,3490,0
20080602,2.35,2.5,2.24,2.25,14000,0
20080603,2.29,2.29,2,2.15,116631,0
20080604,2.19,2.35,2.19,2.34,4206,0
20080605,2.35,2.5,2.35,2.45,39775,0
20080606,2.37,2.45,2.36,2.45,14541,0
20080609,2.4,2.45,2.4,2.4,12800,0
20080610,2.35,2.44,2.33,2.42,3600,0
20080611,2.25,2.26,2.2,2.25,14000,0
20080612,2.3,2.3,2.29,2.3,5900,0
20080613,2.28,2.44,2.2,2.44,28680,0
20080616,2.5,2.5,2.24,2.31,7782,0
20080617,2.29,2.45,2.13,2.16,93514,0
20080618,2.41,2.42,2.23,2.26,63806,0
20080619,2.2,2.4,2.2,2.23,40818,0
20080620,2.4,2.4,2.22,2.37,5600,0
20080623,2.3,2.3,2.28,2.28,5295,0
20080624,2.3,2.3,2.22,2.22,52700,0
20080625,2.2,2.31,2.07,2.07,46615,0
20080626,2.19,2.2,2.06,2.16,20872,0
20080627,2.2,2.24,2.08,2.15,2600,0
20080630,2.2,2.32,2.02,2.32,8277,0
20080701,2.22,2.22,1.93,2.06,85423,0
20080702,2.05,2.09,1.93,2.03,44600,0
20080703,2,2.08,2,2,11900,0
20080707,1.95,2.05,1.82,1.82,50373,0
20080708,1.86,2.18,1.82,2.18,7997,0
20080709,2.23,2.23,1.82,2.07,12500,0
20080710,1.99,2.17,1.99,2.1,16353,0
20080711,1.98,2.33,1.75,1.92,10473,0
20080714,2.12,2.12,1.98,2.08,600,0
20080715,2.09,2.1,1.97,2,6600,0
20080716,1.9,2.02,1.9,2.01,24797,0
20080717,1.92,1.98,1.77,1.85,38650,0
20080718,1.89,1.9,1.86,1.86,2651,0
20080721,1.84,1.9,1.84,1.85,6450,0
20080722,1.97,2.02,1.91,1.99,3700,0
20080724,1.8,1.96,1.79,1.85,5140,0
20080725,1.77,1.85,1.77,1.85,2593,0
20080728,1.85,2.03,1.85,2.03,800,0
20080730,1.9,1.9,1.81,1.88,1745,0
20080731,2.11,2.11,1.92,2,14800,0
20080801,2,2,1.74,1.84,9750,0
20080804,1.85,1.93,1.77,1.93,7435,0
20080805,1.84,1.91,1.84,1.91,14300,0
20080808,1.81,1.81,1.81,1.81,200,0
20080811,1.7,1.91,1.7,1.91,8200,0
20080812,1.9,2,1.85,1.97,6350,0
20080813,2,2.01,1.9,1.99,9198,0
20080814,1.99,2.03,1.76,1.9,35322,0
20080815,1.58,1.97,1.58,1.97,9961,0
20080818,1.95,2,1.95,1.95,11400,0
20080819,1.73,1.85,1.73,1.8,4310,0
20080820,1.8,2,1.8,1.95,24375,0
20080821,1.95,2,1.85,1.85,5163,0
20080822,1.91,2.02,1.87,1.88,5700,0
20080825,1.75,2.08,1.75,1.94,6600,0
20080826,1.91,1.91,1.74,1.75,9310,0
20080827,1.94,1.95,1.75,1.78,44113,0
20080828,1.79,1.79,1.79,1.79,100,0
20080829,1.8,2,1.8,1.95,162100,0
20080902,1.81,1.89,1.8,1.89,4350,0
20080903,1.95,2.01,1.95,1.99,43862,0
20080904,2,2.09,1.9,2,20511,0
20080905,1.88,2.09,1.87,2,56230,0
20080908,1.87,2.04,1.8,1.94,54800,0
20080909,1.86,2,1.86,1.91,4220,0
20080910,1.87,1.98,1.85,1.98,21600,0
20080911,1.83,1.99,1.75,1.8,25951,0
20080912,1.81,2,1.8,1.85,42300,0
20080915,1.84,2.04,1.8,1.88,6200,0
20080916,1.81,1.88,1.76,1.8,41647,0
20080917,1.76,1.79,1.75,1.79,4785,0
20080918,1.75,1.8,1.7,1.74,19126,0
20080919,1.75,1.78,1.66,1.71,6800,0
20080922,1.74,1.74,1.74,1.74,2700,0
20080923,1.66,1.74,1.25,1.45,39637,0
20080924,1.5,1.56,1.45,1.5,20719,0
20080925,1.5,1.58,1.5,1.51,13200,0
20080926,1.5,1.5,1.45,1.49,14306,0
20080929,1.5,1.5,1.37,1.43,7800,0
20080930,1.33,1.44,1.33,1.34,113665,0
20081001,1.52,1.54,1.25,1.54,77431,0
20081002,1.49,1.49,1.32,1.4,2140,0
20081003,1.4,1.4,1.25,1.25,11955,0
20081006,1.23,1.23,0.96,1.18,46622,0
20081007,1.26,1.26,0.98,1.01,39617,0
20081008,0.94,1.21,0.92,1.2,9600,0
20081009,0.99,1.2,0.91,0.91,33994,0
20081010,1,1,0.91,1,43730,0
20081013,1.06,1.26,0.98,1.09,7120,0
20081014,1.1,1.25,0.98,1.15,16400,0
20081015,1.24,1.24,1,1.24,7074,0
20081016,1.15,1.15,1,1,7600,0
20081017,1,1.24,0.93,1.05,65842,0
20081020,1.16,1.22,0.99,1.14,68229,0
20081021,1.19,1.2,0.75,1.19,1420702,0
20081022,1.19,1.19,1.19,1.19,100,0
20081023,1.2,1.2,1.03,1.15,2200,0
20081024,0.91,1.14,0.91,0.92,12500,0
20081027,0.92,1,0.9,1,65058,0
20081028,1.24,1.24,0.75,0.91,720425,0
20081029,0.95,0.95,0.89,0.89,11706,0
20081030,1.14,1.14,0.89,0.9,22750,0
20081031,1.09,1.15,1,1.15,33841,0
20081103,1.13,1.14,1.05,1.09,20459,0
20081104,1.07,1.08,1,1.08,8534,0
20081105,1.15,1.15,1.05,1.08,20200,0
20081106,0.89,1.07,0.89,1.07,12800,0
20081107,1,1.15,0.85,0.93,82837,0
20081110,0.92,1,0.9,0.96,47225,0
20081111,1.01,1.26,0.95,1,96830,0
20081112,1.17,1.19,1.05,1.06,16800,0
20081113,1.13,1.13,1.13,1.13,100,0
20081114,1.05,1.06,1,1,12198,0
20081117,1.15,1.15,1.15,1.15,100,0
20081118,1.15,1.15,1.06,1.06,3750,0
20081119,1.05,1.05,1.05,1.05,6700,0
20081120,1.15,1.15,1.03,1.03,3300,0
20081121,1.02,1.19,1.02,1.06,2583,0
20081124,1.04,1.04,0.99,0.99,4530,0
20081125,1.05,1.06,1.03,1.03,8550,0
20081126,1.08,1.1,1.04,1.1,53200,0
20081128,1.07,1.1,1.07,1.1,447,0
20081201,1.12,1.15,1.11,1.14,21380,0
20081202,1.13,1.13,1.05,1.09,25105,0
20081203,1.04,1.18,1.01,1.1,10784,0
20081204,1.1,1.1,1,1.1,25220,0
20081205,1.08,1.1,1.08,1.1,2290,0
20081208,1.1,1.1,1.02,1.05,20162,0
20081209,1,1.19,0.92,1,87600,0
20081210,1.04,1.1,0.97,1.1,48200,0
20081211,0.96,0.99,0.9,0.95,1124983,0
20081212,0.95,0.95,0.93,0.95,92910,0
20081215,1.18,1.18,0.95,1.02,39700,0
20081216,1.05,1.05,0.93,0.95,90674,0
20081217,0.92,0.99,0.92,0.99,96764,0
20081218,0.99,0.99,0.9,0.95,26433,0
20081219,0.98,0.98,0.93,0.93,28270,0
20081222,0.93,0.95,0.93,0.93,8800,0
20081223,0.93,0.95,0.93,0.95,40200,0
20081224,0.95,1,0.95,1,67100,0
20081226,1.09,1.09,1.05,1.05,10160,0
20081229,0.96,1.05,0.96,1.05,22938,0
20081230,1.05,1.14,1.05,1.14,69604,0
20081231,1.1,1.29,1.1,1.28,106132,0
20090102,1.4,1.4,1.36,1.38,10950,0
20090105,1.3,1.36,1.3,1.36,71400,0
20090106,1.36,1.44,1.36,1.44,227267,0
20090107,1.39,1.42,1.37,1.37,30700,0
20090108,1.35,1.35,1.32,1.32,40596,0
20090109,1.35,1.35,1.22,1.22,77200,0
20090112,1.32,1.32,1.2,1.25,13562,0
20090113,1.25,1.25,1.15,1.24,63750,0
20090114,1.09,1.24,1.09,1.2,30700,0
20090115,1.19,1.19,1.05,1.18,13100,0
20090116,1.16,1.45,1.16,1.34,70037,0
20090120,1.25,1.35,1.2,1.35,8200,0
20090121,1.35,1.35,1.3,1.35,7900,0
20090122,1.35,1.49,1.35,1.49,61600,0
20090123,1.35,1.54,1.35,1.5,28039,0
20090126,1.5,1.99,1.45,1.99,173934,0
20090127,1.94,1.94,1.65,1.73,44722,0
20090128,1.71,1.8,1.65,1.78,11250,0
20090129,1.6,1.75,1.6,1.75,200,0
20090202,1.78,1.78,1.7,1.7,12204,0
20090203,1.75,1.75,1.6,1.75,1000,0
20090205,1.65,1.75,1.6,1.75,2345,0
20090206,1.58,1.7,1.58,1.65,16100,0
20090209,1.65,1.65,1.63,1.65,3500,0
20090210,1.7,1.78,1.41,1.55,17400,0
20090211,1.65,1.7,1.6,1.67,8850,0
20090212,1.78,1.89,1.69,1.8,40903,0
20090213,1.85,1.89,1.76,1.76,17858,0
20090217,1.7,1.7,1.66,1.66,1075,0
20090218,1.65,1.8,1.65,1.8,43198,0
20090219,1.75,1.8,1.65,1.8,24100,0
20090220,1.8,1.81,1.74,1.8,16200,0
20090223,1.73,1.8,1.68,1.8,32500,0
20090224,1.77,1.78,1.65,1.75,10019,0
20090225,1.69,1.78,1.42,1.65,18057,0
20090226,1.65,1.78,1.65,1.66,12600,0
20090227,1.79,1.8,1.65,1.65,3067,0
20090302,1.65,1.67,1.63,1.65,12929,0
20090303,1.72,1.79,1.55,1.66,63797,0
20090304,1.7,1.8,1.55,1.8,17124,0
20090305,1.8,1.8,1.55,1.68,7800,0
20090306,1.72,1.75,1.71,1.75,21200,0
20090309,1.71,1.8,1.7,1.8,24900,0
20090310,1.8,1.9,1.76,1.78,66270,0
20090311,1.94,1.94,1.6,1.94,22969,0
20090312,1.57,1.85,1.57,1.65,40291,0
20090313,1.83,2.03,1.7,1.75,120184,0
20090316,1.72,2.05,1.72,1.98,26110,0
20090317,2,2.05,1.85,2.01,48806,0
20090318,2.03,2.17,2.02,2.11,60775,0
20090319,2.15,2.2,1.91,2.18,81502,0
20090320,1.83,2.19,1.83,2.15,4147,0
20090323,2.21,2.27,2.18,2.27,33426,0
20090324,2.25,2.34,2.14,2.31,32248,0
20090325,2.32,2.4,2.15,2.22,47037,0
20090326,2.15,2.41,2.15,2.35,35557,0
20090327,2.38,2.41,2.3,2.35,20116,0
20090330,2.25,2.25,2.22,2.25,1800,0
20090331,2.14,2.4,2.14,2.25,34316,0
20090401,2.14,2.28,2.14,2.25,5800,0
20090402,2.35,2.45,2.14,2.36,49953,0
20090403,2.25,2.44,2.1,2.12,27925,0
20090406,2.1,2.44,1.98,1.98,24492,0
20090407,2.04,2.18,2,2.08,18089,0
20090408,2.08,2.1,2.03,2.04,13800,0
20090409,2.01,2.32,2.01,2.22,23700,0
20090413,2.28,2.43,2.2,2.43,23543,0
20090414,2.3,2.47,2.27,2.43,61176,0
20090415,2.43,2.55,2.43,2.5,48983,0
20090416,2.54,2.59,2.43,2.47,7760,0
20090417,2.41,2.41,2.32,2.34,39255,0
20090420,2.35,2.36,2.23,2.23,27785,0
20090421,2.28,2.31,2.2,2.27,56135,0
20090422,2.27,2.38,2.25,2.25,51850,0
20090423,2.31,2.31,2.25,2.29,7849,0
20090424,2.34,2.34,2.34,2.34,100,0
20090427,2.4,2.4,2.16,2.26,9529,0
20090428,2.2,2.3,2.18,2.24,12766,0
20090429,2.23,2.28,2.15,2.17,7347,0
20090430,2.35,2.55,2.35,2.4,57694,0
20090501,2.4,2.55,2.4,2.45,35892,0
20090504,2.54,2.55,2.44,2.49,30683,0
20090505,2.5,2.58,2.4,2.5,65012,0
20090506,2.4,2.55,2.4,2.55,17998,0
20090507,2.55,2.58,2.53,2.56,41848,0
20090508,2.59,2.65,2.55,2.62,32100,0
20090511,2.61,2.65,2.59,2.62,42059,0
20090512,2.64,2.65,2.56,2.62,16078,0
20090513,2.65,2.65,2.49,2.5,23457,0
20090514,2.55,2.65,2.55,2.63,30189,0
20090515,2.65,2.65,2.55,2.55,25372,0
20090518,2.63,2.65,2.6,2.64,28743,0
20090519,2.61,2.99,2.58,2.8,173376,0
20090520,2.9,3.08,2.81,2.95,162292,0
20090521,2.99,3.02,2.88,2.95,146668,0
20090522,2.86,2.97,2.86,2.95,71519,0
20090526,2.87,2.95,2.87,2.92,100417,0
20090527,2.94,3,2.94,3,46970,0
20090528,2.95,3.06,2.95,3.04,34962,0
20090529,3.04,3.05,2.87,2.93,28743,0
20090601,2.93,3,2.78,2.78,41011,0
20090602,3.04,3.04,2.74,2.87,33446,0
20090603,2.91,2.94,2.79,2.93,44406,0
20090604,2.89,2.94,2.87,2.9,38971,0
20090605,2.93,2.94,2.66,2.84,31593,0
20090608,2.8,2.94,2.8,2.87,15429,0
20090609,2.87,2.87,2.72,2.85,215753,0
20090610,2.91,2.92,2.75,2.92,30449,0
20090611,2.79,2.93,2.7,2.93,19058,0
20090612,2.94,2.94,2.73,2.94,32285,0
20090615,2.94,2.94,2.7,2.7,28612,0
20090616,2.85,2.85,2.53,2.76,25382,0
20090617,2.72,2.77,2.45,2.75,58761,0
20090618,2.8,2.8,2.56,2.69,21299,0
20090619,2.64,2.69,2.51,2.6,24798,0
20090622,2.61,2.66,2.23,2.53,35009,0
20090623,2.53,2.65,2.37,2.56,35137,0
20090624,2.65,2.75,2.52,2.68,31472,0
20090625,2.75,2.75,2.48,2.66,34359,0
20090626,2.71,2.99,2.58,2.9,3701023,0
20090629,2.85,2.95,2.78,2.84,99741,0
20090630,2.85,2.94,2.72,2.74,64280,0
20090701,2.76,2.85,2.73,2.81,106259,0
20090702,2.81,2.83,2.67,2.79,49521,0
20090706,2.8,2.9,2.68,2.87,91196,0
20090707,2.88,2.99,2.74,2.95,100765,0
20090708,2.96,3,2.85,2.97,80119,0
20090709,2.98,3.01,2.86,2.92,31081,0
20090710,2.92,3.1,2.86,3.1,33266,0
20090713,3.09,3.24,2.96,3.22,78561,0
20090714,3.21,3.21,3,3.08,49433,0
20090715,3.08,3.1,2.98,3.07,78965,0
20090716,3.06,3.19,3.02,3.19,35111,0
20090717,3.18,3.19,3.03,3.19,75536,0
20090720,3.2,3.23,3.15,3.23,65508,0
20090721,3.21,3.21,3.14,3.21,53058,0
20090722,3.2,3.23,3.07,3.23,54341,0
20090723,3.18,3.3,3.18,3.27,87195,0
20090724,3.19,3.76,3.19,3.76,375136,0
20090727,3.77,3.82,3.71,3.75,564769,0
20090728,3.65,3.76,3.65,3.75,96749,0
20090729,3.67,3.88,3.56,3.82,87564,0
20090730,3.85,3.94,3.78,3.86,190546,0
20090731,3.81,3.9,3.78,3.82,58868,0
20090803,3.8,3.85,3.75,3.84,45397,0
20090804,3.81,3.83,3.71,3.8,45700,0
20090805,3.79,3.85,3.63,3.72,45050,0
20090806,3.59,3.74,3.57,3.58,34869,0
20090807,3.8,3.8,3.4,3.58,61321,0
20090810,3.66,3.66,3.51,3.59,65966,0
20090811,3.57,3.6,3.48,3.48,42036,0
20090812,3.49,3.7,3.49,3.65,46960,0
20090813,3.67,3.67,3.54,3.59,28971,0
20090814,3.6,3.63,3.4,3.41,63634,0
20090817,3.41,3.51,3.35,3.4,43532,0
20090818,3.36,3.53,3.31,3.47,89475,0
20090819,3.33,3.48,3.3,3.47,25950,0
20090820,3.46,3.48,3.37,3.44,19230,0
20090821,3.48,3.5,3.37,3.5,82562,0
20090824,3.5,3.5,3.33,3.43,50005,0
20090825,3.5,3.59,3.31,3.33,37470,0
20090826,3.33,3.35,3.22,3.31,44661,0
20090827,3.26,3.56,3.24,3.55,37904,0
20090828,3.55,3.56,3.21,3.21,33563,0
20090831,3.21,3.21,3,3.05,71749,0
20090901,3.05,3.09,2.97,2.97,46867,0
20090902,2.86,3.03,2.86,3,101822,0
20090903,2.95,3.2,2.95,3.18,32085,0
20090904,3.19,3.25,3.08,3.16,16621,0
20090908,3.16,3.22,2.96,3,62989,0
20090909,3.01,3.18,2.96,3.14,43811,0
20090910,3.2,3.2,3.1,3.17,74647,0
20090911,3.16,3.2,3.09,3.09,24488,0
20090914,3.11,3.11,2.91,2.93,64896,0
20090915,2.92,3,2.91,2.97,19302,0
20090916,2.97,3.08,2.97,3.05,35494,0
20090917,3.06,3.09,2.92,2.93,27325,0
20090918,2.92,3.15,2.89,3.02,121845,0
20090921,3,3.02,2.91,3.01,18889,0
20090922,3.01,3.03,2.92,2.92,32991,0
20090923,2.93,3.02,2.93,2.94,19301,0
20090924,2.96,3.08,2.89,3.04,29000,0
20090925,3.06,3.12,2.98,3.04,18829,0
20090928,3.05,3.12,3.02,3.12,35995,0
20090929,3.1,3.14,2.99,3.02,42633,0
20090930,3.01,3.06,2.96,2.98,37414,0
20091001,2.9,2.96,2.86,2.86,23025,0
20091002,2.85,2.93,2.76,2.79,40886,0
20091005,2.78,3.04,2.78,3.02,74973,0
20091006,3.03,3.04,2.86,3,31272,0
20091007,3.04,3.04,2.92,2.95,7893,0
20091008,2.95,2.95,2.76,2.76,50363,0
20091009,2.76,2.76,2.62,2.67,68963,0
20091012,2.64,2.75,2.63,2.63,37309,0
20091013,2.64,2.72,2.57,2.63,36181,0
20091014,2.63,2.7,2.63,2.7,33172,0
20091015,2.7,2.9,2.61,2.61,45476,0
20091016,2.62,2.84,2.62,2.8,46800,0
20091019,2.81,3,2.8,2.91,80546,0
20091020,2.93,3,2.78,2.78,48195,0
20091021,2.72,2.87,2.6,2.62,64789,0
20091022,2.63,2.78,2.55,2.74,48922,0
20091023,2.73,2.76,2.57,2.58,53630,0
20091026,2.6,2.65,2.5,2.5,52869,0
20091027,2.51,2.63,2.51,2.51,22598,0
20091028,2.52,2.62,2.46,2.46,39793,0
20091029,2.4,2.5,2.4,2.42,55623,0
20091030,2.41,2.68,2.41,2.41,68452,0
20091102,2.41,2.68,2.4,2.65,87635,0
20091103,2.64,2.65,2.5,2.59,33077,0
20091104,2.55,2.71,2.46,2.46,79956,0
20091105,2.46,2.73,2.46,2.61,76691,0
20091106,2.56,2.75,2.54,2.72,65641,0
20091109,2.72,2.72,2.62,2.7,52713,0
20091110,2.67,2.72,2.52,2.53,55495,0
20091111,2.54,2.6,2.35,2.4,76591,0
20091112,2.48,2.54,2.25,2.25,51899,0
20091113,2.26,2.34,2.13,2.17,88065,0
20091116,2.17,2.66,2.17,2.56,60222,0
20091117,2.6,2.72,2.54,2.6,38214,0
20091118,2.59,2.59,2.46,2.52,16384,0
20091119,2.51,2.55,2.42,2.44,28517,0
20091120,2.43,2.57,2.43,2.49,25090,0
20091123,2.55,2.65,2.55,2.65,62797,0
20091124,2.58,2.63,2.51,2.56,22577,0
20091125,2.57,2.65,2.51,2.51,13103,0
20091127,2.48,2.64,2.4,2.4,52564,0
20091130,2.4,2.41,2.29,2.31,29193,0
20091201,2.31,2.47,2.3,2.45,67978,0
20091202,2.44,2.5,2.33,2.39,78262,0
20091203,2.4,2.4,2.27,2.28,29115,0
20091204,2.37,2.4,2.3,2.36,32442,0
20091207,2.37,2.6,2.35,2.6,35883,0
20091208,2.59,2.6,2.46,2.46,25147,0
20091209,2.47,2.57,2.4,2.4,21483,0
20091210,2.41,2.53,2.38,2.41,42657,0
20091211,2.42,2.51,2.39,2.49,23033,0
20091214,2.49,2.6,2.46,2.56,55591,0
20091215,2.53,2.53,2.42,2.44,45362,0
20091216,2.45,2.53,2.44,2.49,47800,0
20091217,2.5,2.5,2.35,2.35,52284,0
20091218,2.39,2.5,2.37,2.5,209300,0
20091221,2.5,2.58,2.5,2.53,60056,0
20091222,2.55,2.75,2.55,2.73,111399,0
20091223,2.77,2.86,2.72,2.85,77165,0
20091224,2.86,2.94,2.82,2.91,9397,0
20091228,2.96,3.02,2.95,2.96,41863,0
20091229,2.97,3,2.92,2.94,28308,0
20091230,2.93,2.99,2.89,2.98,64079,0
20091231,2.99,2.99,2.92,2.93,41647,0
20100104,2.96,2.99,2.75,2.78,963255,0
20100105,2.78,2.92,2.77,2.84,129644,0
20100106,2.84,2.84,2.64,2.65,74087,0
20100107,2.64,2.87,2.64,2.81,34761,0
20100108,2.8,2.83,2.66,2.75,47097,0
20100111,2.75,2.8,2.73,2.77,19141,0
20100112,2.75,2.79,2.73,2.77,53611,0
20100113,2.78,2.86,2.75,2.8,38050,0
20100114,2.79,2.88,2.76,2.84,20279,0
20100115,2.87,2.87,2.77,2.78,70731,0
20100119,2.79,2.9,2.68,2.9,103587,0
20100120,2.87,2.9,2.78,2.79,31988,0
20100121,2.8,2.89,2.66,2.7,83303,0
20100122,2.8,2.82,2.69,2.8,42276,0
20100125,2.8,2.84,2.75,2.82,20771,0
20100126,2.81,2.86,2.72,2.8,61546,0
20100127,2.8,2.85,2.75,2.83,43931,0
20100128,2.83,2.91,2.76,2.87,72877,0
20100129,2.89,3.01,2.85,3,133709,0
20100201,3,3.03,2.95,2.99,79177,0
20100202,2.98,3.01,2.95,3.01,154202,0
20100203,3,3.03,3,3,64113,0
20100204,3.03,3.03,2.89,2.9,53304,0
20100205,2.87,3.03,2.86,2.94,36300,0
20100208,2.82,2.95,2.8,2.84,23264,0
20100209,2.87,2.91,2.8,2.89,32386,0
20100210,2.88,2.93,2.85,2.93,22048,0
20100211,2.92,3.03,2.92,3,42788,0
20100212,2.97,3,2.96,3,34354,0
20100216,3.02,3.02,2.99,3,51977,0
20100217,3.02,3.09,3,3.07,43789,0
20100218,3.07,3.16,3.03,3.16,39288,0
20100219,3.15,3.26,3.11,3.25,73850,0
20100222,3.25,3.27,3.2,3.26,51105,0
20100223,3.26,3.35,3.2,3.34,85286,0
20100224,3.34,3.38,3.3,3.35,41075,0
20100225,3.29,3.32,3.2,3.29,13182,0
20100226,3.19,3.35,3.16,3.22,58737,0
20100301,3.25,3.25,3.17,3.24,45452,0
20100302,3.24,3.32,3.18,3.32,41348,0
20100303,3.32,3.35,3.16,3.27,41356,0
20100304,3.27,3.36,3.24,3.36,50912,0
20100305,3.39,3.47,3.32,3.45,86879,0
20100308,3.45,3.52,3.4,3.51,96840,0
20100309,3.5,3.55,3.4,3.51,61098,0
20100310,3.5,3.54,3.44,3.5,49226,0
20100311,3.47,3.5,3.4,3.48,79177,0
20100312,3.35,3.46,3.09,3.1,210682,0
20100315,3.1,3.16,3.03,3.06,140682,0
20100316,3.12,3.13,3.09,3.11,37538,0
20100317,3.15,3.18,3.1,3.1,56901,0
20100318,3.11,3.15,3.06,3.07,53741,0
20100319,3.1,3.1,2.96,3,144329,0
20100322,2.98,3.12,2.93,3.04,58669,0
20100323,2.99,3.04,2.85,3.01,74525,0
20100324,2.99,3.06,2.97,3.01,71108,0
20100325,3.03,3.05,2.98,3.01,96287,0
20100326,3.01,3.05,2.95,3,18494,0
20100329,3,3.02,2.89,3.02,57236,0
20100330,3,3.05,2.97,3.03,48436,0
20100331,3.01,3.13,2.82,2.85,235556,0
20100401,2.87,3.03,2.87,2.99,123158,0
20100405,3,3.03,2.93,3.03,39651,0
20100406,2.99,3.17,2.94,3.11,58435,0
20100407,3.07,3.17,3.05,3.12,70720,0
20100408,3.1,3.18,3.03,3.14,46825,0
20100409,3.13,3.13,3.02,3.06,13748,0
20100412,3.05,3.05,2.95,2.96,154939,0
20100413,2.96,3,2.96,3,297301,0
20100414,3.02,3.25,3.02,3.23,165954,0
20100415,3.24,3.24,3,3.17,102578,0
20100416,3.17,3.19,3.12,3.17,100882,0
20100419,3.16,3.19,3.14,3.15,30787,0
20100420,3.17,3.17,3,3.15,48823,0
20100421,3.14,3.14,3.05,3.09,11639,0
20100422,3.04,3.12,3.01,3.1,77309,0
20100423,3.1,3.1,2.92,2.97,105547,0
20100426,2.95,2.96,2.86,2.86,23349,0
20100427,2.88,3.05,2.86,2.86,39938,0
20100428,2.87,2.94,2.87,2.91,18278,0
20100429,2.92,3.02,2.86,2.99,42308,0
20100430,2.91,2.94,2.85,2.85,89588,0
20100503,2.95,2.95,2.71,2.8,70200,0
20100504,2.76,2.79,2.7,2.72,74761,0
20100505,2.76,2.79,2.73,2.75,89654,0
20100506,2.78,2.93,2.66,2.75,78770,0
20100507,2.72,2.86,2.67,2.73,164066,0
20100510,2.8,2.91,2.71,2.81,103839,0
20100511,2.82,2.87,2.7,2.86,55214,0
20100512,2.86,2.92,2.74,2.88,57140,0
20100513,2.87,2.92,2.77,2.91,35181,0
20100514,2.89,2.89,2.77,2.79,42696,0
20100517,2.83,2.98,2.74,2.95,63837,0
20100518,2.99,3.13,2.79,2.86,69123,0
20100519,2.89,3.03,2.71,2.74,75729,0
20100520,2.7,2.85,2.62,2.65,65417,0
20100521,2.67,2.77,2.52,2.69,97671,0
20100524,2.7,2.7,2.55,2.57,54580,0
20100525,2.53,2.61,2.5,2.54,51151,0
20100526,2.55,2.63,2.55,2.56,36700,0
20100527,2.61,2.71,2.55,2.66,57161,0
20100528,2.64,2.68,2.55,2.62,57072,0
20100601,2.6,2.79,2.53,2.55,79102,0
20100602,2.57,2.75,2.56,2.7,57107,0
20100603,2.68,2.81,2.55,2.68,58545,0
20100604,2.6,2.75,2.52,2.54,85412,0
20100607,2.54,2.62,2.45,2.46,157126,0
20100608,2.62,2.62,2.36,2.49,82152,0
20100609,2.52,2.64,2.4,2.42,56549,0
20100610,2.46,2.6,2.41,2.56,84153,0
20100611,2.5,2.56,2.45,2.49,73918,0
20100614,2.52,2.6,2.47,2.47,48749,0
20100615,2.5,2.68,2.4,2.64,129384,0
20100616,2.67,2.71,2.56,2.57,33049,0
20100617,2.6,2.67,2.6,2.63,50370,0
20100618,2.65,2.74,2.61,2.64,221917,0
20100621,2.68,2.71,2.6,2.62,55728,0
20100622,2.63,2.65,2.58,2.61,120273,0
20100623,2.62,2.64,2.54,2.58,77097,0
20100624,2.57,2.59,2.44,2.48,142536,0
20100625,2.5,2.85,2.42,2.53,3604810,0
20100628,2.5,2.64,2.5,2.55,68087,0
20100629,2.58,2.6,2.43,2.46,91727,0
20100630,2.43,2.55,2.36,2.45,109969,0
20100701,2.5,2.6,2.42,2.49,308802,0
20100702,2.54,2.54,2.43,2.44,81378,0
20100706,2.57,2.57,2.45,2.48,217333,0
20100707,2.46,2.49,2.38,2.45,48459,0
20100708,2.44,2.44,2.13,2.27,457743,0
20100709,2.27,2.39,2.21,2.35,73007,0
20100712,2.37,2.37,2.25,2.29,65946,0
20100713,2.36,2.37,2.22,2.29,55976,0
20100714,2.27,2.39,2.22,2.37,26623,0
20100715,2.34,2.38,2.27,2.3,34571,0
20100716,2.28,2.32,2.21,2.28,31220,0
20100719,2.25,2.39,2.23,2.33,26800,0
20100720,2.28,2.37,2.27,2.3,47115,0
20100721,2.32,2.34,2.28,2.33,50768,0
20100722,2.33,2.6,2.33,2.57,100217,0
20100723,2.59,2.7,2.44,2.7,41545,0
20100726,2.7,2.7,2.54,2.58,23415,0
20100727,2.61,2.63,2.34,2.42,87240,0
20100728,2.45,2.49,2.36,2.37,30362,0
20100729,2.36,2.43,2.27,2.32,49648,0
20100730,2.32,2.32,2.25,2.26,13770,0
20100802,2.28,2.31,2.22,2.25,45936,0
20100803,2.28,2.28,2.16,2.23,103528,0
20100804,2.22,2.28,2.16,2.25,153396,0
20100805,2.22,2.32,2.22,2.26,155337,0
20100806,2.18,2.33,2.18,2.21,20250,0
20100809,2.25,2.37,2.21,2.33,12697,0
20100810,2.27,2.27,2.21,2.21,4948,0
20100811,2.31,2.31,2.26,2.26,4458,0
20100812,2.21,2.3,2.14,2.29,33136,0
20100813,2.3,2.3,2.2,2.22,2763,0
20100816,2.26,2.3,2.18,2.25,26765,0
20100817,2.25,2.29,2.12,2.26,4945,0
20100818,2.26,2.44,2.21,2.36,18244,0
20100819,2.37,2.4,2.35,2.4,30898,0
20100820,2.35,2.44,2.24,2.33,39199,0
20100823,2.38,2.45,2.25,2.25,49841,0
20100824,2.3,2.3,2.24,2.26,19030,0
20100825,2.22,2.22,2.17,2.19,22568,0
20100826,2.26,2.26,2.16,2.16,15982,0
20100827,2.2,2.24,2.17,2.24,44204,0
20100830,2.25,2.28,2.21,2.21,9000,0
20100831,2.14,2.24,2.12,2.2,41796,0
20100901,2.2,2.27,2.2,2.26,27500,0
20100902,2.23,2.25,2.16,2.18,27115,0
20100903,2.2,2.25,2.16,2.16,19209,0
20100907,2.22,2.26,2.17,2.25,4950,0
20100908,2.22,2.26,2.22,2.26,16414,0
20100909,2.26,2.3,2.2,2.24,35500,0
20100910,2.29,2.37,2.21,2.23,27250,0
20100913,2.22,2.36,2.22,2.34,29407,0
20100914,2.3,2.37,2.28,2.3,46358,0
20100915,2.32,2.33,2.27,2.3,15150,0
20100916,2.3,2.3,2.26,2.27,8750,0
20100917,2.27,2.35,2.12,2.12,97715,0
20100920,2.15,2.3,2.15,2.27,63099,0
20100921,2.26,2.36,2.19,2.32,48350,0
20100922,2.26,2.33,2.25,2.27,50109,0
20100923,2.27,2.35,2.12,2.2,72360,0
20100924,2.19,2.29,2.19,2.23,17816,0
20100927,2.26,2.32,2.22,2.26,5615,0
20100928,2.31,2.31,2.26,2.28,20034,0
20100929,2.29,2.29,2.22,2.27,15929,0
20100930,2.25,2.32,2.25,2.32,15506,0
20101001,2.35,2.35,2.27,2.27,24830,0
20101004,2.26,2.28,2.22,2.24,50024,0
20101005,2.25,2.25,2.2,2.24,143658,0
20101006,2.24,2.59,2.23,2.41,69248,0
20101007,2.38,2.52,2.36,2.37,9700,0
20101008,2.35,2.44,2.32,2.32,18200,0
20101011,2.4,2.49,2.28,2.4,53705,0
20101012,2.22,2.44,2.22,2.4,42785,0
20101013,2.4,2.48,2.3,2.41,69675,0
20101014,2.44,2.49,2.41,2.47,63530,0
20101015,2.46,2.55,2.41,2.53,22265,0
20101018,2.51,2.6,2.42,2.57,21125,0
20101019,2.49,2.56,2.4,2.51,28500,0
20101020,2.53,2.6,2.49,2.49,46127,0
20101021,2.26,2.62,2.23,2.53,113972,0
20101022,2.52,2.62,2.32,2.54,128295,0
20101025,2.55,2.59,2.45,2.59,94488,0
20101026,2.56,2.59,2.5,2.53,68534,0
20101027,2.59,2.62,2.58,2.61,43795,0
20101028,2.61,2.62,2.48,2.52,29083,0
20101029,2.54,2.56,2.5,2.51,4478,0
20101101,2.53,2.68,2.3,2.5,62353,0
20101102,2.55,2.66,2.54,2.64,20380,0
20101103,2.67,2.67,2.62,2.65,25600,0
20101104,2.68,2.68,2.57,2.65,73493,0
20101105,2.61,2.68,2.61,2.66,117440,0
20101108,2.66,2.69,2.64,2.65,81318,0
20101109,2.69,2.86,2.66,2.77,142501,0
20101110,2.73,2.85,2.66,2.78,79433,0
20101111,2.69,2.78,2.66,2.78,30450,0
20101112,2.78,2.86,2.7,2.71,27208,0
20101115,2.71,2.84,2.71,2.72,10461,0
20101116,2.7,2.78,2.65,2.72,57030,0
20101117,2.7,2.78,2.69,2.69,29260,0
20101118,2.8,2.82,2.7,2.72,50963,0
20101119,2.76,2.89,2.76,2.84,111578,0
20101122,2.8,2.97,2.76,2.76,63209,0
20101123,2.76,2.98,2.76,2.96,165883,0
20101124,2.98,3.05,2.9,2.92,85350,0
20101126,2.92,3,2.88,2.91,15377,0
20101129,2.88,3.01,2.88,2.99,58734,0
20101130,2.95,3.02,2.92,2.98,44548,0
20101201,3.01,3.04,2.98,2.98,24138,0
20101202,2.98,3.07,2.98,3,86486,0
20101203,3.01,3.08,2.98,3.03,79060,0
20101206,3.06,3.06,3,3.06,19131,0
20101207,3.06,3.06,2.89,2.9,52462,0
20101208,2.93,2.93,2.68,2.81,50985,0
20101209,2.85,2.92,2.85,2.89,23926,0
20101210,2.93,3.04,2.9,2.99,33541,0
20101213,2.98,2.99,2.88,2.88,19254,0
20101214,2.88,2.96,2.86,2.95,21094,0
20101215,2.97,2.98,2.9,2.95,40219,0
20101216,2.96,3.02,2.88,2.94,67631,0
20101217,2.92,3.01,2.91,3.01,23011,0
20101220,3.01,3.02,2.97,2.99,29729,0
20101221,2.96,3.06,2.95,3.06,36787,0
20101222,3.07,3.07,3.04,3.04,13163,0
20101223,3.07,3.2,3.03,3.16,144537,0
20101227,3.19,3.25,3.15,3.25,21528,0
20101228,3.25,3.3,3.15,3.28,53023,0
20101229,3.26,3.35,3.2,3.3,59492,0
20101230,3.31,3.35,3.28,3.28,19631,0
20101231,3.29,3.35,3.24,3.28,41711,0
20110103,3.29,3.3,3.16,3.17,283135,0
20110104,3.17,3.21,3.17,3.2,11694,0
20110105,3.23,3.23,3.16,3.22,30214,0
20110106,3.22,3.24,3.15,3.18,56888,0
20110107,3.18,3.33,3.18,3.19,36483,0
20110110,3.14,3.2,3.09,3.17,21856,0
20110111,3.2,3.3,3.17,3.19,23350,0
20110112,3.18,3.25,3.18,3.23,72779,0
20110113,3.23,3.31,3.23,3.26,132433,0
20110114,3.27,3.27,3.14,3.2,205501,0
20110118,3.16,3.35,3.14,3.34,1091107,0
20110119,3.35,3.4,3.27,3.34,31429,0
20110120,3.37,3.37,3.1,3.19,98019,0
20110121,3.25,3.25,3.15,3.2,39168,0
20110124,3.2,3.2,3.15,3.17,46940,0
20110125,3.2,3.25,3.15,3.18,84776,0
20110126,3.19,3.36,3.1,3.2,149926,0
20110127,3.15,3.3,3.15,3.23,49948,0
20110128,3.17,3.26,3.15,3.23,24270,0
20110131,3.2,3.28,3.2,3.26,15049,0
20110201,3.25,3.34,3.23,3.32,48501,0
20110202,3.33,3.35,3.24,3.25,30513,0
20110203,3.23,3.25,3.15,3.19,46637,0
20110204,3.18,3.23,3.15,3.17,60522,0
20110207,3.17,3.43,3.15,3.42,395366,0
20110208,3.44,3.45,3.29,3.37,52860,0
20110209,3.4,3.42,3.26,3.31,20801,0
20110210,3.31,3.44,3.29,3.39,42995,0
20110211,3.38,3.43,3.34,3.41,13442,0
20110214,3.43,3.44,3.35,3.35,20620,0
20110215,3.44,3.45,3.15,3.18,184287,0
20110216,3.2,3.37,3.2,3.32,36410,0
20110218,3.27,3.39,3.26,3.36,40207,0
20110222,3.33,3.33,3.17,3.21,178264,0
20110223,3.23,3.25,3.1,3.13,49349,0
20110224,3.13,3.18,3.13,3.15,48438,0
20110225,3.17,3.25,3.17,3.17,22538,0
20110228,3.17,3.19,3.12,3.14,43915,0
20110301,3.17,3.17,3.08,3.1,38222,0
20110302,3.1,3.12,3.09,3.1,15383,0
20110303,3.14,3.28,3.12,3.23,82558,0
20110304,3.24,3.45,3.16,3.29,64675,0
20110307,3.34,3.36,3.22,3.29,39463,0
20110308,3.28,3.34,3.26,3.32,38744,0
20110309,3.34,3.75,3.21,3.46,320356,0
20110310,3.38,3.45,3.26,3.38,85671,0
20110311,3.65,3.65,3.15,3.47,252811,0
20110314,3.47,3.47,3.32,3.37,32418,0
20110315,3.17,3.4,3.11,3.15,98295,0
20110316,3.13,3.19,2.96,2.98,125971,0
20110317,3.01,3.19,2.98,3.06,77483,0
20110318,3.06,3.12,3.05,3.09,21268,0
20110321,3.08,3.17,3.05,3.1,42492,0
20110322,3.08,3.08,3.02,3.02,10990,0
20110323,3.01,3.09,3.01,3.07,47895,0
20110324,3.09,3.11,3.03,3.06,70170,0
20110325,3.07,3.19,3.03,3.14,277356,0
20110328,3.16,3.3,3.13,3.24,28002,0
20110329,3.28,3.35,3.2,3.3,46524,0
20110330,3.39,3.39,3.15,3.27,68808,0
20110331,3.3,3.34,3.26,3.29,43495,0
20110401,3.29,3.4,3.28,3.34,32887,0
20110404,3.39,3.4,3.25,3.28,42980,0
20110405,3.35,3.39,3.32,3.35,60457,0
20110406,3.34,3.42,3.34,3.42,34739,0
20110407,3.38,3.43,3.28,3.37,32716,0
20110408,3.42,3.57,3.34,3.34,49552,0
20110411,3.34,3.34,3.24,3.25,49524,0
20110412,3.23,3.37,3.23,3.33,36792,0
20110413,3.32,3.54,3.26,3.45,73850,0
20110414,3.37,3.59,3.31,3.55,102260,0
20110415,3.54,3.65,3.51,3.56,62096,0
20110418,3.54,3.7,3.54,3.7,58671,0
20110419,3.67,3.75,3.6,3.65,95787,0
20110420,3.61,3.8,3.59,3.75,168046,0
20110421,3.8,3.8,3.67,3.67,84760,0
20110425,3.74,3.75,3.64,3.65,36010,0
20110426,3.73,3.75,3.62,3.68,113823,0
20110427,3.73,3.8,3.69,3.75,130204,0
20110428,3.8,3.8,3.72,3.73,68006,0
20110429,3.8,3.8,3.71,3.78,21334,0
20110502,3.85,3.88,3.79,3.82,102348,0
20110503,3.89,3.9,3.82,3.84,90376,0
20110504,3.89,3.9,3.77,3.8,72700,0
20110505,3.84,3.84,3.75,3.79,118325,0
20110506,3.78,3.9,3.75,3.79,72275,0
20110509,3.77,3.95,3.71,3.93,280660,0
20110510,3.94,4.16,3.94,4.1,324742,0
20110511,4.1,4.12,4.08,4.1,88957,0
20110512,4.07,4.15,4.07,4.14,166649,0
20110513,4.19,4.19,3.96,4.05,91073,0
20110516,4.07,4.1,3.88,3.97,99371,0
20110517,3.86,3.9,3.7,3.86,98435,0
20110518,3.86,3.94,3.86,3.88,42245,0
20110519,3.95,3.95,3.91,3.95,33117,0
20110520,3.95,4,3.94,3.99,85705,0
20110523,3.91,3.99,3.9,3.91,58675,0
20110524,3.93,4,3.65,4,75923,0
20110525,3.95,3.98,3.94,3.97,32544,0
20110526,3.97,4,3.94,3.99,27337,0
20110527,4,4.08,3.94,4,128881,0
20110531,4.04,4.07,3.9,3.97,93971,0
20110601,3.99,4.04,3.97,4,38784,0
20110602,3.98,3.99,3.91,3.95,226905,0
20110603,3.9,3.97,3.88,3.97,82502,0
20110606,4,4,3.91,3.95,124645,0
20110607,3.95,3.97,3.92,3.95,75877,0
20110608,3.96,3.98,3.94,3.97,66589,0
20110609,3.96,3.97,3.91,3.97,60832,0
20110610,3.97,4,3.85,3.99,268777,0
20110613,4,4,3.86,3.93,86200,0
20110614,3.96,3.98,3.93,3.97,55803,0
20110615,4.2,4.25,3.87,3.95,384123,0
20110616,4.06,4.16,3.99,4.14,352578,0
20110617,4.17,4.29,4.17,4.28,251071,0
20110620,4.29,4.51,4.25,4.42,370522,0
20110621,4.43,4.77,4.43,4.62,440711,0
20110622,4.61,4.7,4.52,4.67,432182,0
20110623,4.65,4.65,4.34,4.6,235710,0
20110624,4.62,4.76,4.33,4.39,4943029,0
20110627,4.41,4.93,4.29,4.86,480113,0
20110628,4.88,4.88,4.56,4.79,208166,0
20110629,4.75,4.78,4.55,4.7,125108,0
20110630,4.75,4.82,4.68,4.75,91780,0
20110701,4.76,4.92,4.62,4.87,190869,0
20110705,4.64,4.94,4.64,4.94,337845,0
20110706,4.95,5,4.92,5,171758,0
20110707,5.01,5.3,5.01,5.26,404128,0
20110708,5.19,5.3,5.17,5.24,127463,0
20110711,5.19,5.19,4.83,4.93,374828,0
20110712,4.9,5.1,4.9,5.02,110627,0
20110713,5,5.08,4.92,5.01,129065,0
20110714,5.03,5.19,4.83,5.12,131382,0
20110715,5.1,5.14,5.01,5.09,157957,0
20110718,5.09,5.15,4.8,4.95,373234,0
20110719,5.03,5.03,4.83,4.93,185363,0
20110720,4.94,4.95,4.76,4.91,23665,0
20110721,4.93,5.04,4.8,5.04,85731,0
20110722,5.03,5.03,4.87,4.87,32181,0
20110725,4.83,4.93,4.75,4.83,49456,0
20110726,4.83,5.05,4.83,5.01,171855,0
20110727,5,5.02,4.77,4.8,150713,0
20110728,4.79,4.85,4.63,4.76,160796,0
20110729,4.64,4.75,4.62,4.72,105405,0
20110801,4.83,4.9,4.62,4.87,201547,0
20110802,4.77,4.77,4.56,4.56,192561,0
20110803,4.56,4.7,4.51,4.61,83559,0
20110804,4.5,4.57,4.21,4.25,306391,0
20110805,4.13,4.6,3.88,4.02,568973,0
20110808,3.86,3.99,3.5,3.57,241973,0
20110809,3.69,3.87,3.5,3.73,276008,0
20110810,3.61,3.68,3.35,3.38,207412,0
20110811,3.4,3.75,3.35,3.69,291581,0
20110812,3.76,3.76,3.46,3.56,145508,0
20110815,3.51,3.75,3.51,3.74,67058,0
20110816,3.68,3.74,3.61,3.65,81075,0
20110817,3.63,3.77,3.55,3.62,62732,0
20110818,3.5,3.63,3.43,3.55,250720,0
20110819,3.5,3.62,3.48,3.51,113001,0
20110822,3.5,3.6,3.42,3.45,74281,0
20110823,3.47,3.8,3.41,3.78,135760,0
20110824,3.77,3.87,3.72,3.85,96198,0
20110825,3.9,3.9,3.71,3.71,147445,0
20110826,3.7,3.91,3.65,3.91,115215,0
20110829,3.95,4.14,3.91,4.13,106761,0
20110830,4.11,4.2,3.97,4.03,100789,0
20110831,4.05,4.11,3.91,3.99,131509,0
20110901,3.99,4.03,3.71,3.76,129127,0
20110902,3.58,3.68,3.5,3.51,78989,0
20110906,3.41,3.59,3.41,3.52,77017,0
20110907,3.64,3.75,3.59,3.74,93329,0
20110908,3.75,3.77,3.51,3.51,49326,0
20110909,3.8,3.8,3.49,3.5,120521,0
20110912,3.43,3.56,3.35,3.44,57015,0
20110913,3.46,3.57,3.41,3.5,86877,0
20110914,3.55,3.66,3.49,3.61,69374,0
20110915,3.64,3.88,3.58,3.87,90354,0
20110916,3.87,3.88,3.69,3.75,156328,0
20110919,3.63,3.65,3.43,3.57,56428,0
20110920,3.63,3.85,3.57,3.63,124022,0
20110921,3.64,3.73,3.54,3.55,121313,0
20110922,3.41,3.59,3.38,3.52,152187,0
20110923,3.52,3.68,3.5,3.59,40214,0
20110926,3.61,3.64,3.49,3.62,76712,0
20110927,3.71,3.75,3.58,3.65,115861,0
20110928,3.67,3.72,3.49,3.49,68519,0
20110929,3.53,3.64,3.49,3.56,94073,0
20110930,3.57,3.65,3.41,3.45,115057,0
20111003,3.43,3.44,2.95,3.1,307446,0
20111004,3.05,3.19,2.89,3.09,246223,0
20111005,3.1,3.25,3,3.22,92886,0
20111006,3.2,3.2,2.99,3.02,189222,0
20111007,3,3.11,2.99,3.01,145800,0
20111010,3.02,3.25,3.01,3.24,125968,0
20111011,3.25,3.45,3.17,3.42,291077,0
20111012,3.44,3.65,3.43,3.62,244582,0
20111013,3.6,3.72,3.48,3.6,139947,0
20111014,3.61,3.72,3.56,3.67,160082,0
20111017,3.63,3.63,3.48,3.55,78099,0
20111018,3.56,3.75,3.43,3.68,125599,0
20111019,3.65,3.81,3.63,3.67,167647,0
20111020,3.67,3.67,3.47,3.55,93606,0
20111021,3.64,3.79,3.52,3.72,106724,0
20111024,3.73,3.96,3.73,3.9,92711,0
20111025,3.79,4.1,3.76,4.03,170744,0
20111026,4.27,4.33,4.08,4.27,226413,0
20111027,4.32,4.49,4.21,4.4,306394,0
20111028,4.35,4.45,4.1,4.14,237925,0
20111031,4.01,4.25,3.95,4.14,168292,0
20111101,3.97,4.18,3.73,3.75,152868,0
20111102,3.86,3.97,3.81,3.93,59868,0
20111103,4,4.11,3.91,4.06,88267,0
20111104,3.98,4.07,3.82,4,108808,0
20111107,3.98,4.06,3.9,3.92,54517,0
20111108,3.95,4.07,3.9,4.01,63861,0
20111109,3.95,4,3.9,3.95,127586,0
20111110,3.96,3.99,3.93,3.96,46302,0
20111111,4,4.07,3.86,4.06,97959,0
20111114,4.04,4.04,3.92,3.96,107498,0
20111115,3.91,4.02,3.9,4.02,101064,0
20111116,3.97,4.02,3.94,3.95,62416,0
20111117,3.99,4.49,3.99,4.27,258026,0
20111118,4.3,4.3,4.15,4.23,98705,0
20111121,4.22,4.3,4.15,4.26,103059,0
20111122,4.24,4.3,4.16,4.19,36049,0
20111123,4.15,4.17,3.91,3.91,119004,0
20111125,3.9,3.93,3.79,3.83,55991,0
20111128,3.96,4.2,3.9,4.16,79678,0
20111129,4.17,4.37,4.14,4.22,72543,0
20111130,4.35,4.47,4.31,4.4,218276,0
20111201,4.36,4.36,4.21,4.22,93307,0
20111202,4.28,4.42,4.28,4.38,346442,0
20111205,4.46,4.8,4.4,4.73,479107,0
20111206,4.75,4.87,4.68,4.85,424684,0
20111207,4.86,4.86,4.73,4.8,140705,0
20111208,4.7,4.84,4.61,4.62,250977,0
20111209,4.65,4.8,4.62,4.7,396774,0
20111212,4.69,4.72,4.6,4.66,84948,0
20111213,4.71,4.75,4.63,4.67,304672,0
20111214,4.63,4.67,4.37,4.62,535597,0
20111215,4.67,4.71,4.62,4.65,1005132,0
20111216,4.71,4.86,4.65,4.83,228113,0
20111219,4.58,4.69,4.34,4.39,110739,0
20111220,4.48,4.68,4.42,4.65,347444,0
20111221,4.63,4.64,4.31,4.49,99339,0
20111222,4.51,4.58,4.29,4.49,76674,0
20111223,4.5,4.5,4.28,4.35,33399,0
20111227,4.35,4.49,4.33,4.47,86104,0
20111228,4.44,4.53,4.3,4.39,155093,0
20111229,4.4,4.61,4.38,4.57,76224,0
20111230,4.56,4.56,4.3,4.43,127216,0
20120103,4.61,4.61,4.4,4.44,120860,0
20120104,4.41,4.47,4.4,4.41,79103,0
20120105,4.47,4.63,4.43,4.53,95610,0
20120106,4.53,4.58,4.46,4.5,50748,0
20120109,4.6,4.76,4.56,4.73,282923,0
20120110,4.85,4.9,4.78,4.85,110137,0
20120111,5.06,5.15,4.81,5.15,1053564,0
20120112,5.17,5.18,4.94,5.11,234388,0
20120113,5.08,5.12,4.86,4.98,100727,0
20120117,5.05,5.19,4.95,5.17,146129,0
20120118,5.16,5.4,5.1,5.36,177441,0
20120119,5.36,5.45,5.04,5.09,162474,0
20120120,5.05,5.08,4.84,4.9,200820,0
20120123,4.89,5.02,4.88,4.97,104226,0
20120124,4.94,5.3,4.94,5.26,234932,0
20120125,5.3,5.34,5.16,5.19,240702,0
20120126,5.2,5.36,4.99,5.04,218222,0
20120127,5.02,5.13,4.98,5.03,83734,0
20120130,4.99,5.29,4.86,5.18,307507,0
20120131,5.23,5.37,4.96,5,164816,0
20120201,5.01,5.25,4.92,5.24,120767,0
20120202,5.18,5.25,5.02,5.09,234411,0
20120203,5.15,5.28,5.14,5.25,213962,0
20120206,5.22,5.32,5.19,5.21,366386,0
20120207,5.19,5.19,4.97,5.02,152197,0
20120208,5.02,5.22,4.85,5.2,165854,0
20120209,5.28,5.64,5.21,5.58,454451,0
20120210,5.66,5.66,5.46,5.48,139796,0
20120213,5.58,5.59,5.48,5.53,119147,0
20120214,5.51,5.6,5.47,5.54,92116,0
20120215,5.64,5.69,5.46,5.49,160203,0
20120216,5.49,5.6,5.27,5.58,146152,0
20120217,5.53,5.6,5.44,5.53,98169,0
20120221,5.53,5.56,5.4,5.51,66643,0
20120222,5.5,5.54,5.46,5.48,116659,0
20120223,5.49,5.59,5.42,5.5,91007,0
20120224,5.52,5.7,5.47,5.65,184566,0
20120227,5.48,5.63,5.48,5.52,46313,0
20120228,5.51,5.55,5.26,5.37,82967,0
20120229,5.38,5.56,5.21,5.33,175618,0
20120301,5.5,5.7,5.32,5.34,317033,0
20120302,5.35,5.41,5.06,5.2,192013,0
20120305,5.2,5.26,5.15,5.22,48356,0
20120306,5.15,5.18,4.9,4.99,232421,0
20120307,5.07,5.21,5,5.19,108974,0
20120308,5.21,5.49,5.1,5.43,142369,0
20120309,5.43,5.5,5.37,5.45,116994,0
20120312,5.46,5.54,5.39,5.51,141772,0
20120313,5.54,5.67,5.49,5.67,234474,0
20120314,5.68,5.75,5.53,5.56,213996,0
20120315,5.52,5.64,5.44,5.53,81027,0
20120316,5.52,5.52,5.36,5.4,101672,0
20120319,5.36,5.64,5.35,5.51,73849,0
20120320,5.44,5.76,5.37,5.7,282491,0
20120321,5.71,5.89,5.69,5.77,286043,0
20120322,5.7,5.75,5.61,5.75,105908,0
20120323,5.76,5.94,5.67,5.93,131849,0
20120326,5.97,6,5.78,5.85,129617,0
20120327,5.76,5.9,5.75,5.75,85556,0
20120328,5.79,5.84,5.64,5.69,122424,0
20120329,5.65,5.66,5.35,5.62,120499,0
20120330,5.68,5.695,5.41,5.58,260214,0
20120402,5.62,5.98,5.55,5.87,197069,0
20120403,5.83,5.87,5.66,5.77,92008,0
20120404,5.71,5.71,5.55,5.6,78208,0
20120405,5.56,5.67,5.55,5.57,44265,0
20120409,5.48,5.55,5.4,5.46,125161,0
20120410,5.48,5.51,5.06,5.18,187446,0
20120411,5.15,5.34,5.15,5.31,82514,0
20120412,5.31,5.45,5.28,5.4,75695,0
20120413,5.35,5.39,5.16,5.19,89078,0
20120416,5.2,5.24,5.02,5.18,77299,0
20120417,5.24,5.45,5.24,5.36,65429,0
20120418,5.31,5.46,5.31,5.34,57221,0
20120419,5.34,5.54,5.25,5.44,73112,0
20120420,5.69,5.83,5.45,5.47,130379,0
20120423,5.36,5.42,5.32,5.35,76427,0
20120424,5.34,5.43,5.16,5.29,74918,0
20120425,5.36,5.43,5.33,5.39,76005,0
20120426,5.35,5.55,5.33,5.45,77039,0
20120427,5.49,5.67,5.38,5.58,56799,0
20120430,5.56,5.59,5.4,5.45,63613,0
20120501,5.45,5.72,5.43,5.61,131793,0
20120502,5.54,5.8,5.49,5.8,128734,0
20120503,5.76,5.79,5.48,5.61,156191,0
20120504,5.57,5.57,5.28,5.5,158503,0
20120507,5.5,5.75,5.5,5.72,165226,0
20120508,5.65,5.83,5.62,5.8,96765,0
20120509,5.73,5.8,5.59,5.63,60263,0
20120510,5.67,5.71,5.52,5.65,54634,0
20120511,5.59,5.6,4.82,5.02,352911,0
20120514,4.94,5.08,4.88,5,82093,0
20120515,5,5.08,4.97,5.03,43089,0
20120516,5.05,5.4,5.05,5.24,339783,0
20120517,5.22,5.28,5.07,5.09,280616,0
20120518,5.08,5.11,4.83,4.88,362873,0
20120521,4.89,5.2,4.88,5.1,247168,0
20120522,5.11,5.28,5.1,5.18,319797,0
20120523,5.12,5.25,5.07,5.19,118593,0
20120524,5.21,5.21,5,5.15,179434,0
20120525,5.17,5.2,5.06,5.16,174706,0
20120529,5.15,5.17,5.08,5.1,159738,0
20120530,5.02,5.09,4.89,5.05,289103,0
20120531,5.07,5.23,5.06,5.23,2177708,0
20120601,5.05,5.18,4.96,5,333154,0
20120604,5.02,5.09,4.71,5.07,186643,0
20120605,5.02,5.11,4.99,5.1,161747,0
20120606,5.11,5.11,4.92,4.99,98831,0
20120607,5.06,5.21,4.91,5,209674,0
20120608,4.99,5.1,4.95,5.04,64711,0
20120611,5.11,5.11,4.82,4.88,99200,0
20120612,4.9,4.92,4.73,4.77,92302,0
20120613,4.75,4.75,4.47,4.55,476770,0
20120614,4.55,4.7,4.53,4.7,79656,0
20120615,4.68,4.77,4.68,4.74,170325,0
20120618,4.71,4.79,4.65,4.71,115293,0
20120619,4.78,5.07,4.78,4.82,151182,0
20120620,4.84,5,4.8,4.81,76833,0
20120621,4.83,4.87,4.59,4.7,56278,0
20120622,4.75,4.85,4.71,4.8,287003,0
20120625,4.75,4.78,4.68,4.69,55554,0
20120626,4.71,4.81,4.62,4.79,64567,0
20120627,4.78,5,4.78,4.98,72454,0
20120628,4.92,5,4.8,4.94,53122,0
20120629,5.03,5.08,4.94,5.01,207470,0
20120702,5.01,5.43,5,5.4,413376,0
20120703,5.4,5.51,5.31,5.51,90668,0
20120705,5.47,5.52,5.38,5.41,146821,0
20120706,5.35,5.4,5.26,5.33,96989,0
20120709,5.3,5.36,5.28,5.31,93177,0
20120710,5.34,5.4,5.21,5.23,149763,0
20120711,5.23,5.25,4.97,5,214235,0
20120712,4.95,5.08,4.94,5.06,337106,0
20120713,5.08,5.38,5.08,5.36,67316,0
20120716,5.31,5.34,5.23,5.3,68500,0
20120717,5.32,5.51,5.14,5.46,109385,0
20120718,5.46,5.73,5.45,5.72,267645,0
20120719,5.73,5.73,5.49,5.51,48495,0
20120720,5.46,5.46,5.23,5.25,79926,0
20120723,5.17,5.2,5.06,5.18,80394,0
20120724,5.17,5.17,5.02,5.05,44179,0
20120725,5.1,5.14,5.02,5.03,71870,0
20120726,5.1,5.18,4.6,4.76,126290,0
20120727,4.77,5.19,4.77,5.08,106759,0
20120730,5.11,5.11,4.9,4.93,30158,0
20120731,4.93,5.21,4.93,5.14,60530,0
20120801,5.17,5.17,4.75,4.76,108457,0
20120802,4.73,5.07,4.73,5.04,57825,0
20120803,5.1,5.28,4.97,5.17,113274,0
20120806,5.2,5.25,5.05,5.07,92777,0
20120807,5.11,5.11,4.93,4.97,73728,0
20120808,4.96,5.04,4.96,5,23468,0
20120809,5.01,5.14,4.94,5.1,77734,0
20120810,5.2,5.92,5.2,5.85,733118,0
20120813,5.88,5.89,5.591,5.7,162062,0
20120814,5.75,5.75,5.49,5.56,75550,0
20120815,5.61,5.67,5.43,5.64,111434,0
20120816,5.62,5.65,5.57,5.64,50860,0
20120817,5.64,5.695,5.62,5.69,247994,0
20120820,5.67,5.7299,5.53,5.6,139299,0
20120821,5.62,5.7,5.56,5.57,39050,0
20120822,5.58,5.58,5.42,5.55,25243,0
20120823,5.55,5.822,5.46,5.72,159677,0
20120824,5.73,5.98,5.64,5.67,1061041,0
20120827,5.69,5.8,5.64,5.66,150250,0
20120828,5.64,5.65,5.5,5.58,237740,0
20120829,5.57,5.7,5.5513,5.6,169333,0
20120830,5.58,5.62,5.512,5.58,64065,0
20120831,5.65,5.745,5.572,5.7,202435,0
20120904,5.68,5.75,5.56,5.7,190382,0
20120905,5.71,5.82,5.64,5.69,212062,0
20120906,5.74,5.85,5.6517,5.7098,127019,0
20120907,5.77,5.77,5.53,5.57,138123,0
20120910,5.54,5.56,5.3,5.36,261204,0
20120911,5.35,5.43,4.91,5.17,444218,0
20120912,5.2,5.28,5.09,5.18,125749,0
20120913,5.25,5.89,5.24,5.82,2740182,0
20120914,5.84,6.31,5.73,6.23,1328524,0
20120917,6.25,6.34,6.16,6.27,624100,0
20120918,6.27,6.27,6.1,6.17,421996,0
20120919,6.23,6.25,6.11,6.2,756201,0
20120920,6.18,6.249,6.06,6.1,221455,0
20120921,6.19,6.35,6.09,6.32,704615,0
20120924,6.41,6.75,6.31,6.66,789394,0
20120925,6.69,6.73,6.28,6.44,955474,0
20120926,6.39,6.49,6.23,6.28,307579,0
20120927,6.32,6.75,6.31,6.61,561247,0
20120928,6.56,6.65,6.48,6.5,898530,0
20121001,6.6,6.78,6.51,6.63,555660,0
20121002,6.65,6.87,6.57,6.86,401489,0
20121003,6.86,7.16,6.72,6.99,890433,0
20121004,6.95,7,6.55,6.61,467772,0
20121005,6.63,6.75,6.44,6.53,239614,0
20121008,6.48,6.4925,5.96,6.31,437892,0
20121009,6.3,6.33,6.05,6.15,280404,0
20121010,6.15,6.27,5.96,6.25,393311,0
20121011,6.35,6.61,6.35,6.39,322174,0
20121012,6.42,6.45,6.25,6.28,130669,0
20121015,6.32,6.59,6.2,6.24,255959,0
20121016,6.32,6.41,6.06,6.14,326102,0
20121017,6.16,6.24,6.07,6.11,223136,0
20121018,6.08,6.34,6.07,6.11,184035,0
20121019,6.06,6.07,5.77,5.89,343464,0
20121022,5.89,6.15,5.88,5.98,194512,0
20121023,5.93,6.1,5.85,6,164922,0
20121024,6,6.03,5.85,5.97,130779,0
20121025,6.03,6.084,5.83,5.83,67013,0
20121026,5.83,5.96,5.73,5.95,133799,0
20121031,5.93,5.97,5.64,5.76,181537,0
20121101,5.85,6.09,5.72,5.94,395080,0
20121102,6.15,6.28,5.41,5.72,555810,0
20121105,5.74,5.89,5.53,5.6,949417,0
20121106,5.65,5.73,5.47,5.68,160879,0
20121107,5.64,5.65,5.21,5.5,416060,0
20121108,5.51,5.56,5.46,5.49,186118,0
20121109,5.47,5.54,5.33,5.35,190387,0
20121112,5.39,5.4,5.21,5.23,160749,0
20121113,5.22,5.45,5.19,5.31,187928,0
20121114,5.31,5.4199,5.23,5.25,288607,0
20121115,5.18,5.34,5.17,5.25,253512,0
20121116,5.25,5.32,5.16,5.25,285700,0
20121119,5.27,5.52,5.27,5.47,187296,0
20121120,5.44,5.52,5.33,5.43,170108,0
20121121,5.46,5.46,5.34,5.4,91143,0
20121123,5.43,5.51,5.38,5.5,35924,0
20121126,5.5,5.5,5.405,5.47,133372,0
20121127,5.49,5.65,5.45,5.57,397520,0
20121128,5.62,5.62,5.47,5.52,272382,0
20121129,5.59,5.62,5.48,5.53,99234,0
20121130,5.56,5.56,5.16,5.2,593456,0
20121203,5.21,5.35,5.1501,5.34,217192,0
20121204,5.36,5.38,5.29,5.34,171072,0
20121205,5.355,5.385,5.26,5.3,152483,0
20121206,5.28,5.325,5.09,5.22,281438,0
20121207,5.27,5.27,5.15,5.22,100470,0
20121210,5.24,5.24,5.12,5.17,283905,0
20121211,5.2,5.36,5.11,5.36,774334,0
20121212,5.36,5.4,5.25,5.31,135538,0
20121213,5.3,5.35,5.2,5.3,247078,0
20121214,5.24,5.3,5.23,5.25,172992,0
20121217,5.24,5.48,5.2137,5.48,256846,0
20121218,5.48,5.5,5.4,5.43,171109,0
20121219,5.45,5.47,5.35,5.43,208841,0
20121220,5.43,5.5,5.375,5.5,170617,0
20121221,5.43,5.45,5.29,5.43,353589,0
20121224,5.42,5.42,5.23,5.25,73773,0
20121226,5.27,5.42,5.22,5.38,157932,0
20121227,5.37,5.37,5.21,5.32,164933,0
20121228,5.27,5.29,5.17,5.19,100440,0
20121231,5.21,5.21,5.11,5.18,228058,0
20130102,5.37,5.5,5.26,5.47,334022,0
20130103,5.45,5.54,5.35,5.36,160856,0
20130104,5.4,5.5,5.15,5.19,213970,0
20130107,5.2,5.2,4.74,4.83,1177849,0
20130108,4.88,5.05,4.77,4.81,731556,0
20130109,4.85,5.47,4.85,5.3,552149,0
20130110,5.31,5.34,5.15,5.29,220907,0
20130111,5.29,5.29,5.165,5.21,152931,0
20130114,5.2,5.23,5.11,5.22,157668,0
20130115,5.2,5.63,5.2,5.57,291824,0
20130116,5.54,5.61,5.48,5.55,292610,0
20130117,5.56,5.67,5.56,5.6,183629,0
20130118,5.63,5.66,5.51,5.61,156875,0
20130122,5.6,5.88,5.58,5.88,270662,0
20130123,5.89,5.96,5.825,5.87,306672,0
20130124,5.86,5.88,5.7002,5.77,139963,0
20130125,5.78,5.85,5.7,5.8,151367,0
20130128,5.77,5.83,5.68,5.71,217036,0
20130129,5.68,5.71,5.62,5.69,123198,0
20130130,5.69,5.79,5.61,5.78,384588,0
20130131,5.79,5.94,5.74,5.9,132978,0
20130201,5.87,6.31,5.87,6.3,623097,0
20130204,6.24,6.28,6.09,6.17,131314,0
20130205,6.19,6.25,6.06,6.1,201545,0
20130206,6.06,6.15,5.9,6.12,134343,0
20130207,6.1,6.1,5.94,6.05,90886,0
20130208,6.06,6.09,5.92,6.06,180287,0
20130211,6.03,6.0505,5.95,6.01,112930,0
20130212,6,6.21,5.92,6.16,268438,0
20130213,6.17,6.18,6.05,6.07,172203,0
20130214,6.04,6.24,5.97,6.01,810595,0
20130215,6.8,7.29,6.55,6.74,1572804,0
20130219,6.79,7.05,6.75,6.99,326932,0
20130220,6.99,7.03,6.66,6.79,464422,0
20130221,6.82,6.9,6.66,6.75,189714,0
20130222,6.81,6.92,6.73,6.9,301790,0
20130225,6.93,7.08,6.87,6.9,647654,0
20130226,6.92,7.01,6.77,6.98,346053,0
20130227,6.95,6.99,6.77,6.8,283356,0
20130228,6.81,6.96,6.76,6.79,192985,0
20130301,6.73,6.98,6.73,6.9,471940,0
20130304,6.81,7.12,6.81,6.99,477137,0
20130305,7.02,7.2399,6.94,7.03,365678,0
20130306,7.06,7.31,6.9501,7.24,337736,0
20130307,7.21,7.25,7.02,7.06,234996,0
20130308,7.12,7.26,7.0001,7.26,289602,0
20130311,7.2,7.34,7.08,7.23,152713,0
20130312,7.22,7.22,7.09,7.1,181250,0
20130313,7.12,7.39,7.12,7.36,174700,0
20130314,7.35,7.8,7.32,7.73,564735,0
20130315,7.73,7.825,7.6,7.75,525804,0
20130318,7.61,7.75,7.4301,7.49,293921,0
20130319,7.54,7.77,7.38,7.47,473003,0
20130320,7.55,7.67,7.48,7.56,245925,0
20130321,7.54,7.7,7.5,7.55,348960,0
20130322,7.57,7.58,7.42,7.49,201148,0
20130325,7.5,7.58,7.28,7.41,154510,0
20130326,7.46,7.4899,7.33,7.47,114054,0
20130327,7.44,7.69,7.31,7.69,318961,0
20130328,7.67,8.18,7.57,8.09,653741,0
20130401,8.26,8.26,7.68,7.76,242850,0
20130402,7.84,7.98,7.57,7.58,249287,0
20130403,7.58,7.67,7.25,7.36,297418,0
20130404,7.4,7.41,7.12,7.3,322886,0
20130405,7.15,7.53,7.09,7.5,320022,0
20130408,7.55,7.59,7.35,7.44,159953,0
20130409,7.48,7.61,7.4,7.505,189603,0
20130410,7.61,7.75,7.49,7.7,170186,0
20130411,7.68,7.76,7.5,7.54,160127,0
20130412,7.5,7.95,7.5,7.92,326765,0
20130415,7.92,7.94,7.42,7.48,270783,0
20130416,7.55,7.6498,7.44,7.57,214464,0
20130417,7.56,7.71,7.34,7.5,143531,0
20130418,7.6,7.63,7.42,7.5,209327,0
20130419,7.49,7.755,7.45,7.48,369126,0
20130422,7.51,7.51,7.32,7.41,262989,0
20130423,7.4925,7.563,7.38,7.47,259567,0
20130424,7.47,7.5,7.34,7.42,148142,0
20130425,7.47,7.9,7.46,7.88,596345,0
20130426,7.82,8.12,7.66,7.96,524621,0
20130429,8.03,8.1,7.92,7.95,236979,0
20130430,7.93,8.12,7.93,8.1,295711,0
20130501,8.06,8.08,7.58,7.91,444733,0
20130502,7.98,8.2,7.89,8.08,533237,0
20130503,8.44,8.8,8.2,8.5,1591115,0
20130506,8.56,8.7,8.441,8.62,403543,0
20130507,8.63,8.97,8.63,8.92,573616,0
20130508,8.9,8.91,8.66,8.77,181100,0
20130509,8.73,8.73,8.253,8.35,391287,0
20130510,8.44,8.78,8.3101,8.64,159364,0
20130513,8.6,8.74,8.19,8.22,461869,0
20130514,8.25,8.38,8.09,8.13,446475,0
20130515,8.2,8.3199,8.05,8.26,350336,0
20130516,8.25,8.34,8,8.14,239772,0
20130517,8.17,8.17,7.83,7.94,620258,0
20130520,7.93,8,7.82,7.82,508443,0
20130521,7.8,8.13,7.78,7.97,373695,0
20130522,8.01,8.11,7.73,7.85,343707,0
20130523,7.24,7.4,7.07,7.19,2336054,0
20130524,7.19,7.38,7.18,7.36,1007227,0
20130528,7.49,7.64,7.14,7.2,713915,0
20130529,7.12,7.25,7.04,7.18,422212,0
20130530,7.21,7.3,7.13,7.29,722003,0
20130531,7.22,7.3,7.21,7.26,552092,0
20130603,7.27,7.32,7.1,7.29,451045,0
20130604,7.33,7.91,7.27,7.72,860410,0
20130605,7.69,7.78,7.465,7.53,547284,0
20130606,7.55,8.02,7.42,7.9,554413,0
20130607,7.99,7.99,7.67,7.7,373864,0
20130610,7.71,7.86,7.611,7.85,444393,0
20130611,7.7,7.7516,7.6,7.63,360984,0
20130612,7.72,7.72,7.53,7.63,279436,0
20130613,7.63,7.66,7.42,7.61,325596,0
20130614,7.59,7.73,7.53,7.66,133238,0
20130617,7.69,8.04,7.6,7.98,765725,0
20130618,7.97,8.25,7.9,8.21,540704,0
20130619,8.19,8.3,7.92,7.92,293206,0
20130620,7.83,7.85,7.62,7.79,238547,0
20130621,7.81,7.89,7.46,7.72,392052,0
20130624,7.64,7.92,7.51,7.88,363061,0
20130625,8.01,8.11,7.87,8.1,445594,0
20130626,8.14,8.14,7.65,7.92,396051,0
20130627,7.98,8.1,7.83,7.95,220949,0
20130628,7.95,8.37,7.9001,8.22,2635268,0
20130701,8.22,8.22,7.9,8,232694,0
20130702,8,8.22,8,8.11,279817,0
20130703,8.05,8.28,7.86,8.195,108108,0
20130705,8.3,8.36,8.05,8.36,138788,0
20130708,8.34,8.47,8.08,8.47,316541,0
20130709,8.51,8.62,8.265,8.35,294558,0
20130710,8.3,8.36,8.2,8.22,320228,0
20130711,8.33,8.465,8.07,8.45,361407,0
20130712,8.41,8.9,8.4,8.63,375477,0
20130715,8.61,8.85,8.59,8.76,200130,0
20130716,8.76,9.1,8.76,9.09,550639,0
20130717,9.14,9.14,8.67,8.67,241600,0
20130718,8.68,8.82,8.501,8.57,301945,0
20130719,8.54,8.73,8.36,8.65,159947,0
20130722,8.61,8.69,8.51,8.52,110680,0
20130723,8.56,8.67,8.46,8.53,139303,0
20130724,8.57,8.79,8.44,8.47,144155,0
20130725,8.43,8.65,8.35,8.58,167517,0
20130726,8.5,8.65,8.33,8.6,190651,0
20130729,8.6,8.6,8.39,8.43,202129,0
20130730,8.49,8.61,8.43,8.55,267248,0
20130731,8.55,8.56,8.45,8.48,228533,0
20130801,8.51,8.68,8.51,8.65,167605,0
20130802,8.6,8.65,8.57,8.65,182791,0
20130805,8.63,8.89,8.62,8.8,268355,0
20130806,8.87,9.17,8.86,9.13,454848,0
20130807,9.12,9.59,9.07,9.51,718793,0
20130808,9.58,9.77,9.47,9.62,766913,0
20130809,8.47,9.129,8.45,9.02,1442295,0
20130812,8.95,8.97,8.785,8.935,394231,0
20130813,8.91,8.93,8.48,8.54,438828,0
20130814,8.54,8.63,8.52,8.55,284437,0
20130815,8.5,8.54,8.39,8.48,544317,0
20130816,8.45,8.66,8.45,8.51,541887,0
20130819,8.49,8.53,8.2,8.24,685685,0
20130820,8.22,8.38,8.15,8.36,906458,0
20130821,8.29,8.525,8.25,8.41,459135,0
20130822,8.41,8.52,8.39,8.52,175831,0
20130823,8.5,8.6,8.37,8.57,321093,0
20130826,8.57,8.63,8.47,8.56,570329,0
20130827,8.48,8.5,8.37,8.47,316447,0
20130828,8.45,8.54,8.27,8.28,157282,0
20130829,8.28,8.35,8.18,8.25,164407,0
20130830,8.22,8.28,8.09,8.13,526611,0
20130903,8.24,8.33,8.08,8.17,390421,0
20130904,8.2,8.28,8.11,8.18,154466,0
20130905,8.16,8.29,8.1,8.15,143279,0
20130906,8.17,8.37,8.02,8.26,317883,0
20130909,8.27,8.52,8.27,8.48,202814,0
20130910,8.5,8.6,8.5,8.56,327367,0
20130911,8.57,8.63,8.36,8.6,215818,0
20130912,8.6,8.6,8.43,8.57,258811,0
20130913,8.61,8.84,8.51,8.75,181171,0
20130916,8.9,8.93,8.7,8.71,334760,0
20130917,8.74,9.09,8.71,9.07,576772,0
20130918,9.05,9.2,8.9,9.06,316843,0
20130919,9.06,9.14,8.78,8.97,265016,0
20130920,8.98,9.14,8.76,8.89,362203,0
20130923,8.94,8.94,8.44,8.45,314418,0
20130924,8.46,8.65,8.29,8.31,220900,0
20130925,8.31,8.52,8.29,8.35,181600,0
20130926,8.37,8.47,8.24,8.3,198138,0
20130927,8.2,8.3,8,8.06,377500,0
20130930,8.11,8.45,8.05,8.25,484800,0
20131001,8.24,8.34,8.04,8.09,421700,0
20131002,8.08,8.11,7.85,7.89,512600,0
20131003,7.86,8.09,7.5,7.63,929900,0
20131004,7.61,7.62,7.38,7.42,962200,0
20131007,7.4,7.51,7.33,7.5,538500,0
20131008,7.52,7.57,7.18,7.23,550900,0
20131009,7.26,7.41,7.16,7.34,403900,0
20131010,7.43,7.78,7.37,7.77,461600,0
20131011,7.73,7.92,7.65,7.79,343700,0
20131014,7.77,7.86,7.58,7.85,191200,0
20131015,7.81,7.81,7.54,7.66,319700,0
20131016,7.69,7.89,7.68,7.78,240900,0
20131017,7.75,7.8,7.65,7.77,150189,0
20131018,7.83,7.92,7.73,7.91,196400,0
20131021,7.9,7.96,7.74,7.82,292400,0
20131022,7.82,7.94,7.72,7.86,182000,0
20131023,7.81,7.96,7.72,7.86,200700,0
20131024,7.87,8.09,7.81,7.95,207600,0
20131025,7.99,8.07,7.76,7.91,290100,0
20131028,7.97,8.02,7.72,7.78,230700,0
20131029,7.81,7.9,7.73,7.8,164700,0
20131030,7.79,7.92,7.55,7.57,179700,0
20131031,7.6,7.9,7.52,7.59,292192,0
20131101,7.58,7.89,7.51,7.57,308200,0
20131104,7.64,7.81,7.55,7.8,309000,0
20131105,7.74,8,7.11,7.33,1887700,0
20131106,7.35,7.56,7.35,7.5,397300,0
20131107,7.52,7.52,6.93,6.96,539900,0
20131108,6.95,7.3,6.95,7.28,373016,0
20131111,6.97,7.27,6.96,7.24,117700,0
20131112,7.2,7.58,7.14,7.58,371400,0
20131113,7.55,7.88,7.41,7.86,371300,0
20131114,7.86,7.86,7.44,7.5,370100,0
20131115,7.49,7.49,7.38,7.43,208400,0
20131118,7.43,7.43,7.03,7.13,450600,0
20131119,7.11,7.25,6.97,7.24,402900,0
20131120,7.25,7.26,7.08,7.1,144800,0
20131121,7.15,7.25,7.1,7.22,129342,0
20131122,7.24,7.32,7.14,7.23,106300,0
20131125,7.22,7.45,7.15,7.34,166230,0
20131126,7.36,7.48,7.29,7.47,182000,0
20131127,7.47,7.55,7.37,7.5,85600,0
20131129,7.55,7.55,7.44,7.5,55310,0
20131202,7.51,7.52,7.31,7.4,223136,0
20131203,7.37,7.41,7.23,7.29,234100,0
20131204,7.24,7.37,7.16,7.29,107100,0
20131205,7.27,7.45,7.23,7.35,75300,0
20131206,7.43,7.52,7.3,7.42,117906,0
20131209,7.44,7.49,7.3,7.42,136600,0
20131210,7.4,7.43,7.21,7.21,163084,0
20131211,7.32,7.38,7.17,7.32,153132,0
20131212,7.31,7.47,7.19,7.45,150400,0
20131213,7.45,7.78,7.45,7.74,363300,0
20131216,7.75,7.91,7.59,7.81,169900,0
20131217,7.79,7.8,7.68,7.68,98300,0
20131218,7.71,7.98,7.65,7.98,171200,0
20131219,7.97,8.14,7.85,8,182715,0
20131220,8.02,8.46,8.01,8.26,485387,0
20131223,8.31,8.38,8.09,8.28,161150,0
20131224,8.27,8.4,8.036,8.24,52631,0
20131226,8.25,8.26,7.95,7.96,218300,0
20131227,7.99,8.07,7.8,7.86,175000,0
20131230,7.86,8.05,7.8,7.87,134900,0
20131231,7.82,7.9,7.61,7.81,830500,0
20140102,7.77,8.04,7.59,8.02,192629,0
20140103,8.03,8.56,8.03,8.54,287761,0
20140106,8.55,8.69,8.39,8.58,259444,0
20140107,8.59,9.1,8.59,9.05,404400,0
20140108,9.05,9.64,9.01,9.64,973500,0
20140109,9.63,9.64,9.18,9.29,281521,0
20140110,9.29,9.32,9.14,9.23,209496,0
20140113,9.22,9.53,9.14,9.31,256304,0
20140114,9.32,9.7,8.9,9.37,386064,0
20140115,9.4,9.64,9.28,9.4,306600,0
20140116,9.36,9.43,9.24,9.37,157700,0
20140117,9.33,9.35,9.11,9.16,339000,0
20140121,9.09,9.22,8.91,9,279209,0
20140122,9,9.03,8.85,8.98,163800,0
20140123,8.92,8.98,8.72,8.93,184000,0
20140124,9.03,9.03,8.75,8.88,198400,0
20140127,8.87,8.94,8.52,8.59,293100,0
20140128,8.58,8.81,8.53,8.73,201600,0
20140129,8.65,8.77,8.33,8.7,207313,0
20140130,8.76,9.09,8.76,8.91,318900,0
20140131,8.75,8.86,8.62,8.78,204100,0
20140203,8.78,8.94,8.3,8.43,212893,0
20140204,8.67,8.67,8.32,8.45,128349,0
20140205,8.664,8.664,8.13,8.44,152293,0
20140206,8.46,8.6,8.36,8.41,150142,0
20140207,8.4,8.58,8.26,8.54,168698,0
20140210,8.57,8.78,8.38,8.69,198971,0
20140211,8.66,9.02,8.66,8.98,175936,0
20140212,8.95,9.07,8.74,8.83,164616,0
20140213,8.79,9.3,8.79,9.21,672498,0
20140214,8.47,8.965,8.4,8.78,792028,0
20140218,8.92,8.93,8.56,8.71,398241,0
20140219,8.65,8.94,8.57,8.85,376495,0
20140220,8.8,8.92,8.67,8.89,164004,0
20140221,8.89,8.95,8.6,8.63,249462,0
20140224,8.64,8.65,8.34,8.34,379029,0
20140225,8.29,8.5,8.22,8.49,193637,0
20140226,8.52,8.88,8.46,8.74,223406,0
20140227,8.68,8.98,8.546,8.96,194472,0
20140228,8.99,9.05,8.77,9.02,291102,0
20140303,9.04,9.08,8.86,9.06,159598,0
20140304,9.16,10.09,9.16,9.94,723194,0
20140305,9.87,9.97,9.74,9.79,336165,0
20140306,9.85,9.85,9.55,9.59,174510,0
20140307,9.54,9.75,9.46,9.63,345927,0
20140310,9.57,9.94,9.57,9.85,224438,0
20140311,9.83,10.1,9.74,9.76,224229,0
20140312,9.91,9.91,9.65,9.79,203544,0
20140313,9.81,9.98,9.65,9.94,161184,0
20140314,9.88,10.265,9.838,10.23,349972,0
20140317,10.25,10.536,10.13,10.19,257228,0
20140318,10.15,10.49,10.13,10.49,211371,0
20140319,10.45,10.45,10.01,10.07,122669,0
20140320,10.02,10.3,9.77,10.17,252377,0
20140321,10.19,10.38,10.14,10.26,294686,0
20140324,10.33,10.33,9.86,10.03,288041,0
20140325,10.06,10.25,9.885,9.95,201016,0
20140326,9.56,10.05,9.56,9.77,307800,0
20140327,9.79,9.83,9.19,9.36,168837,0
20140328,9.34,9.58,9.1401,9.37,193530,0
20140331,9.39,9.76,9.292,9.6,216767,0
20140401,9.49,9.94,9.49,9.89,129936,0
20140402,9.99,10.119,9.79,9.84,206693,0
20140403,9.86,9.91,9.09,9.16,249408,0
20140404,9.4,9.402,8.81,8.98,237113,0
20140407,8.85,9.06,8.6,8.84,244790,0
20140408,8.87,9.19,8.79,8.88,171648,0
20140409,8.89,9,8.78,8.98,173869,0
20140410,8.94,8.94,8.57,8.62,196119,0
20140411,8.52,8.72,8.34,8.45,118640,0
20140414,8.56,8.6,8.265,8.38,134316,0
20140415,8.41,8.67,8.28,8.57,163207,0
20140416,8.476,8.83,8.476,8.82,84829,0
20140417,8.76,9.22,8.67,9.04,203129,0
20140421,9.0399,9.05,8.76,8.945,94581,0
20140422,8.92,9.0296,8.85,8.97,123445,0
20140423,8.92,8.96,8.74,8.76,124534,0
20140424,8.81,8.94,8.49,8.69,130395,0
20140425,8.63,8.63,8.17,8.18,215748,0
20140428,8.2,8.285,7.8,8.04,280011,0
20140429,8.11,8.31,8.05,8.11,200841,0
20140430,8.11,8.33,7.91,8.25,187911,0
20140501,8.26,8.42,8.01,8.18,345872,0
20140502,8.17,8.46,8.12,8.44,183490,0
20140505,8.43,8.55,8.25,8.36,159277,0
20140506,8.36,8.36,7.84,7.88,378935,0
20140507,8,8.706,7.61,7.96,453703,0
20140508,7.9,7.98,7.5,7.5,576458,0
20140509,7.47,7.89,7.37,7.85,280251,0
20140512,7.93,8.37,7.73,8.28,417892,0
20140513,8.28,8.31,7.75,7.77,387955,0
20140514,7.75,7.87,7.5,7.6,294877,0
20140515,7.54,7.74,7.35,7.64,278756,0
20140516,7.65,7.93,7.64,7.91,182988,0
20140519,7.9,8.14,7.85,8.1,200162,0
20140520,8.06,8.11,7.9,8.03,241099,0
20140521,8.11,8.13,8,8.04,180575,0
20140522,8.1,8.22,7.9,8.13,90541,0
20140523,8.15,8.21,8.07,8.11,138150,0
20140527,8.22,8.42,8.18,8.3,505514,0
20140528,8.32,8.46,8.23,8.3,322294,0
20140529,8.21,8.45,8.21,8.3,231876,0
20140530,8.31,8.5,8.29,8.47,472181,0
20140602,8.44,8.47,8.15,8.16,168025,0
20140603,8.14,8.24,8,8.07,176518,0
20140604,8,8.178,7.94,8.04,124511,0
20140605,8.09,8.39,8,8.39,321136,0
20140606,8.47,8.74,8.365,8.67,211169,0
20140609,8.62,8.95,8.56,8.83,212436,0
20140610,8.83,8.93,8.62,8.77,146100,0
20140611,8.66,8.78,8.59,8.73,156532,0
20140612,8.63,8.77,8.37,8.45,208846,0
20140613,8.33,8.62,8.142,8.42,112979,0
20140616,8.212,8.55,8.212,8.5,158102,0
20140617,8.49,8.8,8.27,8.6,209176,0
20140618,8.61,8.61,8.45,8.53,145086,0
20140619,8.6,8.61,8.447,8.56,95170,0
20140620,8.56,8.78,8.48,8.7,286242,0
20140623,8.67,8.77,8.59,8.73,113128,0
20140624,8.68,8.96,8.57,8.63,181204,0
20140625,8.63,8.67,8.44,8.59,110751,0
20140626,8.62,9.03,8.56,8.98,245897,0
20140627,8.91,9.22,8.86,9.19,621928,0
20140630,9.2,9.325,9.05,9.19,200688,0
20140701,9.19,9.46,9.06,9.28,195202,0
20140702,9.24,9.38,9.11,9.18,87500,0
20140703,9.18,9.27,9.03,9.2,140669,0
20140707,9.1,9.1,8.87,8.87,115542,0
20140708,8.87,8.88,8.48,8.61,155206,0
20140709,8.63,8.74,8.54,8.71,106025,0
20140710,8.45,8.71,8.45,8.53,101491,0
20140711,8.5,8.565,8.38,8.49,110777,0
20140714,8.6,8.802,8.33,8.71,190591,0
20140715,8.68,8.77,8.36,8.4,122119,0
20140716,8.47,8.52,8.19,8.3,226107,0
20140717,8.23,8.655,8.23,8.33,311879,0
20140718,8.29,8.56,8.28,8.4,152369,0
20140721,8.34,8.45,8.12,8.17,93791,0
20140722,8.24,8.36,8.21,8.28,129076,0
20140723,8.29,8.45,8.21,8.34,108166,0
20140724,8.37,8.55,8.35,8.51,109137,0
20140725,8.39,8.47,8.22,8.24,119581,0
20140728,8.11,8.46,8.11,8.39,157104,0
20140729,8.39,8.57,8.16,8.17,119474,0
20140730,8.22,8.25,8.16,8.2,94196,0
20140731,8.07,8.19,7.93,7.99,201130,0
20140801,8.02,8.08,7.64,7.76,194192,0
20140804,7.78,8.5,7.52,7.82,171496,0
20140805,7.73,7.83,7.55,7.75,203836,0
20140806,7.69,7.89,7.62,7.68,168184,0
20140807,8.96,9.2,8.61,9.02,1651199,0
20140808,9,9.23,8.98,9.1,454708,0
20140811,9.13,9.24,9.02,9.17,419937,0
20140812,9.15,9.184,8.95,9.13,254986,0
20140813,9.14,9.46,9.124,9.46,233609,0
20140814,9.42,9.49,9.37,9.4,99974,0
20140815,9.5,9.5,9.07,9.32,315242,0
20140818,9.29,9.53,9.26,9.5,212479,0
20140819,9.48,9.58,9.43,9.48,262560,0
20140820,9.4,9.4,9.22,9.31,98138,0
20140821,9.27,9.44,9.13,9.32,92910,0
20140822,9.34,9.44,9.18,9.19,246329,0
20140825,9.27,9.42,9.164,9.25,94887,0
20140826,9.3,9.44,9.164,9.4,100296,0
20140827,9.39,9.42,9.25,9.26,65331,0
20140828,9.25,9.274,9.05,9.07,133527,0
20140829,9.07,9.18,9,9.16,134299,0
20140902,9.21,9.22,9.11,9.2,112653,0
20140903,9.05,9.19,8.97,9.02,173776,0
20140904,9.07,9.14,8.9,8.94,69548,0
20140905,8.89,9.09,8.83,9.05,136708,0
20140908,8.99,9.13,8.94,9.04,234402,0
20140909,8.99,8.99,8.8,8.8,167404,0
20140910,8.78,9.11,8.662,9.08,223078,0
20140911,8.99,9.11,8.83,9.09,172857,0
20140912,9.04,9.135,8.87,9.1,860187,0
20140915,9.37,9.48,9,9,719104,0
20140916,8.99,9.18,8.92,9.11,452150,0
20140917,9.14,9.42,9.14,9.36,394153,0
20140918,9.38,9.67,9.37,9.66,524674,0
20140919,9.73,9.87,9.22,9.45,2851752,0
20140922,9.4,9.44,8.97,8.98,208650,0
20140923,8.91,9,8.65,8.66,266162,0
20140924,8.7,9.02,8.5901,8.99,293382,0
20140925,9.02,9.144,8.58,8.62,338717,0
20140926,8.74,8.86,8.55,8.71,205101,0
20140929,8.61,8.79,8.57,8.72,200680,0
20140930,8.68,8.808,8.6,8.695,362954,0
20141001,8.6675,8.766,8.34,8.48,492554,0
20141002,8.51,8.75,8.2701,8.62,296465,0
20141003,8.71,8.84,8.55,8.56,156572,0
20141006,8.61,8.63,8.28,8.29,192373,0
20141007,8.19,8.35,8.07,8.22,197326,0
20141008,8.23,8.53,8.06,8.49,293563,0
20141009,8.45,8.45,7.71,7.94,349755,0
20141010,7.86,8.03,7.6075,7.69,179920,0
20141013,7.69,7.98,7.525,7.57,213917,0
20141014,7.7,7.95,7.68,7.91,235611,0
20141015,7.592,8.5,7.592,8.48,333397,0
20141016,8.31,8.68,7.84,8.09,491862,0
20141017,8.4,8.4,8.07,8.15,319332,0
20141020,8.11,8.33,8.01,8.08,284927,0
20141021,8.12,8.31,8.06,8.17,188772,0
20141022,8.18,8.24,7.78,7.81,166524,0
20141023,7.91,8.15,7.8255,8.05,176887,0
20141024,8.07,8.17,7.94,8.02,206666,0
20141027,7.96,8.19,7.87,8,149758,0
20141028,8.2,8.51,7.95,8.42,211112,0
20141029,8.46,8.57,8.19,8.36,168451,0
20141030,8.33,8.86,8.33,8.76,192387,0
20141031,8.95,9,8.6,8.9,293466,0
20141103,8.94,9,8.62,8.75,232865,0
20141104,8.74,9.01,8.58,8.87,257774,0
20141105,8.91,8.95,8.68,8.78,116747,0
20141106,8.76,8.83,8.49,8.69,205064,0
20141107,8.66,8.72,8.48,8.66,374474,0
20141110,8.52,9.09,8.52,8.97,572537,0
20141111,9.5,9.5,8.68,9.06,1243523,0
20141112,8.92,9.105,8.645,8.8,344108,0
20141113,8.78,8.89,8.67,8.81,164097,0
20141114,8.82,8.92,8.715,8.74,223164,0
20141117,8.76,8.89,8.33,8.41,250220,0
20141118,8.42,8.5,8.21,8.22,216658,0
20141119,8.17,8.2,7.9,7.91,246054,0
20141120,7.89,8.04,7.76,7.86,400323,0
20141121,8.02,8.02,7.69,7.74,318407,0
20141124,7.8,8.01,7.64,7.98,401434,0
20141125,7.97,8.01,7.84,7.97,261210,0
20141126,8.14,8.59,8.1,8.35,278579,0
20141128,8.32,8.39,8.23,8.26,131491,0
20141201,8.26,8.28,8.04,8.09,271270,0
20141202,8.13,8.3,8.13,8.28,257406,0
20141203,8.26,8.28,8.14,8.19,212481,0
20141204,8.09,8.37,8.082,8.16,633443,0
20141205,8.19,8.45,8.19,8.42,402278,0
20141208,8.37,8.63,8.16,8.19,300931,0
20141209,8.03,8.61,8,8.6,255691,0
20141210,8.54,8.65,8.12,8.16,279112,0
20141211,8.26,8.45,8.16,8.23,207596,0
20141212,8.06,8.29,8.03,8.09,171642,0
20141215,8.17,8.215,8.01,8.09,188004,0
20141216,8.14,8.31,8.07,8.09,241331,0
20141217,8.08,8.49,8.08,8.38,306769,0
20141218,8.5,8.95,8.49,8.81,454541,0
20141219,8.77,9.2,8.73,9.02,1637837,0
20141222,8.99,9.15,8.95,8.97,242975,0
20141223,8.69,9.05,8.69,8.81,152233,0
20141224,8.83,9,8.76,8.87,76726,0
20141226,8.94,9,8.85,8.99,79600,0
20141229,8.96,9.04,8.84,8.87,172390,0
20141230,8.82,8.94,8.75,8.78,85811,0
20141231,8.88,8.91,8.76,8.79,152552,0
20150102,8.83,8.98,8.55,8.78,735841,0
20150105,8.67,8.99,8.67,8.76,349286,0
20150106,8.81,8.86,8.35,8.45,141731,0
20150107,8.51,8.69,8.41,8.68,264201,0
20150108,8.9,9.281,8.88,9.24,758769,0
20150109,9.25,9.65,9.24,9.59,672089,0
20150112,9.49,9.75,9.41,9.47,332330,0
20150113,9.6,9.84,9.27,9.44,435425,0
20150114,9.35,9.65,9.35,9.6,331445,0
20150115,9.4,9.62,8.9,9.1,472009,0
20150116,9.08,9.31,8.94,9.05,296262,0
20150120,9.1,9.621,8.862,9.52,476319,0
20150121,9.56,9.65,9.2,9.37,372844,0
20150122,9.51,9.65,9.26,9.53,454412,0
20150123,9.49,9.57,9.19,9.19,196874,0
20150126,9.22,9.22,8.93,9.07,540737,0
20150127,8.88,9.16,8.67,9.05,696064,0
20150128,9.086,9.13,8.85,9,250455,0
20150129,9.03,9.09,8.78,8.95,248441,0
20150130,8.86,9,8.55,8.57,191062,0
20150202,8.7,8.765,8.43,8.54,299121,0
20150203,8.65,8.894,8.65,8.72,234547,0
20150204,8.69,8.85,8.65,8.71,252885,0
20150205,8.75,9.15,8.7,9.02,433570,0
20150206,9.05,9.2,8.93,9.04,138441,0
20150209,9.02,9.19,8.82,9.05,271630,0
20150210,9.11,9.19,8.87,9.15,224139,0
20150211,9.03,9.22,9,9.16,170381,0
20150212,9.22,9.37,9.07,9.32,208698,0
20150213,9.39,9.55,9.35,9.53,245034,0
20150217,9.65,9.74,9.549,9.63,347506,0
20150218,9.62,9.85,9.57,9.75,369968,0
20150219,9.69,9.9,9.64,9.81,405181,0
20150220,10.62,11.57,10.5,11.24,3757268,0
20150223,11.24,11.73,11.24,11.55,1175076,0
20150224,11.3,11.5,11.14,11.18,1022927,0
20150225,11.2,11.5,11.08,11.43,467338,0
20150226,11.41,11.64,11.37,11.5,662435,0
20150227,11.36,11.82,11.358,11.71,895885,0
20150302,11.75,11.93,11.67,11.9,390200,0
20150303,11.85,11.87,11.57,11.64,294500,0
20150304,11.61,11.69,11.45,11.55,244500,0
20150305,11.59,11.67,11.43,11.49,603000,0
20150306,11.45,11.57,10.97,10.97,599600,0
20150309,11,11.05,10.71,10.86,382800,0
20150310,10.71,10.98,10.65,10.93,449700,0
20150311,10.84,11.05,10.71,10.98,323400,0
20150312,11.06,11.26,10.76,10.85,412300,0
20150313,10.77,10.95,10.58,10.76,533200,0
20150316,10.84,10.96,10.72,10.89,256500,0
20150317,10.93,10.96,10.75,10.85,386100,0
20150318,10.86,11.27,10.86,11.13,436800,0
20150319,11.05,11.31,11.05,11.24,356000,0
20150320,11.32,11.6,11.22,11.58,857000,0
20150323,11.52,11.55,11.36,11.38,216400,0
20150324,10.55,10.65,10.36,10.54,2699000,0
20150325,10.75,11.2,10.55,10.6,2975700,0
20150326,10.51,10.69,10.4,10.57,508900,0
20150327,10.61,11.07,10.61,10.97,843000,0
20150330,11.02,11.07,10.71,10.98,484000,0
20150331,10.96,11,10.8,10.9,384636,0
20150401,10.97,11.14,10.79,10.99,624300,0
20150402,11.08,11.1,10.9,11.02,1549400,0
20150406,10.92,11.05,10.92,11,614400,0
20150407,10.97,11.02,10.59,10.77,941461,0
20150408,10.75,10.93,10.12,10.84,270900,0
20150409,10.81,10.94,10.69,10.81,195706,0
20150410,10.81,10.85,10.69,10.75,114700,0
20150413,10.7,10.92,10.65,10.87,433800,0
20150414,10.84,10.91,10.55,10.74,593400,0
20150415,10.7,10.9,10.58,10.83,220362,0
20150416,10.77,10.91,10.75,10.89,143084,0
20150417,10.78,10.8,10.36,10.51,371800,0
20150420,10.58,10.77,10.49,10.51,449793,0
20150421,10.56,10.59,10.33,10.34,564893,0
20150422,10.38,10.4,10.02,10.39,542299,0
20150423,10.39,10.46,10.28,10.41,236900,0
20150424,10.48,10.6,10.21,10.31,425399,0
20150427,10.32,10.5,10.14,10.28,723600,0
20150428,10.47,10.72,10.21,10.69,380486,0
20150429,10.64,10.83,10.59,10.81,298800,0
20150430,10.75,10.75,10.2,10.35,332300,0
20150501,10.38,10.44,10.01,10.2,392800,0
20150504,10.23,10.54,10.23,10.52,283800,0
20150505,10.49,10.55,9.99,10.19,411300,0
20150506,10.33,10.375,10.12,10.37,232616,0
20150507,10.35,10.88,10.3,10.76,1141603,0
20150508,11.2,11.56,10.08,10.19,1277000,0
20150511,10.21,10.26,9.61,9.98,941000,0
20150512,10.07,10.42,10,10.35,867276,0
20150513,10.34,10.36,9.88,10.03,553100,0
20150514,10.04,10.3,9.98,10.11,400200,0
20150515,10.08,10.19,10.03,10.14,180964,0
20150518,10.08,10.26,10.028,10.24,296461,0
20150519,10.26,10.28,9.9,9.92,322639,0
20150520,9.96,10.01,9.74,9.91,318400,0
20150521,9.91,9.96,9.62,9.62,380500,0
20150522,9.69,9.73,9.5,9.57,504700,0
20150526,9.56,9.56,9.285,9.33,573714,0
20150527,9.37,9.85,9.33,9.8,599900,0
20150528,9.8,9.92,9.6,9.79,482568,0
20150529,9.76,9.9,9.7,9.72,401300,0
20150601,9.77,9.77,9.07,9.11,888124,0
20150602,9.18,9.485,9.1,9.3,1316853,0
20150603,9.35,9.58,9.31,9.45,590800,0
20150604,9.37,9.56,9.37,9.4,276500,0
20150605,9.38,9.59,9.16,9.57,379800,0
20150608,9.58,9.58,9.32,9.41,227000,0
20150609,9.39,9.535,9.24,9.52,299632,0
20150610,9.56,9.93,9.526,9.81,564836,0
20150611,9.96,10.59,9.9,10.49,997724,0
20150612,10.43,10.51,10.32,10.45,570000,0
20150615,10.39,10.57,10.23,10.47,531300,0
20150616,10.43,10.44,10.21,10.38,327100,0
20150617,10.43,10.46,10.11,10.17,274900,0
20150618,10.23,10.49,10.17,10.47,384700,0
20150619,10.49,10.89,10.41,10.79,826600,0
20150622,10.86,11.01,10.6,10.71,398000,0
20150623,10.71,10.76,10.48,10.53,499276,0
20150624,10.52,10.54,10.28,10.35,296000,0
20150625,10.37,10.41,10.17,10.23,512300,0
20150626,10.23,10.23,9.97,10.03,857800,0
20150629,9.94,10.14,9.74,9.79,411800,0
20150630,9.88,9.93,9.73,9.87,396235,0
20150701,9.93,9.95,9.6,9.67,492400,0
20150702,9.7,9.7,9.38,9.48,271500,0
20150706,9.41,9.55,9.27,9.4,348900,0
20150707,9.39,9.41,9.17,9.28,502600,0
20150708,9.16,9.22,8.9,9.15,467200,0
20150709,9.3,9.46,8.5,9.2,608400,0
20150710,9.3,9.44,9.21,9.4,433100,0
20150713,9.4,9.81,9.4,9.8,447500,0
20150714,9.87,10.01,9.74,9.75,467832,0
20150715,9.73,9.74,9.46,9.57,305903,0
20150716,9.59,9.78,9.39,9.46,387200,0
20150717,9.5,9.62,9.23,9.28,322100,0
20150720,9.26,9.27,9,9.02,495000,0
20150721,9.06,9.19,8.92,8.98,551300,0
20150722,8.97,9,8.74,8.77,393800,0
20150723,8.83,9.05,8.8,8.95,481000,0
20150724,8.92,8.96,8.8,8.84,529600,0
20150727,8.77,8.94,8.63,8.86,309600,0
20150728,8.92,9.64,8.74,9.03,667700,0
20150729,8.96,9.42,8.78,8.97,339800,0
20150730,8.9,9.12,8.74,8.9,385400,0
20150731,8.96,9.35,8.96,9.28,403400,0
20150803,9.28,9.52,9.04,9.15,522284,0
20150804,9.17,9.38,9,9.07,266400,0
20150805,9.19,9.65,9.08,9.6,757200,0
20150806,9.57,9.718,9.29,9.43,534623,0
20150807,7.8,7.9,6.7,6.75,6049000,0
20150810,7,7.44,6.99,7.34,1777700,0
20150811,7.26,7.39,7.21,7.37,765969,0
20150812,7.29,7.92,7.17,7.57,1231900,0
20150813,7.62,7.78,7.46,7.68,775200,0
20150814,7.66,8.14,7.61,8.1,974500,0
20150817,7.92,8.22,7.92,8.04,564500,0
20150818,7.88,8.11,7.83,8.01,373500,0
20150819,8,8.02,7.81,7.85,384600,0
20150820,7.78,7.78,7.51,7.51,445900,0
20150821,7.32,7.77,7.31,7.71,678000,0
20150824,7.37,7.77,7.205,7.3,744089,0
20150825,7.53,7.53,7,7.17,862900,0
20150826,7.31,7.5,7.18,7.39,378200,0
20150827,7.49,7.62,7.27,7.6,467300,0
20150828,7.61,7.76,7.52,7.64,434100,0
20150831,7.62,7.74,7.45,7.55,745200,0
20150901,7.38,7.49,7.13,7.18,892300,0
20150902,7.32,7.32,7,7.2,907600,0
20150903,7.16,7.33,7.15,7.26,370700,0
20150904,7.15,7.21,7.02,7.12,267100,0
20150908,7.23,7.35,7.15,7.28,886000,0
20150909,7.35,7.53,7.28,7.4,481900,0
20150910,7.42,7.46,7.11,7.28,364740,0
20150911,7.45,7.75,7.37,7.71,663200,0
20150914,7.71,7.76,7.44,7.6,716500,0
20150915,7.57,7.85,7.57,7.75,374200,0
20150916,7.75,8.09,7.7,7.79,854500,0
20150917,7.76,8.18,7.7,8.01,428392,0
20150918,7.9,8.33,7.9,8.29,1161800,0
20150921,8.5,8.5,8.18,8.28,515400,0
20150922,8.16,8.21,8,8.13,442300,0
20150923,8.17,8.17,7.7,7.75,340052,0
20150924,7.69,7.92,7.65,7.89,359113,0
20150925,7.98,8.02,7.56,7.58,322900,0
20150928,7.59,7.68,7.29,7.3,473354,0
20150929,7.33,7.44,7.15,7.23,451900,0
20150930,7.27,7.57,7.27,7.51,430300,0
20151001,7.5,7.55,6.72,6.74,1264700,0
20151002,6.7,6.73,6.45,6.64,1428200,0
20151005,6.73,6.79,6.66,6.72,604229,0
20151006,6.75,6.76,6.54,6.57,453800,0
20151007,6.57,6.63,6.28,6.35,1069200,0
20151008,6.34,6.4,6.24,6.33,865000,0
20151009,6.43,6.73,6.28,6.65,759600,0
20151012,6.9,7.3,6.63,6.84,2076683,0
20151013,6.77,6.94,6.68,6.8,935000,0
20151014,6.79,7.05,6.7,6.94,544400,0
20151015,6.93,7.32,6.93,7.3,418600,0
20151016,7.33,7.39,7.18,7.36,689200,0
20151019,7.34,7.48,7.1,7.16,372844,0
20151020,7.14,7.33,7.11,7.27,472624,0
20151021,7.32,7.4,7.19,7.24,567100,0
20151022,7.27,7.63,7.22,7.5,543400,0
20151023,7.62,7.67,7.39,7.47,341300,0
20151026,7.42,7.59,7.14,7.22,476500,0
20151027,7.24,7.33,7.16,7.31,425500,0
20151028,7.35,7.67,7.24,7.67,437800,0
20151029,7.62,7.99,7.44,7.49,676400,0
20151030,9.25,9.25,8.56,8.9,1535800,0
20151102,8.97,9.29,8.91,9.24,743256,0
20151103,9.17,9.6,9.04,9.5,799200,0
20151104,9.48,9.62,9.29,9.46,629675,0
20151105,9.44,9.75,9.39,9.58,602700,0
20151106,9.52,9.8,9.52,9.71,641600,0
20151109,9.65,9.67,9.305,9.55,434454,0
20151110,9.52,9.64,9.37,9.6,767200,0
20151111,9.6,9.71,9.52,9.56,464400,0
20151112,9.47,9.7,9.41,9.45,792200,0
20151113,9.34,9.39,9.09,9.2,346300,0
20151116,9.23,9.3,9.06,9.24,307600,0
20151117,9.29,9.5,9.24,9.41,361800,0
20151118,9.4,9.6,9.35,9.55,629400,0
20151119,9.58,9.66,9.47,9.51,331600,0
20151120,9.55,9.6,9.42,9.47,373800,0
20151123,9.45,9.53,9.34,9.43,391100,0
20151124,9.4,9.56,9.31,9.53,455400,0
20151125,9.53,9.88,9.48,9.84,336700,0
20151127,9.83,10,9.82,9.98,100600,0
20151130,9.98,10.02,9.73,9.87,826300,0
20151201,9.89,9.97,9.73,9.93,585272,0
20151202,9.94,9.96,9.77,9.83,650790,0
20151203,9.88,9.94,9.5,9.53,412292,0
20151204,9.52,9.77,9.51,9.7,612600,0
20151207,9.75,9.8,9.63,9.71,498100,0
20151208,9.6,10.06,9.6,9.9,831566,0
20151209,9.84,9.89,9.46,9.51,438200,0
20151210,9.45,10.02,9.45,9.51,458200,0
20151211,9.31,9.54,9.15,9.21,368400,0
20151214,9.13,9.31,8.97,9.08,810082,0
20151215,9.1,9.3,9.05,9.18,417100,0
20151216,9.27,9.51,9.16,9.45,313700,0
20151217,9.45,9.54,9.39,9.4,286400,0
20151218,9.34,9.57,9.34,9.48,1216500,0
20151221,9.57,9.57,9.26,9.51,399900,0
20151222,9.49,9.69,9.38,9.57,328534,0
20151223,9.63,9.71,9.52,9.58,422000,0
20151224,9.62,9.64,9.52,9.61,138028,0
20151228,9.59,9.76,9.52,9.68,185887,0
20151229,9.76,9.87,9.705,9.83,399002,0
20151230,9.8,9.89,9.615,9.65,356398,0
20151231,9.62,9.68,9.34,9.54,408610,0
20160104,9.27,9.37,9.014,9.18,599847,0
20160105,9.21,9.36,8.91,8.96,273487,0
20160106,8.8,9,8.75,8.95,516989,0
20160107,8.81,8.97,8.47,8.57,450635,0
20160108,8.6,8.81,8.36,8.4,361571,0
20160111,8.46,8.55,8.29,8.42,369399,0
20160112,8.54,8.67,8.34,8.64,379577,0
20160113,8.66,8.87,8.45,8.5,359019,0
20160114,8.54,8.98,8.34,8.74,434300,0
20160115,8.49,8.61,8.07,8.39,394767,0
20160119,8.5,8.6,8.28,8.43,376100,0
20160120,8.29,8.5,8.03,8.4,321490,0
20160121,8.39,8.53,8.29,8.36,333297,0
20160122,8.52,8.97,8.52,8.8,434864,0
20160125,8.7,8.93,8.4,8.42,626055,0
20160126,8.5,8.58,8.25,8.44,1057421,0
20160127,8.4,8.51,8.36,8.37,394296,0
20160128,8.47,8.57,8.23,8.3,1050325,0
20160129,8.35,8.77,8.325,8.63,556309,0
20160201,8.58,8.88,8.44,8.8,306950,0
20160202,8.73,9.035,8.69,8.99,673908,0
20160203,9.07,9.5,8.64,8.9,436749,0
20160204,8.99,9.4,8.99,9.14,801388,0
20160205,9.1,9.1,8.07,8.15,686028,0
20160208,8.03,8.13,7.34,7.46,483265,0
20160209,7.35,7.73,7.15,7.44,542986,0
20160210,7.39,7.64,7.39,7.54,433029,0
20160211,7.43,7.885,7.28,7.73,583272,0
20160212,7.83,7.88,7.62,7.74,429225,0
20160216,8,8.45,7.95,8.32,1027465,0
20160217,9.19,9.25,8.75,8.8,1248835,0
20160218,8.83,8.83,8.45,8.72,1078465,0
20160219,8.67,8.985,8.54,8.79,395204,0
20160222,8.88,8.92,8.8,8.85,353222,0
20160223,8.81,8.85,8.59,8.69,345693,0
20160224,8.58,9.035,8.57,8.9,868546,0
20160225,8.97,9,8.59,8.78,257731,0
20160226,8.8,9.142,8.71,8.99,274137,0
20160229,9.06,9.32,9,9.27,721903,0
20160301,9.31,9.47,9.3,9.42,761513,0
20160302,9.37,9.6,9.37,9.5,662508,0
20160303,9.49,9.62,9.47,9.49,320959,0
20160304,9.49,9.54,9.27,9.38,613495,0
20160307,9.29,9.67,9.22,9.43,273209,0
20160308,9.41,9.48,8.9354,9.31,387640,0
20160309,9.29,9.4,9.23,9.31,188995,0
20160310,9.37,9.41,8.96,9.17,282521,0
20160311,9.25,9.33,9.075,9.29,324262,0
20160314,9.23,9.55,9.2,9.52,459540,0
20160315,9.32,9.45,9.2,9.32,354857,0
20160316,9.31,9.4,8.985,9,358110,0
20160317,9.1,9.315,8.93,9.25,443421,0
20160318,9.3,9.73,9.28,9.61,858122,0
20160321,9.56,9.73,9.43,9.43,251120,0
20160322,9.37,9.6214,9.065,9.35,297854,0
20160323,9.3,9.39,9.1,9.15,290596,0
20160324,9.09,9.2,8.9,9.16,274785,0
20160328,9.08,9.19,8.89,9.06,438732,0
20160329,9.05,9.4,8.96,9.38,363113,0
20160330,9.46,9.77,9.2,9.57,546486,0
20160331,9.6,9.765,8.6,8.89,3887132,0
20160401,8.91,9.4,8.91,9.26,621412,0
20160404,9.24,9.4,9.225,9.34,593543,0
20160405,9.25,9.29,8.995,9.02,339336,0
20160406,9,9.19,8.99,9.17,289952,0
20160407,9.14,9.25,8.91,8.98,318986,0
20160408,9.09,9.15,8.78,8.98,340916,0
20160411,9,9.055,8.875,8.92,284687,0
20160412,8.95,9.05,8.76,8.8,365158,0
20160413,8.87,8.98,8.8,8.95,687692,0
20160414,8.97,9.06,8.87,8.94,322130,0
20160415,8.91,9.06,8.9,8.97,364178,0
