Date,Open,High,Low,Close,Volume,OpenInt
20100208,11.349,11.349,11.349,11.349,0,0
20100209,11.041,11.164,10.607,11.041,4206071,0
20100210,11.041,11.103,11.035,11.091,258316,0
20100211,11.091,11.257,11.041,11.257,255362,0
20100212,11.134,11.306,11.103,11.299,730354,0
20100216,11.299,11.311,11.134,11.257,146211,0
20100217,11.035,11.257,10.967,11.224,78064,0
20100218,11.196,11.311,11.103,11.189,102639,0
20100219,11.196,11.287,11.116,11.208,42219,0
20100222,11.262,11.287,11.067,11.189,188034,0
20100223,11.189,11.274,11.134,11.17,92757,0
20100224,11.177,11.287,11.11,11.287,38119,0
20100225,11.2,11.262,11.084,11.2,30638,0
20100226,11.164,11.349,11.164,11.316,141840,0
20100301,11.349,11.43,11.316,11.373,126734,0
20100302,11.349,11.446,11.349,11.44,102563,0
20100303,11.44,11.582,11.38,11.569,101768,0
20100304,11.564,11.564,11.386,11.55,58015,0
20100305,11.575,12.287,11.558,12.023,257440,0
20100308,12.201,12.261,11.908,11.961,159604,0
20100309,12.023,12.047,11.753,11.882,129029,0
20100310,11.587,12.483,11.392,11.87,211657,0
20100311,11.656,11.838,11.564,11.746,178027,0
20100312,12.391,12.391,11.736,11.746,91072,0
20100315,11.79,11.918,11.624,11.918,131591,0
20100316,11.822,11.955,11.741,11.838,143712,0
20100317,11.838,11.961,11.569,11.93,66217,0
20100318,11.937,12.065,11.833,12.054,29795,0
20100319,11.908,12.225,11.801,11.801,81775,0
20100322,11.987,12.397,11.858,12.261,133293,0
20100323,12.336,12.488,12.208,12.452,246485,0
20100324,12.574,12.631,12.33,12.447,355222,0
20100325,12.638,13.343,12.521,12.782,349396,0
20100326,12.782,13.543,12.674,13.434,269452,0
20100329,13.496,13.629,13.409,13.496,134512,0
20100330,13.605,13.624,12.782,13.053,645433,0
20100331,12.951,13.311,12.692,12.967,1052921,0
20100401,12.981,13.876,12.869,13.703,204789,0
20100405,13.776,13.876,13.231,13.759,172203,0
20100406,13.839,14.072,13.74,13.856,243290,0
20100407,13.968,14.048,13.729,13.973,144213,0
20100408,13.856,14.293,13.809,14.016,152670,0
20100409,14.121,14.127,13.231,13.98,226581,0
20100412,13.919,14.169,13.912,14.084,73457,0
20100413,14.048,14.698,14.048,14.471,185647,0
20100414,14.594,14.808,14.409,14.557,136554,0
20100415,14.587,14.649,14.262,14.44,114404,0
20100416,14.44,14.452,13.343,13.79,146188,0
20100419,13.716,13.986,13.532,13.931,80063,0
20100420,14.066,14.575,14.066,14.415,61096,0
20100421,14.415,14.415,14.005,14.415,365759,0
20100422,14.594,14.594,14.293,14.501,102358,0
20100423,14.411,14.449,14.35,14.444,42825,0
20100426,14.444,14.587,14.139,14.379,177280,0
20100427,14.342,14.415,13.809,13.846,76253,0
20100428,13.926,14.323,13.894,14.121,346527,0
20100429,14.158,14.44,13.986,14.36,70009,0
20100430,14.435,14.563,14.25,14.269,76727,0
20100503,14.372,14.372,13.98,14.207,47262,0
20100504,13.963,14.109,13.231,14.048,306492,0
20100505,14.042,14.262,13.66,14.133,316013,0
20100506,14.109,14.349,12.336,12.606,280332,0
20100507,13.44,13.613,12.638,13.336,159880,0
20100510,14.212,14.613,13.685,14.428,128256,0
20100511,14.219,14.636,13.809,14.415,99920,0
20100512,14.844,14.844,14.207,14.44,145223,0
20100513,13.948,14.102,13.379,13.54,699749,0
20100514,13.11,13.189,12.822,12.881,5024986,0
20100517,13.01,13.036,12.601,12.938,893409,0
20100518,13.122,13.122,12.71,12.869,569245,0
20100519,12.967,12.967,12.084,12.538,792143,0
20100520,12.36,12.686,12.06,12.208,706485,0
20100521,12.159,12.557,11.961,12.447,331156,0
20100524,12.459,12.692,12.459,12.514,259609,0
20100525,12.054,12.674,11.961,12.653,291305,0
20100526,12.729,12.858,12.41,12.624,230819,0
20100527,12.832,12.981,12.552,12.981,341438,0
20100528,12.986,13.09,12.888,13.09,183136,0
20100601,13.03,13.181,12.717,13.046,169508,0
20100602,13.115,13.133,12.881,13.06,172125,0
20100603,13.01,13.139,12.624,13.066,185965,0
20100604,12.832,13.003,12.766,12.832,286101,0
20100607,12.881,12.974,12.809,12.901,251989,0
20100608,12.901,12.951,12.759,12.944,201297,0
20100609,12.974,13.139,12.624,12.981,235363,0
20100610,13.11,13.158,12.981,13.158,447391,0
20100611,13.09,13.343,13.01,13.311,303918,0
20100614,13.47,13.47,12.574,12.832,826142,0
20100615,12.465,12.61,12.244,12.294,508274,0
20100616,12.084,12.391,12.06,12.176,578772,0
20100617,12.176,12.299,11.969,11.98,385517,0
20100618,11.993,12.188,11.765,11.9,507801,0
20100621,11.961,12.171,11.822,11.888,348938,0
20100622,11.9,12.011,11.753,11.779,293038,0
20100623,11.801,11.95,11.514,11.741,268961,0
20100624,11.699,11.87,11.686,11.746,108892,0
20100625,11.838,11.955,11.661,11.955,693803,0
20100628,11.87,12.029,11.693,11.987,219683,0
20100629,11.87,12.145,11.699,12.084,486527,0
20100630,12.145,12.151,11.811,11.818,481719,0
20100701,11.864,11.908,11.629,11.71,265814,0
20100702,11.779,11.87,11.508,11.673,322421,0
20100706,11.758,11.773,11.508,11.545,129876,0
20100707,11.594,11.894,11.545,11.894,199552,0
20100708,11.95,12.054,11.87,11.98,177293,0
20100709,11.993,12.054,11.875,11.98,144984,0
20100712,12.054,12.225,11.93,12.054,261535,0
20100713,12.159,12.33,12.103,12.287,511344,0
20100714,12.275,12.281,12.122,12.231,191601,0
20100715,12.251,12.317,12.108,12.195,165835,0
20100716,12.208,12.244,12.005,12.054,129189,0
20100719,12.115,12.238,11.912,12.176,149195,0
20100720,12.065,12.176,11.973,12.122,279733,0
20100721,12.145,12.182,11.98,12.103,199669,0
20100722,12.251,12.261,12.005,12.208,174966,0
20100723,12.261,12.452,12.017,12.244,206584,0
20100726,12.268,12.514,12.176,12.509,245704,0
20100727,12.66,12.66,12.244,12.601,256844,0
20100728,12.595,12.595,12.367,12.471,218552,0
20100729,12.509,12.606,12.294,12.531,281034,0
20100730,12.488,12.674,12.459,12.649,487540,0
20100802,12.832,12.832,12.692,12.717,245311,0
20100803,12.717,12.809,12.642,12.642,155192,0
20100804,12.739,12.739,12.367,12.379,256916,0
20100805,12.422,12.557,12.348,12.434,493760,0
20100806,12.397,12.465,12.33,12.41,233553,0
20100809,12.538,12.545,12.36,12.428,216871,0
20100810,12.397,12.488,12.268,12.268,207235,0
20100811,11.973,12.238,11.502,12.06,397836,0
20100812,11.961,12.488,11.961,12.422,270235,0
20100813,12.422,12.545,12.305,12.422,126304,0
20100816,12.428,12.538,12.317,12.434,362704,0
20100817,12.574,12.574,12.422,12.483,208713,0
20100818,12.428,12.478,12.275,12.281,241608,0
20100819,12.281,12.397,12.218,12.231,168968,0
20100820,12.251,12.33,12.159,12.188,262865,0
20100823,12.201,12.268,12.145,12.145,171636,0
20100824,12.054,12.367,12.054,12.06,383480,0
20100825,12.054,12.182,12.036,12.145,183429,0
20100826,12.225,12.251,11.918,11.918,256278,0
20100827,12.011,12.176,11.987,12.176,146957,0
20100830,12.176,12.275,12.128,12.133,138046,0
20100831,12.109,12.117,12.021,12.046,254735,0
20100901,12.201,12.36,12.115,12.281,293439,0
20100902,12.367,12.428,12.257,12.275,265612,0
20100903,12.373,12.465,12.317,12.373,268919,0
20100907,12.434,12.483,12.268,12.287,357714,0
20100908,12.317,12.422,12.268,12.33,252878,0
20100909,12.379,12.44,12.213,12.294,330809,0
20100910,12.348,12.483,12.275,12.422,266177,0
20100913,12.483,12.574,12.36,12.525,318714,0
20100914,12.564,12.667,12.531,12.574,374637,0
20100915,12.151,12.502,12.14,12.422,329784,0
20100916,12.41,12.502,12.317,12.348,283034,0
20100917,12.299,12.452,12.268,12.379,178123,0
20100920,12.391,12.674,12.305,12.653,256715,0
20100921,12.667,12.729,12.574,12.653,193659,0
20100922,12.567,12.753,12.514,12.717,220461,0
20100923,12.686,12.881,12.521,12.552,146480,0
20100924,12.674,12.789,12.595,12.735,140772,0
20100927,12.759,12.881,12.759,12.875,317573,0
20100928,12.814,13.036,12.686,13.003,231706,0
20100929,13.003,13.299,12.951,13.287,333912,0
20100930,13.374,13.374,13.035,13.16,207652,0
20101001,13.17,13.311,13.164,13.237,175059,0
20101004,13.299,13.311,13.079,13.2,198071,0
20101005,13.311,13.311,13.177,13.251,194865,0
20101006,13.324,13.36,13.164,13.237,207660,0
20101007,13.311,13.316,13.079,13.2,156113,0
20101008,13.268,13.348,13.17,13.243,185431,0
20101011,13.299,13.343,13.152,13.219,577957,0
20101012,13.219,13.316,13.158,13.243,164849,0
20101013,13.343,13.404,13.256,13.293,284160,0
20101014,13.311,13.502,13.287,13.404,493487,0
20101015,13.502,13.502,13.316,13.459,321478,0
20101018,13.496,13.532,13.385,13.434,193595,0
20101019,13.36,13.55,13.36,13.507,252744,0
20101020,13.514,13.569,13.496,13.543,315992,0
20101021,13.557,13.562,13.428,13.489,227225,0
20101022,13.526,13.716,13.477,13.667,235854,0
20101025,13.776,13.802,13.532,13.66,373493,0
20101026,13.557,13.703,13.532,13.674,833280,0
20101027,13.576,13.802,13.576,13.753,215040,0
20101028,13.74,13.894,13.576,13.624,331396,0
20101029,13.584,13.79,13.584,13.69,284241,0
20101101,13.802,14.066,13.74,13.827,268149,0
20101102,13.948,14.048,13.853,14.029,236708,0
20101103,14.415,14.415,13.882,14.244,350580,0
20101104,14.36,14.402,14.127,14.238,737440,0
20101105,14.182,14.415,14.09,14.176,1334122,0
20101108,14.169,14.281,14.102,14.226,332866,0
20101109,14.226,14.281,14.01,14.01,248941,0
20101110,14.066,14.238,13.955,14.158,203459,0
20101111,14.109,14.274,14.109,14.274,409104,0
20101112,14.164,14.342,14.145,14.293,310315,0
20101115,14.379,14.488,14.262,14.305,352468,0
20101116,14.169,14.329,13.862,14.016,431846,0
20101117,14.005,14.317,14.005,14.176,224572,0
20101118,14.349,14.391,14.176,14.188,371490,0
20101119,14.274,14.471,14.212,14.379,242026,0
20101122,14.349,14.367,14.262,14.367,273521,0
20101123,14.305,14.501,14.305,14.391,194046,0
20101124,14.471,14.478,14.385,14.422,142668,0
20101126,14.336,14.508,14.336,14.501,135170,0
20101129,14.409,14.495,14.391,14.452,203692,0
20101130,14.405,14.588,14.324,14.362,2394062,0
20101201,14.606,14.876,14.402,14.827,374778,0
20101202,14.778,14.838,14.544,14.748,397487,0
20101203,14.771,14.912,14.685,14.881,444762,0
20101206,14.876,15.299,14.876,15.134,265330,0
20101207,15.299,15.575,15.157,15.361,367035,0
20101208,15.44,15.562,15.335,15.353,279337,0
20101209,15.378,15.378,15.072,15.144,311978,0
20101210,15.102,15.335,15.065,15.281,264702,0
20101213,15.397,15.397,15.268,15.268,319105,0
20101214,15.324,15.335,15.028,15.317,561938,0
20101215,15.274,15.287,14.685,14.741,690811,0
20101216,14.809,14.99,14.74,14.915,306596,0
20101217,14.948,15.028,14.778,14.925,285072,0
20101220,15.028,15.078,14.784,14.919,218378,0
20101221,15.004,15.084,14.972,15.059,195315,0
20101222,15.059,15.292,15.059,15.207,214062,0
20101223,15.274,15.335,15.163,15.17,150240,0
20101227,15.225,15.324,14.998,15.299,171434,0
20101228,15.384,15.459,15.249,15.39,149168,0
20101229,15.413,15.522,15.181,15.194,151775,0
20101230,15.245,15.341,15.219,15.341,239830,0
20101231,15.395,15.457,15.185,15.198,75210,0
20110103,15.317,15.373,15.219,15.33,153940,0
20110104,15.341,15.341,14.998,15.065,151382,0
20110105,14.986,15.31,14.986,15.292,164393,0
20110106,15.035,15.384,15.035,15.268,138351,0
20110107,15.268,15.268,15.065,15.212,75324,0
20110110,15.144,15.144,14.821,14.894,285490,0
20110111,14.894,15.157,14.735,15.151,244070,0
20110112,15.182,15.262,14.991,15.102,153700,0
20110113,15.072,15.231,14.821,15.231,181658,0
20110114,15.157,15.219,14.857,14.967,295517,0
20110118,15.022,15.17,14.728,14.832,266510,0
20110119,14.741,14.801,14.269,14.482,380453,0
20110120,14.478,14.636,14.367,14.508,133512,0
20110121,14.563,14.808,14.563,14.71,133843,0
20110124,14.801,15.219,14.661,14.962,161806,0
20110125,14.998,15.096,14.649,14.943,169789,0
20110126,14.986,15.084,14.801,14.955,145724,0
20110127,14.937,15.207,14.925,15.054,114617,0
20110128,15.072,15.212,14.667,14.869,104119,0
20110131,14.961,15.096,14.567,14.567,271760,0
20110201,14.704,15.274,14.613,15.127,349629,0
20110202,15.084,15.33,15.042,15.096,300128,0
20110203,15.011,15.212,14.813,15.12,89385,0
20110204,15.096,15.324,15.042,15.219,219936,0
20110207,15.219,15.44,15.127,15.244,290232,0
20110208,15.317,15.452,15.274,15.274,433398,0
20110209,15.341,15.421,15.244,15.373,86725,0
20110210,15.387,15.533,15.337,15.342,138415,0
20110211,15.335,15.612,15.335,15.587,143199,0
20110214,15.403,15.502,15.163,15.482,1570352,0
20110215,15.39,15.532,15.262,15.335,273736,0
20110216,15.335,15.513,15.274,15.335,142635,0
20110218,15.335,15.361,15.305,15.335,99991,0
20110222,15.17,15.274,14.838,14.844,306467,0
20110223,15.011,15.17,14.624,14.704,277780,0
20110224,14.765,15.035,14.714,14.864,374312,0
20110225,14.953,15.281,14.846,15.154,265070,0
20110228,15.194,15.297,14.986,15.026,261072,0
20110301,15.028,15.123,14.814,14.846,235042,0
20110302,15.438,15.457,14.966,15.042,588820,0
20110303,15.4,15.438,15.167,15.18,461730,0
20110304,15.255,15.342,14.966,15.092,410240,0
20110307,15.212,15.212,14.881,14.948,236110,0
20110308,14.998,15.016,14.809,14.909,516760,0
20110309,14.972,14.978,14.72,14.846,319707,0
20110310,14.801,14.822,14.5,14.777,321886,0
20110311,14.713,14.859,14.663,14.801,190237,0
20110314,14.79,14.865,14.67,14.79,261568,0
20110315,14.563,14.827,13.758,14.747,582209,0
20110316,14.79,14.978,14.569,14.62,259383,0
20110317,14.782,14.845,14.625,14.698,182159,0
20110318,14.822,14.883,14.625,14.659,222999,0
20110321,14.809,14.903,14.72,14.801,157902,0
20110322,14.713,14.809,14.5,14.563,236426,0
20110323,14.625,14.72,14.563,14.659,114178,0
20110324,14.801,14.947,14.652,14.795,131360,0
20110325,14.897,14.972,14.764,14.871,251098,0
20110328,14.972,15.048,14.846,14.889,203891,0
20110329,14.972,15.048,14.897,15.035,168464,0
20110330,15.054,15.249,14.985,15.223,272226,0
20110331,15.253,15.273,14.974,15.021,197346,0
20110401,15.173,15.287,15.079,15.148,225301,0
20110404,15.217,15.325,15.073,15.242,241728,0
20110405,15.261,15.33,15.16,15.198,198584,0
20110406,15.274,15.469,15.048,15.457,323745,0
20110407,15.494,15.57,15.223,15.469,310698,0
20110408,15.538,15.57,15.287,15.325,174673,0
20110411,15.267,15.721,15.267,15.387,557512,0
20110412,15.33,15.393,15.236,15.242,151793,0
20110413,15.362,15.406,15.048,15.123,176717,0
20110414,15.098,15.381,15.098,15.362,146078,0
20110415,15.368,15.57,15.33,15.413,147356,0
20110418,15.457,15.538,15.211,15.318,190119,0
20110419,15.413,15.457,15.098,15.098,243916,0
20110420,15.311,15.538,15.255,15.362,153806,0
20110421,15.513,15.538,15.4,15.443,150583,0
20110425,15.375,15.481,15.223,15.481,528215,0
20110426,15.6,15.709,15.513,15.513,227324,0
20110427,15.633,15.701,15.4,15.589,235337,0
20110428,15.664,15.909,15.626,15.822,282059,0
20110429,15.886,16.11,15.886,15.966,272500,0
20110502,16.111,16.313,15.847,15.915,358080,0
20110503,15.914,16.301,15.722,15.818,201266,0
20110504,15.803,15.814,15.538,15.689,221518,0
20110505,15.689,15.754,15.348,15.375,356599,0
20110506,15.518,15.563,15.413,15.443,157527,0
20110509,15.533,15.671,15.45,15.633,173676,0
20110510,15.694,15.728,15.576,15.728,242358,0
20110511,15.729,15.8,15.598,15.605,171687,0
20110512,15.664,15.701,15.475,15.595,149116,0
20110513,15.657,15.664,15.481,15.518,134553,0
20110516,15.413,15.589,15.318,15.325,220236,0
20110517,15.406,15.556,15.293,15.425,238963,0
20110518,15.551,15.721,15.469,15.556,279430,0
20110519,15.645,15.822,15.406,15.595,269399,0
20110520,15.58,15.722,15.477,15.638,242098,0
20110523,15.551,15.613,15.475,15.525,188502,0
20110524,15.545,15.57,15.236,15.362,290026,0
20110525,15.261,15.438,15.223,15.355,235920,0
20110526,15.325,15.475,15.255,15.438,203835,0
20110527,15.508,15.528,15.379,15.504,129275,0
20110531,15.662,15.715,15.477,15.57,303490,0
20110601,15.589,15.589,15.242,15.249,265917,0
20110602,15.249,15.4,15.192,15.318,249958,0
20110603,15.225,15.362,15.199,15.245,209356,0
20110606,15.287,15.33,15.098,15.123,327501,0
20110607,15.56,15.761,15.431,15.612,1264244,0
20110608,15.677,15.8,15.573,15.58,786785,0
20110609,15.722,15.838,15.638,15.656,563079,0
20110610,15.677,15.754,15.632,15.664,469829,0
20110613,15.786,15.914,15.715,15.772,587057,0
20110614,15.914,16.031,15.792,15.947,729215,0
20110615,15.96,16.172,15.895,16.012,866598,0
20110616,15.684,15.884,15.656,15.772,1091718,0
20110617,15.8,15.83,15.593,15.702,483927,0
20110620,15.618,15.863,15.598,15.845,405065,0
20110621,15.85,15.934,15.67,15.807,599808,0
20110622,15.772,15.908,15.748,15.856,436530,0
20110623,15.754,15.868,15.664,15.761,454541,0
20110624,15.779,16.089,15.632,15.901,7464980,0
20110627,15.884,15.914,15.786,15.85,531883,0
20110628,15.85,15.889,15.779,15.856,429255,0
20110629,15.863,15.908,15.767,15.811,360456,0
20110630,15.789,15.952,15.789,15.905,437205,0
20110701,15.908,16.204,15.876,16.07,502561,0
20110705,16.024,16.043,15.908,15.979,374850,0
20110706,15.895,16.14,15.895,16.115,478472,0
20110707,16.204,16.21,16.115,16.172,345973,0
20110708,16.109,16.165,16.063,16.134,281012,0
20110711,16.031,16.081,15.928,15.94,252253,0
20110712,15.914,16.115,15.914,15.953,317449,0
20110713,16.012,16.14,15.934,15.979,296544,0
20110714,15.96,15.999,15.684,15.733,329091,0
20110715,15.754,15.838,15.618,15.792,339404,0
20110718,15.786,15.786,15.496,15.496,351896,0
20110719,15.605,15.761,15.567,15.618,322049,0
20110720,15.715,15.754,15.496,15.548,394716,0
20110721,15.605,15.67,15.528,15.58,452327,0
20110722,15.598,15.624,15.515,15.56,310502,0
20110725,15.47,15.56,15.367,15.458,340733,0
20110726,15.497,15.55,15.398,15.504,363206,0
20110727,15.463,15.49,15.084,15.096,672319,0
20110728,15.166,15.372,15.086,15.134,244277,0
20110729,15.08,15.1,14.658,14.848,559720,0
20110801,15.031,15.084,14.704,15.026,712927,0
20110802,15.266,15.577,14.888,15.014,768001,0
20110803,15.142,15.406,14.761,15.154,614349,0
20110804,15.027,15.119,13.851,13.948,1285823,0
20110805,14.118,14.729,13.023,13.764,958749,0
20110808,12.887,13.634,12.751,12.751,1018690,0
20110809,12.827,13.627,12.352,13.55,1072621,0
20110810,14.085,14.175,13.273,13.402,816664,0
20110811,13.467,13.943,13.26,13.802,832031,0
20110812,14.027,14.266,13.782,14.163,509111,0
20110815,14.175,14.561,14.175,14.523,411870,0
20110816,14.362,14.466,13.975,14.284,445234,0
20110817,14.367,14.466,14.092,14.246,248268,0
20110818,13.948,13.956,13.325,13.543,577583,0
20110819,13.325,13.802,13.26,13.325,322443,0
20110822,13.44,13.685,13.37,13.518,313808,0
20110823,13.601,14.066,13.531,14.047,460736,0
20110824,14.104,14.413,13.918,14.323,303985,0
20110825,14.466,14.51,13.731,13.854,358128,0
20110826,13.815,14.339,13.664,14.161,298713,0
20110829,14.337,14.87,14.188,14.858,400721,0
20110830,14.82,14.91,14.607,14.82,299953,0
20110831,14.885,15.143,14.826,14.9,690964,0
20110901,14.851,15.012,14.427,14.479,468220,0
20110902,14.18,14.314,14.023,14.036,366320,0
20110906,13.743,14.239,13.703,14.166,527837,0
20110907,14.386,14.722,14.213,14.662,565427,0
20110908,14.623,14.75,14.41,14.483,292948,0
20110909,14.432,14.504,14.18,14.292,377715,0
20110912,14.173,14.557,14.075,14.531,404798,0
20110913,14.538,14.888,14.511,14.848,441587,0
20110914,14.895,14.981,14.603,14.855,464476,0
20110915,14.962,14.962,14.662,14.729,666504,0
20110916,14.783,14.815,14.504,14.643,441886,0
20110919,14.299,14.543,14.2,14.371,271108,0
20110920,14.371,14.451,13.942,13.987,415076,0
20110921,13.987,14.06,13.431,13.493,363961,0
20110922,13.333,13.472,13.036,13.28,657642,0
20110923,13.255,13.498,13.2,13.346,305467,0
20110926,13.498,13.498,13.055,13.392,311203,0
20110927,13.671,13.902,13.452,13.571,749599,0
20110928,13.571,13.736,13.047,13.101,336476,0
20110929,13.459,13.775,13.36,13.764,291196,0
20110930,13.552,13.719,13.314,13.321,334500,0
20111003,13.267,13.54,12.983,12.99,476801,0
20111004,12.929,13.54,12.507,13.498,737532,0
20111005,13.42,13.54,13.234,13.426,291232,0
20111006,13.367,13.77,13.255,13.75,370720,0
20111007,13.764,13.868,13.399,13.431,212799,0
20111010,13.671,13.942,13.571,13.923,330909,0
20111011,13.89,14.18,13.868,14.134,299886,0
20111012,14.139,14.365,14.134,14.273,300868,0
20111013,14.246,14.273,13.908,14.18,231598,0
20111014,14.28,14.379,14.075,14.325,200964,0
20111017,14.233,14.371,14.042,14.088,222150,0
20111018,14.186,14.551,14.048,14.483,222847,0
20111019,14.458,14.551,13.942,14.028,367890,0
20111020,13.982,14.121,13.724,13.987,267845,0
20111021,14.186,14.299,13.963,14.286,281108,0
20111024,14.346,14.518,14.332,14.49,231466,0
20111025,14.417,14.491,14.159,14.24,227000,0
20111026,14.432,14.697,14.233,14.658,228132,0
20111027,14.942,15.08,14.704,15.02,545462,0
20111028,14.914,15.113,14.902,14.947,283616,0
20111031,14.625,14.877,14.597,14.689,260670,0
20111101,14.036,14.398,13.906,13.996,437772,0
20111102,14.325,14.386,13.485,13.717,499675,0
20111103,13.881,13.881,13.467,13.752,863395,0
20111104,14.261,14.838,14.091,14.574,2193496,0
20111107,14.881,14.927,14.71,14.794,1182369,0
20111108,14.994,15.1,14.829,15.073,871743,0
20111109,14.892,14.933,14.697,14.785,830000,0
20111110,15.341,15.653,15.198,15.328,1183423,0
20111111,15.636,15.636,15.232,15.325,888870,0
20111114,15.424,15.424,15.113,15.219,710103,0
20111115,15.259,15.563,15.219,15.411,518995,0
20111116,15.186,15.272,14.895,14.942,1036441,0
20111117,14.962,15.146,14.914,15.041,809840,0
20111118,15.008,15.286,15.008,15.159,764823,0
20111121,14.922,14.981,14.729,14.855,651306,0
20111122,14.967,15.008,14.754,14.836,393179,0
20111123,14.754,14.809,14.511,14.551,647788,0
20111125,14.52,14.831,14.498,14.498,200157,0
20111128,15.014,15.054,14.63,14.77,500842,0
20111129,14.776,14.823,14.658,14.722,378221,0
20111130,15.194,15.315,15.036,15.23,849152,0
20111201,15.212,15.219,15.001,15.008,587455,0
20111202,15.219,15.328,15.104,15.28,525819,0
20111205,15.47,15.552,15.348,15.491,566192,0
20111206,15.334,15.417,15.219,15.314,681301,0
20111207,15.26,15.382,15.117,15.348,488599,0
20111208,15.26,15.362,15.057,15.062,508095,0
20111209,15.179,15.334,15.11,15.266,569907,0
20111212,15.205,15.28,15.131,15.219,837527,0
20111213,15.273,15.388,14.88,14.987,570955,0
20111214,14.907,14.947,14.546,14.682,734929,0
20111215,14.778,14.907,14.62,14.689,412995,0
20111216,14.791,14.845,14.539,14.574,647186,0
20111219,14.641,14.682,14.336,14.356,598781,0
20111220,14.587,14.778,14.559,14.62,586443,0
20111221,14.641,14.674,14.484,14.614,405588,0
20111222,14.674,15.015,14.648,14.981,335994,0
20111223,15.076,15.157,14.981,15.138,228451,0
20111227,15.11,15.15,15.028,15.104,231699,0
20111228,15.096,15.117,14.907,14.947,197586,0
20111229,15.05,15.185,14.968,15.028,258083,0
20111230,15.05,15.131,14.947,15.009,268702,0
20120103,15.212,15.28,15.028,15.124,250892,0
20120104,15.036,15.212,15.015,15.042,169162,0
20120105,15.028,15.246,14.885,15.157,234769,0
20120106,15.157,15.287,15.015,15.172,229120,0
20120109,15.219,15.287,15.009,15.076,229706,0
20120110,15.117,15.382,15.09,15.348,339363,0
20120111,15.308,15.369,15.157,15.3,159377,0
20120112,15.287,15.457,15.287,15.369,266644,0
20120113,15.287,15.369,15.287,15.3,167232,0
20120117,15.393,15.435,15.296,15.324,573074,0
20120118,15.354,15.593,15.3,15.586,305485,0
20120119,15.612,15.694,15.498,15.634,344648,0
20120120,15.627,15.647,15.477,15.483,490004,0
20120123,15.511,15.538,15.293,15.403,420626,0
20120124,15.348,15.477,15.308,15.375,263961,0
20120125,15.388,15.47,15.321,15.417,322551,0
20120126,15.457,15.573,15.437,15.491,338164,0
20120127,15.498,15.518,15.354,15.403,267586,0
20120130,15.321,15.45,15.3,15.369,292314,0
20120131,15.45,15.56,15.317,15.525,501649,0
20120201,15.545,15.694,15.498,15.66,423037,0
20120202,15.647,15.797,15.598,15.722,275473,0
20120203,15.892,16.001,15.789,15.932,547383,0
20120206,15.864,15.96,15.741,15.87,352903,0
20120207,15.899,16.047,15.838,15.994,250597,0
20120208,16.122,16.15,15.627,15.748,448754,0
20120209,15.861,15.924,15.624,15.882,281721,0
20120210,15.748,15.845,15.58,15.58,241958,0
20120213,15.701,15.845,15.66,15.823,247374,0
20120214,15.789,15.789,15.457,15.511,354936,0
20120215,15.606,15.668,15.334,15.348,334252,0
20120216,15.321,15.681,15.3,15.66,335906,0
20120217,15.764,15.789,15.701,15.741,347903,0
20120221,15.864,16.041,15.782,15.911,351440,0
20120222,15.925,15.932,15.653,15.729,461632,0
20120223,15.776,16.068,15.729,16.068,645195,0
20120224,16.09,16.231,16.014,16.148,340705,0
20120227,16.129,16.129,15.83,15.892,418567,0
20120228,15.899,15.925,15.77,15.797,449506,0
20120229,15.804,15.888,15.624,15.624,518560,0
20120301,15.756,15.756,15.634,15.634,572671,0
20120302,15.644,15.699,15.498,15.574,811630,0
20120305,15.606,15.606,15.321,15.354,903627,0
20120306,15.288,15.386,15.106,15.114,865586,0
20120307,15.177,15.317,15.163,15.274,340029,0
20120308,15.324,15.338,15.219,15.296,514222,0
20120309,15.296,15.441,15.254,15.407,442614,0
20120312,15.512,15.534,15.415,15.518,459682,0
20120313,15.602,15.679,15.525,15.679,532634,0
20120314,15.699,15.79,15.624,15.657,451487,0
20120315,15.764,15.799,15.666,15.748,805367,0
20120316,15.79,15.832,15.657,15.707,724688,0
20120319,15.666,15.811,15.631,15.651,370332,0
20120320,15.574,15.679,15.534,15.534,267525,0
20120321,15.534,15.567,15.45,15.483,303503,0
20120322,15.386,15.477,15.351,15.365,300547,0
20120323,15.373,15.483,15.344,15.45,427499,0
20120326,15.525,15.589,15.393,15.483,362467,0
20120327,15.567,15.567,15.393,15.45,272499,0
20120328,15.463,15.498,15.344,15.378,271270,0
20120329,15.359,15.4,15.274,15.274,318461,0
20120330,15.393,15.47,15.344,15.393,678045,0
20120402,15.386,15.525,15.344,15.525,324444,0
20120403,15.672,15.672,15.42,15.47,428980,0
20120404,15.344,15.512,15.344,15.498,574612,0
20120405,15.407,15.512,15.282,15.288,239284,0
20120409,15.212,15.233,15.143,15.205,447614,0
20120410,15.114,15.143,14.647,14.723,791591,0
20120411,14.864,15.017,14.814,14.94,380894,0
20120412,14.988,14.988,14.899,14.961,222411,0
20120413,14.981,14.981,14.563,14.577,557052,0
20120416,14.439,14.451,13.984,14.284,1054397,0
20120417,14.325,14.577,14.306,14.486,318360,0
20120418,14.473,14.473,14.186,14.312,289431,0
20120419,14.243,14.424,14.172,14.291,303568,0
20120420,14.451,14.451,14.298,14.354,243919,0
20120423,14.243,14.243,14.04,14.228,310541,0
20120424,14.18,14.397,14.18,14.375,257275,0
20120425,14.466,14.613,14.444,14.473,238962,0
20120426,14.473,14.521,14.424,14.458,247172,0
20120427,14.458,14.605,14.444,14.577,232456,0
20120430,14.528,14.557,14.444,14.479,201366,0
20120501,14.402,14.71,14.402,14.486,366730,0
20120502,14.647,15.274,14.597,15.274,700526,0
20120503,15.309,15.338,14.996,15.197,456285,0
20120504,15.058,15.058,14.864,14.954,499348,0
20120507,14.947,15.149,14.89,15.135,371094,0
20120508,15.1,15.24,15.038,15.163,361126,0
20120509,15.094,15.338,15.08,15.274,249621,0
20120510,15.344,15.495,15.309,15.438,263477,0
20120511,15.324,15.393,15.212,15.288,210238,0
20120514,15.205,15.212,15.065,15.08,225226,0
20120515,15.065,15.24,15.065,15.086,154769,0
20120516,15.094,15.226,14.996,15.053,364308,0
20120517,15.106,15.106,14.856,14.856,210530,0
20120518,14.822,14.905,14.542,14.577,314452,0
20120521,14.613,14.988,14.577,14.988,242773,0
20120522,15.017,15.191,14.78,14.877,280897,0
20120523,14.731,15.128,14.661,15.08,264305,0
20120524,15.128,15.156,14.954,15.156,157253,0
20120525,15.184,15.219,15.038,15.156,149024,0
20120529,15.184,15.274,14.968,15.094,236081,0
20120530,15.038,15.274,14.926,15.135,293707,0
20120531,15.184,15.254,14.996,15.184,550126,0
20120601,14.992,15.244,14.927,14.978,420437,0
20120604,15.08,15.191,14.961,15.03,253360,0
20120605,15.021,15.272,14.965,15.208,301005,0
20120606,15.258,15.344,15.25,15.337,212830,0
20120607,15.444,15.573,15.337,15.344,320371,0
20120608,15.337,15.465,15.272,15.459,213414,0
20120611,15.588,15.588,15.344,15.351,295019,0
20120612,15.028,15.438,15.028,15.438,290075,0
20120613,15.374,15.488,15.3,15.33,246850,0
20120614,15.387,15.387,15.222,15.359,719049,0
20120615,15.379,15.558,15.33,15.344,507861,0
20120618,15.258,15.465,15.244,15.351,292726,0
20120619,15.379,15.737,15.337,15.667,360213,0
20120620,15.659,15.667,15.465,15.508,185277,0
20120621,15.508,15.545,15.365,15.417,225151,0
20120622,15.444,15.659,15.387,15.651,308825,0
20120625,15.545,15.558,15.417,15.417,192628,0
20120626,15.459,15.537,15.423,15.472,132493,0
20120627,15.508,15.847,15.508,15.839,386088,0
20120628,15.804,16.09,15.717,16.061,479963,0
20120629,16.192,16.204,15.768,15.961,365448,0
20120702,15.961,16.168,15.866,16.155,302234,0
20120703,16.168,16.376,16.155,16.34,196578,0
20120705,16.313,16.383,16.27,16.333,221952,0
20120706,16.284,16.413,16.24,16.305,224709,0
20120709,16.24,16.383,16.24,16.369,257048,0
20120710,16.383,16.413,16.349,16.383,344246,0
20120711,16.419,16.456,16.313,16.405,341791,0
20120712,16.355,16.505,16.219,16.5,336205,0
20120713,16.505,16.671,16.477,16.64,234919,0
20120716,16.579,16.743,16.536,16.676,229984,0
20120717,16.684,16.727,16.606,16.684,419547,0
20120718,16.676,16.743,16.629,16.727,256041,0
20120719,16.743,16.743,16.484,16.505,159387,0
20120720,16.477,16.554,16.456,16.477,155199,0
20120723,16.313,16.493,16.175,16.349,167821,0
20120724,16.399,16.456,16.168,16.284,148521,0
20120725,16.369,16.463,16.262,16.319,137989,0
20120726,16.426,16.484,16.262,16.419,164690,0
20120727,16.477,16.562,16.297,16.319,278331,0
20120730,16.277,16.493,16.277,16.426,145545,0
20120731,16.333,16.671,16.27,16.326,488663,0
20120801,16.319,16.391,16.025,16.025,373478,0
20120802,15.989,16.09,15.86,15.961,274321,0
20120803,16.148,16.294,15.961,15.997,376978,0
20120806,16.025,16.548,15.989,16.441,380709,0
20120807,16.369,16.469,16.204,16.226,248706,0
20120808,16.21,16.391,16.21,16.383,197802,0
20120809,16.305,16.441,16.246,16.426,195413,0
20120810,16.376,16.426,16.284,16.349,158603,0
20120813,16.305,16.456,16.246,16.456,370227,0
20120814,16.493,16.493,16.362,16.433,211877,0
20120815,16.383,16.463,16.383,16.463,145671,0
20120816,16.413,16.562,16.413,16.562,224404,0
20120817,16.543,16.543,16.47,16.543,237884,0
20120820,16.543,16.571,16.433,16.543,350829,0
20120821,16.548,16.562,16.469,16.527,412672,0
20120822,16.493,16.543,15.932,16.484,291809,0
20120823,16.376,16.463,16.112,16.297,404798,0
20120824,16.313,16.5,16.226,16.5,291160,0
20120827,16.493,16.562,16.399,16.536,262798,0
20120828,16.597,16.633,16.441,16.463,312231,0
20120829,16.511,16.707,16.464,16.665,271804,0
20120830,16.622,16.671,16.519,16.548,264965,0
20120831,16.64,16.64,16.493,16.586,402758,0
20120904,16.597,16.849,16.579,16.801,393041,0
20120905,16.836,16.836,16.679,16.715,235871,0
20120906,16.801,16.836,16.383,16.758,558639,0
20120907,16.836,16.93,16.649,16.828,373111,0
20120910,16.828,16.879,16.77,16.793,343722,0
20120911,16.836,16.862,16.778,16.845,193735,0
20120912,16.914,16.94,16.778,16.849,234552,0
20120913,16.893,16.992,16.75,16.923,303884,0
20120914,16.992,17.001,16.887,16.965,398106,0
20120917,16.984,17.008,16.893,16.93,605715,0
20120918,16.986,17.143,16.789,17.022,606893,0
20120919,17.022,17.047,16.809,16.825,394770,0
20120920,16.809,16.933,16.737,16.804,302351,0
20120921,16.95,17.105,16.809,17.047,482751,0
20120924,17.055,17.143,16.892,16.941,384523,0
20120925,16.994,17.075,16.54,16.545,364927,0
20120926,16.54,16.842,16.524,16.722,293343,0
20120927,16.797,16.923,16.729,16.905,362486,0
20120928,16.842,16.892,16.789,16.861,433343,0
20121001,16.887,16.887,16.64,16.746,231215,0
20121002,16.842,16.905,16.657,16.773,301307,0
20121003,16.842,16.848,16.604,16.64,179372,0
20121004,16.649,16.722,16.604,16.708,177813,0
20121005,16.737,16.898,16.716,16.746,117633,0
20121008,16.746,16.833,16.665,16.722,172791,0
20121009,16.76,16.885,16.568,16.584,168506,0
20121010,16.629,16.656,16.413,16.509,156710,0
20121011,16.613,16.629,16.496,16.577,182428,0
20121012,16.677,16.677,16.451,16.501,158198,0
20121015,16.501,16.589,16.339,16.488,194694,0
20121016,16.509,16.809,16.488,16.809,201762,0
20121017,16.809,16.974,16.765,16.898,158109,0
20121018,16.842,16.936,16.774,16.854,149879,0
20121019,16.773,16.818,16.589,16.604,254031,0
20121022,16.621,16.708,16.552,16.629,128396,0
20121023,16.56,16.64,16.479,16.605,260896,0
20121024,16.782,16.923,16.694,16.825,363320,0
20121025,16.848,16.941,16.789,16.936,257413,0
20121026,16.887,16.95,16.765,16.848,184843,0
20121031,16.887,16.95,16.746,16.765,249513,0
20121101,16.76,16.854,16.701,16.797,429627,0
20121102,16.842,16.958,16.716,16.869,669646,0
20121105,16.833,16.95,16.746,16.898,371576,0
20121106,16.974,16.979,16.848,16.914,293182,0
20121107,16.782,16.914,16.604,16.672,343892,0
20121108,16.672,16.729,16.552,16.56,448698,0
20121109,16.369,16.613,16.369,16.524,356187,0
20121112,16.509,16.677,16.509,16.657,196877,0
20121113,16.64,16.677,16.488,16.545,326621,0
20121114,16.552,16.552,15.634,15.78,605264,0
20121115,15.773,16.09,15.708,16.031,359555,0
20121116,16.031,16.584,16.031,16.54,386978,0
20121119,16.589,16.887,16.509,16.746,384235,0
20121120,16.737,16.746,16.509,16.621,239499,0
20121121,16.589,16.716,16.552,16.613,183685,0
20121123,16.701,16.746,16.64,16.722,131448,0
20121126,16.722,16.722,16.369,16.63,467921,0
20121127,16.596,16.716,16.552,16.604,194074,0
20121128,16.577,16.629,16.362,16.515,209785,0
20121129,16.584,16.848,16.524,16.818,232839,0
20121130,16.869,16.914,16.737,16.848,457491,0
20121203,16.923,16.982,16.809,16.853,147032,0
20121204,16.773,16.921,16.753,16.789,114889,0
20121205,16.809,16.848,16.621,16.818,114765,0
20121206,16.765,16.842,16.722,16.797,123544,0
20121207,16.848,16.854,16.552,16.825,175199,0
20121210,16.848,16.905,16.708,16.869,184092,0
20121211,16.958,17.011,16.729,16.941,279580,0
20121212,16.936,17.039,16.76,16.833,456519,0
20121213,16.869,17.067,16.842,16.936,216363,0
20121214,16.958,17.143,16.914,17.002,279606,0
20121217,17.002,17.268,16.974,17.127,488142,0
20121218,17.271,17.814,17.217,17.785,596099,0
20121219,17.747,17.859,17.642,17.852,393778,0
20121220,17.889,18.087,17.754,18.072,339970,0
20121221,17.55,17.951,17.467,17.927,737356,0
20121224,17.882,17.882,17.573,17.844,158107,0
20121226,17.822,18.034,17.777,17.876,200380,0
20121227,17.844,18.011,17.618,17.876,293949,0
20121228,17.732,18.003,17.703,17.837,172213,0
20121231,18.225,18.565,18.208,18.526,288680,0
20130102,18.215,18.577,18.049,18.457,674500,0
20130103,18.471,18.962,18.471,18.607,331597,0
20130104,18.653,18.842,18.553,18.698,238141,0
20130107,18.722,18.818,18.508,18.805,647880,0
20130108,18.237,18.29,17.972,17.996,7525043,0
20130109,18.124,18.471,18.124,18.448,2215835,0
20130110,18.433,18.516,18.365,18.502,631494,0
20130111,18.502,18.646,18.403,18.616,780577,0
20130114,18.639,18.653,18.464,18.516,504793,0
20130115,18.457,18.639,18.274,18.607,588507,0
20130116,18.569,18.698,18.502,18.653,570628,0
20130117,18.759,18.842,18.616,18.705,453187,0
20130118,18.722,18.75,18.653,18.722,421224,0
20130122,18.779,18.842,18.713,18.768,384278,0
20130123,18.796,18.842,18.641,18.818,448400,0
20130124,18.779,18.879,18.502,18.63,596443,0
20130125,18.646,18.705,18.502,18.63,410121,0
20130128,18.646,18.742,18.622,18.713,405658,0
20130129,18.661,18.73,18.577,18.722,610532,0
20130130,18.667,18.834,18.639,18.805,823155,0
20130131,19.333,19.619,19.278,19.581,2023677,0
20130201,19.106,19.165,18.842,18.947,682988,0
20130204,18.887,19.173,18.879,18.932,354832,0
20130205,19.032,19.152,18.917,18.947,518054,0
20130206,18.909,19,18.818,18.909,457027,0
20130207,18.962,18.97,18.736,18.818,521340,0
20130208,18.813,18.977,18.805,18.887,332270,0
20130211,18.887,18.903,18.75,18.863,438229,0
20130212,18.894,19.045,18.818,18.932,469698,0
20130213,18.977,19.106,18.962,19.097,402764,0
20130214,19.06,19.23,19.045,19.204,367546,0
20130215,19.256,19.4,19.21,19.279,378053,0
20130219,19.362,19.596,19.279,19.362,849749,0
20130220,19.393,19.475,19.121,19.165,522896,0
20130221,19.06,19.09,18.698,18.863,668062,0
20130222,18.986,19.165,18.879,19.097,445331,0
20130225,19.181,19.248,18.653,18.685,497326,0
20130226,18.813,19.014,18.471,18.593,584148,0
20130227,18.639,18.818,18.577,18.646,577820,0
20130228,19.168,19.193,18.892,18.992,654185,0
20130301,18.478,18.508,18.23,18.365,482183,0
20130304,18.365,18.373,18,18.072,863730,0
20130305,18.192,18.237,18.026,18.026,760803,0
20130306,18.011,18.206,17.914,17.98,583794,0
20130307,18.093,18.607,17.959,18.433,894853,0
20130308,18.502,18.788,18.464,18.661,634843,0
20130311,18.759,18.842,18.639,18.73,422366,0
20130312,18.73,18.73,18.494,18.533,472162,0
20130313,18.607,18.685,18.388,18.593,520153,0
20130314,18.691,18.75,18.593,18.722,372408,0
20130315,18.834,18.842,18.569,18.616,642597,0
20130318,18.562,18.685,18.502,18.523,608084,0
20130319,18.578,18.812,18.191,18.276,791155,0
20130320,18.361,18.523,18.276,18.4,398762,0
20130321,18.378,18.533,18.206,18.245,287837,0
20130322,18.308,18.385,18.27,18.347,272755,0
20130325,18.463,18.523,18.199,18.315,402002,0
20130326,18.4,18.463,18.114,18.238,526809,0
20130327,18.245,18.283,18.091,18.276,321829,0
20130328,18.339,18.339,18.099,18.184,464694,0
20130401,18.137,18.27,17.82,17.96,414817,0
20130402,18.137,18.27,17.935,17.982,355318,0
20130403,18.059,18.059,17.65,17.658,492738,0
20130404,17.595,17.921,17.579,17.888,294656,0
20130405,17.758,17.96,17.697,17.943,325655,0
20130408,17.96,18.347,17.811,18.322,590204,0
20130409,18.276,18.347,18.059,18.068,442603,0
20130410,18.191,18.327,18.121,18.16,323321,0
20130411,18.152,18.199,18.006,18.121,397295,0
20130412,18.091,18.113,17.867,17.935,336924,0
20130415,17.935,17.943,17.434,17.51,468087,0
20130416,17.704,17.82,17.634,17.789,365673,0
20130417,17.781,17.867,17.284,17.534,518467,0
20130418,17.472,17.727,17.441,17.534,428140,0
20130419,17.518,17.719,17.495,17.704,301007,0
20130422,17.789,17.881,17.502,17.82,306533,0
20130423,17.881,18.168,17.842,18.099,308972,0
20130424,18.145,18.184,17.967,18.16,266585,0
20130425,18.23,18.262,18.13,18.191,260192,0
20130426,18.191,18.308,18.045,18.245,393369,0
20130429,18.347,18.633,18.245,18.494,403720,0
20130430,18.991,19.165,18.951,19.007,385773,0
20130501,18.533,18.533,18.029,18.114,769525,0
20130502,18.184,18.463,18.137,18.262,258737,0
20130503,18.438,18.571,18.37,18.378,304278,0
20130506,18.47,18.508,18.245,18.331,295318,0
20130507,18.301,18.353,18.215,18.339,370975,0
20130508,18.417,18.694,18.353,18.655,621921,0
20130509,18.655,18.687,18.417,18.508,390965,0
20130510,18.494,18.641,18.494,18.595,313207,0
20130513,18.625,18.74,18.548,18.663,311587,0
20130514,18.728,18.812,18.68,18.709,404583,0
20130515,18.671,18.748,18.582,18.609,184571,0
20130516,18.578,18.808,18.523,18.68,319081,0
20130517,18.778,18.85,18.578,18.633,298360,0
20130520,18.578,18.766,18.552,18.766,484150,0
20130521,18.773,18.85,18.663,18.825,284238,0
20130522,18.888,19,18.536,18.663,464060,0
20130523,18.586,18.655,18.385,18.602,269278,0
20130524,18.463,18.756,18.463,18.756,176187,0
20130528,19.5,19.5,18.945,18.984,385776,0
20130529,18.928,18.96,18.673,18.801,264401,0
20130530,18.308,18.417,18.253,18.393,220632,0
20130531,18.899,18.963,18.251,18.268,694247,0
20130603,17.797,18.037,17.658,17.867,588036,0
20130604,18.348,18.427,18.149,18.165,466288,0
20130605,18.236,18.261,17.912,17.912,415292,0
20130606,17.966,18.174,17.951,18.126,372275,0
20130607,18.292,18.316,18.101,18.252,328915,0
20130610,18.269,18.474,18.269,18.474,206859,0
20130611,18.427,18.427,18.213,18.244,298969,0
20130612,18.395,18.443,17.991,18.126,488742,0
20130613,18.174,18.387,18.007,18.324,303442,0
20130614,18.713,18.713,18.373,18.658,585391,0
20130617,18.871,18.951,18.642,18.762,710488,0
20130618,18.261,18.412,18.253,18.341,642202,0
20130619,18.316,18.531,18.236,18.283,434920,0
20130620,18.142,18.165,17.942,18.03,533069,0
20130621,18.071,18.11,17.912,17.991,820773,0
20130624,17.96,17.991,17.211,17.562,754155,0
20130625,17.711,17.903,17.617,17.903,328230,0
20130626,18.077,18.269,17.973,18.133,382310,0
20130627,18.244,18.658,18.244,18.521,431200,0
20130628,18.521,18.595,18.341,18.341,493414,0
20130701,18.722,18.81,18.44,18.664,398872,0
20130702,18.762,18.945,18.531,18.744,557619,0
20130703,18.731,18.779,18.57,18.578,194081,0
20130705,18.744,18.752,18.356,18.642,241049,0
20130708,18.704,18.801,18.595,18.683,202679,0
20130709,18.783,18.783,18.61,18.658,255864,0
20130710,18.602,18.777,18.491,18.762,233328,0
20130711,18.951,19.159,18.777,19.141,399487,0
20130712,19.181,19.238,19.094,19.23,302443,0
20130715,19.301,19.426,19.134,19.381,303105,0
20130716,19.42,19.507,19.316,19.381,342843,0
20130717,19.5,19.5,19.296,19.384,202517,0
20130718,19.461,19.579,19.263,19.5,243642,0
20130719,19.5,19.532,19.292,19.461,176949,0
20130722,19.412,19.69,19.412,19.619,242405,0
20130723,19.682,19.89,19.619,19.881,374601,0
20130724,17.474,18.412,16.784,18.116,3842246,0
20130725,17.658,17.832,17.356,17.808,1231219,0
20130726,17.665,17.711,17.426,17.658,605922,0
20130729,17.545,17.68,17.474,17.658,492964,0
20130730,17.658,17.658,17.395,17.562,520848,0
20130731,17.592,17.592,17.356,17.497,513167,0
20130801,17.672,17.721,17.378,17.658,390836,0
20130802,17.545,17.641,17.395,17.61,465603,0
20130805,17.395,17.721,17.356,17.689,846370,0
20130806,17.697,17.721,17.592,17.641,520166,0
20130807,17.578,17.689,17.418,17.658,675122,0
20130808,17.792,17.792,17.641,17.737,517689,0
20130809,17.737,17.75,17.553,17.672,304316,0
20130812,17.53,17.672,17.409,17.523,444340,0
20130813,17.585,17.658,17.435,17.61,450723,0
20130814,17.624,17.624,17.513,17.545,210736,0
20130815,17.49,17.53,17.37,17.497,354886,0
20130816,17.403,17.538,17.331,17.443,409442,0
20130819,17.418,17.53,17.339,17.37,612966,0
20130820,17.37,17.466,17.316,17.435,473403,0
20130821,17.395,17.497,17.347,17.387,312281,0
20130822,17.426,17.632,17.316,17.49,286795,0
20130823,17.483,17.553,17.458,17.53,251273,0
20130826,17.513,17.513,17.435,17.466,262405,0
20130827,17.339,17.435,17.252,17.269,350842,0
20130828,17.283,17.409,17.236,17.269,273682,0
20130829,17.276,17.466,17.204,17.443,321856,0
20130830,17.466,17.523,17.283,17.435,396698,0
20130903,17.588,17.621,17.265,17.354,400522,0
20130904,17.426,17.491,17.314,17.466,283056,0
20130905,17.515,17.596,17.409,17.475,289691,0
20130906,17.613,17.668,17.362,17.524,165111,0
20130909,17.49,17.672,17.49,17.649,180355,0
20130910,17.685,17.783,17.636,17.774,218985,0
20130911,17.776,17.84,17.649,17.815,210323,0
20130912,17.824,17.886,17.76,17.799,235277,0
20130913,17.879,17.903,17.725,17.765,151310,0
20130916,17.951,17.951,17.768,17.873,286780,0
20130917,17.807,17.921,17.627,17.823,391258,0
20130918,17.823,17.903,17.668,17.783,305056,0
20130919,17.791,17.873,17.709,17.832,235800,0
20130920,17.814,17.935,17.703,17.709,403146,0
20130923,17.709,17.765,17.538,17.685,237348,0
20130924,17.709,17.873,17.605,17.783,195017,0
20130925,17.823,17.968,17.717,17.783,182156,0
20130926,17.863,17.863,17.709,17.814,211587,0
20130927,17.783,17.886,17.765,17.774,187100,0
20130930,17.703,18.009,17.636,17.935,390774,0
20131001,17.968,18.025,17.832,17.903,195758,0
20131002,17.886,17.935,17.661,17.703,299634,0
20131003,17.627,17.774,17.596,17.717,262412,0
20131004,17.685,17.854,17.661,17.774,128857,0
20131007,17.636,17.832,17.588,17.758,397574,0
20131008,17.791,17.823,17.588,17.743,586780,0
20131009,17.798,17.935,17.783,17.832,229022,0
20131010,17.984,18.187,17.927,18.147,326097,0
20131011,18.05,18.291,18.05,18.291,226056,0
20131014,18.251,18.268,18.147,18.235,137514,0
20131015,18.219,18.219,17.903,17.943,228158,0
20131016,18.065,18.074,17.807,17.927,256352,0
20131017,17.896,18.275,17.791,18.193,160555,0
20131018,18.301,18.341,18.179,18.308,215544,0
20131021,18.308,18.308,18.138,18.187,355159,0
20131022,18.261,18.332,18.138,18.235,166821,0
20131023,18.219,18.607,18.193,18.422,308662,0
20131024,18.477,18.576,18.445,18.526,174365,0
20131025,18.599,18.681,18.558,18.648,155814,0
20131028,18.648,18.712,18.576,18.695,137759,0
20131029,18.73,18.762,18.631,18.73,169665,0
20131030,18.784,18.792,18.486,18.503,314104,0
20131031,18.445,18.833,18.194,18.576,457269,0
20131101,18.203,18.566,17.694,17.823,863536,0
20131104,17.798,18.13,17.791,18.034,469424,0
20131105,18.009,18.283,17.984,18.057,346750,0
20131106,18.098,18.261,18.098,18.13,225807,0
20131107,18.193,18.193,17.903,17.968,244607,0
20131108,17.953,18.251,17.846,18.235,345301,0
20131111,18.235,18.235,17.913,17.913,357755,0
20131112,17.846,17.896,17.725,17.863,444568,0
20131113,17.814,18.074,17.814,18.025,172386,0
20131114,18.025,18.081,17.903,18.074,236443,0
20131115,18.05,18.074,17.943,18.015,202065,0
20131118,18.034,18.341,18.015,18.193,269831,0
20131119,18.251,18.341,18.065,18.147,197242,0
20131120,18.242,18.261,18.057,18.138,161628,0
20131121,18.171,18.494,18.115,18.494,627282,0
20131122,18.517,18.689,18.356,18.631,279602,0
20131125,18.631,18.81,18.576,18.681,439373,0
20131126,18.681,18.73,18.616,18.648,166203,0
20131127,18.655,18.721,18.551,18.689,155938,0
20131129,18.641,18.762,18.599,18.721,233940,0
20131202,18.721,18.721,18.324,18.396,242501,0
20131203,18.332,18.469,18.251,18.381,184628,0
20131204,18.291,18.477,18.203,18.396,269831,0
20131205,18.414,18.429,18.235,18.332,164223,0
20131206,18.551,18.743,18.373,18.566,277580,0
20131209,18.631,18.672,18.436,18.551,274159,0
20131210,18.563,18.563,18.332,18.414,280858,0
20131211,18.422,18.51,18.308,18.324,173363,0
20131212,18.381,18.429,18.203,18.211,244607,0
20131213,18.203,18.388,18.162,18.275,266086,0
20131216,18.373,18.445,18.211,18.268,267233,0
20131217,18.21,18.499,18.152,18.489,465728,0
20131218,18.522,18.703,18.499,18.588,412886,0
20131219,18.539,18.58,18.448,18.522,361553,0
20131220,18.522,18.721,18.522,18.654,501232,0
20131223,18.605,18.73,18.564,18.646,217189,0
20131224,18.646,18.803,18.639,18.785,99933,0
20131226,18.818,18.885,18.605,18.629,207476,0
20131227,18.646,18.68,18.522,18.605,150383,0
20131230,18.564,18.639,18.522,18.522,202495,0
20131231,18.499,18.711,18.499,18.564,223026,0
20140102,18.522,18.597,18.522,18.58,215165,0
20140103,18.736,18.771,18.539,18.703,201221,0
20140106,18.711,18.818,18.629,18.639,146984,0
20140107,18.654,18.711,18.522,18.531,179419,0
20140108,18.531,18.614,18.481,18.614,223435,0
20140109,18.629,18.695,18.522,18.639,166050,0
20140110,18.646,18.646,18.522,18.548,155618,0
20140113,18.448,18.621,18.398,18.573,272131,0
20140114,18.573,18.67,18.522,18.539,170790,0
20140115,18.548,18.73,18.489,18.662,165082,0
20140116,18.555,18.703,18.522,18.662,147224,0
20140117,18.654,18.885,18.654,18.877,565575,0
20140121,18.902,19.108,18.812,19.108,400571,0
20140122,19.108,19.117,18.984,19.057,138968,0
20140123,19.034,19.131,18.934,19.041,164716,0
20140124,18.934,18.975,18.621,18.753,194477,0
20140127,18.771,18.794,18.432,18.736,381667,0
20140128,18.695,18.721,18.531,18.629,221080,0
20140129,18.539,18.588,18.202,18.251,174777,0
20140130,18.398,18.522,18.234,18.432,210269,0
20140131,18.21,18.391,18.128,18.219,281697,0
20140203,18.275,18.275,17.929,17.97,325109,0
20140204,18.012,18.173,17.915,17.987,278387,0
20140205,17.946,18.077,17.922,17.956,364853,0
20140206,17.946,18.119,17.938,18.077,188552,0
20140207,18.16,18.175,17.929,18.071,298417,0
20140210,18.071,18.112,17.97,18.112,234701,0
20140211,18.226,18.226,18.046,18.152,222456,0
20140212,18.242,18.268,18.053,18.094,188265,0
20140213,18.029,18.165,18.029,18.077,316502,0
20140214,18.087,18.193,18.037,18.112,304672,0
20140218,18.094,18.387,18.071,18.334,326719,0
20140219,18.302,18.417,18.061,18.071,214980,0
20140220,18.152,18.316,18.061,18.292,154216,0
20140221,18.384,18.499,18.299,18.391,204895,0
20140224,18.349,18.573,18.343,18.522,184939,0
20140225,18.465,18.555,18.004,18.152,426499,0
20140226,18.029,18.439,17.996,18.152,270247,0
20140227,18.071,18.334,18.053,18.308,285184,0
20140228,18.366,18.44,18.241,18.292,260039,0
20140303,18.193,18.398,18.094,18.275,212864,0
20140304,18.366,18.481,18.103,18.119,608218,0
20140305,18.119,18.227,18.071,18.112,299346,0
20140306,18.283,18.564,18.251,18.398,339009,0
20140307,18.555,18.564,18.343,18.366,235756,0
20140310,18.398,18.439,18.334,18.424,166423,0
20140311,18.375,18.439,18.112,18.112,287053,0
20140312,18.071,18.334,18.029,18.316,427900,0
20140313,18.357,18.357,18.087,18.136,407134,0
20140314,18.136,18.202,18.05,18.127,326696,0
20140317,18.227,18.234,18.037,18.144,407398,0
20140318,18.127,18.488,18.102,18.422,402163,0
20140319,18.436,18.554,18.319,18.446,390549,0
20140320,18.455,18.572,18.383,18.505,300356,0
20140321,18.539,18.605,18.379,18.478,904832,0
20140324,18.539,18.559,18.403,18.512,288569,0
20140325,18.563,18.597,18.436,18.539,184292,0
20140326,18.621,18.621,18.244,18.244,335263,0
20140327,18.236,18.521,18.236,18.478,327307,0
20140328,18.436,18.563,18.347,18.403,262633,0
20140331,18.497,18.497,18.244,18.262,464458,0
20140401,18.27,18.572,18.27,18.539,581510,0
20140402,18.563,18.739,18.488,18.69,428333,0
20140403,18.69,18.756,18.521,18.63,291726,0
20140404,18.766,18.766,18.403,18.521,341683,0
20140407,18.471,18.563,18.361,18.455,504469,0
20140408,18.53,18.766,18.429,18.655,419871,0
20140409,18.747,18.747,18.539,18.63,370049,0
20140410,18.672,18.739,18.387,18.422,438993,0
20140411,18.418,18.418,18.236,18.236,376272,0
20140414,18.278,18.58,18.236,18.488,308774,0
20140415,18.563,18.651,18.319,18.521,544166,0
20140416,18.605,18.647,18.472,18.58,194623,0
20140417,18.58,18.654,18.395,18.395,239926,0
20140421,18.63,18.63,18.371,18.471,161655,0
20140422,18.446,18.697,18.387,18.682,270494,0
20140423,18.64,18.739,18.563,18.588,302487,0
20140424,18.697,18.732,18.488,18.597,208870,0
20140425,18.572,18.58,18.422,18.478,200840,0
20140428,18.478,18.554,18.193,18.203,397370,0
20140429,18.203,18.471,18.203,18.304,391917,0
20140430,18.304,18.478,18.211,18.361,361047,0
20140501,18.278,18.422,18.22,18.278,327713,0
20140502,18.353,18.521,18.278,18.311,269510,0
20140505,18.304,18.497,18.22,18.478,477244,0
20140506,18.337,18.337,17.91,17.96,596600,0
20140507,17.926,17.934,17.733,17.858,362806,0
20140508,17.9,18.002,17.666,17.707,298704,0
20140509,17.658,17.792,17.566,17.775,302287,0
20140512,17.716,18.01,17.716,17.91,367983,0
20140513,17.926,17.926,17.75,17.826,294678,0
20140514,17.868,17.968,17.692,17.817,449271,0
20140515,17.8,17.817,17.566,17.674,335592,0
20140516,17.599,17.724,17.524,17.724,308137,0
20140519,17.624,17.817,17.581,17.75,312484,0
20140520,17.75,17.784,17.464,17.581,349515,0
20140521,17.616,17.701,17.339,17.365,433301,0
20140522,17.44,17.548,17.306,17.49,288299,0
20140523,17.539,17.707,17.407,17.666,223351,0
20140527,17.641,17.817,17.532,17.641,281489,0
20140528,17.683,17.683,17.449,17.666,331248,0
20140529,17.733,17.9,17.608,17.666,250231,0
20140530,17.666,17.747,17.414,17.474,785308,0
20140602,17.574,17.574,17.227,17.264,328413,0
20140603,17.273,17.423,17.238,17.407,443785,0
20140604,17.44,17.44,17.242,17.306,275092,0
20140605,17.306,17.474,17.238,17.456,226864,0
20140606,17.539,17.658,17.423,17.566,283377,0
20140609,17.616,17.616,17.414,17.474,235934,0
20140610,17.449,17.557,17.371,17.474,272289,0
20140611,17.407,17.49,17.357,17.432,254741,0
20140612,17.464,17.632,17.381,17.624,316907,0
20140613,17.792,17.792,17.44,17.487,289053,0
20140616,17.44,17.539,17.371,17.482,354777,0
20140617,17.431,17.611,17.336,17.439,441954,0
20140618,17.507,17.635,17.405,17.618,329445,0
20140619,17.668,17.668,17.482,17.658,467159,0
20140620,17.678,17.772,17.618,17.661,766455,0
20140623,17.711,17.739,17.579,17.592,361739,0
20140624,17.618,17.747,17.422,17.431,666014,0
20140625,17.362,17.711,17.362,17.687,431849,0
20140626,17.687,18.269,17.687,18.123,822102,0
20140627,18.012,18.337,18.012,18.31,8309996,0
20140630,18.269,18.347,18.088,18.191,807731,0
20140701,18.347,18.636,18.199,18.328,696102,0
20140702,18.38,18.447,18.318,18.353,308595,0
20140703,18.31,18.443,18.183,18.183,232582,0
20140707,18.165,18.208,18.038,18.097,392257,0
20140708,18.038,18.062,17.84,17.848,561747,0
20140709,17.891,18.097,17.876,18.097,245359,0
20140710,18.003,18.019,17.867,17.926,261694,0
20140711,17.9,18.11,17.867,17.996,304432,0
20140714,18.012,18.097,17.961,18.038,184179,0
20140715,18.046,18.072,17.934,17.986,139722,0
20140716,18.097,18.097,17.858,17.876,115005,0
20140717,17.824,18.012,17.696,17.73,202123,0
20140718,17.763,17.986,17.763,17.772,311121,0
20140721,17.797,17.918,17.704,17.763,329497,0
20140722,17.747,17.91,17.704,17.704,213973,0
20140723,17.696,17.797,17.644,17.644,142389,0
20140724,17.661,17.696,17.622,17.661,140297,0
20140725,17.678,17.858,17.626,17.781,240823,0
20140728,17.772,17.772,17.661,17.678,166510,0
20140729,17.635,17.772,17.533,17.559,280183,0
20140730,17.592,17.654,17.37,17.431,279424,0
20140731,17.32,17.341,16.842,16.842,623400,0
20140801,16.842,17.013,16.807,16.935,513432,0
20140804,17.284,17.492,17.11,17.199,334127,0
20140805,17.079,17.097,16.542,16.746,450085,0
20140806,16.67,16.738,16.55,16.72,364385,0
20140807,16.738,16.951,16.738,16.918,263855,0
20140808,16.984,17.114,16.807,16.951,157597,0
20140811,17.013,17.062,16.885,16.899,150137,0
20140812,16.842,16.977,16.832,16.899,143139,0
20140813,16.908,17.046,16.738,16.738,407948,0
20140814,16.72,16.941,16.686,16.927,237146,0
20140815,16.941,17.028,16.737,16.857,254245,0
20140818,16.885,17.019,16.842,16.927,228070,0
20140819,16.899,16.961,15.823,16.814,197622,0
20140820,16.832,16.885,16.729,16.832,351601,0
20140821,16.885,16.994,16.771,16.918,302982,0
20140822,16.918,17.062,16.918,17.019,220583,0
20140825,17.097,17.105,16.842,16.927,369314,0
20140826,16.875,16.994,16.875,16.927,234916,0
20140827,16.97,17.046,16.809,16.994,315269,0
20140828,16.918,17.069,16.918,17.003,139833,0
20140829,16.984,17.097,16.961,17.097,118222,0
20140902,17.097,17.183,16.977,16.984,139866,0
20140903,17.003,17.092,16.927,17.046,254315,0
20140904,17.311,17.439,17.071,17.114,224437,0
20140905,17.131,17.422,17.046,17.242,346730,0
20140908,17.216,17.284,17.14,17.234,239101,0
20140909,17.226,17.251,17.062,17.251,309712,0
20140910,17.269,17.293,17.105,17.192,284418,0
20140911,17.199,17.302,17.14,17.174,261155,0
20140912,17.149,17.269,17.144,17.199,221018,0
20140915,17.269,17.644,16.941,17.165,602031,0
20140916,17.139,17.471,17.139,17.165,538358,0
20140917,17.139,17.305,17.139,17.244,175219,0
20140918,17.279,17.331,17.106,17.174,208489,0
20140919,17.261,17.287,16.978,16.981,301515,0
20140922,16.922,17.053,16.844,16.851,144722,0
20140923,16.756,16.878,16.756,16.808,147976,0
20140924,16.808,16.878,16.782,16.851,178908,0
20140925,16.868,16.868,16.617,16.72,146720,0
20140926,16.772,16.851,16.617,16.712,136071,0
20140929,16.563,16.834,16.502,16.641,289478,0
20140930,16.573,16.693,16.258,16.293,393403,0
20141001,16.406,16.415,16.083,16.38,299460,0
20141002,16.389,16.651,16.376,16.626,293341,0
20141003,16.79,16.834,16.476,16.476,149602,0
20141006,16.519,16.651,16.485,16.539,126569,0
20141007,16.415,16.607,16.355,16.415,222238,0
20141008,16.371,16.467,16.197,16.398,172763,0
20141009,16.319,16.415,16.135,16.162,194291,0
20141010,16.135,16.224,15.962,15.988,173931,0
20141013,16.004,16.1,15.849,15.901,267606,0
20141014,15.892,15.936,15.718,15.806,259776,0
20141015,15.639,15.806,15.395,15.587,361896,0
20141016,15.456,15.918,15.377,15.909,219296,0
20141017,15.988,16.127,15.892,15.979,162594,0
20141020,15.979,16.076,15.823,16.076,240665,0
20141021,16.135,16.258,16.023,16.224,169472,0
20141022,16.24,16.284,16.111,16.233,289313,0
20141023,16.389,16.389,16.083,16.101,230888,0
20141024,16.127,16.268,16.023,16.092,135317,0
20141027,16.083,16.135,15.979,16.111,120297,0
20141028,16.206,16.206,16.014,16.101,131411,0
20141029,16.135,16.327,16.092,16.293,110626,0
20141030,16.302,16.302,16.119,16.206,172920,0
20141031,16.268,16.293,16.057,16.214,172466,0
20141103,16.189,16.457,16.189,16.362,208029,0
20141104,16.337,16.485,16.197,16.276,299735,0
20141105,16.258,16.546,16.258,16.502,297689,0
20141106,16.441,16.558,16.189,16.327,466971,0
20141107,16.224,16.441,16.189,16.424,649146,0
20141110,16.441,16.539,16.302,16.519,273948,0
20141111,16.461,16.563,16.424,16.529,122963,0
20141112,16.45,16.45,16.101,16.337,362393,0
20141113,16.302,16.337,15.957,15.962,652291,0
20141114,15.997,16.135,15.944,16.101,391650,0
20141117,16.004,16.302,15.988,16.17,260750,0
20141118,16.162,16.346,16.162,16.197,161511,0
20141119,16.233,16.258,16.101,16.206,137899,0
20141120,16.18,16.206,16.057,16.145,224186,0
20141121,16.249,16.302,16.092,16.111,126905,0
20141124,16.101,16.245,16.023,16.111,191749,0
20141125,16.111,16.154,16.067,16.111,105251,0
20141126,16.057,16.162,16.014,16.101,146778,0
20141128,16.083,16.154,16.014,16.032,90656,0
20141201,15.944,16.101,15.944,16.004,378517,0
20141202,16.023,16.24,15.962,16.24,328299,0
20141203,16.24,16.302,16.067,16.268,254211,0
20141204,16.268,16.311,16.127,16.233,343765,0
20141205,16.233,16.302,16.127,16.127,178961,0
20141208,16.048,16.048,15.691,15.727,347380,0
20141209,15.595,15.77,15.395,15.752,390059,0
20141210,15.786,15.997,15.552,15.587,328099,0
20141211,15.631,15.699,15.438,15.5,421852,0
20141212,15.481,15.691,15.333,15.36,605217,0
20141215,15.395,15.56,15.264,15.369,525783,0
20141216,15.369,15.52,15.351,15.377,399698,0
20141217,15.377,15.717,15.351,15.609,337036,0
20141218,15.797,16.074,15.548,16.002,397032,0
20141219,16.065,16.198,15.904,16.154,288998,0
20141222,16.18,16.198,16.011,16.145,331403,0
20141223,16.198,16.279,16.011,16.091,226859,0
20141224,16.171,16.261,16.011,16.074,80565,0
20141226,16.065,16.135,15.984,16.065,137974,0
20141229,16.038,16.065,15.922,15.984,237037,0
20141230,15.949,16.163,15.908,16.145,310990,0
20141231,16.119,16.208,16.017,16.074,303488,0
20150102,16.074,16.243,15.904,16.127,240549,0
20150105,16.18,16.315,15.984,16.306,360293,0
20150106,16.377,16.468,16.208,16.306,434099,0
20150107,16.306,16.431,16.235,16.332,177344,0
20150108,16.431,16.609,16.324,16.554,225433,0
20150109,16.609,16.664,16.439,16.619,173753,0
20150112,16.664,16.689,16.554,16.689,107606,0
20150113,16.769,16.814,16.554,16.635,166192,0
20150114,16.574,16.734,16.554,16.591,247542,0
20150115,16.584,16.734,16.515,16.599,229386,0
20150116,16.635,16.787,16.609,16.787,173136,0
20150120,16.877,16.877,16.689,16.823,178355,0
20150121,16.867,16.867,16.629,16.761,205009,0
20150122,16.761,16.867,16.668,16.867,198024,0
20150123,16.867,16.867,16.629,16.823,201548,0
20150126,16.887,16.887,16.591,16.707,245484,0
20150127,16.619,16.769,16.519,16.591,116234,0
20150128,16.664,16.664,16.403,16.511,138065,0
20150129,16.547,16.599,16.359,16.574,185460,0
20150130,16.547,16.547,16.332,16.494,169417,0
20150202,16.502,16.584,16.368,16.494,187272,0
20150203,16.494,17.145,16.484,17.127,271668,0
20150204,17.082,17.18,16.983,17.082,127411,0
20150205,17.18,17.22,17.032,17.171,142404,0
20150206,17.26,17.546,17.252,17.376,144990,0
20150209,17.404,17.456,17.243,17.315,83051,0
20150210,17.27,17.395,17.136,17.153,55237,0
20150211,17.064,17.136,16.744,17.056,166600,0
20150212,17.091,17.19,17.064,17.153,71105,0
20150213,17.18,17.279,17.133,17.171,70962,0
20150217,17.171,17.484,17.1,17.466,121913,0
20150218,17.484,17.484,17.198,17.341,123519,0
20150219,17.395,17.573,17.322,17.52,110378,0
20150220,17.581,17.59,17.367,17.475,84412,0
20150223,17.322,17.528,17.287,17.431,107862,0
20150224,17.493,17.565,17.456,17.528,125327,0
20150225,17.59,17.626,17.398,17.537,136311,0
20150226,17.537,17.734,17.35,17.699,383342,0
20150227,17.76,18.028,17.734,17.957,663479,0
20150302,18.028,18.412,17.929,17.973,355974,0
20150303,18.011,18.261,17.983,18.261,189921,0
20150304,18.206,18.225,18.018,18.028,188126,0
20150305,17.993,18.206,17.903,18.002,215017,0
20150306,18.002,18.082,17.894,18.018,182077,0
20150309,18.073,18.127,17.983,18.028,158434,0
20150310,17.957,18.011,17.849,17.966,135465,0
20150311,17.966,18.002,17.715,17.76,248409,0
20150312,17.76,18.091,17.734,18.047,292107,0
20150313,18.028,18.073,17.849,18.028,214346,0
20150316,18.144,18.144,17.833,17.903,215131,0
20150317,17.939,18.122,17.858,17.958,190416,0
20150318,17.985,18.149,17.939,18.076,271458,0
20150319,18.021,18.076,17.903,17.93,102895,0
20150320,18.076,18.249,18.004,18.186,194262,0
20150323,18.222,18.432,18.213,18.395,136168,0
20150324,18.377,18.495,18.313,18.477,120026,0
20150325,18.568,18.568,18.331,18.432,122112,0
20150326,18.403,18.549,18.403,18.495,135181,0
20150327,18.459,18.495,18.35,18.486,107508,0
20150330,18.568,18.631,18.486,18.559,207657,0
20150331,18.486,18.586,18.367,18.432,340235,0
20150401,18.403,18.504,18.249,18.387,163621,0
20150402,18.403,18.733,18.403,18.66,163621,0
20150406,18.586,18.914,18.586,18.822,132654,0
20150407,18.769,18.905,18.759,18.778,108544,0
20150408,18.741,18.786,18.641,18.66,71488,0
20150409,18.622,18.805,18.614,18.759,130643,0
20150410,18.723,18.795,18.66,18.704,66986,0
20150413,18.614,18.704,18.532,18.586,104213,0
20150414,18.513,18.622,18.513,18.577,92133,0
20150415,18.605,18.614,18.403,18.549,161536,0
20150416,18.513,18.549,18.331,18.423,148948,0
20150417,18.313,18.403,18.268,18.331,78077,0
20150420,18.313,18.449,18.23,18.423,97667,0
20150421,18.423,18.449,18.305,18.377,64945,0
20150422,18.403,18.403,18.213,18.377,114973,0
20150423,18.413,18.477,18.358,18.468,112009,0
20150424,18.44,18.486,18.367,18.477,86320,0
20150427,18.513,18.513,18.149,18.285,162194,0
20150428,18.259,18.367,18.167,18.321,166463,0
20150429,18.213,18.395,18.057,18.086,129909,0
20150430,18.04,18.103,17.894,17.995,227532,0
20150501,17.967,18.149,17.949,17.985,150773,0
20150504,17.985,18.113,17.848,17.93,177568,0
20150505,17.84,17.894,17.749,17.894,334930,0
20150506,17.877,17.877,17.057,17.138,705107,0
20150507,17.019,17.048,16.864,17.028,403194,0
20150508,17.093,17.193,17.019,17.074,155606,0
20150511,17.074,17.23,17.074,17.148,114095,0
20150512,17.138,17.256,17.038,17.093,193169,0
20150513,16.856,17.166,16.856,16.992,181411,0
20150514,17.019,17.102,16.982,17.048,71708,0
20150515,17.064,17.193,17.028,17.148,101495,0
20150518,17.129,17.302,17.074,17.256,95003,0
20150519,17.283,17.315,17.138,17.276,187927,0
20150520,17.312,17.358,17.193,17.321,239393,0
20150521,17.338,17.485,17.276,17.466,154507,0
20150522,17.439,17.603,17.384,17.53,141110,0
20150526,17.439,17.622,17.365,17.521,145642,0
20150527,17.512,17.548,17.384,17.41,180533,0
20150528,17.394,17.53,17.389,17.502,154421,0
20150529,17.466,17.53,17.348,17.41,146271,0
20150601,17.475,17.485,17.23,17.312,169911,0
20150602,17.283,17.475,17.266,17.466,218819,0
20150603,17.53,17.684,17.53,17.622,259709,0
20150604,17.53,17.603,17.365,17.439,210842,0
20150605,17.365,17.475,17.348,17.403,113986,0
20150608,17.466,17.466,17.175,17.329,198432,0
20150609,17.365,17.439,17.202,17.338,269681,0
20150610,17.338,17.43,17.256,17.302,258916,0
20150611,17.302,17.312,17.193,17.283,100996,0
20150612,17.211,17.266,17.138,17.23,101357,0
20150615,17.084,17.156,16.946,17.064,179763,0
20150616,17.074,17.093,16.966,17.002,198763,0
20150617,17.012,17.093,16.966,17.028,141659,0
20150618,17.019,17.12,16.982,17.11,234342,0
20150619,17.084,17.211,17.074,17.193,300888,0
20150622,17.193,17.23,17.074,17.129,337675,0
20150623,17.129,17.324,17.12,17.222,219928,0
20150624,17.129,17.232,17.12,17.185,156165,0
20150625,17.157,17.167,17.073,17.101,153264,0
20150626,17.092,17.129,16.915,16.972,243330,0
20150629,16.972,17.167,16.766,16.905,393585,0
20150630,16.962,16.979,16.673,16.747,293279,0
20150701,17.417,17.417,16.665,16.776,292125,0
20150702,16.784,17.241,16.766,17.11,263428,0
20150706,17.073,17.11,16.86,16.942,158315,0
20150707,16.972,17.046,16.702,16.962,128651,0
20150708,16.813,16.934,16.757,16.813,236129,0
20150709,16.905,17.036,16.794,16.841,131660,0
20150710,16.905,16.999,16.813,16.905,134347,0
20150713,16.794,16.934,16.766,16.934,204530,0
20150714,16.952,16.952,16.803,16.942,195336,0
20150715,16.942,16.999,16.901,16.989,103317,0
20150716,16.989,17.092,16.925,17.063,126287,0
20150717,17.11,17.11,16.962,16.989,75127,0
20150720,16.952,16.972,16.747,16.747,155413,0
20150721,16.702,16.822,16.618,16.813,98234,0
20150722,16.757,16.841,16.739,16.803,224199,0
20150723,16.878,16.962,16.655,16.673,190666,0
20150724,16.692,16.692,16.366,16.413,185722,0
20150727,16.32,16.413,16.153,16.375,290835,0
20150728,16.385,16.561,16.338,16.459,118333,0
20150729,16.459,16.794,16.459,16.747,135315,0
20150730,16.665,16.831,16.628,16.628,108661,0
20150731,16.561,16.747,16.515,16.534,116291,0
20150803,16.477,16.543,16.413,16.497,188955,0
20150804,16.45,16.628,16.44,16.552,158531,0
20150805,16.45,16.952,16.45,16.747,188301,0
20150806,16.813,17.018,16.747,16.979,172439,0
20150807,16.979,17.259,16.925,17.11,182390,0
20150810,17.213,17.501,17.157,17.333,165409,0
20150811,17.259,17.324,17.138,17.241,109715,0
20150812,17.12,17.129,16.803,16.952,218288,0
20150813,16.868,17.018,16.85,16.989,111454,0
20150814,16.897,17.278,16.897,17.092,190988,0
20150817,16.989,17.138,16.989,17.073,94473,0
20150818,17.073,17.157,17.073,17.101,86734,0
20150819,17.073,17.129,16.888,17.009,105543,0
20150820,16.962,16.999,16.85,16.85,138002,0
20150821,16.841,16.934,16.655,16.794,189161,0
20150824,16.245,16.897,16.05,16.143,392586,0
20150825,16.115,16.561,16.05,16.124,263321,0
20150826,16.208,16.413,15.938,16.096,351775,0
20150827,16.143,16.477,16.143,16.227,273854,0
20150828,16.18,16.237,16.041,16.17,382837,0
20150831,16.18,16.497,16.096,16.477,139076,0
20150901,16.227,16.366,16.19,16.198,121987,0
20150902,16.32,16.32,15.984,16.059,148211,0
20150903,16.106,16.217,16.05,16.096,107370,0
20150904,16.031,16.237,16.031,16.041,122202,0
20150908,16.208,16.208,16.05,16.068,111025,0
20150909,16.17,16.217,15.938,15.966,218717,0
20150910,15.966,16.068,15.938,15.957,142500,0
20150911,15.91,16.041,15.799,15.817,221727,0
20150914,15.826,15.863,15.715,15.854,212806,0
20150915,15.799,15.883,15.77,15.817,87809,0
20150916,15.78,15.92,15.78,15.854,95547,0
20150917,15.854,15.91,15.77,15.826,154125,0
20150918,15.817,15.836,15.603,15.632,266115,0
20150921,15.678,15.724,15.455,15.632,284709,0
20150922,15.564,15.746,15.564,15.708,209208,0
20150923,15.708,15.889,15.662,15.698,136934,0
20150924,15.708,15.736,15.602,15.612,201343,0
20150925,15.64,15.774,15.564,15.584,162519,0
20150928,15.46,15.46,15.193,15.249,318941,0
20150929,15.249,15.335,14.583,14.669,544004,0
20150930,14.992,15.335,14.964,15.078,410127,0
20151001,15.107,15.755,15.088,15.717,298599,0
20151002,15.927,15.927,15.241,15.526,335111,0
20151005,15.66,15.736,15.526,15.536,320683,0
20151006,15.517,15.632,15.431,15.507,263871,0
20151007,15.536,15.898,15.536,15.869,276986,0
20151008,15.927,16.28,15.898,16.212,374246,0
20151009,16.25,16.356,15.937,15.945,171752,0
20151012,15.917,15.927,15.765,15.822,155995,0
20151013,15.736,15.841,15.736,15.822,400580,0
20151014,15.831,15.983,15.812,15.86,105233,0
20151015,15.841,16.108,15.774,16.079,245195,0
20151016,16.108,16.394,16.051,16.28,211936,0
20151019,16.27,16.422,16.241,16.27,99748,0
20151020,16.288,16.575,16.288,16.499,130547,0
20151021,16.47,16.727,16.422,16.451,201864,0
20151022,16.527,16.708,16.46,16.546,125798,0
20151023,16.546,16.689,16.546,16.67,97155,0
20151026,16.67,16.832,16.603,16.689,174690,0
20151027,16.575,16.641,16.451,16.451,279923,0
20151028,16.413,16.661,16.356,16.651,163568,0
20151029,16.661,16.679,16.47,16.489,138073,0
20151030,16.565,16.565,16.413,16.499,195569,0
20151102,16.499,16.708,16.499,16.679,190656,0
20151103,16.679,16.86,16.679,16.813,106912,0
20151104,16.794,17.395,16.794,17.194,271903,0
20151105,17.052,17.223,17.042,17.07,107752,0
20151106,17.061,17.327,16.946,17.309,169968,0
20151109,17.375,17.375,17.09,17.175,183849,0
20151110,17.213,17.347,16.832,16.88,158637,0
20151111,16.918,16.946,16.555,16.737,217392,0
20151112,16.603,16.689,16.451,16.641,130414,0
20151113,16.585,16.689,16.499,16.613,104394,0
20151116,16.527,16.984,16.47,16.87,196618,0
20151117,16.966,17.166,16.842,16.889,122650,0
20151118,16.889,17.251,16.775,16.918,198506,0
20151119,17.032,17.032,16.727,16.899,111738,0
20151120,16.918,16.966,16.746,16.889,142165,0
20151123,16.956,17.213,16.784,17.137,198716,0
20151124,17.061,17.251,16.899,17.156,194939,0
20151125,17.185,17.185,17.042,17.099,100093,0
20151127,17.204,17.223,17.022,17.185,60223,0
20151130,17.175,17.347,17.108,17.347,204592,0
20151201,17.395,17.433,17.128,17.327,182968,0
20151202,17.327,17.442,17.118,17.213,210085,0
20151203,17.223,17.251,16.87,16.976,215398,0
20151204,17.032,17.118,16.966,17.022,143844,0
20151207,16.966,17.014,16.499,16.623,332592,0
20151208,16.46,16.555,16.318,16.499,208025,0
20151209,16.546,16.641,16.403,16.537,201235,0
20151210,16.585,16.631,16.356,16.356,105548,0
20151211,16.298,16.356,15.869,16.031,272684,0
20151214,16.117,16.127,15.297,15.345,387207,0
20151215,15.648,16.029,15.502,15.902,279312,0
20151216,15.981,16.078,15.638,15.99,189789,0
20151217,16.029,16.42,15.765,15.971,261408,0
20151218,15.99,16.147,15.756,15.756,163495,0
20151221,15.785,16.401,15.785,16.274,307653,0
20151222,16.303,16.381,16.088,16.117,136983,0
20151223,16.264,16.518,15.981,16.44,114999,0
20151224,16.42,16.586,16.313,16.567,42569,0
20151228,16.557,16.567,16.176,16.196,134296,0
20151229,16.352,16.518,16.235,16.323,81659,0
20151230,16.215,16.489,16.039,16.127,168951,0
20151231,16.088,16.332,16.049,16.059,135987,0
20160104,15.736,16.147,15.697,16.147,185811,0
20160105,16.196,16.86,16.049,16.635,196659,0
20160106,16.86,17.007,16.411,16.704,217062,0
20160107,16.547,16.547,16.235,16.235,145841,0
20160108,16.284,16.362,15.765,15.795,125733,0
20160111,15.805,15.99,15.56,15.746,219974,0
20160112,15.795,15.932,15.609,15.775,116703,0
20160113,15.765,15.893,15.081,15.355,170355,0
20160114,15.365,15.599,15.111,15.247,399002,0
20160115,15.208,15.541,15.081,15.492,152878,0
20160119,15.599,15.658,15.375,15.472,144465,0
20160120,15.394,15.609,14.71,15.316,277021,0
20160121,15.394,15.736,15.345,15.521,139003,0
20160122,15.756,16.049,15.638,15.922,57477,0
20160125,15.765,15.941,15.609,15.619,70228,0
20160126,15.541,15.951,15.541,15.795,114155,0
20160127,15.687,15.964,15.609,15.834,70339,0
20160128,15.902,16.029,15.395,15.951,135165,0
20160129,15.99,16.049,15.756,15.853,287313,0
20160201,15.707,16.122,15.648,15.971,119873,0
20160202,15.765,15.853,15.609,15.785,84993,0
20160203,15.922,15.976,15.59,15.853,70096,0
20160204,15.765,15.961,15.678,15.805,118842,0
20160205,15.834,16.254,15.746,16.235,105596,0
20160208,16.127,16.323,15.932,16.215,284412,0
20160209,16.137,16.313,15.453,16.098,237112,0
20160210,16.098,16.215,15.932,15.951,203929,0
20160211,15.736,15.893,15.653,15.756,215180,0
20160212,15.883,16.049,15.57,15.795,107781,0
20160216,15.834,16.196,15.834,16.059,102041,0
20160217,16.078,16.391,16,16.108,119153,0
20160218,16.156,16.318,15.853,16.02,93823,0
20160219,15.873,16.02,15.761,15.883,84932,0
20160222,15.932,16.01,15.834,15.883,91850,0
20160223,15.834,16.078,15.756,15.844,67349,0
20160224,15.736,16.01,15.59,15.893,67213,0
20160225,16.059,16.508,15.619,16.391,168844,0
20160226,16.42,16.714,16.391,16.469,105807,0
20160229,16.43,16.977,16.362,16.86,205557,0
20160301,16.899,17.007,16.753,16.86,105927,0
20160302,16.86,16.929,16.718,16.88,113816,0
20160303,16.968,17.192,16.772,17.134,90764,0
20160304,17.173,17.398,16.977,17.056,116117,0
20160307,17.007,17.408,17.007,17.212,82509,0
20160308,17.105,17.163,16.909,16.938,59764,0
20160309,16.997,17.036,16.762,16.821,97855,0
20160310,16.86,16.938,16.714,16.841,112110,0
20160311,16.87,17.095,16.723,17.026,73866,0
20160314,17.046,17.222,16.899,17.202,106036,0
20160315,17.212,17.212,16.802,17.007,90446,0
20160316,17.056,17.056,16.772,16.968,139820,0
20160317,17.007,17.319,16.929,17.173,131432,0
20160318,17.183,17.368,16.968,17.095,161528,0
20160321,17.134,17.378,17.085,17.3,162072,0
20160322,17.3,17.52,17.2146,17.46,154825,0
20160323,17.47,17.55,17.13,17.16,137285,0
20160324,17.17,17.31,16.97,17.21,101458,0
20160328,17.26,17.28,16.87,17.09,75548,0
20160329,17.09,17.48,17,17.45,106972,0
20160330,17.55,17.55,17.06,17.14,87027,0
20160331,17.11,17.33,17.1,17.28,161107,0
20160401,17.28,17.42,17.14,17.3,90463,0
20160404,17.31,17.4,17.11,17.22,132115,0
20160405,17.15,17.23,16.91,16.91,166353,0
20160406,16.91,17.25,16.91,17.1,92659,0
20160407,17.09,17.33,16.94,17.11,101307,0
20160408,17.15,17.58,17.15,17.24,135106,0
20160411,17.26,17.51,17.18,17.2,49768,0
20160412,17.29,17.45,17.1501,17.37,73415,0
20160413,17.41,17.5135,17.33,17.38,60406,0
20160414,17.41,17.45,17.21,17.21,65424,0
20160415,17.13,17.49,17.12,17.37,67466,0
