Date,Open,High,Low,Close,Volume,OpenInt
20141017,9.66,10.01,9.1001,9.509,2825,0
20141020,9.49,9.99,9.49,9.94,7155,0
20141021,9.65,9.76,9.65,9.7,3268,0
20141022,9.45,9.83,9.45,9.65,28649,0
20141023,9.68,9.99,9.68,9.74,26625,0
20141024,9.77,10.1,9.06,9.84,44040,0
20141027,9.84,9.92,9.56,9.56,55435,0
20141028,9.64,9.74,9.63,9.64,9459,0
20141029,9.59,9.75,9.57,9.63,30921,0
20141030,9.54,9.74,9.54,9.71,21249,0
20141031,9.58,9.72,9.58,9.658,8156,0
20141103,9.67,9.68,9.55,9.56,10306,0
20141104,9.52,9.61,9.51,9.61,10744,0
20141105,9.5,9.71,9.5,9.56,49018,0
20141106,9.49,9.66,9.49,9.5,40653,0
20141107,9.63,10.08,9.63,9.98,138652,0
20141110,10.14,10.23,9.7,9.76,114059,0
20141111,9.65,9.76,9.64,9.71,87259,0
20141112,9.71,9.86,8.08,9.83,111252,0
20141113,9.55,9.91,9.55,9.818,43824,0
20141114,9.75,9.8,9.51,9.74,2092688,0
20141117,9.55,9.74,9.55,9.71,161140,0
20141118,9.68,9.68,9.48,9.52,246036,0
20141119,9.51,9.55,9.5,9.5,84398,0
20141120,9.5,9.55,9.5,9.54,111196,0
20141121,9.55,9.6,9.49,9.52,119329,0
20141124,9.52,9.6,9.48,9.54,145770,0
20141125,9.81,9.81,9.49,9.58,68208,0
20141126,9.52,9.58,9.49,9.57,140196,0
20141128,9.5,9.5,9.12,9.43,46188,0
20141201,9.47,9.525,9.41,9.43,201588,0
20141202,9.41,9.41,9.34,9.35,292710,0
20141203,9.36,10.29,9.32,9.38,108393,0
20141204,9.36,9.48,9.3,9.35,94414,0
20141205,9.3601,9.45,9.288,9.33,147086,0
20141208,9.33,9.42,9.18,9.19,119014,0
20141209,9.18,9.24,9.103,9.15,80125,0
20141210,9.35,9.35,9.1,9.12,110530,0
20141211,9.11,9.35,8.9,9.06,114249,0
20141212,9.06,9.22,8.91,9.11,61477,0
20141215,9.03,9.24,9.03,9.13,78557,0
20141216,9.08,9.19,9.01,9.19,140346,0
20141217,9.17,9.29,9.11,9.15,49472,0
20141218,9.15,9.31,9.15,9.23,20011,0
20141219,9.26,9.44,9.18,9.44,59757,0
20141222,9.47,9.64,9.05,9.42,60663,0
20141223,9.41,9.59,9.07,9.52,42775,0
20141224,9.53,9.58,9.26,9.58,22452,0
20141226,9.43,9.6,9.4,9.51,12861,0
20141229,9.47,9.62,9.36,9.6,57052,0
20141230,9.53,9.73,9.5,9.55,46348,0
20141231,9.57,9.71,9.46,9.61,52723,0
20150102,9.55,9.74,9.5,9.7,15106,0
20150105,9.545,10.14,9.4073,10.09,35323,0
20150106,10.1,10.92,10.041,10.87,79429,0
20150107,10.88,10.88,10.043,10.58,23254,0
20150108,10.43,10.68,10.34,10.61,32350,0
20150109,10.66,10.72,10.453,10.56,66476,0
20150112,10.37,10.73,10.37,10.61,250244,0
20150113,10.61,10.7,10.49,10.68,104569,0
20150114,10.65,10.67,10.295,10.37,11507,0
20150115,10.32,10.52,9.4101,9.56,138852,0
20150116,9.67,9.67,9.27,9.57,13100,0
20150120,9.31,9.35,9.1,9.25,26268,0
20150121,9.25,9.3395,9.2,9.26,24637,0
20150122,9.25,9.25,9.11,9.25,19645,0
20150123,9.25,9.54,9.02,9.52,39623,0
20150126,9.48,10,9.46,9.58,11340,0
20150127,9.51,9.52,9.17,9.37,33184,0
20150128,9.34,9.49,9.17,9.48,22766,0
20150129,9.45,9.6,9.3,9.47,14561,0
20150130,9.25,9.32,9.1701,9.32,12589,0
20150202,9.45,9.5,9.41,9.45,13557,0
20150203,9.49,9.88,9.37,9.88,17850,0
20150204,9.7,9.729,9.425,9.65,25384,0
20150205,9.34,10,9.34,9.98,15556,0
20150206,9.75,9.89,9.59,9.68,21603,0
20150209,9.63,9.86,9.58,9.64,21295,0
20150210,9.6,9.78,9.55,9.75,9973,0
20150211,9.79,9.87,9.55,9.6,10000,0
20150212,9.57,9.64,9.28,9.46,21783,0
20150213,9.41,9.55,9.41,9.51,6303,0
20150217,9.37,9.585,9.361,9.46,17687,0
20150218,9.5,9.8,9.5,9.79,21717,0
20150219,9.63,9.91,9.561,9.81,15039,0
20150220,9.78,9.92,9.701,9.87,7212,0
20150223,9.81,9.94,9.75,9.88,37642,0
20150224,9.84,10.1,9.84,10,37099,0
20150225,9.69,10.2,9.69,9.96,36789,0
20150226,9.81,10.06,9.81,9.99,41439,0
20150227,9.735,9.98,9.735,9.8,53810,0
20150302,9.76,9.88,9.76,9.83,5000,0
20150303,9.77,10.01,9.77,9.87,20300,0
20150304,9.87,9.87,9.76,9.81,4700,0
20150305,9.8,10,9.77,9.77,45200,0
20150306,9.75,9.76,9.3,9.51,78400,0
20150309,9.48,9.63,9.47,9.5,9600,0
20150310,9.51,9.54,9.5,9.5,10200,0
20150311,9.5,9.5,9.45,9.5,31000,0
20150312,9.53,9.6,9.5,9.53,6400,0
20150313,9.56,9.56,9.21,9.39,48200,0
20150316,9.42,9.45,9.18,9.42,50500,0
20150317,9.38,9.45,9.38,9.42,7400,0
20150318,9.39,9.56,9.35,9.48,72300,0
20150319,9.43,9.59,9.36,9.43,132600,0
20150320,9.43,9.76,9.42,9.76,12800,0
20150323,9.65,9.73,9.56,9.61,6100,0
20150324,9.59,9.64,9.45,9.58,3600,0
20150325,9.59,9.61,9.39,9.41,20800,0
20150326,9.43,9.54,9.43,9.48,3600,0
20150327,9.47,9.49,9.4,9.49,5800,0
20150330,9.49,9.5,9.4,9.42,12400,0
20150331,9.29,9.31,9.16,9.21,23600,0
20150401,9.21,9.39,9.21,9.39,18200,0
20150402,9.31,9.77,9.31,9.68,5100,0
20150406,9.96,9.96,9.67,9.75,4800,0
20150407,9.75,9.75,8.86,8.91,217767,0
20150408,9.13,9.14,8.76,8.76,120800,0
20150409,8.77,8.8,8.44,8.56,88912,0
20150410,8.49,8.67,8.31,8.36,98400,0
20150413,8.35,8.55,8.28,8.28,97700,0
20150414,8.29,8.41,8.25,8.35,35400,0
20150415,8.39,8.4,8.31,8.31,33883,0
20150416,8.34,8.43,8.31,8.31,96654,0
20150417,8.28,8.41,8.16,8.21,101800,0
20150420,8.21,8.22,8.1,8.11,86846,0
20150421,8.1,8.13,7.95,7.96,72372,0
20150422,7.93,8.06,7.75,7.81,68310,0
20150423,7.74,8.1,7.61,7.76,48500,0
20150424,7.76,7.88,7.63,7.81,49800,0
20150427,7.79,8.07,7.79,7.97,18900,0
20150428,7.86,7.99,7.84,7.86,11200,0
20150429,7.8,7.89,7.67,7.72,43100,0
20150430,7.68,7.82,7.55,7.66,87500,0
20150501,7.66,7.8,7.66,7.69,111200,0
20150504,7.75,7.95,7.73,7.76,70400,0
20150505,7.79,7.93,7.74,7.76,38700,0
20150506,7.76,7.95,7.72,7.76,29483,0
20150507,7.75,7.86,7.62,7.76,82073,0
20150508,7.81,7.93,7.63,7.93,34800,0
20150511,7.91,8.11,7.9,7.97,20400,0
20150512,7.97,8.24,7.97,8.22,41050,0
20150513,8.15,8.65,8.15,8.49,32400,0
20150514,8.58,8.71,8.36,8.48,7800,0
20150515,8.44,8.44,8.26,8.35,7229,0
20150518,8.32,8.46,8.21,8.21,3315,0
20150519,8.08,8.63,8.08,8.59,10900,0
20150520,8.47,8.86,8.47,8.84,16500,0
20150521,8.98,9.29,8.98,9.24,32000,0
20150522,9.11,9.14,8.38,8.61,23200,0
20150526,8.93,8.93,8.19,8.35,28556,0
20150527,8.36,8.48,8.31,8.36,23200,0
20150528,8.38,8.43,8.3,8.33,11465,0
20150529,8.4,8.55,8.33,8.39,37100,0
20150601,8.21,8.41,8.21,8.26,94800,0
20150602,8.26,8.34,8.1,8.31,13641,0
20150603,8.29,8.72,8.28,8.7,7400,0
20150604,8.71,8.82,8.52,8.82,16900,0
20150605,8.65,8.83,8.64,8.83,14200,0
20150608,8.88,8.88,8.73,8.76,29500,0
20150609,8.75,8.75,8.11,8.18,60052,0
20150610,8.28,8.28,7.84,7.91,42329,0
20150611,7.9,7.95,7.73,7.81,36210,0
20150612,7.81,7.86,7.52,7.52,51500,0
20150615,7.5,7.6,7.21,7.23,32800,0
20150616,7.23,7.23,6.98,7.01,51300,0
20150617,7.05,7.05,6.97,6.97,44800,0
20150618,6.93,7.12,6.87,6.97,24100,0
20150619,7,7.09,7,7.01,11300,0
20150622,7,7.09,6.95,6.96,15700,0
20150623,6.91,7.05,6.91,7.01,8923,0
20150624,7.02,7.05,6.91,6.93,10300,0
20150625,6.85,7.01,6.46,6.91,42100,0
20150626,6.9,6.95,6.45,6.52,93900,0
20150629,6.45,6.45,6.11,6.11,63000,0
20150630,6.18,6.18,6.05,6.09,29392,0
20150701,6.1,6.16,6.1,6.15,7200,0
20150702,6.05,6.11,5.88,5.92,69200,0
20150706,5.9,5.98,5.85,5.95,21500,0
20150707,5.94,6,5.93,6,9800,0
20150708,5.91,6.12,5.76,5.78,17600,0
20150709,6.11,6.11,5.82,5.82,14400,0
20150710,5.89,5.89,5.77,5.84,13500,0
20150713,5.89,5.97,5.88,5.92,9800,0
20150714,5.96,5.97,5.84,5.93,69470,0
20150715,5.94,5.94,5.89,5.9,53285,0
20150716,5.85,5.95,5.85,5.9,20200,0
20150717,5.95,5.99,5.9,5.9,9700,0
20150720,6,6,5.75,5.81,19500,0
20150721,5.85,5.85,5.65,5.65,19200,0
20150722,5.65,5.85,5.55,5.67,194400,0
20150723,5.58,5.73,5.57,5.68,6300,0
20150724,5.72,5.72,5.55,5.61,15500,0
20150727,5.61,5.66,5.46,5.47,26300,0
20150728,5.49,5.58,5.45,5.55,16200,0
20150729,5.52,5.81,5.49,5.59,11600,0
20150730,5.53,5.64,5.45,5.55,6900,0
20150731,5.61,5.77,5.55,5.77,9100,0
20150803,5.77,5.77,5.165,5.22,15780,0
20150804,5.45,5.68,5.44,5.5,88900,0
20150805,5.68,5.68,5.38,5.38,21100,0
20150806,5.43,5.55,5.3336,5.54,38317,0
20150807,5.48,5.49,5.38,5.41,37600,0
20150810,5.44,5.63,5.44,5.61,67600,0
20150811,5.6,5.65,5.58,5.65,35279,0
20150812,5.63,5.68,5.54,5.68,35500,0
20150813,5.67,5.87,5.67,5.87,28000,0
20150814,5.92,5.92,5.57,5.9,14700,0
20150817,5.88,6.07,5.79,6.01,79400,0
20150818,6.03,6.09,5.93,6.06,80000,0
20150819,6.06,6.06,5.9,6.06,82500,0
20150820,6,6.03,5.86,5.93,73100,0
20150821,5.83,5.91,5.72,5.81,63800,0
20150824,5.51,5.72,5.33,5.66,57118,0
20150825,5.83,5.83,5.61,5.69,6800,0
20150826,5.75,5.75,5.57,5.7,68900,0
20150827,5.78,5.98,5.73,5.9,98700,0
20150828,5.96,6.04,5.89,6.04,103900,0
20150831,6.04,6.19,6,6.19,61400,0
20150901,6.07,6.22,6.07,6.16,9700,0
20150902,6.35,6.41,6.15,6.41,56500,0
20150903,6.46,6.76,6.46,6.76,90200,0
20150904,6.72,6.72,6.55,6.57,10300,0
20150908,6.66,6.72,6.58,6.7,224400,0
20150909,6.71,6.71,6.5,6.58,124900,0
20150910,6.6,6.6,6.44,6.45,6601,0
20150911,6.46,6.46,6.15,6.21,13700,0
20150914,6.17,6.33,6.13,6.18,11600,0
20150915,6.14,6.41,6.14,6.35,213000,0
20150916,6.35,6.4,6.25,6.28,8900,0
20150917,6.3,6.56,6.3,6.42,235700,0
20150918,6.65,6.65,6.42,6.44,4300,0
20150921,6.44,6.49,6.38,6.41,15500,0
20150922,6.38,6.45,6.34,6.41,13100,0
20150923,6.32,6.5,6.32,6.42,26800,0
20150924,6.42,6.45,6.38,6.41,12769,0
20150925,6.39,6.6,6.36,6.6,12900,0
20150928,6.41,6.47,6.34,6.41,20816,0
20150929,6.56,6.56,6.21,6.41,15200,0
20150930,6.46,6.6,6.46,6.53,10800,0
20151001,6.53,6.55,6.45,6.47,5400,0
20151002,6.43,6.6,6.43,6.51,14200,0
20151005,6.55,6.6,6.51,6.52,7970,0
20151006,6.63,6.76,6.47,6.76,15600,0
20151007,6.8,6.84,6.63,6.78,68900,0
20151008,6.79,6.93,6.74,6.9,23000,0
20151009,6.51,6.99,6.51,6.97,8700,0
20151012,7.04,7.26,6.82,7.13,9075,0
20151013,7.14,7.14,6.81,7.04,19800,0
20151014,7.06,7.06,6.94,7.06,1600,0
20151015,7.08,7.08,6.58,6.99,37300,0
20151016,6.96,7,6.63,6.97,91200,0
20151019,6.89,7.7,6.75,7.63,141800,0
20151020,7.59,7.59,7.14,7.3,9292,0
20151021,7.02,7.42,7,7.36,15200,0
20151022,7.34,7.34,6.85,7,21500,0
20151023,7,7.17,6.82,6.91,26700,0
20151026,7,7.17,6.91,7.05,12200,0
20151027,7.02,7.15,6.28,7.03,10500,0
20151028,7.06,7.23,6.87,7.04,14500,0
20151029,7,7.37,6.67,7.25,20100,0
20151030,7.23,7.45,7.14,7.25,15500,0
20151102,7.2,7.44,7.2,7.44,28029,0
20151103,7.41,8.42,7.32,7.94,36700,0
20151104,7.96,7.97,7.825,7.95,48528,0
20151105,7.96,8.12,7.81,8,29700,0
20151106,7.94,8.1,7.9,8.05,36400,0
20151109,8.01,8.08,7.95,8.08,12475,0
20151110,8,8.2,7.92,8.2,43500,0
20151111,8.17,8.2,8.15,8.15,15500,0
20151112,7.89,8.29,7.89,8.29,90800,0
20151113,8.28,8.32,8.2,8.3,39400,0
20151116,8.25,8.39,8.2,8.36,66800,0
20151117,8.4,8.53,8.37,8.48,453000,0
20151118,8.5,8.53,8.33,8.37,56700,0
20151119,8.31,8.55,8.28,8.33,126800,0
20151120,8.37,8.4,8.21,8.21,21400,0
20151123,8.48,8.48,8.08,8.18,18100,0
20151124,8.24,8.28,7.92,8.19,20200,0
20151125,8.16,8.46,8.15,8.39,14800,0
20151127,8.31,8.44,7.81,8.43,3800,0
20151130,8.27,8.47,8.12,8.47,32300,0
20151201,8.47,8.47,8.24,8.37,8344,0
20151202,8.23,8.312,8.02,8.02,15769,0
20151203,7.86,7.88,7.02,7.16,41040,0
20151204,7.21,7.54,7.14,7.15,34900,0
20151207,6.93,7.25,6.68,7.18,40000,0
20151208,7.15,7.2317,7.1,7.16,10106,0
20151209,7.14,7.19,7.01,7.06,37000,0
20151210,7.1,7.23,6.95,7.05,80700,0
20151211,7.05,7.13,6.66,6.8,92100,0
20151214,6.76,6.78,6.38,6.47,13797,0
20151215,6.5,6.61,6.31,6.39,50700,0
20151216,6.21,6.3,6.1,6.22,16100,0
20151217,6.25,6.25,5.99,5.99,18900,0
20151218,6.03,6.22,5.92,5.97,29600,0
20151221,5.93,6.03,5.51,5.52,49400,0
20151222,5.63,5.81,5.13,5.2,89617,0
20151223,5.25,5.49,5.12,5.31,37900,0
20151224,5.31,5.9,5.15,5.22,14973,0
20151228,5.12,5.2399,4.9,4.95,60762,0
20151229,5.02,5.6,5.02,5.14,24490,0
20151230,5.14,5.14,5.01,5.1,23315,0
20151231,5.03,5.2,5.03,5.11,10655,0
20160104,5.12,5.12,4.82,4.96,16932,0
20160105,4.99,5.2,4.65,4.75,43610,0
20160106,4.74,4.74,4.38,4.5,69095,0
20160107,4.28,4.5,4.15,4.19,68870,0
20160108,4.33,4.34,3.95,4,55709,0
20160111,4.01,4.44,3.88,3.97,48180,0
20160112,3.97,4.03,3.94,4.02,62319,0
20160113,4.06,4.09,3.87,3.9,77761,0
20160114,3.89,4.0099,3.88,3.9,22816,0
20160115,3.81,3.93,3.68,3.82,22689,0
20160119,3.81,3.92,3.79,3.8,35700,0
20160120,3.8,3.9,3.66,3.75,75931,0
20160121,3.78,4,3.78,3.97,15572,0
20160122,4.03,4.063,3.97,4.01,63710,0
20160125,4,4.04,3.9601,4.01,30514,0
20160126,4.01,4.1,3.98,4.1,31007,0
20160127,4.09,4.29,4.01,4.29,50825,0
20160128,4.37,4.43,4.285,4.36,18722,0
20160129,4.39,4.78,4.3,4.4,35640,0
20160201,4.32,4.34,4.19,4.19,17373,0
20160202,4.17,4.25,4.01,4.1,5965,0
20160203,4.15,4.21,3.77,4.17,6229,0
20160204,4.16,4.32,4.16,4.27,6549,0
20160205,4.29,4.29,4.11,4.13,7036,0
20160208,4.09,4.1,3.5,3.55,20833,0
20160209,3.6,3.72,3.43,3.48,12216,0
20160210,3.44,3.44,3.07,3.12,26871,0
20160211,3.05,3.23,3.05,3.14,9285,0
20160212,3.1,3.16,2.89,3,29227,0
20160216,3.03,3.25,3.03,3.11,15071,0
20160217,3.08,3.1583,2.96,2.99,21573,0
20160218,3,3.02,2.92,2.9774,26763,0
20160219,3,3,2.78,2.9,12548,0
20160222,3,3.06,2.89,2.95,19998,0
20160223,2.92,2.92,2.86,2.92,27801,0
20160224,2.9,2.93,2.79,2.82,23579,0
20160225,2.79,2.9,2.71,2.75,22862,0
20160226,2.76,2.89,2.61,2.8,21165,0
20160229,2.8,2.83,2.6063,2.6063,30417,0
20160301,2.6,2.77,2.6,2.67,25824,0
20160302,2.71,2.816,2.66,2.71,38426,0
20160303,2.67,2.79,2.67,2.67,19489,0
20160304,2.7057,2.7325,2.63,2.65,54798,0
20160307,2.62,2.755,2.57,2.58,183352,0
20160308,2.6,2.66,2.49,2.49,53798,0
20160309,2.516,2.5425,2.45,2.47,111465,0
20160310,2.51,2.57,2.4,2.5,29432,0
20160311,2.5,2.5,2.46,2.49,28489,0
20160314,2.4501,2.57,2.44,2.53,103045,0
20160315,2.49,2.61,2.41,2.41,32436,0
20160316,2.42,2.45,2.3,2.36,13134,0
20160317,2.37,2.43,2.37,2.43,5840,0
20160318,2.41,2.7,2.41,2.55,404326,0
20160321,2.58,2.63,2.33,2.52,1278313,0
20160322,2.49,2.6,2.45,2.57,246662,0
20160323,2.51,2.58,2.47,2.49,226647,0
20160324,2.5,2.65,2.42,2.65,85502,0
20160328,2.68,2.92,2.61,2.74,52205,0
20160329,2.72,2.8599,2.63,2.81,78005,0
20160330,2.84,2.84,2.74,2.8,79614,0
20160331,2.89,2.9,2.77,2.8,76053,0
20160401,2.78,2.84,2.6,2.64,318252,0
20160404,2.63,2.76,2.615,2.63,10527,0
20160405,2.63,2.67,2.59,2.64,43866,0
20160406,2.68,2.68,2.63,2.65,16646,0
20160407,2.6,2.68,2.6,2.63,13336,0
20160408,2.64,2.78,2.6,2.64,110461,0
20160411,2.66,2.82,2.6402,2.81,6753,0
20160412,2.81,2.88,2.81,2.86,18184,0
20160413,2.87,3,2.87,2.98,15485,0
20160414,2.97,2.97,2.94,2.97,10090,0
20160415,2.97,3.11,2.9396,3.1,11483,0
