Date,Open,High,Low,Close,Volume,OpenInt
20050225,2.27,2.27,2.11,2.11,1100,0
20050228,2.09,2.23,2.02,2.02,3230,0
20050301,2.23,2.23,2.02,2.02,1652,0
20050302,2.07,2.28,2.02,2.16,2200,0
20050303,2.07,2.15,2.01,2.01,1699,0
20050304,2.05,2.05,2.05,2.05,2300,0
20050307,2.12,2.2,2.01,2.11,6700,0
20050308,2.19,2.19,1.98,2,8600,0
20050310,2,2.12,1.98,2.12,3722,0
20050311,2,2,1.99,1.99,800,0
20050315,1.99,1.99,1.98,1.98,1000,0
20050317,1.98,1.98,1.96,1.96,770,0
20050321,1.95,1.95,1.81,1.9,10500,0
20050322,1.98,1.98,1.98,1.98,300,0
20050323,1.98,2.05,1.98,2.04,3600,0
20050324,1.87,1.87,1.87,1.87,200,0
20050328,1.86,1.86,1.65,1.75,18150,0
20050330,1.7,1.77,1.7,1.77,2080,0
20050331,1.76,1.76,1.76,1.76,300,0
20050401,1.78,1.84,1.78,1.84,10000,0
20050404,2.2,2.2,1.89,1.9,1400,0
20050405,1.85,1.92,1.85,1.85,900,0
20050406,1.85,1.85,1.81,1.81,2500,0
20050407,1.81,1.82,1.81,1.82,400,0
20050408,1.9,1.91,1.9,1.9,3300,0
20050411,1.96,1.96,1.95,1.95,3076,0
20050412,1.82,1.82,1.82,1.82,500,0
20050413,1.82,1.82,1.82,1.82,1000,0
20050415,1.83,1.83,1.83,1.83,1100,0
20050419,1.83,1.83,1.83,1.83,300,0
20050420,1.84,1.85,1.83,1.83,2400,0
20050422,1.86,1.86,1.8,1.8,2000,0
20050425,1.8,1.8,1.8,1.8,1401,0
20050427,1.78,1.78,1.78,1.78,201,0
20050502,1.71,1.71,1.71,1.71,2000,0
20050505,1.8,1.97,1.8,1.97,1000,0
20050506,1.71,1.71,1.71,1.71,11454,0
20050509,1.72,1.72,1.72,1.72,5032,0
20050510,1.72,1.72,1.72,1.72,1000,0
20050512,1.64,1.83,1.64,1.83,4500,0
20050513,1.63,1.63,1.52,1.52,6729,0
20050517,1.7,1.7,1.7,1.7,1400,0
20050518,1.7,1.7,1.7,1.7,1000,0
20050519,1.89,1.9,1.88,1.9,3400,0
20050520,1.71,1.86,1.6,1.86,3801,0
20050523,1.8,1.9,1.8,1.8,2500,0
20050524,1.8,1.92,1.8,1.92,2000,0
20050525,1.92,1.92,1.8,1.8,5800,0
20050526,1.8,1.8,1.8,1.8,800,0
20050527,1.9,1.9,1.83,1.83,1100,0
20050531,1.85,1.85,1.75,1.75,1200,0
20050601,1.8,1.8,1.8,1.8,166,0
20050603,1.94,2.01,1.94,2,14564,0
20050607,2,2,2,2,2100,0
20050608,1.97,1.97,1.97,1.97,750,0
20050609,1.97,2.06,1.97,2.06,3595,0
20050610,2,2.02,2,2,2452,0
20050613,1.97,1.97,1.97,1.97,200,0
20050615,1.98,2.09,1.98,2,4575,0
20050616,2.09,2.1,2.09,2.1,1500,0
20050621,1.85,1.96,1.85,1.96,2200,0
20050622,1.86,1.98,1.86,1.98,1890,0
20050624,1.85,1.87,1.85,1.85,2465,0
20050627,2.1,2.1,1.97,1.97,9000,0
20050628,1.85,1.85,1.85,1.85,1000,0
20050630,1.9,1.9,1.85,1.85,1972,0
20050701,1.81,1.81,1.81,1.81,170,0
20050706,1.8,1.92,1.8,1.92,1400,0
20050708,2,2.05,2,2.05,1100,0
20050719,2.04,2.05,1.8,2.04,4916,0
20050720,1.81,1.81,1.81,1.81,300,0
20050722,2.03,2.04,2.03,2.04,916,0
20050725,1.8,2.03,1.8,2.03,1700,0
20050726,1.86,1.86,1.86,1.86,8100,0
20050727,2.1,2.1,1.9,1.9,1858,0
20050802,1.9,2,1.9,2,3684,0
20050803,2,2,1.9,1.9,800,0
20050805,2,2,1.91,1.91,1584,0
20050809,1.95,1.95,1.9,1.9,3300,0
20050810,1.9,1.9,1.9,1.9,500,0
20050812,1.93,1.93,1.93,1.93,2900,0
20050816,1.99,1.99,1.99,1.99,4600,0
20050817,1.95,1.95,1.95,1.95,3900,0
20050818,1.9,1.9,1.81,1.81,3950,0
20050819,1.85,1.85,1.85,1.85,2300,0
20050822,1.89,1.89,1.89,1.89,1000,0
20050824,1.85,1.85,1.85,1.85,300,0
20050829,1.85,1.85,1.85,1.85,496,0
20050830,1.85,1.85,1.85,1.85,104,0
20050831,1.81,1.87,1.81,1.82,1731,0
20050902,1.82,1.82,1.78,1.8,7300,0
20050906,1.79,1.79,1.7,1.7,7000,0
20050907,1.71,1.71,1.71,1.71,2000,0
20050909,1.79,1.79,1.75,1.75,2630,0
20050912,1.79,1.8,1.79,1.8,1700,0
20050913,1.79,1.79,1.78,1.78,400,0
20050916,1.78,1.79,1.78,1.79,3000,0
20050920,1.79,1.79,1.76,1.76,1400,0
20050922,1.75,1.75,1.75,1.75,2000,0
20050923,1.89,1.89,1.79,1.79,2300,0
20050926,1.75,1.75,1.75,1.75,1200,0
20050927,1.78,1.78,1.78,1.78,100,0
20050928,1.79,1.79,1.79,1.79,500,0
20051003,1.75,1.79,1.75,1.79,2700,0
20051004,1.78,1.78,1.78,1.78,1000,0
20051006,1.75,1.75,1.75,1.75,1000,0
20051007,1.78,1.9,1.77,1.9,11120,0
20051010,1.77,1.79,1.77,1.79,1300,0
20051011,1.79,1.79,1.77,1.79,4000,0
20051012,1.79,1.9,1.79,1.79,12300,0
20051017,1.75,1.79,1.75,1.79,1340,0
20051018,1.8,1.9,1.79,1.79,12800,0
20051020,1.77,1.78,1.77,1.78,1100,0
20051024,1.78,1.82,1.78,1.82,3671,0
20051025,1.79,1.81,1.79,1.81,445,0
20051026,1.78,1.85,1.78,1.85,4500,0
20051027,1.78,1.81,1.78,1.81,10000,0
20051028,1.77,1.86,1.77,1.86,3000,0
20051031,1.83,1.83,1.77,1.77,3500,0
20051102,1.82,1.83,1.77,1.77,3900,0
20051103,1.83,1.9,1.83,1.9,995,0
20051104,1.9,2.05,1.9,2.05,1500,0
20051107,1.77,2,1.77,1.99,4654,0
20051114,1.99,1.99,1.99,1.99,2000,0
20051117,1.81,1.85,1.8,1.8,2300,0
20051118,1.83,1.85,1.83,1.85,2400,0
20051121,1.99,1.99,1.86,1.9,4172,0
20051128,1.9,1.9,1.9,1.9,5500,0
20051129,1.84,1.84,1.83,1.83,300,0
20051130,1.83,1.89,1.83,1.89,5700,0
20051201,1.84,1.84,1.8,1.8,1500,0
20051202,1.8,1.8,1.8,1.8,1543,0
20051205,1.8,1.8,1.77,1.77,487,0
20051206,1.77,1.77,1.77,1.77,1600,0
20051213,1.77,1.77,1.77,1.77,900,0
20051214,1.85,1.85,1.85,1.85,1000,0
20051216,1.85,1.85,1.85,1.85,500,0
20051219,1.77,1.81,1.75,1.81,2438,0
20051220,1.82,1.83,1.82,1.83,500,0
20051222,1.81,1.81,1.81,1.81,2300,0
20051223,1.75,1.75,1.75,1.75,500,0
20051227,1.75,1.75,1.75,1.75,3600,0
20051228,1.75,1.75,1.75,1.75,900,0
20051229,1.79,1.79,1.79,1.79,2969,0
20060103,1.8,1.8,1.8,1.8,645,0
20060104,1.94,1.94,1.94,1.94,500,0
20060105,1.75,1.75,1.75,1.75,300,0
20060106,1.99,1.99,1.99,1.99,500,0
20060118,1.98,1.98,1.88,1.88,1800,0
20060119,2,2,2,2,4000,0
20060120,1.87,1.87,1.87,1.87,1500,0
20060123,1.99,1.99,1.99,1.99,2020,0
20060124,1.99,2.05,1.99,2.05,16579,0
20060125,2.05,2.23,2.05,2.23,27700,0
20060126,2,2.33,2,2.33,5001,0
20060127,2.5,2.5,2.25,2.26,35578,0
20060201,2.13,2.15,2.13,2.15,3400,0
20060202,2.27,2.35,2.25,2.31,18626,0
20060203,2.25,2.35,2.24,2.33,5700,0
20060206,2.19,2.19,2.1,2.1,360,0
20060207,2.06,2.06,2.06,2.06,100,0
20060208,2.24,2.24,2.06,2.06,500,0
20060213,2.23,2.25,2.23,2.25,1500,0
20060214,2.11,2.11,2.1,2.1,700,0
20060215,2.11,2.11,2.11,2.11,100,0
20060217,2.15,2.15,2.1,2.1,3000,0
20060222,2.12,2.12,2.12,2.12,2630,0
20060223,2.12,2.12,2.12,2.12,3000,0
20060224,2.12,2.25,2.11,2.25,1300,0
20060227,2.2,2.2,2.2,2.2,1000,0
20060228,2.17,2.25,2.17,2.25,2700,0
20060301,2.29,2.29,2.17,2.21,2000,0
20060303,2.11,2.11,2.11,2.11,500,0
20060306,2.28,2.28,2.28,2.28,1500,0
20060314,2.13,2.28,2.1,2.27,6300,0
20060315,2.24,2.24,2.24,2.24,400,0
20060316,2.15,2.15,2.13,2.13,1500,0
20060317,2.2,2.28,2.2,2.28,700,0
20060320,2.26,2.26,2.26,2.26,300,0
20060321,2.27,2.28,2.18,2.21,3300,0
20060323,2.13,2.14,2.1,2.14,10640,0
20060324,2.26,2.33,2.26,2.33,21450,0
20060327,2.3,2.33,2.27,2.33,2258,0
20060328,2.33,2.49,2.3,2.49,7930,0
20060329,2.48,2.48,2.44,2.44,1438,0
20060330,2.45,2.45,2.33,2.33,500,0
20060331,2.45,2.49,2.45,2.49,1743,0
20060403,2.48,2.5,2.33,2.5,2076,0
20060404,2.28,2.46,2.28,2.32,2620,0
20060406,2.26,2.49,2.26,2.49,8300,0
20060407,2.49,2.49,2.31,2.41,4270,0
20060410,2.21,2.47,2.21,2.41,700,0
20060412,2.17,2.4,2.17,2.4,270,0
20060413,2.45,2.45,2.45,2.45,1800,0
20060417,2.25,2.28,2.25,2.25,3600,0
20060418,2.28,2.29,2.2,2.2,4250,0
20060419,2.11,2.11,2.11,2.11,100,0
20060420,2.16,2.16,2.12,2.12,2900,0
20060421,2.18,2.34,2.18,2.19,4700,0
20060424,2.34,2.4,2.24,2.31,3742,0
20060425,2.26,2.45,2.14,2.45,22929,0
20060426,2.25,2.43,2.25,2.43,2542,0
20060427,2.27,2.44,2.27,2.43,400,0
20060428,2.1,2.43,2.1,2.43,7350,0
20060501,2.17,2.28,2.17,2.17,900,0
20060502,2.24,2.42,2.24,2.28,1700,0
20060505,2.43,2.43,2.43,2.43,200,0
20060509,2.15,2.43,2.15,2.43,6400,0
20060510,2.23,2.23,2.23,2.23,100,0
20060512,2.43,2.43,2.43,2.43,200,0
20060515,2.21,2.21,2.16,2.16,2004,0
20060516,2.3,2.31,2.2,2.2,2400,0
20060517,2.12,2.31,2.12,2.31,2300,0
20060519,2.12,2.26,2.12,2.26,1300,0
20060523,2.38,2.38,2.12,2.29,1304,0
20060530,2.12,2.29,2.12,2.29,701,0
20060602,2.16,2.24,2.16,2.21,700,0
20060605,2.25,2.28,2.16,2.16,3619,0
20060606,2.18,2.18,2.18,2.18,100,0
20060607,2.21,2.21,2.18,2.18,300,0
20060608,2.16,2.16,2.16,2.16,200,0
20060609,2.16,2.21,2.16,2.21,500,0
20060612,2.12,2.12,2.03,2.03,27455,0
20060613,2,2,1.95,1.95,1300,0
20060614,1.93,1.93,1.87,1.93,1300,0
20060615,1.99,1.99,1.95,1.99,5700,0
20060616,1.92,2,1.86,1.86,5100,0
20060619,1.9,1.9,1.9,1.9,100,0
20060621,1.91,1.91,1.91,1.91,2000,0
20060622,1.86,2.17,1.86,1.87,2603,0
20060623,1.91,2.05,1.91,2,3098,0
20060626,1.96,2.11,1.96,2.11,300,0
20060627,1.97,2.24,1.95,1.95,3500,0
20060705,2.01,2.01,1.86,1.95,1045,0
20060710,1.9,2.13,1.9,2.13,208,0
20060711,2,2,1.91,1.91,1098,0
20060714,2.09,2.09,1.99,2.09,2001,0
20060719,1.98,2.07,1.95,2.07,2458,0
20060720,1.97,1.99,1.97,1.99,500,0
20060721,2,2,2,2,2300,0
20060724,1.96,1.96,1.81,1.91,3980,0
20060727,1.86,1.86,1.81,1.82,14580,0
20060728,1.99,2.14,1.98,2.1,3800,0
20060731,1.92,1.93,1.92,1.92,3197,0
20060804,1.9,1.9,1.9,1.9,458,0
20060807,2.07,2.08,1.95,1.95,2641,0
20060808,1.9,1.91,1.71,1.91,9018,0
20060809,1.9,1.9,1.9,1.9,401,0
20060810,1.9,1.9,1.84,1.84,1100,0
20060811,1.92,1.92,1.92,1.92,100,0
20060814,1.98,1.98,1.89,1.9,600,0
20060815,1.86,2.01,1.86,2,8501,0
20060816,2,2,2,2,2500,0
20060817,1.92,1.92,1.9,1.9,3202,0
20060818,1.87,2.03,1.87,2.03,200,0
20060831,1.89,1.91,1.88,1.91,2400,0
20060905,1.88,1.88,1.88,1.88,300,0
20060908,1.88,1.88,1.88,1.88,1000,0
20060911,1.95,2.04,1.95,2.04,1100,0
20060912,1.85,1.89,1.78,1.81,13408,0
20060913,1.82,1.99,1.81,1.99,6799,0
20060914,1.94,1.94,1.8,1.81,14312,0
20060919,1.8,1.8,1.8,1.8,1000,0
20060920,1.82,1.9,1.82,1.9,320,0
20060921,1.9,1.9,1.88,1.88,900,0
20060925,1.89,1.99,1.89,1.98,1000,0
20060926,1.98,1.98,1.98,1.98,1000,0
20060927,2.07,2.07,2.07,2.07,100,0
20060928,2.07,2.08,2.07,2.08,397,0
20060929,2.07,2.08,2.07,2.08,1998,0
20061002,2.07,2.08,2.07,2.08,1000,0
20061003,2.08,2.15,1.89,1.9,6110,0
20061006,1.89,1.89,1.84,1.86,398,0
20061009,1.84,2.15,1.84,2.15,4090,0
20061012,2.12,2.14,1.95,1.95,6300,0
20061017,2,2,2,2,2000,0
20061018,1.87,1.89,1.86,1.89,1500,0
20061019,1.98,2,1.9,2,3789,0
20061026,2.05,2.05,2.01,2.05,1300,0
20061027,2.05,2.05,2.05,2.05,500,0
20061030,2.13,2.15,2.06,2.09,4641,0
20061031,2.12,2.12,2.12,2.12,1000,0
20061101,2.1,2.17,2.1,2.14,1700,0
20061102,2.17,2.17,2.12,2.14,400,0
20061103,2.12,2.3,2.12,2.3,588,0
20061106,2.17,2.3,2.17,2.21,4000,0
20061107,2.17,2.3,2.1,2.1,7150,0
20061109,2.24,2.25,2.2,2.2,2000,0
20061110,2.1,2.25,2.01,2.25,8454,0
20061113,2.26,2.29,2.26,2.29,200,0
20061114,2.33,2.36,2.18,2.27,3400,0
20061115,2.27,2.29,2.06,2.29,6600,0
20061116,2.28,2.5,2.15,2.39,9100,0
20061117,2.3,2.32,2.29,2.31,3300,0
20061120,2.33,2.33,2.33,2.33,100,0
20061121,2.33,2.49,2.28,2.35,3100,0
20061122,2.26,2.36,2.26,2.36,200,0
20061124,2.45,2.45,2.3,2.37,800,0
20061127,2.34,2.39,2.22,2.39,1300,0
20061128,2.4,2.4,2.4,2.4,100,0
20061129,2.45,2.45,2.22,2.36,2900,0
20061130,2.45,2.48,2.2,2.45,5000,0
20061204,2.38,2.5,2.38,2.5,2700,0
20061205,2.45,2.45,2.2,2.2,3300,0
20061206,2.44,2.49,2.44,2.49,200,0
20061211,2.41,2.41,2.4,2.4,1600,0
20061213,2.36,2.4,2.36,2.4,2700,0
20061214,2.21,2.23,1.96,2.23,10083,0
20061215,2.21,2.21,2.21,2.21,715,0
20061218,2.08,2.13,2.08,2.13,1000,0
20061219,2.05,2.1,2.05,2.1,1100,0
20061220,2.08,2.11,2.08,2.08,1200,0
20061222,2.03,2.46,2.03,2.3,10911,0
20061226,2.46,2.46,2.25,2.45,4800,0
20061228,2.45,2.45,2.24,2.28,4715,0
20061229,2.24,2.33,2.24,2.33,1800,0
20070105,2.39,2.39,2.21,2.21,1600,0
20070108,2.2,2.2,2.09,2.1,4702,0
20070110,2.35,2.47,2.3,2.45,32978,0
20070111,2.47,2.47,2.34,2.35,5367,0
20070112,2.29,2.43,2.29,2.43,4910,0
20070116,2.5,3.24,2.5,2.73,109530,0
20070117,2.86,3.47,2.76,2.85,148286,0
20070118,2.8,3.35,2.8,3.15,63893,0
20070119,3.2,3.36,3,3.19,63816,0
20070122,3.25,3.33,2.91,2.94,29054,0
20070123,3.23,3.23,2.99,3.04,6174,0
20070124,3.02,3.11,2.83,3.05,21992,0
20070125,2.97,3.05,2.97,3,8360,0
20070126,3,3.07,3,3.07,2169,0
20070129,3,3.1,2.83,2.87,12500,0
20070130,2.96,2.96,2.78,2.88,11400,0
20070131,2.97,2.97,2.93,2.93,1400,0
20070201,2.93,2.93,2.89,2.9,2415,0
20070202,3,3.02,2.9,3.01,7164,0
20070205,2.95,2.98,2.72,2.88,28590,0
20070206,2.83,2.93,2.82,2.92,9500,0
20070207,3.05,3.05,2.86,2.95,3600,0
20070208,2.94,2.94,2.9,2.9,1400,0
20070209,2.99,2.99,2.98,2.98,750,0
20070212,2.98,2.98,2.78,2.81,6052,0
20070213,2.89,2.9,2.75,2.75,2100,0
20070214,2.77,2.8,2.77,2.8,1050,0
20070215,2.8,2.8,2.8,2.8,500,0
20070216,2.81,2.81,2.75,2.76,2700,0
20070220,2.75,2.84,2.75,2.75,4036,0
20070221,2.71,2.71,2.53,2.63,23649,0
20070222,2.57,2.63,2.5,2.5,10551,0
20070223,2.5,2.85,2.5,2.81,8377,0
20070226,2.8,2.94,2.73,2.73,6594,0
20070227,2.65,2.72,2.61,2.65,6510,0
20070228,2.61,2.8,2.61,2.68,6200,0
20070301,2.64,2.64,2.51,2.51,7000,0
20070302,2.89,2.89,2.75,2.75,1424,0
20070305,2.52,2.9,2.52,2.59,4500,0
20070306,2.6,2.63,2.6,2.6,19275,0
20070307,2.64,2.64,2.64,2.64,100,0
20070308,2.67,2.67,2.65,2.65,548,0
20070309,2.76,2.76,2.65,2.65,5093,0
20070312,2.57,2.67,2.51,2.66,28953,0
20070313,2.73,2.79,2.6,2.61,7100,0
20070314,2.61,2.61,2.51,2.6,1800,0
20070315,2.6,2.6,2.52,2.56,1000,0
20070316,2.56,2.78,2.56,2.78,2000,0
20070319,2.82,2.82,2.8,2.81,6400,0
20070321,2.81,2.81,2.81,2.81,251,0
20070322,2.62,2.65,2.53,2.65,3817,0
20070323,2.54,2.77,2.5,2.6,31667,0
20070326,2.6,2.6,2.56,2.59,7700,0
20070327,2.6,2.65,2.54,2.61,29382,0
20070328,2.64,2.66,2.51,2.53,8532,0
20070329,2.54,2.68,2.54,2.68,12600,0
20070330,2.54,2.54,2.54,2.54,200,0
20070402,2.57,2.74,2.55,2.57,12000,0
20070403,2.55,2.55,2.5,2.54,1702,0
20070405,2.55,2.61,2.5,2.58,12445,0
20070409,2.52,2.63,2.52,2.54,14360,0
20070410,2.62,2.84,2.6,2.83,11377,0
20070411,2.86,2.96,2.86,2.95,2150,0
20070413,2.95,2.95,2.82,2.82,500,0
20070416,2.78,2.97,2.7,2.97,4500,0
20070417,3,3,2.86,3,1700,0
20070418,3,3,2.93,2.99,16200,0
20070419,2.93,3,2.93,3,6500,0
20070420,2.96,3,2.95,3,3647,0
20070423,2.97,2.97,2.92,2.97,5000,0
20070424,2.95,2.97,2.69,2.9,8100,0
20070425,2.95,2.97,2.87,2.88,2402,0
20070426,2.7,2.85,2.7,2.85,600,0
20070430,2.71,2.87,2.7,2.87,1490,0
20070501,2.81,2.85,2.72,2.72,5330,0
20070502,2.71,2.85,2.71,2.85,2600,0
20070504,2.83,2.99,2.82,2.99,17649,0
20070507,2.95,3,2.9,2.9,5070,0
20070508,2.9,2.9,2.9,2.9,580,0
20070509,2.8,2.9,2.8,2.9,5737,0
20070510,2.8,2.85,2.8,2.85,900,0
20070511,2.92,2.97,2.92,2.97,6100,0
20070514,2.97,3,2.91,2.99,13500,0
20070515,2.97,3,2.97,3,1600,0
20070516,2.75,2.81,2.75,2.8,3380,0
20070517,2.8,2.8,2.8,2.8,100,0
20070518,2.8,2.8,2.8,2.8,500,0
20070521,2.8,2.8,2.66,2.67,15115,0
20070522,2.67,2.67,2.53,2.6,1700,0
20070523,2.73,2.73,2.73,2.73,2000,0
20070529,2.62,2.63,2.52,2.52,2200,0
20070530,2.52,2.74,2.52,2.74,11900,0
20070531,2.69,2.69,2.69,2.69,100,0
20070601,2.61,2.75,2.61,2.74,4735,0
20070604,2.74,2.79,2.58,2.79,2715,0
20070605,2.77,2.9,2.75,2.75,2800,0
20070607,2.7,2.8,2.52,2.8,2150,0
20070608,2.8,2.8,2.8,2.8,700,0
20070613,2.59,2.7,2.59,2.66,1300,0
20070614,2.66,2.7,2.66,2.7,3600,0
20070615,2.77,2.79,2.77,2.79,300,0
20070622,2.71,2.71,2.6,2.6,8239,0
20070625,2.6,2.6,2.52,2.54,2754,0
20070626,2.54,2.54,2.54,2.54,200,0
20070629,2.54,2.56,2.53,2.54,5270,0
20070702,2.53,2.64,2.53,2.64,500,0
20070705,2.6,2.6,2.6,2.6,1196,0
20070706,2.53,2.65,2.5,2.55,9100,0
20070709,2.55,2.55,2.51,2.51,917,0
20070710,2.51,2.51,2.51,2.51,3000,0
20070712,2.6,2.6,2.6,2.6,2000,0
20070713,2.6,2.6,2.5,2.5,3030,0
20070716,2.6,2.6,2.5,2.5,5675,0
20070717,2.52,2.52,2.52,2.52,300,0
20070718,2.66,2.66,2.66,2.66,100,0
20070719,2.62,2.66,2.52,2.66,1050,0
20070723,2.6,2.6,2.6,2.6,200,0
20070725,2.52,2.64,2.52,2.64,700,0
20070726,2.53,2.53,2.53,2.53,1000,0
20070727,2.64,2.64,2.64,2.64,100,0
20070730,2.53,2.54,1.81,2.1,54396,0
20070731,2.35,2.35,2.26,2.3,10282,0
20070801,2.3,2.4,2.3,2.4,4960,0
20070806,2.25,2.26,2.2,2.2,2500,0
20070807,2.23,2.3,2.23,2.3,1150,0
20070808,2.24,2.39,2.24,2.39,1625,0
20070810,2.27,2.27,2.27,2.27,550,0
20070813,2.24,2.26,2.24,2.26,6027,0
20070814,2.33,2.33,2.03,2.03,3500,0
20070815,1.98,1.98,1.79,1.79,18819,0
20070816,1.87,1.88,1.8,1.8,10700,0
20070817,1.8,1.88,1.8,1.81,1801,0
20070820,1.8,1.98,1.8,1.83,11178,0
20070821,1.85,1.97,1.85,1.85,1100,0
20070822,1.89,1.89,1.89,1.89,300,0
20070823,1.95,1.95,1.82,1.82,8056,0
20070824,1.82,1.82,1.82,1.82,1196,0
20070828,1.85,1.92,1.85,1.92,350,0
20070829,1.97,2,1.97,2,3975,0
20070905,2.02,2.02,2.02,2.02,600,0
20070907,1.85,1.97,1.85,1.97,675,0
20070910,2.02,2.03,2.01,2.01,901,0
20070912,2,2.01,2,2,5038,0
20070913,2.01,2.01,1.97,1.97,1494,0
20070918,2.15,2.15,1.97,1.99,2546,0
20070919,1.99,1.99,1.99,1.99,1000,0
20070920,1.85,1.85,1.85,1.85,460,0
20070921,1.91,1.91,1.85,1.86,6777,0
20070924,1.86,1.86,1.86,1.86,4000,0
20070925,1.85,1.85,1.85,1.85,7974,0
20070926,1.85,1.85,1.85,1.85,6774,0
20071002,1.82,1.82,1.8,1.8,4100,0
20071004,1.84,1.86,1.84,1.86,1725,0
20071005,1.86,1.86,1.84,1.84,3700,0
20071009,1.8,1.84,1.65,1.83,9421,0
20071012,1.79,1.99,1.75,1.94,10335,0
20071015,1.76,1.89,1.75,1.83,2183,0
20071016,1.77,1.77,1.77,1.77,500,0
20071018,1.76,1.76,1.76,1.76,100,0
20071019,1.8,1.8,1.8,1.8,2000,0
20071022,1.8,1.8,1.8,1.8,8400,0
20071023,1.75,1.75,1.75,1.75,8600,0
20071024,1.76,1.79,1.76,1.79,880,0
20071025,1.8,1.81,1.8,1.81,600,0
20071026,1.85,1.95,1.85,1.95,400,0
20071029,1.82,1.82,1.82,1.82,1100,0
20071030,1.79,1.79,1.79,1.79,689,0
20071031,1.79,1.79,1.76,1.76,500,0
20071101,1.75,1.76,1.74,1.75,10750,0
20071105,1.67,1.71,1.67,1.71,2950,0
20071107,1.79,1.79,1.79,1.79,400,0
20071108,1.7,1.7,1.65,1.65,4831,0
20071113,1.71,1.71,1.7,1.7,1500,0
20071114,1.7,1.7,1.65,1.65,1000,0
20071115,1.65,1.65,1.65,1.65,780,0
20071116,1.65,1.65,1.65,1.65,355,0
20071119,1.5,1.5,1.5,1.5,2869,0
20071129,1.57,1.57,1.57,1.57,200,0
20071204,1.55,1.55,1.55,1.55,976,0
20071205,1.53,1.53,1.53,1.53,450,0
20071206,1.52,1.54,1.44,1.54,2281,0
20071210,1.55,1.55,1.55,1.55,650,0
20071211,1.56,1.56,1.55,1.55,1300,0
20071212,1.53,1.53,1.53,1.53,150,0
20071214,1.53,1.53,1.53,1.53,2000,0
20071220,1.53,1.53,1.4,1.42,2452,0
20071221,1.49,1.5,1.49,1.5,500,0
20071226,1.5,1.5,1.39,1.42,5100,0
20071227,1.33,1.52,1.33,1.39,2625,0
20071228,1.4,1.4,1.31,1.4,7837,0
20071231,1.4,1.98,1.31,1.87,26409,0
20080103,1.87,1.87,1.87,1.87,2000,0
20080104,1.54,1.85,1.54,1.85,1603,0
20080107,1.65,1.65,1.65,1.65,180,0
20080108,1.84,1.84,1.84,1.84,1309,0
20080110,1.84,1.84,1.84,1.84,306,0
20080111,1.61,1.61,1.61,1.61,100,0
20080114,1.84,1.84,1.84,1.84,300,0
20080115,1.8,1.8,1.8,1.8,1200,0
20080116,1.64,1.64,1.61,1.61,2000,0
20080117,1.65,1.65,1.61,1.61,1850,0
20080122,1.59,1.59,1.55,1.55,1500,0
20080123,1.55,1.55,1.5,1.5,3150,0
20080124,1.51,1.51,1.5,1.5,950,0
20080128,1.5,1.51,1.33,1.33,27701,0
20080131,1.43,1.47,1.43,1.47,1250,0
20080201,1.43,1.43,1.43,1.43,200,0
20080204,1.47,1.52,1.43,1.43,499,0
20080208,1.59,1.85,1.51,1.51,9525,0
20080211,1.51,1.51,1.47,1.5,11601,0
20080212,1.44,1.44,1.44,1.44,157,0
20080215,1.46,1.46,1.46,1.46,1000,0
20080219,1.45,1.45,1.45,1.45,105,0
20080220,1.5,1.5,1.5,1.5,250,0
20080225,1.46,1.46,1.46,1.46,1000,0
20080304,1.45,1.45,1.45,1.45,300,0
20080306,1.45,1.5,1.4,1.4,12049,0
20080307,1.46,1.5,1.46,1.5,1200,0
20080310,1.45,1.46,1.42,1.46,2300,0
20080311,1.4,1.42,1.4,1.42,2662,0
20080312,1.4,1.4,1.4,1.4,100,0
20080313,1.45,1.5,1.45,1.5,51842,0
20080318,1.48,1.57,1.41,1.57,1800,0
20080320,1.41,1.41,1.41,1.41,1000,0
20080325,1.42,1.42,1.42,1.42,1100,0
20080328,1.55,1.82,1.5,1.5,4875,0
20080331,1.42,1.5,1.42,1.42,1025,0
20080401,1.49,1.49,1.42,1.42,1966,0
20080403,1.49,1.49,1.49,1.49,300,0
20080407,1.49,1.49,1.49,1.49,700,0
20080408,1.54,1.54,1.54,1.54,1000,0
20080409,1.41,1.41,1.41,1.41,300,0
20080411,1.5,1.54,1.5,1.52,3729,0
20080414,1.51,1.51,1.51,1.51,150,0
20080416,1.41,1.41,1.41,1.41,300,0
20080417,1.51,1.51,1.45,1.45,1750,0
20080422,1.45,1.45,1.45,1.45,700,0
20080424,1.45,1.46,1.45,1.46,1000,0
20080428,1.45,1.5,1.41,1.41,2279,0
20080430,1.41,1.41,1.4,1.41,4018,0
20080505,1.35,1.35,1.35,1.35,397,0
20080506,1.36,1.36,1.35,1.35,930,0
20080508,1.35,1.51,1.35,1.51,4478,0
20080513,1.45,1.45,1.45,1.45,2632,0
20080515,1.41,1.45,1.41,1.45,100,0
20080527,1.36,1.36,1.35,1.35,6878,0
20080530,1.4,1.4,1.4,1.4,100,0
20080605,1.35,1.38,1.35,1.35,2189,0
20080609,1.38,1.38,1.38,1.38,2834,0
20080620,1.27,1.27,1.27,1.27,200,0
20080624,1.27,1.27,1.24,1.27,2500,0
20080626,1.24,1.24,1.24,1.24,100,0
20080627,1.18,1.18,0.95,1.05,25350,0
20080630,1,1.05,0.97,1.02,5150,0
20080701,1,1,0.97,1,7309,0
20080702,0.98,1.02,0.98,1.02,6200,0
20080703,0.99,0.99,0.96,0.96,2600,0
20080707,0.94,1.02,0.94,1.02,7077,0
20080708,0.92,1.01,0.92,1.01,6810,0
20080709,0.95,0.95,0.81,0.81,29300,0
20080710,0.97,0.97,0.97,0.97,4686,0
20080714,0.97,0.97,0.86,0.86,2500,0
20080715,0.94,0.94,0.94,0.94,200,0
20080721,0.93,0.93,0.93,0.93,300,0
20080722,0.86,0.86,0.86,0.86,950,0
20080723,0.94,0.94,0.94,0.94,499,0
20080731,0.85,0.97,0.85,0.97,855,0
20080805,0.86,0.86,0.86,0.86,100,0
20080807,0.93,0.94,0.93,0.94,3284,0
20080811,0.86,0.87,0.86,0.86,6000,0
20080812,0.88,0.88,0.88,0.88,100,0
20080813,0.9,0.9,0.9,0.9,200,0
20080814,0.87,0.87,0.87,0.87,600,0
20080815,0.86,0.88,0.85,0.88,3100,0
20080818,0.98,0.98,0.98,0.98,1399,0
20080820,0.86,0.91,0.86,0.91,4015,0
20080821,0.9,0.9,0.9,0.9,3600,0
20080822,0.9,0.9,0.9,0.9,600,0
20080825,0.86,0.95,0.86,0.95,300,0
20080826,0.95,0.95,0.95,0.95,100,0
20080902,0.94,0.94,0.94,0.94,9969,0
20080903,0.94,0.95,0.94,0.95,1000,0
20080905,0.95,0.95,0.95,0.95,7500,0
20080908,0.95,0.95,0.95,0.95,3600,0
20080912,0.99,0.99,0.99,0.99,10700,0
20080917,1,1,0.95,0.95,2200,0
20080919,1,1,0.95,1,8170,0
20080922,0.96,0.96,0.96,0.96,2954,0
20080924,0.97,0.97,0.96,0.96,1000,0
20080925,0.96,0.96,0.96,0.96,398,0
20080926,1,1,1,1,200,0
20080929,0.96,0.96,0.88,0.88,17700,0
20080930,0.88,0.88,0.78,0.78,2108,0
20081001,0.78,0.78,0.78,0.78,500,0
20081002,0.78,0.78,0.78,0.78,300,0
20081006,0.91,0.91,0.78,0.78,6100,0
20081007,0.78,0.78,0.78,0.78,200,0
20081008,0.78,0.78,0.78,0.78,1600,0
20081010,0.78,0.78,0.64,0.64,5200,0
20081013,0.7,0.7,0.7,0.7,1250,0
20081014,0.85,0.99,0.78,0.83,10330,0
20081015,0.82,0.98,0.75,0.88,11700,0
20081016,0.82,0.83,0.8,0.82,6406,0
20081021,0.84,0.84,0.84,0.84,400,0
20081022,0.84,0.84,0.84,0.84,250,0
20081023,0.84,0.84,0.7,0.8,5650,0
20081024,0.7,0.89,0.7,0.89,2400,0
20081027,0.7,0.7,0.7,0.7,6000,0
20081028,0.72,0.72,0.71,0.71,1793,0
20081030,0.84,0.88,0.84,0.88,2899,0
20081031,0.77,0.83,0.77,0.83,1269,0
20081103,0.9,0.9,0.76,0.76,1300,0
20081106,0.76,0.76,0.72,0.75,1350,0
20081110,0.78,0.78,0.75,0.75,200,0
20081111,0.75,0.75,0.72,0.75,2800,0
20081112,0.72,0.72,0.71,0.71,2200,0
20081113,0.72,0.72,0.71,0.71,1147,0
20081114,0.71,0.71,0.71,0.71,250,0
20081117,0.73,0.73,0.73,0.73,250,0
20081118,0.75,0.75,0.72,0.72,17200,0
20081120,0.75,0.75,0.61,0.69,2943,0
20081125,0.66,0.69,0.51,0.67,7083,0
20081126,0.56,0.88,0.56,0.88,985,0
20081201,0.63,0.63,0.58,0.58,3450,0
20081202,0.61,0.7,0.61,0.7,650,0
20081203,0.56,0.56,0.56,0.56,250,0
20081204,0.69,0.69,0.69,0.69,600,0
20081205,0.69,0.8,0.69,0.8,750,0
20081208,0.8,0.85,0.8,0.85,1000,0
20081209,0.75,0.75,0.75,0.75,250,0
20081210,0.86,0.86,0.76,0.78,550,0
20081211,0.75,0.75,0.75,0.75,1000,0
20081215,0.75,0.77,0.75,0.75,1397,0
20081216,0.75,0.75,0.75,0.75,1100,0
20081217,0.7,0.84,0.7,0.83,3500,0
20081219,0.83,0.83,0.75,0.75,1233,0
20081222,0.8,0.8,0.8,0.8,950,0
20081229,0.76,0.77,0.75,0.77,1000,0
20081230,0.83,0.85,0.75,0.84,4062,0
20081231,0.8,0.85,0.75,0.84,8327,0
20090102,0.84,0.84,0.82,0.82,12900,0
20090105,0.84,0.86,0.75,0.83,2427,0
20090106,0.83,0.83,0.83,0.83,500,0
20090108,0.86,0.87,0.86,0.87,1465,0
20090109,0.87,0.87,0.86,0.86,715,0
20090112,0.85,0.85,0.85,0.85,1000,0
20090114,0.87,0.87,0.87,0.87,200,0
20090126,0.94,0.94,0.94,0.94,1000,0
20090129,0.93,0.94,0.93,0.94,700,0
20090205,0.98,0.99,0.97,0.99,7370,0
20090206,1,1,1,1,1000,0
20090209,1.02,1.02,1.01,1.01,2000,0
20090211,1.02,1.02,1.02,1.02,1000,0
20090212,1.02,1.04,1,1.04,4146,0
20090217,1.02,1.02,1.02,1.02,2000,0
20090218,1.03,1.03,0.98,0.98,5245,0
20090219,1.01,1.01,1,1,3000,0
20090220,1.01,1.01,0.99,0.99,3400,0
20090224,0.99,0.99,0.99,0.99,200,0
20090227,0.99,0.99,0.99,0.99,200,0
20090302,0.98,0.98,0.97,0.97,1911,0
20090305,0.85,0.85,0.83,0.83,600,0
20090309,0.9,0.9,0.9,0.9,1000,0
20090319,0.83,0.83,0.83,0.83,3873,0
20090323,0.8,0.8,0.75,0.75,500,0
20090331,0.71,0.71,0.71,0.71,707,0
20090402,0.71,0.84,0.71,0.84,2702,0
20090403,0.8,0.8,0.8,0.8,100,0
20090409,0.84,0.84,0.84,0.84,100,0
20090416,0.91,0.92,0.91,0.92,500,0
20090428,0.92,0.92,0.92,0.92,600,0
20090504,0.88,0.88,0.84,0.84,4000,0
20090506,0.94,0.94,0.94,0.94,901,0
20090519,0.84,0.85,0.84,0.85,1220,0
20090528,0.85,0.85,0.85,0.85,320,0
20090529,0.82,0.82,0.82,0.82,500,0
20090602,0.85,1.23,0.7,0.7,26185,0
20090603,0.75,0.75,0.75,0.75,5356,0
20090604,0.94,0.94,0.94,0.94,200,0
20090605,0.93,0.93,0.9,0.9,2000,0
20090608,0.93,0.95,0.93,0.95,2911,0
20090609,0.94,0.95,0.85,0.95,4042,0
20090610,0.95,0.95,0.95,0.95,1350,0
20090617,0.95,0.95,0.95,0.95,900,0
20090622,0.95,0.97,0.95,0.96,2978,0
20090623,0.96,0.96,0.86,0.86,1100,0
20090625,0.85,0.85,0.85,0.85,100,0
20090702,0.95,0.95,0.95,0.95,992,0
20090707,0.9,0.9,0.85,0.85,10011,0
20090713,0.9,0.9,0.9,0.9,800,0
20090715,0.85,0.85,0.85,0.85,500,0
20090717,0.9,0.9,0.9,0.9,1700,0
20090724,0.9,0.9,0.9,0.9,0,0
20090727,0.79,0.79,0.79,0.79,200,0
20090728,0.87,0.87,0.81,0.81,11357,0
20090729,0.81,0.81,0.81,0.81,0,0
20090730,0.82,0.82,0.82,0.82,2100,0
20090731,0.82,0.82,0.82,0.82,0,0
20090803,0.82,0.82,0.82,0.82,0,0
20090804,0.76,0.79,0.25,0.79,20218,0
20090805,0.8,0.8,0.76,0.78,3873,0
20090806,0.8,0.8,0.76,0.76,3636,0
20090807,0.79,0.85,0.79,0.84,5450,0
20090810,0.85,0.85,0.85,0.85,750,0
20090811,0.85,0.85,0.85,0.85,0,0
20090812,0.85,0.85,0.85,0.85,0,0
20090813,0.85,0.85,0.85,0.85,0,0
20090814,0.85,0.85,0.85,0.85,0,0
20090817,0.81,0.83,0.81,0.83,1255,0
20090818,0.82,0.82,0.81,0.81,15625,0
20090821,0.84,0.88,0.83,0.85,4780,0
20090824,0.89,0.89,0.89,0.89,400,0
20090825,0.89,0.89,0.89,0.89,0,0
20090826,0.87,0.89,0.86,0.89,6776,0
20090827,0.89,0.89,0.89,0.89,1200,0
20090828,0.9,0.92,0.9,0.92,1000,0
20090831,0.92,0.92,0.92,0.92,1253,0
20090901,0.92,0.92,0.92,0.92,1849,0
20090902,0.94,0.94,0.93,0.93,2500,0
20090904,0.94,0.94,0.93,0.94,2700,0
20090908,0.94,0.97,0.94,0.97,7418,0
20090909,0.99,1.01,0.99,1,9200,0
20090910,1.02,1.19,1.02,1.18,15701,0
20090911,1.15,1.15,0.85,0.95,12100,0
20090914,0.99,1.39,0.99,1.39,33315,0
20090915,1.38,1.38,1.19,1.37,13439,0
20090916,1.12,1.38,1.12,1.36,3427,0
20090917,1.23,1.35,1.11,1.3,4150,0
20090918,1.16,1.3,1.02,1.02,11256,0
20090921,1.25,1.36,1.02,1.02,46850,0
20090922,1.05,1.05,1.05,1.05,820,0
20090923,1.1,1.1,1.1,1.1,1000,0
20090924,1.19,1.19,1.18,1.19,1236,0
20090925,1.19,1.19,1.19,1.19,1989,0
20090928,1.06,1.17,1.05,1.15,3500,0
20090929,1.2,1.2,1.18,1.18,865,0
20090930,1.15,1.17,1.15,1.15,3441,0
20091001,1.04,1.12,1.04,1.12,525,0
20091002,1.15,1.15,1.15,1.15,1000,0
20091005,1.14,1.19,1.14,1.15,3518,0
20091006,1.15,1.2,1.15,1.2,7810,0
20091007,1.2,1.2,1.2,1.2,3240,0
20091008,1.09,1.09,1.09,1.09,1000,0
20091009,1.1,1.1,1.1,1.1,400,0
20091013,1.19,1.33,1.14,1.21,5670,0
20091014,1.21,1.33,1.21,1.21,6453,0
20091016,1.3,1.3,1.29,1.3,838,0
20091019,1.3,1.3,1.27,1.27,3454,0
20091021,1.25,1.25,1.25,1.25,4100,0
20091022,1.27,1.27,1.27,1.27,200,0
20091023,1.27,1.27,1.24,1.24,384,0
20091026,1.27,1.29,1.27,1.29,730,0
20091027,1.27,1.3,1.27,1.3,2063,0
20091028,1.25,1.33,1.25,1.33,2204,0
20091029,1.33,1.33,1.24,1.24,961,0
20091030,1.3,1.32,1.3,1.32,2700,0
20091102,1.36,1.45,1.36,1.45,25343,0
20091103,1.45,1.45,1.45,1.45,1500,0
20091104,1.45,1.45,1.44,1.44,1275,0
20091105,1.45,1.45,1.38,1.38,1081,0
20091106,1.45,1.45,1.24,1.24,9583,0
20091109,1.33,1.33,1.27,1.27,300,0
20091110,1.35,1.35,1.35,1.35,808,0
20091111,1.26,1.26,1.26,1.26,182,0
20091112,1.32,1.32,1.25,1.28,1800,0
20091116,1.26,1.45,1.26,1.45,28017,0
20091117,1.4,1.45,1.34,1.45,2140,0
20091118,1.33,1.44,1.33,1.44,2200,0
20091119,1.33,1.33,1.33,1.33,140,0
20091120,1.33,1.33,1.33,1.33,200,0
20091123,1.4,1.4,1.33,1.33,1080,0
20091125,1.34,1.34,1.34,1.34,100,0
20091127,1.33,1.33,1.33,1.33,3400,0
20091130,1.33,1.33,1.24,1.24,7456,0
20091201,1.23,1.49,1.23,1.38,12846,0
20091202,1.29,1.45,1.18,1.18,10550,0
20091203,1.27,1.29,1.24,1.25,6040,0
20091204,1.32,1.34,1.32,1.34,1455,0
20091207,1.37,1.38,1.23,1.23,5780,0
20091208,1.33,1.41,1.33,1.33,1280,0
20091210,1.4,1.41,1.4,1.41,1741,0
20091214,1.41,1.41,1.41,1.41,775,0
20091215,1.42,1.43,1.42,1.43,608,0
20091218,1.4,1.4,1.4,1.4,975,0
20091221,1.3,1.3,1.27,1.27,350,0
20091222,1.36,1.36,1.27,1.3,4975,0
20091228,1.34,1.34,1.34,1.34,1209,0
20091231,1.39,1.43,1.39,1.43,1000,0
20100105,1.38,1.44,1.38,1.44,6134,0
20100106,1.31,1.31,1.27,1.3,2540,0
20100107,1.35,1.39,1.35,1.39,2236,0
20100108,1.41,1.41,1.34,1.38,3900,0
20100115,1.34,1.34,1.33,1.33,1400,0
20100119,1.45,1.45,1.39,1.4,1800,0
20100120,1.45,1.45,1.45,1.45,1100,0
20100121,1.45,1.5,1.34,1.35,8500,0
20100122,1.36,1.39,1.36,1.39,600,0
20100125,1.4,1.45,1.39,1.45,7200,0
20100127,1.44,1.45,1.44,1.45,5000,0
20100128,1.45,1.45,1.45,1.45,200,0
20100129,1.45,1.65,1.39,1.57,21000,0
20100201,1.51,1.64,1.41,1.41,4685,0
20100202,1.42,1.42,1.42,1.42,1000,0
20100203,1.5,1.5,1.43,1.43,800,0
20100205,1.35,1.35,1.35,1.35,100,0
20100216,1.45,1.45,1.45,1.45,115,0
20100217,1.42,1.42,1.42,1.42,300,0
20100218,1.45,1.5,1.45,1.5,3169,0
20100222,1.51,1.6,1.51,1.56,2070,0
20100223,1.6,1.6,1.6,1.6,250,0
20100301,1.6,1.6,1.4,1.4,1060,0
20100302,1.6,1.6,1.6,1.6,7970,0
20100305,1.45,1.45,1.45,1.45,250,0
20100308,1.55,1.55,1.55,1.55,468,0
20100309,1.55,1.55,1.55,1.55,440,0
20100310,1.45,1.45,1.45,1.45,1270,0
20100315,1.55,1.55,1.55,1.55,770,0
20100316,1.45,1.45,1.45,1.45,170,0
20100317,1.5,1.5,1.4,1.4,1300,0
20100322,1.6,1.65,1.43,1.62,8449,0
20100323,1.45,1.66,1.44,1.64,26836,0
20100325,1.52,1.58,1.44,1.44,1200,0
20100326,1.63,1.63,1.4,1.62,1655,0
20100329,1.41,1.68,1.41,1.68,9197,0
20100330,1.57,1.67,1.57,1.6,2180,0
20100331,1.54,1.54,1.41,1.51,5129,0
20100401,1.4,1.4,1.35,1.36,6028,0
20100405,1.36,1.49,1.36,1.49,1156,0
20100406,1.49,1.49,1.41,1.49,11535,0
20100408,1.63,1.63,1.43,1.43,1956,0
20100409,1.43,1.43,1.35,1.4,13928,0
20100412,1.37,1.37,1.37,1.37,100,0
20100413,1.41,1.42,1.41,1.42,6950,0
20100414,1.41,1.48,1.41,1.48,3166,0
20100415,1.47,1.49,1.47,1.49,270,0
20100416,1.48,1.49,1.48,1.49,5329,0
20100420,1.59,1.59,1.49,1.49,1421,0
20100421,1.59,1.64,1.54,1.64,5657,0
20100422,1.52,1.52,1.52,1.52,150,0
20100427,1.55,1.62,1.55,1.62,500,0
20100430,1.62,1.62,1.62,1.62,282,0
20100503,1.62,1.62,1.62,1.62,1783,0
20100504,1.62,1.62,1.62,1.62,700,0
20100505,1.62,1.62,1.62,1.62,450,0
20100506,1.55,1.55,1.44,1.44,1500,0
20100507,1.63,1.63,1.3,1.33,15344,0
20100510,1.35,1.61,1.34,1.5,2013,0
20100511,1.4,1.4,1.4,1.4,931,0
20100512,1.4,1.4,1.4,1.4,2370,0
20100513,1.57,1.6,1.48,1.6,1600,0
20100517,1.41,1.41,1.41,1.41,261,0
20100525,1.4,1.43,1.27,1.43,1289,0
20100527,1.47,1.47,1.4,1.4,3200,0
20100528,1.3,1.4,1.3,1.4,378,0
20100601,1.39,1.39,1.39,1.39,472,0
20100604,1.36,1.36,1.36,1.36,2500,0
20100608,1.3,1.3,1.3,1.3,1200,0
20100614,1.3,1.3,1.1,1.1,41476,0
20100615,1.16,1.19,1.1,1.1,18901,0
20100618,1.11,1.11,1.11,1.11,100,0
20100622,1.12,1.13,1.02,1.12,10383,0
20100628,1.17,1.19,1.17,1.19,5400,0
20100629,1.11,1.11,1.11,1.11,200,0
20100630,1.04,1.19,1.04,1.19,200,0
20100701,1.09,1.09,1.09,1.09,170,0
20100702,1.1,1.1,1.1,1.1,100,0
20100706,1.12,1.12,1.08,1.08,3430,0
20100707,1.08,1.08,1.08,1.08,4000,0
20100708,1.04,1.08,1.04,1.04,16283,0
20100709,1.04,1.1,0.95,1.1,11618,0
20100712,1.1,1.1,1.03,1.05,12596,0
20100713,1.17,1.17,1.06,1.06,12100,0
20100714,1.07,1.07,1.07,1.07,400,0
20100715,1.06,1.07,1.03,1.03,13101,0
20100716,1.01,1.08,1.01,1.08,2543,0
20100720,1.01,1.03,1,1,20127,0
20100721,1,1,1,1,1125,0
20100722,1,1.07,0.98,1.07,4747,0
20100723,1.08,1.08,1.05,1.05,2120,0
20100726,1.05,1.15,1,1,53846,0
20100727,1.01,1.01,1,1,4370,0
20100728,1.06,1.06,1,1.05,4400,0
20100729,1.08,1.08,1.08,1.08,400,0
20100730,1.15,1.15,1.13,1.15,6300,0
20100802,1.15,1.15,1,1,42015,0
20100803,1.06,1.06,1,1,40822,0
20100804,1,1.01,1,1.01,2366,0
20100805,1.04,1.04,1.01,1.01,200,0
20100806,1.03,1.04,1.01,1.04,2000,0
20100809,1.04,1.12,1,1.12,1700,0
20100810,1.08,1.09,1.08,1.09,700,0
20100812,1.08,1.09,1.08,1.09,200,0
20100813,1.04,1.04,1.04,1.04,800,0
20100816,1.04,1.04,1.04,1.04,100,0
20100817,1.04,1.04,1.04,1.04,200,0
20100818,1.04,1.04,1.04,1.04,200,0
20100820,1.05,1.08,1.05,1.08,8881,0
20100823,1.1,1.1,1,1.04,15598,0
20100824,1.01,1.04,1,1.04,7418,0
20100825,1.04,1.04,1.02,1.04,700,0
20100826,1.05,1.05,1.05,1.05,297,0
20100830,1.05,1.05,1.05,1.05,100,0
20100831,1.05,1.05,1.02,1.02,4503,0
20100902,1.02,1.02,1.02,1.02,200,0
20100910,1.04,1.04,1.04,1.04,100,0
20100913,1.05,1.05,1,1.05,4280,0
20100914,1.05,1.05,0.96,1.04,3992,0
20100916,1.05,1.05,1.05,1.05,1800,0
20100917,1.03,1.03,1.02,1.02,2600,0
20100920,1.03,1.03,1.03,1.03,1235,0
20100921,1.03,1.04,1,1,3265,0
20100924,1.05,1.05,1,1,300,0
20100927,1.05,1.05,1.05,1.05,3000,0
20100929,1.05,1.05,1.05,1.05,550,0
20101001,1.04,1.09,1.04,1.09,9900,0
20101004,1.1,1.1,1.02,1.08,400,0
20101005,1.08,1.08,1,1,11900,0
20101006,1,1.1,1,1.1,15745,0
20101007,1.12,1.12,1.02,1.1,6148,0
20101008,1.11,1.11,1.09,1.09,200,0
20101011,1.1,1.1,1.1,1.1,700,0
20101012,1.06,1.09,1.05,1.09,4251,0
20101013,1.1,1.15,1.05,1.05,13674,0
20101014,1.07,1.14,1.07,1.14,1175,0
20101018,1.15,1.15,1.13,1.13,900,0
20101019,1.15,1.15,1.05,1.07,4100,0
20101021,1.1,1.1,1.1,1.1,100,0
20101022,1.11,1.15,1.11,1.11,1600,0
20101025,1.14,1.15,1.14,1.15,6492,0
20101026,1.15,1.16,1.15,1.16,2634,0
20101028,1.12,1.12,1.12,1.12,4970,0
20101029,1.12,1.12,1.12,1.12,200,0
20101101,1.12,1.12,1.12,1.12,500,0
20101102,1.16,1.16,1.14,1.14,3175,0
20101108,1.17,1.17,1.17,1.17,3310,0
20101109,1.17,1.17,1.17,1.17,1750,0
20101110,1.17,1.17,1.17,1.17,200,0
20101111,1.18,1.18,1.18,1.18,400,0
20101112,1.18,1.18,1.18,1.18,1869,0
20101115,1.18,1.18,1.18,1.18,100,0
20101116,1.15,1.15,1.11,1.11,1300,0
20101117,1.11,1.12,1.05,1.05,4960,0
20101118,1,1,1,1,6500,0
20101122,1.17,1.17,1.17,1.17,1000,0
20101123,1.01,1.17,1.01,1.13,67222,0
20101124,1.13,1.13,1.13,1.13,1000,0
20101126,1.14,1.14,1.14,1.14,5825,0
20101129,1.12,1.15,1.12,1.15,4145,0
20101201,1.04,1.15,1.04,1.07,7188,0
20101203,1.1,1.14,1.1,1.14,4990,0
20101206,1.15,1.16,1.15,1.16,8371,0
20101207,1.16,1.22,1.16,1.22,10119,0
20101208,1.22,1.31,1.22,1.31,11525,0
20101209,1.3,1.3,1.22,1.22,1900,0
20101210,1.22,1.28,1.22,1.22,8370,0
20101213,1.22,1.32,1.22,1.32,16769,0
20101214,1.32,1.48,1.27,1.33,23375,0
20101215,1.44,1.45,1.35,1.35,6470,0
20101216,1.36,1.38,1.35,1.38,9300,0
20101217,1.49,1.55,1.38,1.49,18499,0
20101220,1.52,1.55,1.38,1.38,9924,0
20101221,1.49,1.54,1.48,1.48,4273,0
20101222,1.47,1.62,1.47,1.47,5258,0
20101223,1.51,1.51,1.39,1.49,4432,0
20101227,1.46,1.55,1.46,1.5,1650,0
20101228,1.55,1.59,1.5,1.51,7678,0
20101229,1.54,1.56,1.5,1.5,3357,0
20101230,1.52,1.62,1.52,1.62,5233,0
20101231,1.62,1.62,1.58,1.58,2300,0
20110103,1.44,1.5,1.44,1.5,2341,0
20110104,1.46,1.5,1.45,1.45,6200,0
20110105,1.44,1.44,1.33,1.33,3795,0
20110106,1.39,1.39,1.39,1.39,100,0
20110107,1.4,1.4,1.4,1.4,2100,0
20110110,1.35,1.37,1.35,1.37,9210,0
20110111,1.56,1.56,1.36,1.37,1300,0
20110113,1.36,1.5,1.36,1.5,413,0
20110114,1.35,1.35,1.3,1.33,6130,0
20110118,1.34,1.35,1.34,1.35,5700,0
20110119,1.37,1.39,1.37,1.39,806,0
20110120,1.41,1.43,1.39,1.43,300,0
20110121,1.32,1.4,1.32,1.33,711,0
20110124,1.33,1.39,1.33,1.39,450,0
20110125,1.34,1.35,1.34,1.35,7045,0
20110127,1.34,1.37,1.3,1.32,5612,0
20110128,1.28,1.36,1.28,1.36,1888,0
20110202,1.38,1.43,1.31,1.35,12960,0
20110203,1.47,1.47,1.35,1.35,5006,0
20110204,1.38,1.4,1.38,1.4,600,0
20110207,1.38,1.38,1.3,1.31,2000,0
20110209,1.29,1.3,1.29,1.3,5400,0
20110210,1.32,1.42,1.32,1.34,1600,0
20110211,1.33,1.34,1.33,1.34,900,0
20110214,1.35,1.35,1.3,1.3,1010,0
20110215,1.35,1.43,1.34,1.39,4500,0
20110217,1.44,1.45,1.44,1.45,2262,0
20110218,1.46,1.46,1.36,1.41,4697,0
20110222,1.47,1.48,1.39,1.47,1716,0
20110223,1.37,1.47,1.31,1.46,17170,0
20110224,1.45,1.45,1.39,1.39,200,0
20110225,1.43,1.43,1.43,1.43,100,0
20110301,1.42,1.61,1.35,1.61,17511,0
20110302,1.58,1.6,1.58,1.6,12670,0
20110303,1.57,1.6,1.45,1.47,10350,0
20110304,1.49,1.49,1.48,1.48,629,0
20110307,1.59,1.6,1.46,1.6,4299,0
20110308,1.57,1.6,1.54,1.59,9225,0
20110309,1.59,1.59,1.56,1.58,2471,0
20110310,1.55,1.55,1.5,1.55,6074,0
20110315,1.5,1.51,1.4,1.42,9450,0
20110316,1.44,1.58,1.42,1.42,600,0
20110317,1.42,1.42,1.42,1.42,5000,0
20110318,1.46,1.46,1.46,1.46,100,0
20110323,1.46,1.46,1.4,1.4,1903,0
20110330,1.54,1.55,1.49,1.55,4608,0
20110331,1.55,1.55,1.55,1.55,1954,0
20110401,1.56,1.56,1.42,1.52,4565,0
20110404,1.55,1.58,1.55,1.55,1335,0
20110407,1.55,1.55,1.46,1.46,12435,0
20110408,1.46,1.5,1.46,1.5,200,0
20110411,1.47,1.47,1.47,1.47,101,0
20110412,1.46,1.46,1.45,1.45,2000,0
20110413,1.45,1.45,1.45,1.45,450,0
20110415,1.46,1.58,1.46,1.58,200,0
20110418,1.57,1.57,1.57,1.57,200,0
20110419,1.45,1.45,1.45,1.45,134,0
20110420,1.56,1.56,1.49,1.49,200,0
20110426,1.49,1.5,1.49,1.5,335,0
20110428,1.45,1.5,1.45,1.5,6200,0
20110503,1.45,1.45,1.45,1.45,485,0
20110504,1.45,1.45,1.4,1.4,1895,0
20110509,1.4,1.4,1.4,1.4,1114,0
20110510,1.4,1.4,1.4,1.4,828,0
20110511,1.4,1.45,1.4,1.4,8502,0
20110513,1.27,1.37,1.13,1.37,11879,0
20110516,1.6,1.6,1.6,1.6,8200,0
20110517,1.47,1.54,1.47,1.54,500,0
20110518,1.31,1.41,1.15,1.38,13057,0
20110520,1.22,1.42,1.22,1.42,2350,0
20110523,1.39,1.43,1.39,1.39,342,0
20110526,1.39,1.39,1.3,1.3,200,0
20110531,1.19,1.36,1.19,1.36,5651,0
20110602,1.3,1.3,1.22,1.22,5250,0
20110603,1.25,1.36,1.22,1.22,3051,0
20110606,1.23,1.23,1.22,1.22,600,0
20110607,1.22,1.39,1.22,1.31,1650,0
20110608,1.24,1.36,1.2,1.32,4790,0
20110609,1.15,1.36,1.15,1.34,7200,0
20110610,1.34,1.34,1.21,1.21,2000,0
20110613,1.18,1.18,1.16,1.18,2601,0
20110614,1.17,1.24,1.17,1.24,2800,0
20110615,1.3,1.3,1.18,1.18,890,0
20110616,1.18,1.18,1.18,1.18,100,0
20110617,1.19,1.3,1.15,1.3,1606,0
20110621,1.29,1.29,1.28,1.29,2614,0
20110622,1.29,1.29,1.29,1.29,116,0
20110624,1.27,1.27,1.19,1.24,1800,0
20110705,1.18,1.21,1.17,1.21,1900,0
20110707,1.21,1.21,1.21,1.21,200,0
20110711,1.19,1.19,1.11,1.17,10254,0
20110713,1.11,1.17,1.11,1.11,6300,0
20110714,1.1,1.12,1.1,1.1,4790,0
20110718,1.03,1.11,1.03,1.1,2100,0
20110719,1.06,1.06,1.04,1.04,600,0
20110720,1.14,1.14,1.14,1.14,1600,0
20110725,1.05,1.13,1.05,1.13,707,0
20110728,1.05,1.07,1.05,1.06,895,0
20110802,1.05,1.05,1.02,1.02,10113,0
20110803,1.04,1.1,1.02,1.04,1700,0
20110804,1.03,1.03,1.03,1.03,2000,0
20110805,1.02,1.04,1.02,1.02,1500,0
20110808,1.09,1.09,0.98,0.98,1955,0
20110810,1.01,1.02,1,1,6400,0
20110811,0.98,0.98,0.98,0.98,2920,0
20110812,0.99,1.14,0.99,1.14,5460,0
20110817,1.14,1.14,1.14,1.14,100,0
20110818,1.14,1.14,1.14,1.14,725,0
20110823,1.14,1.14,1.09,1.1,1303,0
20110825,1.1,1.1,1.1,1.1,100,0
20110826,1.04,1.1,1.04,1.1,1950,0
20110830,1.03,1.03,1.03,1.03,120,0
20110831,1.04,1.09,1.04,1.09,3300,0
20110906,1.03,1.03,1.02,1.03,5100,0
20110907,1.04,1.08,1.01,1.08,5760,0
20110909,1.01,1.07,1,1.02,6186,0
20110912,1.08,1.08,1,1,1366,0
20110913,1.02,1.02,1.02,1.02,100,0
20110915,1.04,1.04,0.96,1,1800,0
20110916,1.04,1.04,1,1.04,1993,0
20110920,1.04,1.04,1.04,1.04,603,0
20110922,1,1,1,1,400,0
20110923,1,1,0.98,0.98,1185,0
20110927,0.97,0.99,0.96,0.96,2315,0
20110928,0.96,0.96,0.91,0.91,1699,0
20110929,0.92,0.92,0.91,0.91,5301,0
20110930,0.91,0.91,0.91,0.91,3800,0
20111004,0.91,0.91,0.87,0.91,11152,0
20111005,0.89,0.89,0.89,0.89,6200,0
20111006,0.9,1,0.9,0.95,3400,0
20111010,0.95,1,0.93,0.97,2688,0
20111011,0.9,0.9,0.88,0.9,6145,0
20111012,1,1,1,1,1000,0
20111013,1,1,1,1,705,0
20111017,0.9,0.9,0.9,0.9,2500,0
20111019,0.87,0.92,0.87,0.92,1866,0
20111021,0.92,0.92,0.92,0.92,300,0
20111025,0.92,0.92,0.92,0.92,400,0
20111027,0.92,0.92,0.92,0.92,3952,0
20111031,0.93,0.9301,0.93,0.93,1590,0
20111104,0.95,0.95,0.95,0.95,400,0
20111107,0.89,0.95,0.89,0.95,1183,0
20111111,0.91,0.94,0.91,0.94,3100,0
20111114,0.92,0.92,0.92,0.92,9100,0
20111115,0.92,0.95,0.82,0.82,10356,0
20111118,0.82,0.9,0.82,0.89,7800,0
20111121,0.9,0.9,0.9,0.9,960,0
20111122,0.89,0.9,0.88,0.9,4400,0
20111123,0.9,0.9,0.89,0.9,5072,0
20111128,0.89,0.89,0.88,0.88,10312,0
20111129,0.9,0.9,0.9,0.9,2580,0
20111130,0.9,0.9,0.89,0.89,1400,0
20111201,0.89,0.89,0.89,0.89,10300,0
20111202,0.88,0.89,0.88,0.88,5772,0
20111205,0.87,0.89,0.87,0.87,55389,0
20111206,0.89,0.9141,0.89,0.9141,12638,0
20111207,0.9,0.93,0.9,0.93,3400,0
20111208,0.91,0.91,0.91,0.91,800,0
20111209,0.9,0.93,0.9,0.93,4227,0
20111212,0.99,0.99,0.99,0.99,6200,0
20111213,1,1.02,0.99,1.02,12688,0
20111214,1.01,1.02,1,1.02,19251,0
20111215,1.02,1.02,1,1,6828,0
20111216,1.01,1.02,1.01,1.02,5596,0
20111219,1.02,1.08,1.01,1.06,9750,0
20111220,1.08,1.08,1.04,1.08,1000,0
20111221,1.1,1.1,1.02,1.02,6699,0
20111222,1.02,1.02,1.02,1.02,4101,0
20111223,1.09,1.11,1.08,1.11,23600,0
20111227,1.06,1.1,1.06,1.1,2400,0
20111228,1.07,1.07,1.07,1.07,100,0
20111229,1.06,1.14,1.05,1.14,8718,0
20111230,1.14,1.14,1.14,1.14,300,0
20120103,1.1,1.1,1.05,1.05,8694,0
20120106,1.05,1.05,1.05,1.05,1000,0
20120110,1.04,1.04,1.03,1.03,5850,0
20120111,1.02,1.02,1.01,1.01,10000,0
20120112,1.01,1.01,1.01,1.01,300,0
20120113,1.09,1.09,1.02,1.09,200,0
20120117,1,1.05,0.99,1,9749,0
20120118,0.99,1.064,0.99,1.064,2192,0
20120120,1.02,1.02,0.9211,0.991,1200,0
20120123,0.922,0.97,0.922,0.96,2380,0
20120124,0.99,0.9914,0.97,0.97,2438,0
20120126,1,1,0.971,0.971,1704,0
20120127,1,1,0.99,0.99,2100,0
20120130,1.01,1.01,1.01,1.01,616,0
20120202,1.01,1.01,1.01,1.01,700,0
20120206,1.01,1.09,1.01,1.08,3600,0
20120207,1.07,1.07,1,1,752,0
20120208,1,1,1,1,150,0
20120209,1,1,1,1,656,0
20120214,1.1,1.1,1.1,1.1,100,0
20120216,1.09,1.09,1.09,1.09,200,0
20120221,1.1,1.1,1,1,10758,0
20120223,1,1.01,1,1,1140,0
20120229,1.08,1.09,1.08,1.09,385,0
20120301,1.09,1.09,1.03,1.04,2871,0
20120306,1.04,1.04,1.04,1.04,150,0
20120307,1.04,1.04,1.04,1.04,1500,0
20120308,1.12,1.12,1.094,1.094,1315,0
20120312,1.04,1.072,1.04,1.04,2438,0
20120314,1.08,1.08,1.08,1.08,100,0
20120315,1.08,1.08,1.08,1.08,3866,0
20120316,1.1,1.12,1.05,1.12,2576,0
20120319,1.05,1.05,1.05,1.05,3229,0
20120327,1.05,1.05,1.04,1.04,6371,0
20120328,1.04,1.04,1.01,1.01,3215,0
20120329,1.01,1.01,1.01,1.01,300,0
20120402,1,1.011,0.96,0.96,11650,0
20120403,0.95,0.95,0.95,0.95,1000,0
20120405,0.95,0.9501,0.95,0.9501,2026,0
20120409,0.95,0.9506,0.95,0.9506,1111,0
20120412,0.96,0.96,0.96,0.96,1440,0
20120413,0.97,0.97,0.97,0.97,290,0
20120416,0.96,0.9601,0.911,0.9111,9148,0
20120423,0.9592,0.98,0.9592,0.978,5000,0
20120424,0.97,1.0501,0.9251,1.04,10964,0
20120425,1.04,1.0448,1.03,1.03,3125,0
20120426,1.05,1.05,1.05,1.05,200,0
20120430,1.05,1.05,1.0312,1.05,5965,0
20120502,1.01,1.04,1.01,1.04,8000,0
20120504,1,1.07,1,1.07,4800,0
20120508,1.07,1.0706,1,1.0706,14643,0
20120511,1.07,1.07,1.0185,1.0185,623,0
20120514,1,1.02,1,1.02,1784,0
20120516,1,1,1,1,6266,0
20120517,1,1.0001,0.97,1,9912,0
20120524,1,1,1,1,953,0
20120525,1,1,1,1,5245,0
20120601,0.99,0.99,0.97,0.97,4908,0
20120604,0.97,0.97,0.9,0.97,4681,0
20120613,0.97,1,0.965,0.9661,3300,0
20120614,0.96,0.965,0.96,0.96,1672,0
20120615,1.05,1.05,1.05,1.05,900,0
20120618,1.03,1.03,0.9611,0.9611,200,0
20120622,1,1.01,0.965,0.965,2575,0
20120627,1,1,1,1,1050,0
20120628,0.965,0.965,0.965,0.965,100,0
20120629,0.97,0.97,0.97,0.97,600,0
20120710,0.9651,0.9651,0.9651,0.9651,1500,0
20120711,0.975,1,0.975,1,1124,0
20120718,1,1,1,1,8100,0
20120723,0.99,0.99,0.9,0.9,44301,0
20120724,0.95,0.95,0.95,0.95,500,0
20120725,0.93,1,0.93,0.95,9048,0
20120726,0.945,0.945,0.91,0.91,14500,0
20120730,0.93,0.93,0.93,0.93,100,0
20120731,0.988,0.99,0.988,0.99,1648,0
20120802,0.99,0.99,0.99,0.99,100,0
20120803,0.99,0.99,0.99,0.99,700,0
20120806,1,1,0.973,0.973,474,0
20120810,0.95,0.95,0.95,0.95,2000,0
20120813,0.9501,0.9501,0.95,0.95,999,0
20120814,0.95,0.9512,0.9301,0.9512,2730,0
20120815,0.93,0.93,0.93,0.93,1800,0
20120816,0.92,0.93,0.91,0.92,8915,0
20120817,0.92,0.92,0.92,0.92,4000,0
20120820,0.93,0.93,0.92,0.92,14000,0
20120821,0.92,0.92,0.92,0.92,2000,0
20120827,1.04,1.04,0.95,1,2500,0
20120828,1,1,0.95,0.9501,1400,0
20120829,1,1,1,1,601,0
20120905,0.95,0.95,0.95,0.95,378,0
20120910,0.96,0.9601,0.96,0.9601,2200,0
20120914,0.95,0.9501,0.95,0.9501,818,0
20120917,0.96,0.96,0.95,0.95,2000,0
20120921,0.96,0.96,0.915,0.916,14162,0
20120924,0.92,0.92,0.91,0.91,5184,0
20120927,0.91,0.91,0.91,0.91,100,0
20120928,0.91,0.9995,0.9099,0.9995,2226,0
20121003,0.93,0.93,0.93,0.93,1000,0
20121004,1,1,0.99,0.99,2100,0
20121011,0.931,0.931,0.931,0.931,500,0
20121012,0.95,0.95,0.95,0.95,100,0
20121017,0.95,0.95,0.95,0.95,500,0
20121019,0.97,0.97,0.97,0.97,200,0
20121023,0.97,0.97,0.97,0.97,800,0
20121025,0.98,0.98,0.98,0.98,200,0
20121031,0.98,0.98,0.98,0.98,100,0
20121105,1,1.02,0.99,1.02,6785,0
20121106,1.02,1.02,1.01,1.01,4200,0
20121107,1.03,1.03,1.03,1.03,1000,0
20121109,1.02,1.03,1.02,1.03,2200,0
20121113,1.02,1.0201,1.02,1.0201,1725,0
20121114,1.02,1.02,1.01,1.02,6345,0
20121115,1.0101,1.02,1.0101,1.02,1586,0
20121116,1.01,1.01,1.01,1.01,4000,0
20121119,1.01,1.01,1.01,1.01,1976,0
20121126,1,1.0001,1,1,3098,0
20121127,1.01,1.01,1.01,1.01,3256,0
20121128,1.01,1.01,1,1,400,0
20121203,1.01,1.01,1.01,1.01,4000,0
20121204,1.03,1.03,1.03,1.03,2000,0
20121206,1.03,1.03,1,1,4341,0
20121207,1,1,1,1,100,0
20121210,0.99,0.99,0.99,0.99,100,0
20121212,1,1,0.9914,0.9914,1100,0
20121217,0.9358,0.9358,0.9358,0.9358,200,0
20121218,0.951,0.951,0.951,0.951,100,0
20121219,1,1,1,1,200,0
20121220,1,1,1,1,775,0
20121224,1,1,1,1,3699,0
20121226,0.9901,1,0.9901,1,4200,0
20121227,1,1.006,1,1,3422,0
20121228,0.99,0.9901,0.99,0.9901,5344,0
20121231,0.9311,1.02,0.931,1.02,1654,0
20130102,0.9747,0.975,0.9747,0.975,700,0
20130104,0.9937,0.9937,0.9937,0.9937,3400,0
20130108,0.986,1,0.986,1,8061,0
20130109,1,1,1,1,3300,0
20130110,1.01,1.05,1,1.05,7246,0
20130115,1,1.01,1,1.01,3366,0
20130118,1.01,1.0199,1.01,1.0199,500,0
20130122,1.01,1.01,1.01,1.01,1000,0
20130125,1.01,1.04,1,1.04,3640,0
20130128,1.05,1.09,1.05,1.05,3700,0
20130130,1.01,1.01,1.01,1.01,128,0
20130131,1.02,1.02,1.02,1.02,2000,0
20130205,1.02,1.0201,1.02,1.0201,1000,0
20130214,1.02,1.02,1.02,1.02,1300,0
20130220,1.02,1.03,1.01,1.03,7344,0
20130225,1.01,1.01,1.01,1.01,750,0
20130301,1.02,1.04,1.02,1.04,2000,0
20130305,1.02,1.02,1.02,1.02,275,0
20130311,1.01,1.01,1.01,1.01,200,0
20130314,1.034,1.034,1.016,1.016,2200,0
20130315,1.04,1.0501,1.04,1.05,4899,0
20130319,1.0114,1.0114,1.01,1.01,1000,0
20130322,1.01,1.01,1,1,2200,0
20130328,1.02,1.02,1,1,1500,0
20130402,1.0201,1.0201,1.02,1.02,500,0
20130403,1.01,1.03,1.01,1.03,4100,0
20130404,1.03,1.07,0.952,1.042,40938,0
20130405,1.04,1.04,1.01,1.04,20600,0
20130408,1.05,1.06,1.036,1.06,5018,0
20130409,1.03,1.03,1.01,1.03,981,0
20130410,1.03,1.05,1,1,3592,0
20130411,1.01,1.07,1.01,1.07,4584,0
20130412,1.09,1.09,1.09,1.09,800,0
20130415,1.0901,1.0901,1.03,1.08,9891,0
20130429,1.05,1.05,1.03,1.031,5000,0
20130501,1.0493,1.0493,1.0493,1.0493,100,0
20130502,1.07,1.08,1.0699,1.08,4539,0
20130508,1.03,1.03,1.03,1.03,1452,0
20130509,1.04,1.06,1.04,1.04,3004,0
20130513,1.0599,1.0599,1.039,1.039,9842,0
20130514,1.06,1.06,1.03,1.03,2045,0
20130515,1.02,1.02,0.9611,1,23550,0
20130516,1.04,1.04,1.04,1.04,200,0
20130520,1.03,1.03,1.0001,1.03,2803,0
20130522,1,1,1,1,3100,0
20130523,1.03,1.03,1,1.03,9586,0
20130528,0.965,1.03,0.965,1.03,4000,0
20130529,1.01,1.01,0.965,0.965,2612,0
20130530,1.02,1.02,0.9,0.9,9000,0
20130531,0.9299,0.9999,0.9299,0.9999,2100,0
20130605,0.9252,0.9252,0.9211,0.9211,2382,0
20130607,0.985,1,0.985,1,1100,0
20130610,0.901,0.9999,0.9,0.99,15225,0
20130613,1,1,1,1,432,0
20130617,1,1,0.931,0.931,1500,0
20130618,1,1,0.929,0.96,9582,0
20130619,0.95,0.9501,0.95,0.95,2100,0
20130620,0.965,0.965,0.965,0.965,142,0
20130621,0.96,0.96,0.95,0.9552,2000,0
20130624,0.92,0.98,0.89,0.94,11990,0
20130625,0.94,0.94,0.94,0.94,764,0
20130627,0.9,0.929,0.9,0.9261,4500,0
20130702,0.92,0.9255,0.92,0.921,8600,0
20130703,0.92,0.93,0.892,0.93,13134,0
20130705,0.94,0.9799,0.93,0.9799,5432,0
20130708,0.98,1.02,0.94,1.02,15100,0
20130709,1,1.03,1,1.03,800,0
20130711,1.03,1.03,1.0048,1.01,2700,0
20130716,1.03,1.04,1.03,1.04,5050,0
20130717,1.04,1.1678,1.04,1.0734,16947,0
20130718,1.0501,1.0501,1.05,1.05,4448,0
20130719,1.05,1.05,1.04,1.05,2542,0
20130723,1.03,1.03,1.03,1.03,200,0
20130724,1.09,1.09,1.05,1.05,3800,0
20130729,1.0101,1.0101,1.0101,1.0101,3000,0
20130730,1.0201,1.0201,1.01,1.02,1300,0
20130731,1.05,1.07,1.049,1.07,5300,0
20130801,1.0201,1.0201,1.0201,1.0201,2000,0
20130805,1.02,1.02,1.016,1.016,1800,0
20130806,1.06,1.07,1.06,1.07,5300,0
20130812,1.07,1.07,1.0119,1.0119,3395,0
20130813,1.0699,1.0699,1.009,1.05,7082,0
20130816,1.01,1.07,1.01,1.01,515,0
20130820,1.02,1.02,1,1,1000,0
20130821,1.0179,1.0179,1.0179,1.0179,7000,0
20130822,1.01,1.01,1,1,1200,0
20130827,1.04,1.04,1.04,1.04,2200,0
20130828,1.01,1.01,1.01,1.01,247,0
20130830,1.01,1.02,1.01,1.02,4200,0
20130903,1,1.01,1,1,10581,0
20130904,1.02,1.02,1.01,1.01,1068,0
20130905,1.01,1.01,1,1,950,0
20130906,1.0199,1.02,1.0168,1.02,580,0
20130909,1.0199,1.0199,1.0199,1.0199,759,0
20130911,1.0001,1.0158,1,1,990,0
20130912,1,1.02,1,1.02,3000,0
20130913,1.0001,1.0001,1,1,2000,0
20130916,1.02,1.02,1.01,1.01,7000,0
20130917,1.01,1.011,0.97,0.97,15177,0
20130918,1.029,1.059,1.0262,1.0262,2600,0
20130920,1.02,1.02,0.98,1.02,4500,0
20130923,1.02,1.0201,1.02,1.02,4458,0
20130927,1.02,1.02,1.02,1.02,5100,0
20131001,1.03,1.03,1.03,1.03,300,0
20131002,1.02,1.06,1.02,1.03,6400,0
20131007,1.03,1.03,1.02,1.02,7800,0
20131008,1.02,1.06,1.02,1.06,700,0
20131009,1.06,1.06,1.02,1.04,4500,0
20131011,1.06,1.06,1.06,1.06,100,0
20131015,1.06,1.06,1.06,1.06,2400,0
20131018,1.07,1.07,1.06,1.06,8100,0
20131021,1.06,1.06,1.06,1.06,12800,0
20131022,1.05,1.06,1.05,1.06,400,0
20131023,1.05,1.05,1.05,1.05,100,0
20131024,1.04,1.04,1.01,1.04,5300,0
20131028,1.01,1.01,1.01,1.01,1800,0
20131104,1.01,1.06,1,1,5300,0
20131107,1.02,1.04,1.02,1.04,1100,0
20131108,1.06,1.07,1.05,1.05,8800,0
20131112,1.06,1.06,1.06,1.06,2700,0
20131115,1.07,1.07,1.07,1.07,400,0
20131118,1.08,1.08,1.001,1.001,5000,0
20131119,1.03,1.03,1.03,1.03,2000,0
20131120,1.01,1.08,1.01,1.05,11400,0
20131121,1.02,1.02,1.02,1.02,733,0
20131126,1.05,1.0704,1.05,1.0704,1800,0
20131204,1.05,1.05,1.05,1.05,5100,0
20131205,1.06,1.06,1.06,1.06,2000,0
20131206,1.0312,1.0899,1.02,1.0899,719,0
20131209,1.03,1.05,1.03,1.05,4100,0
20131210,1.05,1.05,1.05,1.05,975,0
20131211,1.05,1.05,1.05,1.05,300,0
20131212,1.03,1.03,1,1,9500,0
20131216,1.02,1.04,1.01,1.03,11100,0
20131218,1.08,1.09,1.04,1.07,19200,0
20131219,1.06,1.14,1.05,1.1,18745,0
20131220,1.1201,1.1201,1.06,1.07,6631,0
20131223,1.07,1.12,1.07,1.12,2761,0
20131224,1.06,1.1088,1.06,1.1088,5313,0
20131227,1.11,1.11,1.1,1.11,1500,0
20131230,1.08,1.08,1.06,1.07,1100,0
20131231,1.05,1.05,1.05,1.05,100,0
20140102,1.08,1.12,1.08,1.1,6250,0
20140103,1.11,1.13,1.11,1.13,10200,0
20140106,1.14,1.14,1.08,1.11,14700,0
20140107,1.14,1.23,1.11,1.15,24514,0
20140108,1.23,1.23,1.16,1.16,6200,0
20140109,1.24,1.24,1.115,1.1292,10601,0
20140110,1.16,1.1901,1.14,1.14,6601,0
20140113,1.22,1.2299,1.22,1.2299,8368,0
20140114,1.22,1.22,1.15,1.15,1600,0
20140115,1.22,1.22,1.16,1.17,1600,0
20140116,1.16,1.22,1.16,1.22,3300,0
20140117,1.14,1.1764,1.14,1.1764,5380,0
20140121,1.2,1.221,1.19,1.22,12763,0
20140122,1.22,1.42,1.22,1.23,31400,0
20140123,1.15,1.21,1.15,1.21,4200,0
20140124,1.18,1.23,1.11,1.14,11000,0
20140127,1.09,1.15,1.09,1.15,10000,0
20140128,1.15,1.22,1.1,1.22,13700,0
20140129,1.21,1.29,1.2,1.22,9771,0
20140130,1.24,1.24,1.22,1.24,1800,0
20140131,1.211,1.211,1.2,1.2,12500,0
20140203,1.1501,1.1501,1.1501,1.1501,2500,0
20140204,1.19,1.19,1.15,1.19,1969,0
20140206,1.15,1.15,1.15,1.15,1200,0
20140207,1.1301,1.1301,1.13,1.1301,2200,0
20140210,1.121,1.16,1.121,1.15,5479,0
20140211,1.1301,1.1301,1.13,1.13,1500,0
20140212,1.16,1.16,1.12,1.14,3606,0
20140214,1.14,1.18,1.139,1.15,12100,0
20140218,1.15,1.23,1.15,1.23,2851,0
20140219,1.17,1.18,1.15,1.16,2427,0
20140220,1.1501,1.18,1.1501,1.18,277,0
20140221,1.1601,1.1601,1.16,1.16,356,0
20140225,1.16,1.162,1.12,1.1399,7348,0
20140226,1.09,1.18,1,1,42991,0
20140227,1.08,1.08,1.03,1.07,38834,0
20140303,1.07,1.08,1.048,1.075,17900,0
20140304,1.09,1.17,1.09,1.15,2375,0
20140305,1.14,1.1401,1.14,1.14,3292,0
20140306,1.17,1.172,1.1,1.1,9644,0
20140307,1.18,1.18,1.16,1.16,4009,0
20140310,1.21,1.21,1.16,1.16,10100,0
20140311,1.1701,1.1701,1.17,1.17,722,0
20140312,1.16,1.16,1.16,1.16,1000,0
20140313,1.16,1.16,1.16,1.16,192,0
20140318,1.09,1.171,1.09,1.1,1868,0
20140320,1.08,1.11,1.08,1.11,875,0
20140321,1.15,1.15,1.15,1.15,817,0
20140324,1.0701,1.0701,1.0701,1.0701,1000,0
20140327,1.101,1.101,1.05,1.05,5300,0
20140328,1.06,1.06,1.05,1.05,2454,0
20140331,1.04,1.0501,1.04,1.05,7508,0
20140401,1.04,1.1,1.01,1.1,2165,0
20140403,1.041,1.041,1.041,1.041,420,0
20140404,1.01,1.07,0.98,1.04,5300,0
20140407,1.05,1.05,0.98,1,23540,0
20140408,0.9701,1,0.9701,1,8350,0
20140409,0.99,1.02,0.94,1.02,38179,0
20140410,1.05,1.05,0.97,0.97,1576,0
20140411,1.02,1.02,0.96,0.96,2367,0
20140414,0.951,1.05,0.951,0.97,8544,0
20140416,1.02,1.04,0.98,1.04,1912,0
20140417,1.02,1.04,0.961,0.963,6888,0
20140421,0.964,1.02,0.963,0.963,6040,0
20140422,1.0001,1.0001,1,1,649,0
20140423,1.01,1.01,1.01,1.01,124,0
20140424,1.01,1.01,1,1,600,0
20140425,1.01,1.05,0.99,1,5100,0
20140428,1,1,0.99,1,1368,0
20140501,1.02,1.02,1.02,1.02,300,0
20140502,1.0201,1.0201,1.0201,1.0201,2000,0
20140505,1.04,1.06,1.02,1.02,7233,0
20140506,1.02,1.07,0.99,0.99,5200,0
20140507,1.08,1.08,1.0546,1.0546,773,0
20140508,1,1,0.991,0.991,4545,0
20140512,0.9911,1,0.9911,1,1995,0
20140513,0.9931,0.9931,0.993,0.993,2300,0
20140516,0.9907,0.991,0.99,0.991,3125,0
20140519,1.01,1.0401,0.991,1.03,7264,0
20140520,1,1.05,0.9999,1.04,5164,0
20140521,1.02,1.05,1.02,1.02,1240,0
20140522,1.01,1.06,0.996,1.03,24600,0
20140523,1,1.0032,1,1,2030,0
20140527,1.1,1.1,1,1.05,6017,0
20140528,1.0001,1.0101,0.993,0.993,18910,0
20140530,1.0001,1.0001,0.99,1,10281,0
20140602,0.99,0.9901,0.99,0.99,5400,0
20140603,1,1,0.962,0.962,3803,0
20140604,1,1,1,1,3107,0
20140605,0.9699,0.97,0.9699,0.97,6600,0
20140606,0.969,0.97,0.969,0.97,3100,0
20140609,0.9735,0.9735,0.9735,0.9735,806,0
20140610,1,1,1,1,200,0
20140611,0.97,1.05,0.97,1,17550,0
20140612,1.0196,1.0196,0.95,0.952,12089,0
20140616,0.9519,0.952,0.933,0.95,15450,0
20140617,0.975,0.9986,0.97,0.97,5006,0
20140619,0.95,0.95,0.941,0.95,8450,0
20140620,0.985,0.985,0.98,0.98,3263,0
20140623,1.02,1.02,0.959,1.01,19290,0
20140624,1,1.02,0.98,1.02,11388,0
20140625,1.01,1.01,0.9501,1,1152,0
20140627,1,1,0.99,0.99,5604,0
20140630,1.0001,1.05,0.961,1.01,7400,0
20140701,1.02,1.02,0.96,0.96,5721,0
20140707,0.96,0.9664,0.96,0.9664,6500,0
20140708,1.02,1.02,0.95,0.96,13610,0
20140709,1.02,1.02,1.01,1.01,600,0
20140710,1.01,1.01,0.9701,0.975,1203,0
20140714,1.02,1.06,1.02,1.02,10868,0
20140715,1.02,1.03,0.973,1.02,12712,0
20140717,1.06,1.06,1,1.02,19700,0
20140718,1.01,1.03,1,1.03,900,0
20140721,1,1,0.99,0.99,342,0
20140722,0.981,1.06,0.981,0.981,7679,0
20140723,1.09,1.09,0.962,1,70571,0
20140724,1.05,1.05,1,1.02,2500,0
20140725,1.048,1.048,1,1,1700,0
20140728,1.02,1.0425,0.9751,1.022,4798,0
20140731,0.98,0.98,0.963,0.97,7055,0
20140801,0.9712,1,0.9711,0.9711,5431,0
20140804,0.9812,0.9812,0.9812,0.9812,130,0
20140806,1.03,1.03,0.9512,0.9512,1900,0
20140807,0.982,1.0499,0.982,1.0499,8574,0
20140808,1,1,1,1,200,0
20140811,1.03,1.03,1,1,408,0
20140812,1,1,1,1,100,0
20140819,1.01,1.0109,0.993,1.01,6774,0
20140820,1,1,0.99,0.99,5621,0
20140821,0.991,0.9911,0.991,0.9911,300,0
20140822,1.02,1.02,1.02,1.02,100,0
20140825,1.02,1.03,1,1,15720,0
20140826,0.995,0.9999,0.961,0.9997,15756,0
20140827,0.99,1,0.99,0.9995,7320,0
20140828,0.99,1.017,0.99,0.9916,500,0
20140829,1.01,1.026,0.972,1.026,7196,0
20140902,1.03,1.0626,0.9901,1.0056,11700,0
20140903,1.01,1.07,1.01,1.01,1418,0
20140904,1.05,1.05,0.9999,1.04,31919,0
20140905,1.0599,1.0599,1.0599,1.0599,4000,0
20140908,1,1.02,1,1.012,1655,0
20140909,1.01,1.05,1.01,1.02,3277,0
20140910,1.02,1.04,1.02,1.04,1484,0
20140911,1.04,1.04,1.04,1.04,165,0
20140912,1.04,1.04,1.04,1.04,2581,0
20140915,1.0799,1.08,1.02,1.0799,1113,0
20140916,1.03,1.075,1.02,1.03,6350,0
20140917,1.03,1.03,1.03,1.03,183,0
20140918,1.03,1.047,1.02,1.047,10688,0
20140919,1.02,1.048,1.02,1.048,4161,0
20140922,1.02,1.05,1.02,1.05,2419,0
20140923,1.05,1.05,1,1.05,12408,0
20140925,1.05,1.05,1,1,27200,0
20140926,1.01,1.036,0.95,1.036,29700,0
20140929,1.04,1.05,1.04,1.04,1480,0
20140930,1.01,1.045,1,1.045,1850,0
20141001,1.027,1.027,1.027,1.027,147,0
20141006,1,1,0.9511,1,5826,0
20141007,1,1.015,0.95,1.015,23100,0
20141008,1,1.01,1,1.01,2250,0
20141009,1,1.0001,0.991,1,5453,0
20141010,0.991,0.991,0.991,0.991,1000,0
20141013,1,1,1,1,2600,0
20141014,0.977,0.977,0.967,0.967,816,0
20141015,0.981,0.99,0.981,0.99,400,0
20141016,0.967,0.967,0.967,0.967,194,0
20141017,0.9989,1,0.9986,1,16720,0
20141022,1.01,1.01,1,1,776,0
20141028,1.0001,1.0001,1,1,5694,0
20141030,1.02,1.02,0.962,0.9744,3070,0
20141031,0.98,1.01,0.97,1.01,8822,0
20141103,0.962,0.962,0.95,0.95,6008,0
20141104,0.9511,1.32,0.951,1.32,86102,0
20141105,1.2,1.28,1.04,1.05,89562,0
20141106,1.03,1.08,1.03,1.04,19226,0
20141107,1.06,1.06,1.04,1.0599,8125,0
20141110,1.06,1.076,1.04,1.04,3308,0
20141111,1.06,1.12,1.05,1.05,5200,0
20141112,1.1,1.1162,0.99,1.0197,24443,0
20141113,1.06,1.06,1.03,1.03,316,0
20141114,0.97,1.04,0.96,1.04,5140,0
20141117,1.02,1.02,1.02,1.02,900,0
20141119,1.03,1.039,1.02,1.02,1010,0
20141120,1.03,1.03,1,1.0172,1200,0
20141121,1.01,1.02,1,1.02,1215,0
20141124,0.9801,1,0.9801,1,723,0
20141125,0.9999,1,0.995,0.999,16227,0
20141126,0.985,1.02,0.9801,1.02,25604,0
20141201,1,1.02,1,1.02,950,0
20141203,1.01,1.01,0.99,0.9932,2300,0
20141204,0.99,1.01,0.96,0.96,17554,0
20141205,1,1.21,1,1.1,18254,0
20141208,1.08,1.1,1.0799,1.08,24366,0
20141209,1.0601,1.0732,1.06,1.0732,12753,0
20141210,1.09,1.1592,1.06,1.06,4706,0
20141211,1.1699,1.1699,1.1699,1.1699,150,0
20141215,1.11,1.1599,1.06,1.11,6727,0
20141216,1.0499,1.06,0.9701,1.03,23166,0
20141217,1.03,1.03,1.03,1.03,123,0
20141218,0.9956,1,0.9956,1,351,0
20141219,1.02,1.02,0.972,1.01,15750,0
20141222,1.01,1.0201,0.97,1.02,3800,0
20141223,1.0126,1.0126,1.0126,1.0126,1351,0
20141226,1.03,1.03,1.03,1.03,283,0
20141229,1.03,1.0301,1.03,1.03,8541,0
20141231,0.993,0.993,0.993,0.993,1017,0
20150102,1.02,1.06,1.02,1.05,16373,0
20150105,1.03,1.101,1.02,1.08,5643,0
20150106,1.03,1.03,1.03,1.03,400,0
20150107,1.06,1.06,0.993,1.04,6273,0
20150108,1,1,1,1,134,0
20150109,1.01,1.01,1.01,1.01,300,0
20150112,1.0099,1.01,1.009,1.01,5305,0
20150113,1.05,1.08,1.02,1.08,1800,0
20150114,1.01,1.01,1,1,6000,0
20150115,1,1.08,0.9991,1.06,923,0
20150116,1.043,1.043,1.01,1.0407,4121,0
20150120,1.01,1.01,1.01,1.01,2600,0
20150121,1.01,1.01,1.01,1.01,100,0
20150122,1.03,1.03,0.9902,0.9902,5599,0
20150123,1.01,1.01,1.01,1.01,210,0
20150128,1,1,1,1,3000,0
20150129,1,1,0.9999,1,6350,0
20150202,1,1,0.9999,1,2894,0
20150203,0.99,1.0299,0.98,1.0299,3436,0
20150204,0.98,1.018,0.98,1.018,2105,0
20150210,1.02,1.0399,1.019,1.0399,10000,0
20150212,1.001,1.001,1,1,9000,0
20150213,1,1.03,1,1.03,1895,0
20150217,1.01,1.01,1,1,1058,0
20150219,0.9833,1,0.981,1,2043,0
20150223,1,1,0.9999,0.9999,625,0
20150224,1,1,0.98,0.98,3125,0
20150225,1.01,1.01,0.93,0.93,10002,0
20150226,0.96,0.9999,0.95,0.9999,11834,0
20150302,1.01,1.01,0.97,0.97,1200,0
20150303,0.96,0.97,0.95,0.95,3500,0
20150305,0.99,0.99,0.99,0.99,100,0
20150306,0.97,1,0.95,1,1300,0
20150310,1,1,1,1,200,0
20150311,0.99,0.99,0.99,0.99,200,0
20150312,0.97,0.97,0.97,0.97,900,0
20150318,0.97,0.97,0.97,0.97,1000,0
20150319,1,1,1,1,100,0
20150323,0.97,0.97,0.97,0.97,2600,0
20150324,0.99,0.99,0.99,0.99,1200,0
20150325,1,1.01,1,1.01,35000,0
20150326,1,1.01,1,1.01,12000,0
20150327,1,1,1,1,1000,0
20150330,1.01,1.01,1,1.01,15000,0
20150331,1,1,1,1,120,0
20150401,0.98,1,0.98,0.99,3700,0
20150402,0.97,1,0.95,0.97,19800,0
20150406,0.96,0.97,0.95,0.97,18200,0
20150407,0.97,0.97,0.969,0.969,4220,0
20150408,0.96,0.99,0.96,0.99,3800,0
20150409,0.96,0.96,0.95,0.95,62679,0
20150410,0.98,0.98,0.97,0.98,2400,0
20150413,0.98,0.98,0.98,0.98,100,0
20150414,0.98,0.99,0.95,0.99,2700,0
20150420,0.954,0.954,0.954,0.954,683,0
20150421,0.96,1,0.96,1,13980,0
20150422,0.9711,0.9711,0.9711,0.9711,1000,0
20150424,1.01,1.01,0.99,0.99,1602,0
20150427,0.99,0.99,0.99,0.99,200,0
20150428,1,1.02,0.9999,1.01,13980,0
20150429,1.02,1.02,1.01,1.02,2100,0
20150501,1,1.01,1,1.01,4200,0
20150504,1,1,0.96,1,4100,0
20150505,0.97,1,0.97,1,300,0
20150507,1,1.01,1,1.01,600,0
20150511,0.99,0.99,0.99,0.99,100,0
20150512,0.9651,0.99,0.9651,0.99,555,0
20150515,0.97,0.97,0.97,0.97,113,0
20150519,0.99,0.99,0.99,0.99,1950,0
20150520,0.98,0.99,0.96,0.99,14400,0
20150522,0.99,0.99,0.99,0.99,2200,0
20150526,0.97,0.99,0.969,0.99,18718,0
20150527,0.97,0.98,0.96,0.98,1800,0
20150528,0.98,1,0.98,1,8447,0
20150603,1.01,1.05,0.97,1.05,8600,0
20150604,0.97,1.01,0.97,1.01,400,0
20150608,1.01,1.01,0.96,1,15800,0
20150610,0.971,0.971,0.96,0.96,4500,0
20150611,1,1,1,1,325,0
20150612,1.04,1.04,1.01,1.01,2800,0
20150615,1.01,1.01,1.01,1.01,1100,0
20150616,1.03,1.03,0.99,0.99,1500,0
20150618,1,1,0.99,0.99,10000,0
20150622,0.96,0.97,0.96,0.96,4900,0
20150623,0.97,0.9801,0.96,0.98,9425,0
20150625,0.98,0.98,0.98,0.98,5000,0
20150629,0.98,0.98,0.98,0.98,300,0
20150630,0.9724,0.98,0.972,0.98,1326,0
20150701,1.01,1.13,0.99,1.04,141800,0
20150702,1,1.09,0.97,1.05,20800,0
20150706,1.04,1.06,0.97,1,8600,0
20150707,1,1,1,1,11000,0
20150708,0.98,1,0.98,0.98,13800,0
20150709,0.98,0.99,0.96,0.96,30400,0
20150710,0.98,0.98,0.96,0.96,2600,0
20150713,0.96,0.97,0.96,0.96,6300,0
20150714,0.9701,0.9861,0.957,0.9861,32089,0
20150715,0.97,0.9999,0.97,0.9999,1300,0
20150716,0.98,0.99,0.98,0.99,700,0
20150717,1,1,0.99,0.99,1200,0
20150720,0.99,0.99,0.99,0.99,7800,0
20150721,1,1.07,0.99,1.04,7400,0
20150722,1.05,1.06,0.99,1.05,1200,0
20150723,0.97,1.01,0.96,1.01,3400,0
20150724,1.07,1.12,0.98,1.1,96700,0
20150727,1.12,1.12,1,1.01,34200,0
20150728,1.12,1.12,0.99,0.99,19200,0
20150729,1.03,1.03,1,1,1600,0
20150730,0.98,1,0.98,1,4300,0
20150731,0.99,1,0.99,1,13300,0
20150803,0.986,0.99,0.985,0.985,5119,0
20150804,0.98,1,0.98,1,2700,0
20150805,1,1,0.98,0.98,18000,0
20150806,0.981,0.981,0.97,0.98,14532,0
20150807,0.98,0.98,0.95,0.96,24700,0
20150810,0.95,0.97,0.94,0.96,14600,0
20150811,0.9699,0.9699,0.9311,0.9572,1308,0
20150813,0.94,0.97,0.94,0.97,1700,0
20150814,0.97,0.97,0.97,0.97,200,0
20150817,0.97,0.97,0.97,0.97,2100,0
20150818,0.99,0.99,0.99,0.99,300,0
20150821,0.95,0.95,0.95,0.95,5200,0
20150824,0.94,0.95,0.9,0.92,16446,0
20150826,0.94,0.95,0.94,0.94,500,0
20150827,0.95,0.95,0.94,0.94,3600,0
20150828,0.95,0.95,0.95,0.95,13500,0
20150831,0.96,1.01,0.96,1.01,30800,0
20150901,1,1,0.99,0.99,6900,0
20150902,0.99,0.99,0.94,0.98,7200,0
20150903,0.99,1,0.98,1,5500,0
20150904,1,1,1,1,400,0
20150908,1,1,1,1,1200,0
20150909,1,1.02,1,1.02,12200,0
20150910,1.01,1.02,1.01,1.02,1818,0
20150911,1.02,1.02,1.02,1.02,2500,0
20150914,1.02,1.02,1.02,1.02,1300,0
20150915,1.02,1.02,1.02,1.02,1700,0
20150916,1.02,1.02,1,1.02,2000,0
20150917,1.02,1.02,1.02,1.02,1550,0
20150918,1.02,1.03,0.99,0.99,19000,0
20150921,0.99,0.99,0.99,0.99,4600,0
20150922,1.03,1.03,0.99,1.03,2400,0
20150923,1.03,1.03,1,1.001,1665,0
20150924,0.99,0.991,0.99,0.9901,1644,0
20150928,0.9911,0.9911,0.975,0.99,9054,0
20150929,1.01,1.01,1.01,1.01,100,0
20150930,0.99,0.99,0.99,0.99,200,0
20151001,0.96,0.96,0.96,0.96,3000,0
20151002,1,1.01,1,1.01,1200,0
20151005,0.99,0.9912,0.9651,0.985,3604,0
20151006,1.02,1.02,1.02,1.02,5800,0
20151007,1,1,0.99,0.99,2000,0
20151008,1.02,1.02,0.99,1.02,800,0
20151009,0.99,1.02,0.98,1.01,36300,0
20151012,1,1,1,1,1954,0
20151015,0.98,0.98,0.98,0.98,600,0
20151019,0.9801,0.9801,0.9713,0.9713,3900,0
20151020,0.9701,0.988,0.9701,0.988,4000,0
20151021,1.01,1.01,0.96,0.96,16000,0
20151022,0.96,1,0.96,1,8300,0
20151023,0.96,0.99,0.96,0.99,4500,0
20151026,1,1,1,1,200,0
20151027,0.97,0.97,0.97,0.97,2800,0
20151029,0.98,0.98,0.98,0.98,100,0
20151030,0.99,0.99,0.99,0.99,200,0
20151102,0.99,0.99,0.99,0.99,1422,0
20151103,0.99,1,0.99,0.99,900,0
20151104,0.998,1.0057,0.9969,1.0057,8333,0
20151105,1,1,1,1,1100,0
20151109,1,1,1,1,1528,0
20151110,0.96,0.99,0.96,0.99,5100,0
20151111,0.96,0.99,0.95,0.95,6800,0
20151112,0.96,0.96,0.96,0.96,1300,0
20151113,0.96,0.96,0.96,0.96,1800,0
20151116,0.96,0.96,0.96,0.96,1500,0
20151118,0.99,1,0.99,1,800,0
20151120,0.95,0.97,0.95,0.97,1300,0
20151123,0.96,0.96,0.95,0.96,2700,0
20151127,0.98,0.98,0.98,0.98,100,0
20151130,0.98,0.99,0.94,0.99,21000,0
20151202,0.9601,0.9601,0.9199,0.96,6825,0
20151204,0.95,0.99,0.93,0.98,6600,0
20151209,0.95,1.01,0.95,1.01,56800,0
20151216,0.96,0.97,0.96,0.97,5000,0
20151217,1.01,1.01,1,1.01,7700,0
20151218,0.96,0.96,0.96,0.96,2000,0
20151221,0.96,1,0.96,1,3000,0
20151222,0.997,0.9973,0.9581,0.9735,9193,0
20151224,0.99,0.99,0.99,0.99,130,0
20151231,0.98,0.9969,0.96,0.9785,22130,0
20160104,0.96,0.96,0.96,0.96,5009,0
20160106,0.9585,0.9585,0.9584,0.9584,4076,0
20160107,0.9979,0.998,0.9979,0.998,2606,0
20160108,0.9811,1.02,0.9811,1.02,19030,0
20160111,1.02,1.02,0.96,0.97,9533,0
20160112,0.9585,0.9999,0.956,0.9999,10134,0
20160113,0.9567,0.9898,0.9567,0.9898,790,0
20160115,0.9561,0.9982,0.9561,0.9982,2100,0
20160119,0.99,0.99,0.99,0.99,5000,0
20160121,0.956,0.9561,0.956,0.9561,5169,0
20160122,0.956,0.9801,0.912,0.9801,2455,0
20160126,0.91,0.9901,0.91,0.9901,5100,0
20160202,0.98,0.98,0.95,0.95,1153,0
20160203,0.9501,0.9501,0.9501,0.9501,100,0
20160204,0.9501,0.9501,0.9501,0.9501,230,0
20160208,0.96,0.96,0.94,0.94,991,0
20160212,0.9115,0.95,0.911,0.95,3100,0
20160216,0.9497,0.96,0.945,0.96,9913,0
20160217,0.96,0.98,0.9205,0.9693,8250,0
20160219,0.954,0.96,0.95,0.96,11802,0
20160222,0.954,0.9696,0.95,0.9696,5100,0
20160224,0.955,0.955,0.95,0.95,3569,0
20160229,0.946,0.95,0.92,0.92,6534,0
20160302,0.9698,0.9699,0.9599,0.9693,700,0
20160308,0.95,0.95,0.95,0.95,1098,0
20160309,0.9627,0.9627,0.9501,0.9501,600,0
20160317,0.9501,0.9501,0.93,0.93,1000,0
20160318,0.9201,0.94,0.92,0.94,563,0
20160321,0.9401,0.949,0.9401,0.949,350,0
20160322,0.91,0.91,0.91,0.91,1155,0
20160324,0.91,0.91,0.7322,0.85,37617,0
20160328,0.8788,0.8788,0.8788,0.8788,200,0
20160331,0.9201,0.9201,0.9201,0.9201,226,0
20160407,0.891,0.9301,0.891,0.9301,1200,0
20160412,0.9302,0.948,0.9101,0.9101,6800,0
20160414,0.9101,0.929,0.851,0.929,30549,0
20160415,0.9001,0.929,0.9001,0.929,567,0
