Date,Open,High,Low,Close,Volume,OpenInt
20130927,17.892,17.942,17.799,17.799,125891,0
20130930,17.844,17.988,17.844,17.988,8849,0
20131001,17.988,18.082,17.988,18.035,2422,0
20131002,18.035,18.121,18.035,18.082,5373,0
20131003,18.035,18.226,18.035,18.179,21704,0
20131004,18.416,18.416,18.035,18.043,1476,0
20131007,18.072,18.68,18.035,18.15,20016,0
20131008,18.271,18.416,18.179,18.271,16751,0
20131009,18.271,18.369,18.271,18.271,2633,0
20131010,18.49,18.748,18.471,18.748,6425,0
20131011,18.51,18.7,18.51,18.51,5267,0
20131014,18.5,18.7,18.5,18.51,3055,0
20131015,18.51,18.51,18.281,18.51,10955,0
20131016,18.87,18.985,18.281,18.985,6110,0
20131017,18.985,19.696,18.985,19.696,5466,0
20131018,19.314,19.314,19.314,19.314,942,0
20131021,18.628,19.314,18.628,19.314,1152,0
20131022,19.077,19.077,19.077,19.077,5452,0
20131023,18.837,20.03,18.837,20.03,3144,0
20131025,19.696,19.696,19.696,19.696,420,0
20131028,19.202,19.429,19.202,19.429,942,0
20131029,18.856,19.067,18.837,18.837,2307,0
20131030,18.602,18.646,18.602,18.611,1887,0
20131031,18.619,18.619,18.301,18.301,522,0
20131101,18.602,18.602,18.602,18.602,522,0
20131104,18.602,18.602,18.602,18.602,732,0
20131106,18.602,18.695,18.602,18.695,1362,0
20131108,18.646,19.077,18.182,18.792,35961,0
20131111,18.753,18.772,18.695,18.695,1678,0
20131112,19.124,19.124,18.695,18.695,8179,0
20131113,18.191,18.704,18.191,18.695,3878,0
20131114,18.695,18.695,18.695,18.695,522,0
20131115,18.695,18.695,18.695,18.695,1362,0
20131118,18.933,18.933,18.933,18.933,2171,0
20131119,19.011,19.011,19.011,19.011,942,0
20131120,18.314,19.019,18.314,18.695,3144,0
20131121,18.675,18.837,18.675,18.695,2780,0
20131122,18.704,18.704,18.191,18.646,3774,0
20131127,18.943,18.973,18.943,18.973,312,0
20131202,18.828,18.828,18.828,18.828,1049,0
20131203,18.885,18.885,18.885,18.885,942,0
20131204,18.743,18.743,18.743,18.743,522,0
20131205,18.837,18.837,18.837,18.837,3144,0
20131206,18.973,18.973,18.973,18.973,312,0
20131209,18.695,18.953,18.695,18.953,420,0
20131210,18.953,19.324,18.793,19.077,4326,0
20131211,18.628,19.077,18.628,19.077,1887,0
20131212,19.077,20.46,19.077,20.375,11426,0
20131213,19.959,19.959,19.696,19.696,370,0
20131216,20.202,20.212,19.647,19.794,17298,0
20131217,20.212,20.212,19.077,19.077,4822,0
20131218,19.114,19.794,18.876,19.774,5138,0
20131219,19.077,19.173,19.077,19.173,2295,0
20131220,19.095,19.794,19.095,19.124,19955,0
20131223,19.794,19.794,19.364,19.364,1100,0
20131224,19.602,19.696,19.602,19.696,1310,0
20131227,21.258,21.258,21.258,21.258,311,0
20131230,19.647,21.258,19.245,21.258,3756,0
20131231,19.868,19.887,19.371,19.85,2609,0
20140102,19.639,19.647,19.553,19.647,47863,0
20140103,19.639,19.937,19.563,19.937,652,0
20140106,19.85,19.868,19.687,19.744,1773,0
20140107,19.754,20.128,19.754,20.128,4108,0
20140108,20.128,20.368,19.726,20.368,453,0
20140109,20.128,20.339,20.128,20.329,1181,0
20140113,20.608,20.608,19.754,20.464,852,0
20140114,20.177,20.472,20.128,20.472,1044,0
20140115,20.608,20.608,19.044,19.543,30048,0
20140116,20.416,20.416,19.764,19.764,627,0
20140117,20.329,20.329,20.329,20.329,102,0
20140121,20.079,20.079,19.2,19.2,209,0
20140122,19.227,19.486,19.218,19.218,1462,0
20140123,19.18,19.436,19.18,19.436,311,0
20140124,19.15,19.647,18.576,19.15,5843,0
20140127,19.2,19.543,19.2,19.265,1878,0
20140128,19.18,19.18,19.17,19.17,1982,0
20140129,19.17,19.381,19.17,19.381,4718,0
20140130,19.41,19.505,19.362,19.362,7616,0
20140131,19.362,19.386,19.362,19.362,1628,0
20140203,19.362,19.476,19.362,19.41,4221,0
20140204,19.362,19.381,19.362,19.381,1514,0
20140205,19.41,19.428,19.41,19.428,2624,0
20140206,19.466,20.167,19.466,20.118,917,0
20140207,19.476,19.476,19.446,19.446,729,0
20140210,19.706,19.706,19.647,19.647,311,0
20140211,19.647,19.878,19.553,19.553,70522,0
20140212,19.647,19.647,19.647,19.647,44686,0
20140213,19.677,19.696,19.677,19.696,3237,0
20140214,19.563,20.083,19.563,19.744,2503,0
20140218,19.466,20.079,19.466,20.079,419,0
20140219,19.764,19.764,19.744,19.744,215,0
20140220,19.696,19.716,19.696,19.696,2087,0
20140224,20.108,20.108,19.647,19.647,472,0
20140226,19.657,19.657,19.657,19.657,627,0
20140227,19.025,19.696,19.025,19.696,2040,0
20140228,19.667,19.965,19.044,19.965,3275,0
20140303,19.822,20.108,19.822,20.108,6650,0
20140304,20.108,20.108,19.639,20.041,2503,0
20140305,20.079,20.079,20.079,20.079,1044,0
20140311,20.088,20.177,20.079,20.177,1886,0
20140313,20.499,20.499,19.744,19.744,2618,0
20140314,20.128,20.128,19.887,20.128,4701,0
20140317,20.128,23.77,19.917,22.228,6232,0
20140318,21.851,22.524,21.851,22.524,3756,0
20140319,22.045,22.524,20.551,22.045,3716,0
20140320,22.045,22.045,22.045,22.045,3140,0
20140321,20.472,22.045,20.472,21.039,12272,0
20140324,19.563,22.045,19.563,22.045,2302,0
20140326,20.829,21.096,20.829,20.829,2609,0
20140327,20.608,20.608,20.138,20.329,5220,0
20140328,20.271,20.368,19.985,20.128,16250,0
20140404,20.225,20.859,20.032,20.859,2284,0
20140407,20.225,20.225,20.225,20.225,416,0
20140408,20.051,21.187,19.792,20.827,29325,0
20140409,20.705,20.705,20.705,20.705,3107,0
20140411,20.917,20.947,19.936,20.041,4238,0
20140414,19.802,19.802,19.792,19.792,882,0
20140415,19.984,20.379,19.984,20.379,1076,0
20140416,21.149,21.149,21.149,21.149,175,0
20140423,20.466,20.658,20.466,20.466,5863,0
20140424,20.467,20.567,20.466,20.567,1491,0
20140425,20.908,20.947,20.417,20.493,2053,0
20140428,20.493,20.493,20.493,20.493,178,0
20140430,20.917,20.947,20.571,20.571,1290,0
20140501,20.898,20.917,20.898,20.917,1430,0
20140502,20.85,20.85,20.85,20.85,3486,0
20140505,20.947,21.091,20.947,21.091,1962,0
20140508,21.187,21.187,21.187,21.187,267,0
20140509,21.187,21.187,21.187,21.187,518,0
20140514,19.81,21.476,19.792,20.272,5386,0
20140515,20.994,21.044,20.994,21.044,744,0
20140516,20.947,21.052,20.937,21.052,1833,0
20140519,20.686,20.735,20.686,20.735,290,0
20140522,20.802,21.139,20.802,21.139,2514,0
20140523,21.187,21.187,21.178,21.187,2765,0
20140527,21.187,21.187,21.187,21.187,5768,0
20140528,21.187,21.211,21.187,21.187,1792,0
20140529,21.187,21.206,21.187,21.206,1973,0
20140530,21.226,21.226,21.187,21.187,1560,0
20140602,21.187,21.187,20.296,21.159,18330,0
20140606,21.061,21.061,20.417,20.705,1564,0
20140610,20.705,21.187,20.705,21.187,2804,0
20140613,20.985,20.985,20.985,20.985,518,0
20140617,20.85,20.85,20.802,20.85,2379,0
20140618,20.754,21.38,20.754,21.38,524,0
20140619,20.764,21.187,20.754,21.187,2397,0
20140620,21.187,21.668,21.187,21.668,2887,0
20140623,20.754,21.206,20.754,21.206,1490,0
20140624,21.386,21.386,20.754,21.187,837,0
20140626,21.216,22.632,21.216,22.632,4509,0
20140627,22.632,23.075,22.555,22.825,1619,0
20140630,22.873,22.873,20.994,22.873,1023,0
20140701,22.053,22.053,22.053,22.053,790,0
20140703,22.151,22.151,20.768,20.884,550,0
20140707,22.867,22.867,22.867,22.867,180,0
20140708,22.645,22.645,22.072,22.072,309,0
20140715,20.845,20.845,20.748,20.845,518,0
20140716,21.232,21.232,21.232,21.232,540,0
20140722,21.28,22.972,21.28,22.972,1345,0
20140723,22.151,22.151,22.122,22.151,2123,0
20140724,20.841,20.841,20.841,20.841,236,0
20140725,20.874,20.874,20.874,20.874,110,0
20140731,22.248,22.248,22.248,22.248,415,0
20140804,21.039,21.28,20.981,21.28,15510,0
20140805,21.28,21.435,21.28,21.435,707,0
20140806,21.28,21.28,21.28,21.28,2595,0
20140807,21.28,21.28,20.922,20.922,1717,0
20140812,20.748,20.748,20.748,20.748,542,0
20140815,20.837,21.029,20.837,20.837,381,0
20140818,20.758,20.758,20.758,20.758,1197,0
20140819,20.748,20.748,20.748,20.748,102,0
20140820,20.748,20.748,20.652,20.652,1484,0
20140821,20.652,20.655,20.603,20.603,2172,0
20140822,21.755,21.755,21.755,21.755,137,0
20140825,20.764,20.764,20.652,20.652,464,0
20140826,20.816,20.981,20.719,20.719,4518,0
20140827,20.719,20.903,20.719,20.729,1031,0
20140829,20.942,21.28,20.864,20.864,1229,0
20140902,20.942,20.942,20.942,20.942,110,0
20140903,20.942,20.942,20.844,20.897,414,0
20140904,20.719,20.741,20.719,20.741,227,0
20140908,20.652,20.652,20.652,20.652,1070,0
20140909,20.652,20.652,20.555,20.555,1986,0
20140910,20.574,20.699,20.574,20.699,7010,0
20140912,21.202,21.202,21.202,21.202,204,0
20140915,20.652,20.709,20.526,20.7,1636,0
20140916,20.555,20.603,20.506,20.506,2677,0
20140917,20.506,20.555,20.506,20.535,1176,0
20140918,20.565,20.565,20.506,20.506,225,0
20140919,20.322,20.729,20.322,20.729,1663,0
20140922,20.361,20.361,20.361,20.361,216,0
20140924,20.506,20.506,20.312,20.371,5431,0
20140930,20.265,20.265,19.549,20.052,6743,0
20141001,20.139,20.422,20.139,20.139,10793,0
20141006,20.655,20.655,20.655,20.655,303,0
20141007,20.351,20.351,20.351,20.351,528,0
20141008,19.895,19.895,19.895,19.895,1030,0
20141009,20.323,20.323,20.099,20.227,6714,0
20141010,20.849,20.897,20.247,20.247,1750,0
20141013,19.926,19.926,19.926,19.926,514,0
20141015,20.217,20.217,19.915,20.217,5167,0
20141024,19.866,19.981,19.012,19.536,3653,0
20141027,19.536,19.536,19.536,19.536,813,0
20141028,20.217,20.217,19.536,19.536,486,0
20141029,19.342,19.342,19.342,19.342,514,0
20141030,19.78,19.78,19.73,19.73,514,0
20141031,20.023,20.023,20.023,20.023,1966,0
20141103,19.905,20.168,19.634,20.168,4546,0
20141104,20.139,20.139,20.089,20.119,796,0
20141106,20.168,20.168,20.168,20.168,142,0
20141107,20.655,20.655,20.655,20.655,1750,0
20141114,20.099,20.266,20.099,20.217,4116,0
20141117,20.217,20.266,20.217,20.247,1793,0
20141118,19.866,20.023,19.866,19.925,10625,0
20141119,20.023,20.023,20.023,20.023,1403,0
20141120,19.707,20.119,19.707,20.089,2513,0
20141124,20.109,20.897,20.109,20.897,3177,0
20141125,20.099,20.158,20.099,20.158,932,0
20141126,19.691,19.79,19.497,19.691,2162,0
20141128,19.74,20.567,19.74,20.567,441,0
20141201,19.595,19.74,19.438,19.438,4081,0
20141202,20.411,20.411,20.382,20.411,2057,0
20141205,20.071,20.071,20.071,20.071,3170,0
20141208,20.079,20.079,19.595,19.595,1434,0
20141209,19.595,19.614,19.595,19.614,665,0
20141212,19.77,20.411,19.468,19.468,4034,0
20141215,19.468,20.372,19.438,19.438,6571,0
20141216,19.438,20.139,19.438,19.634,5851,0
20141217,19.497,20.353,19.438,19.438,11529,0
20141218,19.848,19.974,19.448,19.682,7997,0
20141219,19.556,19.682,19.05,19.516,25352,0
20141223,19.876,19.876,19.362,19.536,2346,0
20141224,19.536,19.682,19.488,19.488,3988,0
20141226,19.488,19.74,19.488,19.74,1376,0
20141229,19.438,19.438,19.438,19.438,282,0
20141230,19.876,19.876,19.401,19.401,2888,0
20141231,19.537,19.713,19.508,19.605,3458,0
20150105,19.517,19.517,19.517,19.517,100,0
20150106,19.429,19.438,19.078,19.41,9386,0
20150107,19.214,19.214,19.146,19.146,3685,0
20150109,19.146,19.186,19.01,19.01,24569,0
20150112,19.515,19.515,19.078,19.078,1322,0
20150113,19.078,19.078,19.078,19.078,2260,0
20150114,18.863,18.863,18.863,18.863,181,0
20150115,18.912,18.912,18.912,18.912,509,0
20150121,18.882,19.438,17.984,17.984,2501,0
20150122,18.202,18.202,18.202,18.202,205,0
20150123,18.56,19.038,18.56,19.038,3198,0
20150126,19.243,19.517,19.243,19.517,3954,0
20150128,18.58,18.58,18.58,18.58,510,0
20150129,18.58,18.58,18.58,18.58,975,0
20150130,18.58,18.58,18.58,18.58,510,0
20150204,18.609,18.609,18.609,18.609,1025,0
20150205,19.293,19.293,19.293,19.293,3535,0
20150206,19.293,19.293,19.253,19.293,2546,0
20150209,19.293,19.303,19.048,19.243,7084,0
20150210,19.048,19.048,19.048,19.048,603,0
20150211,19.156,19.429,19.156,19.429,262,0
20150212,19.429,19.517,19.429,19.517,6773,0
20150213,19.371,19.371,18.761,18.863,9966,0
20150217,18.951,19.537,18.805,19.537,8496,0
20150218,19.782,19.782,19.782,19.782,410,0
20150219,19.235,19.235,19.235,19.235,449,0
20150223,18.756,18.756,18.756,18.756,521,0
20150224,19.048,19.311,19.048,19.049,653,0
20150225,19.048,19.048,19.048,19.048,2047,0
20150226,18.823,18.843,18.378,18.843,5349,0
20150227,18.805,18.805,18.805,18.805,517,0
20150302,18.931,19.048,18.931,19.048,2763,0
20150303,19.742,19.742,18.892,18.892,920,0
20150304,18.823,18.823,18.823,18.823,100,0
20150306,19.342,19.488,19.293,19.488,2252,0
20150310,19.683,19.683,19.683,19.683,305,0
20150311,19.508,19.508,19.488,19.488,205,0
20150312,19.381,19.537,19.381,19.537,715,0
20150313,19.097,19.537,19.088,19.088,820,0
20150316,19.498,19.537,19.371,19.371,2150,0
20150319,19.683,19.683,19.683,19.683,205,0
20150320,19.878,19.878,19.83,19.878,2150,0
20150323,19.107,19.127,19.107,19.127,205,0
20150324,19.058,19.058,19.058,19.058,1025,0
20150325,19.048,19.097,19.048,19.048,1740,0
20150326,19.107,19.156,19.048,19.097,3992,0
20150327,19.127,19.782,19.127,19.557,50060,0
20150330,19.537,19.683,19.527,19.683,60705,0
20150331,19.537,19.683,19.293,19.537,7677,0
20150401,19.488,19.703,19.488,19.703,15253,0
20150402,19.437,19.437,19.437,19.437,100,0
20150408,19.497,19.497,19.497,19.497,3769,0
20150410,19.389,19.899,19.389,19.899,2037,0
20150415,19.489,19.489,19.489,19.489,528,0
20150416,19.487,19.879,19.487,19.879,2069,0
20150420,20.125,20.125,20.125,20.125,1020,0
20150421,19.879,19.879,19.879,19.879,25489,0
20150424,19.879,19.948,19.879,19.879,3870,0
20150427,20.125,20.125,20.125,20.125,100,0
20150429,19.879,20.311,19.879,20.234,6417,0
20150430,20.37,20.616,20.37,20.616,1936,0
20150501,19.595,20.508,19.595,19.831,6723,0
20150505,19.889,20.174,19.889,19.978,2037,0
20150506,19.389,19.389,19.389,19.389,304,0
20150513,20.596,20.596,20.115,20.115,1020,0
20150520,20.105,20.125,19.978,20.018,5500,0
20150521,19.487,19.487,19.487,19.487,408,0
20150526,19.635,19.725,19.635,19.725,1211,0
20150528,20.518,20.518,20.341,20.37,695,0
20150529,20.37,20.37,20.37,20.37,100,0
20150603,19.663,19.869,19.635,19.841,8251,0
20150604,19.703,19.703,19.653,19.653,816,0
20150610,20.108,20.108,20.108,20.108,314,0
20150611,20.616,20.616,20.36,20.36,1288,0
20150612,19.772,19.772,19.772,19.772,100,0
20150615,19.663,21.107,19.635,21.078,4686,0
20150616,20.862,21.195,20.714,21.195,6417,0
20150617,21.45,22.471,21.45,22.462,4482,0
20150618,22.088,23.336,22.088,23.081,2649,0
20150619,20.802,20.802,20.802,20.802,8556,0
20150622,20.812,22.373,20.812,22.088,3463,0
20150624,21.008,21.5,21.008,21.5,508,0
20150625,21.636,21.842,20.263,21.107,75786,0
20150629,21.107,21.107,21.107,21.107,508,0
20150701,21.008,21.098,21.008,21.098,3973,0
20150702,21.215,22.29,21.215,22.29,1318,0
20150706,21.334,21.699,21.334,21.354,1521,0
20150707,21.205,21.205,21.205,21.205,100,0
20150708,22.162,22.162,22.093,22.093,812,0
20150710,22.093,22.093,22.093,22.093,100,0
20150714,21.038,22.162,20.22,20.307,775,0
20150715,21.817,21.817,21.107,21.107,213,0
20150717,20.427,21.699,20.427,21.205,13282,0
20150720,22.152,22.152,22.152,22.152,100,0
20150721,21.255,21.402,20.485,20.712,18149,0
20150723,20.544,20.564,19.726,20.317,10950,0
20150724,20.14,20.664,20.14,20.515,16831,0
20150727,20.22,20.505,20.21,20.317,4968,0
20150728,20.278,20.278,20.17,20.17,203,0
20150729,20.259,21.373,19.973,20.278,28187,0
20150731,20.712,21.768,20.032,21.117,8415,0
20150803,21.649,21.649,21.452,21.59,818,0
20150804,21.699,22.586,20.259,21.215,1318,0
20150805,21.699,22.468,21.699,22.468,1521,0
20150806,22.586,22.586,22.576,22.586,781,0
20150807,22.537,22.537,22.537,22.537,100,0
20150810,22.468,22.468,22.468,22.468,5475,0
20150811,21.117,21.146,21.068,21.146,1844,0
20150812,20.841,20.841,20.841,20.841,1015,0
20150813,20.831,20.831,20.831,20.831,100,0
20150814,20.91,22.162,20.91,22.142,1015,0
20150817,21.205,21.205,20.23,21.205,1622,0
20150818,20.249,21.205,20.249,20.91,4765,0
20150819,20.298,20.781,20.259,20.781,609,0
20150820,20.347,20.457,20.347,20.457,203,0
20150824,21.205,21.205,21.205,21.205,356,0
20150827,20.467,20.467,20.268,20.268,7098,0
20150828,20.268,20.268,20.268,20.268,100,0
20150901,20.594,20.594,20.268,20.278,1724,0
20150903,19.845,19.893,19.776,19.873,1216,0
20150904,19.302,19.302,19.252,19.252,506,0
20150909,19.883,19.883,19.883,19.883,203,0
20150910,19.726,19.726,19.726,19.726,100,0
20150914,20.023,20.023,19.362,19.362,203,0
20150915,19.873,21.373,19.863,20.564,7098,0
20150916,19.933,20.22,19.923,19.973,15513,0
20150917,19.776,19.776,18.918,19.726,566,0
20150918,21.402,24.262,20.91,23.671,45017,0
20150921,22.636,23.277,21.699,22.685,9733,0
20150922,21.798,21.817,21.798,21.817,506,0
20150923,21.699,21.699,21.354,21.699,1521,0
20150924,22.192,22.192,22.192,22.192,451,0
20150925,22.488,23.681,22.488,23.671,3549,0
20150929,20.712,21.205,20.712,21.205,506,0
20150930,23.177,23.177,23.177,23.177,100,0
20151001,23.1,23.671,21.945,21.945,1419,0
20151002,22.044,22.054,21.995,22.044,5652,0
20151005,23.283,23.283,20.508,20.508,202,0
20151006,21.302,21.302,21.103,21.103,504,0
20151007,21.45,21.618,21.45,21.618,706,0
20151008,23.154,23.154,23.154,23.154,100,0
20151012,23.243,23.243,23.243,23.243,101,0
20151014,21.302,21.302,21.302,21.302,1010,0
20151015,23.283,23.283,23.213,23.283,706,0
20151016,23.283,23.283,23.283,23.283,100,0
20151020,21.701,21.701,21.701,21.701,1010,0
20151021,21.797,21.797,21.797,21.797,202,0
20151023,20.876,20.876,20.876,20.876,606,0
20151026,21.797,21.797,21.797,21.797,606,0
20151027,20.806,21.004,20.806,20.806,29573,0
20151028,20.687,21.024,20.618,20.618,4139,0
20151029,20.806,20.806,20.062,20.508,5551,0
20151030,20.806,20.994,20.806,20.994,2120,0
20151102,21.302,21.302,20.142,20.261,6231,0
20151103,20.42,21.529,20.41,21.529,1211,0
20151105,21.103,21.103,21.103,21.103,100,0
20151106,21.044,21.044,21.044,21.044,5349,0
20151110,21.47,21.578,21.47,21.578,404,0
20151111,21.578,21.578,21.044,21.578,35225,0
20151117,20.508,20.508,20.508,20.508,100,0
20151118,20.568,20.568,20.568,20.568,202,0
20151120,21.797,21.797,21.797,21.797,100,0
20151124,20.786,20.786,20.706,20.706,3331,0
20151125,21.48,21.48,20.806,20.856,4037,0
20151127,21.678,21.678,21.678,21.678,100,0
20151201,21.4,21.4,21.4,21.4,120,0
20151202,20.796,21.113,20.508,21.113,2010,0
20151204,20.558,20.558,20.38,20.558,16553,0
20151208,20.31,20.868,20.31,20.32,4672,0
20151210,20.706,20.706,20.658,20.658,4643,0
20151214,20.776,20.776,20.776,20.776,206,0
20151217,20.242,20.242,20.192,20.192,1211,0
20151218,21.242,21.242,21.242,21.242,808,0
20151222,21.222,21.222,21.222,21.222,384,0
20151223,20.558,20.558,20.558,20.558,100,0
20151224,21.539,21.539,20.32,20.36,1665,0
20151228,20.806,20.806,20.806,20.806,406,0
20151231,20.766,20.766,20.766,20.766,247,0
20160104,20.31,20.806,20.31,20.806,2321,0
20160105,20.806,20.806,20.766,20.786,2588,0
20160111,21.154,21.244,20.308,20.816,3234,0
20160113,21.738,21.738,20.408,20.408,656,0
20160114,20.408,21.144,20.408,20.657,1668,0
20160121,20.906,20.906,20.497,20.507,302,0
20160129,20.906,20.906,19.91,20,2784,0
20160201,19.482,19.482,19.363,19.412,5556,0
20160202,19.661,19.661,19.661,19.661,503,0
20160205,19.124,19.124,19.124,19.124,882,0
20160208,19.409,19.409,19.409,19.409,279,0
20160209,20.593,20.593,20.593,20.593,502,0
20160210,19.91,19.91,19.91,19.91,21407,0
20160211,19.91,19.91,19.91,19.91,38975,0
20160217,19.894,19.894,19.894,19.894,320,0
20160219,19.81,19.81,19.797,19.801,1449,0
20160229,19.104,19.104,19.104,19.104,214,0
20160302,19.412,19.91,19.412,19.91,3032,0
20160303,19.382,19.382,19.382,19.382,303,0
20160304,19.412,19.412,19.412,19.412,114,0
20160308,19.91,19.91,19.91,19.91,1148,0
20160309,20.607,20.607,20.607,20.607,2227,0
20160315,20.099,20.677,19.412,20.677,1953,0
20160316,20.796,20.796,20.649,20.649,794,0
20160318,20.985,21.702,20.804,21.702,4414,0
20160322,21.154,21.154,21.154,21.154,327,0
20160328,21.154,21.154,20.657,20.896,1680,0
20160329,19.937,20.069,19.937,20.069,403,0
20160330,21.134,21.154,21.134,21.154,1507,0
20160401,21.164,21.164,21.164,21.164,104,0
20160404,21.722,22.389,21.592,22.13,5143,0
20160407,22,22,20.79,21.19,1208,0
20160408,20.6001,21.46,20.6001,21.46,801,0
20160411,21.26,21.26,21.2501,21.2501,211,0
20160415,20.61,21.3,20.61,21.3,6693,0
