Date,Open,High,Low,Close,Volume,OpenInt
20120515,9.75,9.75,9.75,9.75,250,0
20120517,9.6,9.6,9.6,9.6,830,0
20120522,9.69,9.69,9.69,9.69,1500,0
20120523,9.77,9.77,9.6,9.6,155200,0
20120524,9.6,9.6,9.6,9.6,29500,0
20120525,9.6,9.6,9.6,9.6,61700,0
20120531,9.59,9.61,9.56,9.61,400,0
20120606,9.7,9.7,9.7,9.7,100,0
20120608,9.55,9.55,9.55,9.55,500,0
20120613,9.6,9.6,9.6,9.6,1000,0
20120615,9.6,9.6,9.6,9.6,100,0
20120907,9.66,9.85,9.61,9.68,33200,0
20120913,9.8,9.8,9.72,9.72,200,0
20120924,9.8,9.8,9.8,9.8,1250,0
20121008,9.8,9.8,9.8,9.8,100,0
20121010,9.85,9.85,9.85,9.85,100,0
20121011,9.85,9.85,9.85,9.85,900,0
20121015,9.86,9.86,9.81,9.81,400,0
20121018,9.8,9.8,9.8,9.8,1000,0
20121026,9.81,9.81,9.81,9.81,100,0
20121102,12.66,12.66,9.9,9.9,1100,0
20121105,9.9,9.9,9.9,9.9,100,0
20121112,9.85,9.85,9.84,9.84,1810,0
20121130,9.85,9.85,9.85,9.85,40000,0
20121203,9.85,9.85,9.85,9.85,158930,0
20121210,9.85,9.85,9.85,9.85,18900,0
20121211,9.84,9.84,9.84,9.84,1000,0
20121212,9.84,9.85,9.81,9.84,50690,0
20121214,9.8,9.94,9.8,9.94,300,0
20121219,9.844,9.94,9.844,9.94,200,0
20121221,9.94,9.94,9.94,9.94,100,0
20121231,9.9,9.94,9.88,9.88,13170,0
20130102,9.88,9.95,9.87,9.87,3200,0
20130122,9.95,9.95,9.95,9.95,200,0
20130125,9.95,9.95,9.95,9.95,200,0
20130225,9.93,10,9.9,10,12200,0
20130226,9.9,9.9,9.9,9.9,100,0
20130311,9.99,9.99,9.99,9.99,100,0
20130325,9.9,9.99,9.9,9.99,200,0
20130410,9.99,9.99,9.99,9.99,100,0
20130419,10,10,9.9,10,400,0
20130430,9.92,9.92,9.92,9.92,100,0
20130501,9.99,9.99,9.99,9.99,1000,0
20130510,9.95,9.95,9.94,9.94,50000,0
20130513,9.94,9.94,9.92,9.92,15540,0
20130524,9.92,9.99,9.92,9.99,600,0
20130529,9.99,9.99,9.979,9.979,200,0
20130603,9.99,9.99,9.99,9.99,300,0
20130604,9.99,9.99,9.99,9.99,200,0
20130614,9.93,9.93,9.93,9.93,100,0
20130715,9.941,10.04,9.941,10.04,2850,0
20130723,10,10,10,10,9900,0
20130724,10.05,10.05,10.05,10.05,2000,0
20130731,10.05,10.05,10.05,10.05,100,0
20130801,10.05,10.05,10.05,10.05,200,0
20130813,10,10.04,10,10.04,2100,0
20130814,10.05,10.05,10.05,10.05,400,0
20130816,10.05,10.05,10.05,10.05,1000,0
20130819,10.13,10.14,10.08,10.08,5300,0
20130820,10.1,10.1,10,10.08,7080,0
20130916,10.02,10.03,10.02,10.03,1100,0
20130917,10.03,10.03,10.03,10.03,3630,0
20130925,10.1,10.23,10.06,10.18,103830,0
20130926,10.18,10.18,10.1,10.17,6900,0
20130927,10.18,10.18,10.03,10.06,53550,0
20130930,10.02,10.07,10.02,10.07,200,0
20131001,9.72,10.18,9.72,10.15,26100,0
20131002,9.89,10.18,9.89,10.15,10300,0
20131003,10.08,10.18,10.08,10.15,13000,0
20131004,10.09,10.15,10.09,10.15,1800,0
20131007,10.15,10.18,10.15,10.17,20100,0
20131008,10.17,10.18,10.15,10.16,30100,0
20131009,10.16,10.16,10.15,10.15,11000,0
20131010,10.18,10.18,10.18,10.18,400,0
20131011,10.18,10.18,10.15,10.15,3100,0
20131014,10.15,10.15,10.15,10.15,6400,0
20131015,10.15,10.16,10.14,10.15,4200,0
20131016,10.15,10.15,10.15,10.15,2500,0
20131018,10.18,10.18,10.15,10.16,16600,0
20131023,10.16,10.16,10.16,10.16,1300,0
20131024,10.16,10.16,10.16,10.16,1100,0
20131028,10.16,10.16,10.16,10.16,3400,0
20131031,10.18,10.18,9.6,10.14,1800,0
20131101,10.1,10.17,10.1,10.16,35600,0
20131104,10.16,10.18,10.16,10.18,100100,0
20131105,10.07,10.17,10.07,10.17,1300,0
20131108,10.17,10.17,10.17,10.17,1500,0
20131111,10.17,10.17,10.17,10.17,1800,0
20131113,10.16,10.16,10.16,10.16,2100,0
20131114,10.16,10.16,10.16,10.16,200,0
20131118,10.17,10.17,10.17,10.17,45700,0
20131120,10.17,10.18,10.17,10.17,21800,0
20131121,10.17,10.18,10.17,10.17,15100,0
20131122,10.17,10.17,10.17,10.17,100,0
20131125,10.18,10.18,10.1,10.1,4700,0
20131129,10.17,10.17,10.17,10.17,2600,0
20131202,10.17,10.17,10.17,10.17,14600,0
20131203,10.17,10.17,10.17,10.17,1952,0
20131204,10.16,10.16,10.11,10.11,3300,0
20131205,10.17,10.17,10.17,10.17,900,0
20131206,10.17,10.17,10.16,10.16,8900,0
20131210,10.18,10.18,10.11,10.11,2800,0
20131211,10.18,10.18,10.17,10.18,6600,0
20131212,10.18,10.18,10.18,10.18,4255,0
20131213,10,10,10,10,1900,0
20131216,10.13,10.17,9.31,9.31,2900,0
20131217,10.18,10.23,10.08,10.19,79200,0
20131218,10.18,10.19,10.18,10.19,4500,0
20131219,10.01,10.4,10.01,10.26,42500,0
20131220,10.32,10.32,10.18,10.18,993600,0
20131223,10.1,10.1,9.04,9.43,5900,0
20131226,8.75,8.75,8.75,8.75,200,0
20131227,8.75,9.53,8.15,9.5,10100,0
20131230,9.03,9.03,8.85,8.85,1600,0
20131231,8.74,8.85,8.55,8.55,1000,0
20140102,8.52,8.6,8.5,8.6,8177,0
20140103,8.59,8.7,8.59,8.6,5952,0
20140106,8.64,9.42,8.64,9.42,10300,0
20140107,9.37,9.46,9.3077,9.3077,4498,0
20140108,9.25,9.95,9.05,9.95,6220,0
20140109,10,10.03,8.55,9.1,21098,0
20140110,9.06,9.3,8.72,9,3600,0
20140113,9.05,9.05,8.65,8.65,9213,0
20140114,8.99,8.99,8.8,8.8,5900,0
20140115,8.95,9.25,8.85,9.2,14500,0
20140116,8.86,9.38,8.86,9,900,0
20140117,8.91,8.94,8.9,8.94,1279,0
20140121,9,9.27,9,9.27,4600,0
20140122,9.3,10.01,9.1,9.99,15100,0
20140123,10.24,10.24,9.5,10,21300,0
20140124,10.03,10.03,9.64,10,7600,0
20140127,10,10,9.66,9.95,3400,0
20140128,9.91,9.95,9.51,9.95,1400,0
20140129,9.51,10.51,9.51,10,4900,0
20140130,10,10.1,9.97,9.99,4100,0
20140131,10.05,10.05,9.93,9.93,13052,0
20140204,9.93,10,9.5,9.75,8858,0
20140205,9.74,9.99,9.74,9.92,18263,0
20140207,9.4,9.95,9.4,9.8,1549,0
20140211,9.9,10.03,9.9,9.92,1605,0
20140213,10,10.05,10,10,25086,0
20140219,10.14,10.14,9.5,10,2437,0
20140224,10,10.26,10,10.26,32586,0
20140225,10,11.149,10,10.05,4551,0
20140226,11,11.1,10,10.05,730,0
20140227,10.45,10.45,10.28,10.28,219,0
20140228,10.2,10.29,10.2,10.2,1235,0
20140303,10.25,10.35,10.02,10.02,8714,0
20140304,10.28,10.74,10.125,10.42,13784,0
20140305,10.2,10.96,10.11,10.45,26865,0
20140306,10.5,10.92,10.2,10.37,18447,0
20140307,10.2,10.9,10.2,10.4,18713,0
20140310,10.21,10.25,10.2,10.2,4100,0
20140311,10.6,10.6,10.2,10.24,7149,0
20140312,10.6,10.6,10.2,10.23,5453,0
20140313,10.23,10.23,10.2,10.2,1450,0
20140314,10.75,10.75,10.21,10.21,300,0
20140317,10.369,10.41,10.21,10.4,4394,0
20140318,10.23,10.6,10.01,10.412,29863,0
20140319,10.39,10.7,10.13,10.7,11840,0
20140320,10.4,10.615,10.3,10.615,2000,0
20140321,10.55,10.55,10.55,10.55,114,0
20140324,10.56,10.56,10.55,10.55,400,0
20140401,10.55,10.95,10.55,10.95,244,0
20140402,10.74,10.74,10.74,10.74,100,0
20140403,10.8,10.8,10.8,10.8,100,0
20140404,10.8,10.8,10.8,10.8,100,0
20140415,10.79,10.79,10.79,10.79,965,0
20140417,10.78,10.9,10.78,10.8,5100,0
20140421,10.78,10.85,10.43,10.8,13720,0
20140423,10.25,10.45,10.21,10.38,2426,0
20140424,10.7,10.75,10.35,10.75,5930,0
20140425,10.39,10.57,10.36,10.54,1640,0
20140428,10.68,10.68,10.68,10.68,209,0
20140429,10.64,10.64,10.64,10.64,155,0
20140430,10.36,10.36,10.36,10.36,200,0
20140501,10.37,10.37,10.35,10.35,599,0
20140502,10.32,10.33,10.26,10.33,1600,0
20140505,10.33,10.38,10.33,10.33,3317,0
20140506,10.4,10.4,10.2,10.2,2569,0
20140507,10.34,10.69,10.33,10.33,6800,0
20140508,10.33,10.33,10.33,10.33,274,0
20140509,10.45,10.65,10.33,10.44,14000,0
20140512,10.42,10.46,10.42,10.46,5700,0
20140513,10.6,10.703,10.33,10.33,2383,0
20140514,10.46,10.46,10.46,10.46,2021,0
20140515,10.46,10.56,10.46,10.56,42250,0
20140516,10.55,10.7,10.55,10.7,4450,0
20140519,10.7,10.8,10.52,10.75,4330,0
20140520,10.65,10.74,10.65,10.74,200,0
20140521,10.5,10.5,10.5,10.5,762,0
20140527,11.25,11.25,10.553,10.553,1100,0
20140528,10.8,11.25,10.8,11,32924,0
20140529,11,11,10.85,10.85,21690,0
20140530,10.86,10.9,10.8,10.8,30350,0
20140602,10.2,10.26,10.2,10.26,445,0
20140603,10.9,11.75,10.86,10.86,12828,0
20140604,11,11,10.5,11,7351,0
20140605,11.25,11.25,11,11,7221,0
20140606,11,11.1,11,11,434,0
20140609,11.6,11.6,11.1,11.6,9555,0
20140610,11.69,11.7,11.61,11.62,11700,0
20140611,11.4,11.6,11.4,11.55,3500,0
20140612,11.59,12.27,11.59,12.04,34696,0
20140613,12.9,12.9,12,12.08,6830,0
20140616,12.02,12.95,12,12.77,17031,0
20140617,12.69,12.9,12.69,12.89,73745,0
20140618,12.8,13.5,12.8,12.99,27185,0
20140619,15,15,12,12.47,16870,0
20140620,12.67,12.67,11.5,11.5,29244,0
20140623,11.99,12.595,11.55,12.4,9800,0
20140624,11.92,12.52,11.92,12.35,1535,0
20140625,12.39,12.45,12,12.25,6990,0
20140626,12.28,12.4,12.07,12.07,6251,0
20140627,12.74,12.74,12.05,12.05,3421,0
20140630,12.39,12.39,12.07,12.08,1601,0
20140701,12.25,12.29,12.05,12.29,3266,0
20140702,12.17,12.2,11.51,11.51,2400,0
20140703,11.81,12.25,11.55,12.22,11262,0
20140707,12.25,12.25,12,12.122,500,0
20140708,11.99,11.99,11.31,11.35,6800,0
20140709,11.61,11.69,11.3,11.3,4700,0
20140710,11.3,11.3,11.3,11.3,1080,0
20140711,11.3,11.4,11.2,11.2,1800,0
20140714,11.22,11.61,11.01,11.15,2555,0
20140717,11.185,11.185,11.15,11.15,1350,0
20140721,11.2,11.372,11.2,11.372,466,0
20140723,11.06,11.06,11.06,11.06,100,0
20140724,11.94,11.94,11.25,11.5,2000,0
20140725,11.58,11.58,11.2,11.2,1000,0
20140728,11.55,11.95,11.55,11.6,5700,0
20140729,12.12,12.12,11.22,11.62,11241,0
20140730,11.11,11.37,11.11,11.11,600,0
20140731,11.16,11.26,10.7,10.7,3891,0
20140801,10.77,11.24,10.77,11.24,1640,0
20140805,11,11.06,10.82,11,3900,0
20140807,11,11.25,11,11.25,470,0
20140808,10.81,11.242,10.81,11.1,10300,0
20140811,11.47,11.47,10.95,10.95,3654,0
20140812,11.49,11.5,10.9,10.92,15023,0
20140813,11.39,11.39,11,11.06,1456,0
20140814,10.91,11.11,10.91,10.99,3400,0
20140815,10.95,10.95,10.95,10.95,100,0
20140818,11.45,11.93,11.1,11.15,1950,0
20140819,10.95,11.2,10.9,11.03,2900,0
20140820,11.5,11.5,11.08,11.08,2664,0
20140821,10.94,11.2,10.94,11.2,1800,0
20140822,11.26,11.5,11.2,11.5,4647,0
20140825,11.5,11.5,11.01,11.35,3407,0
20140826,11.24,11.35,11.24,11.31,2135,0
20140828,11.17,11.38,11.17,11.3,5100,0
20140829,11.18,11.225,11.18,11.225,400,0
20140902,11.225,11.3,11.18,11.3,420,0
20140903,11.17,11.17,11.17,11.17,100,0
20140904,11.17,11.17,11.17,11.17,446,0
20140905,11.33,11.33,11.1,11.15,600,0
20140908,11.079,11.079,10.94,10.984,956,0
20140909,10.95,11.34,10.94,10.94,1313,0
20140910,10.94,11.01,10.9,10.91,1830,0
20140911,11.09,11.24,10.99,11.23,20955,0
20140916,11,11.18,10.98,11.09,1746,0
20140917,11.18,11.25,11.15,11.25,3773,0
20140918,11.11,11.22,10.932,11.22,1236,0
20140919,11.01,11.25,11,11.25,4237,0
20140922,11.1,11.16,11.1,11.16,997,0
20140923,11.25,11.25,10.9,11.06,6819,0
20140924,11.39,11.52,11.01,11.01,8050,0
20140925,11.5,11.5,11.04,11.25,1740,0
20140926,11,11.02,10.96,10.96,1264,0
20140929,10.96,10.97,10.95,10.95,300,0
20141001,10.96,11.23,10.95,11.22,4242,0
20141003,11.29,12,10.951,11,20791,0
20141007,11.68,11.7,11,11,1254,0
20141008,10.96,10.96,10.96,10.96,150,0
20141009,10.95,10.97,10.95,10.97,516,0
20141010,11,11.07,11,11.06,795,0
20141013,10.95,10.95,10.95,10.95,100,0
20141014,10.95,11.34,10.45,10.57,12342,0
20141015,10.05,10.55,10.05,10.4,770,0
20141016,10.38,10.42,10.38,10.401,540,0
20141017,10.43,10.97,10.05,10.45,2025,0
20141020,10.37,10.37,10.37,10.37,100,0
20141021,10.57,10.6,10.5,10.5,3118,0
20141022,10.31,10.31,10.31,10.31,100,0
20141023,10.29,10.5,10.29,10.5,315,0
20141024,10.38,10.38,10.38,10.38,400,0
20141027,10.6,10.6,10.6,10.6,600,0
20141028,10.6,10.6,10.42,10.42,1300,0
20141029,10.33,10.33,10.33,10.33,100,0
20141030,10.33,10.48,10.33,10.33,1850,0
20141031,10.08,10.4,10.08,10.4,1720,0
20141104,10.28,10.312,10.28,10.312,684,0
20141105,10.6,10.6,10.39,10.39,3350,0
20141107,10.39,10.39,10.38,10.38,500,0
20141110,10.33,10.33,10.33,10.33,400,0
20141111,10.48,10.48,10.038,10.1,2008,0
20141112,10.05,10.05,10.05,10.05,300,0
20141114,10.14,10.17,10.14,10.17,200,0
20141117,10.49,10.5,10.05,10.05,2524,0
20141118,10.39,10.4,10.26,10.26,1130,0
20141119,10.05,10.05,10.05,10.05,100,0
20141120,10.1,10.25,10.1,10.1,2600,0
20141121,10.26,10.28,10.26,10.28,420,0
20141124,10.1,10.6,10.1,10.6,6145,0
20141125,10.09,10.09,10.09,10.09,100,0
20141126,10.08,10.08,10.05,10.08,301,0
20141128,10.05,10.65,10.05,10.65,560,0
20141201,10.21,10.6,10.21,10.6,384,0
20141202,10.35,10.36,10.15,10.15,3000,0
20141204,10.18,10.18,10.18,10.18,100,0
20141205,10.3,10.3,10.26,10.26,700,0
20141208,10.3,10.4,10.3,10.301,1509,0
20141209,10.4,10.4,10.17,10.17,1044,0
20141210,10.2,10.35,10.2,10.23,1300,0
20141211,10.15,10.15,10.15,10.15,100,0
20141212,10.2,10.21,10.075,10.16,1447,0
20141215,10.11,10.24,10.05,10.1,6101,0
20141216,10.232,10.232,10.1,10.13,1351,0
20141217,10.12,10.12,10.12,10.12,303,0
20141218,10.25,10.25,10.08,10.25,304,0
20141222,10.35,10.4,10.26,10.31,2515,0
20141223,10.35,10.35,10.27,10.27,1001,0
20141226,10.34,10.35,10.25,10.25,2400,0
20141229,10.27,10.27,10.27,10.27,190,0
20141231,10.25,10.26,9.8,10.15,23483,0
20150102,9.62,10.1,9.62,9.94,2012,0
20150105,10,10,9.62,9.91,3037,0
20150107,10.3,10.49,10.09,10.09,3400,0
20150108,10.25,10.25,9.84,9.84,2629,0
20150109,10.16,10.17,9.8,9.8,1800,0
20150114,9.75,10.243,9.75,9.85,8602,0
20150115,9.93,9.93,9.82,9.85,900,0
20150116,10.04,10.04,10.04,10.04,199,0
20150121,10.06,10.06,10.06,10.06,1500,0
20150122,10.25,10.41,9.86,10.1,20380,0
20150123,10.3,10.3,9.85,10,12900,0
20150126,10.1,10.1,10,10.08,383,0
20150127,10.24,10.24,10.11,10.12,2000,0
20150128,10.3,10.3,9.92,9.92,1500,0
20150129,10.22,10.22,9.9,9.9,400,0
20150130,9.81,9.9,9.81,9.83,635,0
20150202,9.87,9.88,9.87,9.88,310,0
20150203,10,10.2,9.8,9.98,3137,0
20150204,10.4,10.4,9.83,10.04,2000,0
20150205,10.13,10.13,10.13,10.13,140,0
20150206,10.1,10.1,10.1,10.1,187,0
20150209,10.1,10.45,10.02,10.02,2405,0
20150210,10.01,10.01,9.26,9.72,14763,0
20150211,9.78,9.82,9.75,9.82,2300,0
20150212,9.8,9.8,9.8,9.8,300,0
20150213,10,10,9.89,9.89,710,0
20150218,9.65,9.7,9.6,9.7,1500,0
20150219,9.72,9.8,9.66,9.8,4199,0
20150220,9.96,9.96,9.789,9.838,800,0
20150223,9.66,9.85,9.66,9.85,2800,0
20150224,9.67,10.2,9.62,10,900,0
20150225,10.14,10.14,9.9,9.95,300,0
20150226,10.12,10.16,9.78,9.9,3206,0
20150227,10.02,10.05,10.02,10.05,806,0
20150302,9.86,9.98,9.86,9.94,800,0
20150304,10.02,10.02,10.02,10.02,100,0
20150305,10.21,10.21,9.93,9.93,1600,0
20150306,10.02,10.02,9.8,9.95,1000,0
20150309,9.94,10,9.9,9.9,900,0
20150310,9.88,9.9,9.82,9.82,2800,0
20150311,9.86,10,9.86,9.87,11000,0
20150312,9.85,9.85,9.85,9.85,100,0
20150313,9.95,9.96,9.94,9.96,700,0
20150316,10,10,9.99,9.99,2900,0
20150317,9.8,9.97,9.76,9.96,11300,0
20150319,9.96,10,9.8,9.82,4200,0
20150320,9.8,9.9,9.78,9.9,3000,0
20150323,9.95,10,9.92,9.92,2500,0
20150324,9.9,9.91,9.68,9.68,13400,0
20150325,9.5,9.61,9.49,9.6,900,0
20150331,9.7,9.7,9.16,9.3,57496,0
20150401,9.29,9.3,8.5,9.01,4800,0
20150402,9.9,9.9,9,9,300,0
20150406,8.6,9.1,8.6,8.8,11900,0
20150407,9.1125,9.35,9.1125,9.25,2995,0
20150408,9.18,9.18,9.18,9.18,300,0
20150409,9.66,9.66,9.36,9.65,2390,0
20150410,9.6,9.8,9.58,9.8,8300,0
20150413,9.66,9.66,9.5,9.5,6400,0
20150414,9.25,9.31,8.9,8.9,19500,0
20150415,8.94,9,8.92,8.92,4114,0
20150416,9.42,9.8,9,9.25,356091,0
20150417,9.25,10,9.25,10,47900,0
20150420,9.94,11.425,9.94,11.35,65270,0
20150421,11.2,11.6,11.02,11.28,37721,0
20150422,11.42,12.13,11.3,11.978,47295,0
20150423,12.04,12.27,11.7,11.8,31500,0
20150424,11.94,11.97,11.51,11.72,14500,0
20150427,11.8,11.86,11.51,11.51,20400,0
20150428,11.49,11.83,11.49,11.53,7200,0
20150429,11.49,11.78,11.49,11.68,13100,0
20150430,11.58,11.85,11.35,11.5,56900,0
20150501,11.44,11.48,11.38,11.43,15400,0
20150504,11.44,11.44,11.17,11.19,14000,0
20150505,11.24,11.24,11.03,11.19,4500,0
20150506,11.17,11.23,11.16,11.23,19010,0
20150507,11.4,11.8,11.26,11.5,62324,0
20150508,11.55,11.74,11.52,11.6,24500,0
20150511,11.83,11.83,11.45,11.56,15000,0
20150512,11.56,11.56,11.26,11.48,8607,0
20150513,11.43,11.47,11.28,11.4,11600,0
20150514,11.36,11.45,11.05,11.08,22800,0
20150515,11.09,11.3,11.09,11.28,5492,0
20150518,10.85,11.559,10.85,11.53,34550,0
20150519,11.55,11.55,11.3,11.49,19000,0
20150520,11.55,11.65,11.5,11.6,102100,0
20150521,11.62,11.62,11.55,11.62,11600,0
20150522,11.66,11.7,11.45,11.7,37800,0
20150526,11.75,11.8,11.5,11.5,24933,0
20150527,11.5,11.72,11.46,11.71,7500,0
20150528,11.71,11.849,11.63,11.68,3082,0
20150529,11.73,11.99,11.7,11.85,40200,0
20150601,11.94,11.96,11.668,11.89,7483,0
20150602,12,12.37,11.97,12.05,46326,0
20150603,12.09,12.59,11.98,12.27,62500,0
20150604,12.33,12.37,12.06,12.21,4000,0
20150605,12.12,12.18,12.12,12.18,1400,0
20150608,12.17,12.69,12.17,12.31,10200,0
20150609,12.51,12.66,12.28,12.4,15858,0
20150610,12.43,12.59,12.24,12.49,11768,0
20150611,12.7,12.7,12.25,12.43,6032,0
20150612,12.35,12.78,12.35,12.64,21300,0
20150615,12.64,12.64,12.51,12.52,13100,0
20150616,12.64,12.64,12.51,12.52,5400,0
20150617,12.59,12.73,12.53,12.6,15500,0
20150618,12.6,12.79,12.55,12.69,23600,0
20150619,12.83,12.96,12.63,12.7,25100,0
20150622,12.9,13.22,12.85,13,74100,0
20150623,13.5,13.74,13.01,13.51,30316,0
20150624,13.49,13.6,13.39,13.44,38800,0
20150625,13.35,13.35,13.01,13.16,20500,0
20150626,13.18,13.2,12.65,13.07,62300,0
20150629,13.05,13.07,12.87,12.95,17400,0
20150630,12.95,12.95,12.58,12.63,49057,0
20150701,12.78,12.87,12.74,12.81,13600,0
20150702,12.84,12.85,12.71,12.8,9500,0
20150706,12.82,12.82,12.5,12.57,25900,0
20150707,12.7,12.7,12.5,12.5,13100,0
20150708,12.77,12.77,12.5,12.61,3500,0
20150709,12.73,12.73,12.5,12.53,2800,0
20150710,12.6,12.9,12.6,12.82,10100,0
20150713,12.55,13.1,12.55,12.97,8200,0
20150714,12.73,13.24,12.62,13.24,15464,0
20150715,12.97,13.07,12.9,13.07,7715,0
20150716,14,14.04,13.01,14.04,20600,0
20150717,15,15,13,13.35,10500,0
20150720,13.1,13.1,12.9,13.05,8700,0
20150721,12.83,13.19,12.83,13.05,9900,0
20150722,13.05,13.05,12.91,12.97,11600,0
20150723,13.2,13.2,12.91,12.92,6000,0
20150724,12.92,12.99,12.91,12.92,10400,0
20150727,13.05,13.05,12.55,12.56,19300,0
20150728,13,13.01,12.39,12.73,23800,0
20150729,12.7,12.7,12.54,12.7,3200,0
20150730,12.58,12.74,12.55,12.69,19900,0
20150731,12.88,12.88,12.52,12.72,24700,0
20150803,12.72,12.95,12.72,12.88,48360,0
20150804,12.98,13.05,12.87,12.9,52000,0
20150805,13.03,13.03,12.78,12.8,15700,0
20150806,13,13,12.84,12.86,29214,0
20150807,12.85,12.99,12.85,12.87,3400,0
20150810,12.98,13.36,12.85,13.15,44900,0
20150811,13.25,15.02,13.22,14.26,99710,0
20150812,14.2,15.4,13.38,14.45,75900,0
20150813,14.29,14.34,12.98,13.79,53700,0
20150814,15.95,15.95,13.8,14.09,69000,0
20150817,13.96,14.48,13.96,14.3,39200,0
20150818,14.5,14.75,14.14,14.38,40200,0
20150819,14.36,14.38,13.67,13.67,53100,0
20150820,13.19,13.71,13.15,13.2,62300,0
20150821,13.01,13.4,13,13.15,35300,0
20150824,12.53,13.29,12.5,13.03,67062,0
20150825,13.15,13.23,12.94,13.01,33000,0
20150826,13.01,13.38,12.95,13.25,17700,0
20150827,13.37,13.74,13.28,13.68,18800,0
20150828,13.64,13.69,13.38,13.47,10200,0
20150831,13.28,13.74,13.15,13.7,28800,0
20150901,13.48,13.48,13.25,13.25,13700,0
20150902,13.45,13.6,13.19,13.28,17600,0
20150903,13.13,13.39,12.84,13.17,17500,0
20150904,13.43,13.57,12.9,13.25,17900,0
20150908,13.78,13.81,13.18,13.5,17800,0
20150909,13.7,14.32,13.51,13.92,41200,0
20150910,14,14.15,13.74,13.87,44234,0
20150911,14.2,14.32,13.99,14.04,21300,0
20150914,14.04,14.04,13.8,13.8,6000,0
20150915,13.95,13.95,13.51,13.66,24700,0
20150916,13.69,14.16,13.65,14,37600,0
20150917,14.01,14.23,13.65,13.86,35982,0
20150918,13.6,14.3,13.6,14.3,43100,0
20150921,13.94,14.26,13.93,14.06,5800,0
20150922,14.01,14.01,13.84,14,9100,0
20150923,13.8,13.95,13.75,13.87,4300,0
20150924,13.8,14.04,13.7,14.04,8987,0
20150925,14.07,14.07,13.8,13.91,14700,0
20150928,14.3,14.3,13.16,13.74,27491,0
20150929,13.8,13.92,13.52,13.54,18100,0
20150930,13.64,13.99,13.64,13.72,17500,0
20151001,13.67,15.56,13.36,14.06,56300,0
20151002,14,14.33,13.47,14.33,22200,0
20151005,14.35,14.35,14.09,14.25,16156,0
20151006,14.33,14.85,14.18,14.55,38500,0
20151007,14.42,14.42,14.15,14.29,5800,0
20151008,14.25,14.38,14.1,14.36,5000,0
20151009,14.36,14.71,14.06,14.38,8100,0
20151012,14.57,14.58,13.97,14.09,17002,0
20151013,14.05,14.25,14.05,14.14,8500,0
20151014,14.1,14.31,14.1,14.3,9000,0
20151015,14.3,14.53,14.12,14.32,33400,0
20151016,14.29,14.59,14.29,14.41,4500,0
20151019,14.3,14.52,14.3,14.31,20100,0
20151020,14.31,14.39,14.3,14.3,4576,0
20151021,14.37,14.41,14.31,14.38,4900,0
20151022,14.43,14.46,14.13,14.27,21700,0
20151023,14.27,14.99,14.2,14.88,29400,0
20151026,14.91,14.93,14.73,14.81,13100,0
20151027,14.72,14.97,14.56,14.6,14900,0
20151028,14.64,14.9,14.16,14.44,20300,0
20151029,14.29,14.29,13.33,14.18,46400,0
20151030,14.1,14.56,14.1,14.52,34400,0
20151102,14.53,14.81,14.53,14.75,45888,0
20151103,14.76,14.81,14.56,14.65,17600,0
20151104,14.68,14.83,14.38,14.64,36055,0
20151105,14.6,14.75,14.26,14.58,84900,0
20151106,14.68,14.7,14.41,14.52,21800,0
20151109,14.58,15.49,14.32,14.7,60595,0
20151110,14.7,14.92,14.69,14.91,53700,0
20151111,15.01,15.02,14.6,14.89,25500,0
20151112,14.76,14.84,14.71,14.73,5900,0
20151113,14.75,14.81,14.4,14.57,53900,0
20151116,14.66,14.82,14.58,14.7,60100,0
20151117,15,15.59,14.32,14.49,239700,0
20151118,14.5,15.19,14.45,14.92,48200,0
20151119,14.9,15.08,14.81,14.99,22100,0
20151120,15.03,15.17,14.79,15.02,32700,0
20151123,15.1,15.1,14.92,14.92,37300,0
20151124,14.9,14.9,14.61,14.89,34200,0
20151125,14.9,15,14.85,14.97,28800,0
20151127,14.96,15.12,14.9,14.94,23200,0
20151130,14.64,15.23,14.64,15.05,58900,0
20151201,14.9,15.07,14.76,15.06,43626,0
20151202,15.03,15.06,14.87,14.95,54501,0
20151203,14.97,15.07,14.87,14.96,67146,0
20151204,14.95,15.15,14.86,15.02,32500,0
20151207,15.02,15.09,14.79,14.99,34800,0
20151208,14.91,14.97,14.77,14.91,26590,0
20151209,14.86,14.86,14.2,14.33,61400,0
20151210,14.43,14.43,13.96,14.17,26300,0
20151211,14.48,14.48,13.68,13.94,10900,0
20151214,14.24,14.24,13.72,13.86,21064,0
20151215,13.76,13.92,13.61,13.7,15900,0
20151216,13.79,14.05,13.63,13.93,55100,0
20151217,13.97,13.99,13.58,13.7,19000,0
20151218,13.62,13.83,13.62,13.83,5000,0
20151221,13.72,13.72,13.25,13.43,27900,0
20151222,13.51,13.55,13.42,13.5,16022,0
20151223,13.58,13.58,13.33,13.42,6100,0
20151224,13.5,13.5,13.28,13.35,3026,0
20151228,13.26,13.34,13.05,13.34,7162,0
20151229,13.528,13.537,13.4,13.52,6100,0
20151230,13.43,13.61,13.27,13.58,15800,0
20151231,13.59,13.75,13.45,13.74,28392,0
20160104,13.56,13.7486,13.04,13.61,25846,0
20160105,13.71,13.7399,13.36,13.49,16487,0
20160106,13.4,13.77,13.4,13.65,29787,0
20160107,13.47,13.7,13.4,13.66,55109,0
20160108,13.61,13.65,13.45,13.58,8468,0
20160111,13.65,13.65,13.48,13.6,16066,0
20160112,13.5127,13.56,13.3,13.37,20613,0
20160113,13.33,13.56,13.32,13.37,6922,0
20160114,13.43,13.58,13.2,13.41,13216,0
20160115,13.25,13.4,13.21,13.31,3555,0
20160119,13.21,13.21,13.13,13.2,8000,0
20160120,13.11,13.2401,13.11,13.15,10683,0
20160121,13.14,13.4,13.12,13.17,8865,0
20160122,13.29,13.29,13.15,13.17,23112,0
20160125,13.18,14.3,13.07,13.07,5252,0
20160126,13.23,13.42,13.13,13.2,7040,0
20160127,13.23,14.11,12.76,13.04,20351,0
20160128,13.07,14,11.97,12.5,39311,0
20160129,12.37,12.42,11.78,11.82,42282,0
20160201,11.81,11.88,10.93,11.2,43447,0
20160202,11.2,11.29,10.91,11,53380,0
20160203,11,11.2,10.845,11,18773,0
20160204,10.96,10.98,10.73,10.76,13489,0
20160205,10.66,10.94,10.62,10.91,54569,0
20160208,11,11,10.275,10.5,21736,0
20160209,10.34,10.6,10.27,10.53,17673,0
20160210,10.54,10.62,10.52,10.61,60320,0
20160211,10.55,10.55,10.03,10.18,63260,0
20160212,10.16,10.5,10.16,10.24,26229,0
20160216,10.2,10.3,9.82,9.99,20530,0
20160217,10.01,10.6,10.01,10.28,8553,0
20160218,10.4,10.79,10.38,10.38,16713,0
20160219,10.41,11.98,10.19,11.25,46876,0
20160222,11.36,11.36,10.72,10.72,14857,0
20160223,10.84,11.04,10.5,11.04,31971,0
20160224,10.94,11.22,10.605,11.21,16058,0
20160225,11.2,11.2,10.77,11,2205,0
20160226,11.02,11.274,10.8315,10.9,3510,0
20160229,11.01,11.1,10.76,11.05,7386,0
20160301,11.14,11.14,10.9,11.05,4415,0
20160302,11.11,11.3,11.11,11.17,2171,0
20160303,11.3,11.3,11.03,11.29,10451,0
20160304,11.33,11.99,11.1963,11.82,14354,0
20160307,11.8,12.39,11.8,12.25,17818,0
20160308,12.19,12.5,11.7,11.7,4105,0
20160309,12.03,12.25,11.98,12.25,20070,0
20160310,12.37,12.4789,12.19,12.46,4284,0
20160311,12.4,12.49,12.36,12.45,7539,0
20160314,12.54,12.59,12.43,12.51,11259,0
20160315,12.57,12.75,12.36,12.48,11177,0
20160316,12.48,12.718,12.43,12.43,9296,0
20160317,12.53,12.84,12.51,12.8,15228,0
20160318,12.8,13.68,12.04,13.16,38598,0
20160321,13.19,13.4,13.16,13.4,6839,0
20160322,13.37,13.6,13.05,13.6,11102,0
20160323,13.38,13.65,13.3,13.4,9828,0
20160324,13.46,13.47,13,13.47,13350,0
20160328,13.47,13.47,13.15,13.18,21692,0
20160329,11.61,13.27,11.59,12.73,34322,0
20160330,12.74,13.2789,11.72,12.17,26697,0
20160331,12.21,12.65,11.76,12.65,34841,0
20160401,12.33,12.33,11.01,11.6,52797,0
20160404,11.45,11.73,11.2501,11.68,22260,0
20160405,11.5,12.4,11.46,12.4,13327,0
20160406,12.29,12.49,11.8,12.3,15559,0
20160407,12.26,12.26,10.93,11.06,53751,0
20160408,11.09,11.09,10.74,10.8501,8662,0
20160411,10.89,11.3,10.26,10.3711,89242,0
20160412,10.44,10.44,10.25,10.35,10452,0
20160413,10.49,10.55,10.4,10.42,103081,0
20160414,10.39,10.4661,10.39,10.41,1779,0
20160415,10.5,10.98,10.44,10.61,23395,0
