Date,Open,High,Low,Close,Volume,OpenInt
20071205,160,160,160,160,0,0
20071206,160,188,152.6,160,474375,0
20071207,160,166.8,160,160,52616,0
20071210,164,179,161.2,173.4,50720,0
20071211,176,188.4,172,179.2,52488,0
20071212,187.2,196,171,176.8,33783,0
20071213,170.4,177.8,170.2,176.8,7978,0
20071214,174,183,172,177.4,9077,0
20071217,177.6,177.6,169,170.4,26180,0
20071218,170,185,160,162.2,28193,0
20071219,165,167.6,162.4,165,8726,0
20071220,169,169,160,163,11430,0
20071221,163,165,160.4,162.4,2933,0
20071224,165.8,169.2,164.6,165.8,1297,0
20071226,170,170,162.4,169,2390,0
20071227,170,173.8,163,168.4,3910,0
20071228,165,171,162.2,164,1259,0
20071231,170,174.8,169.8,170,5493,0
20080102,171,185.6,171,183.6,5069,0
20080103,187.6,205.4,174,192,23635,0
20080104,189,189,177,182.8,7320,0
20080107,184.8,186.2,170,178.8,4498,0
20080108,179.2,185,172.8,179.6,11280,0
20080109,180,180,175,175.8,22271,0
20080110,175,177.6,170,174,2711,0
20080111,170.2,171.6,161,162.4,3055,0
20080114,164,167.6,160.2,162.6,3461,0
20080115,163,163.4,160.2,160.6,6732,0
20080116,161.2,164,140,148.2,15573,0
20080117,146.6,151.6,141.4,143.4,6405,0
20080118,144,144,130.8,137.8,11102,0
20080122,121,127.6,105.4,123.6,5308,0
20080123,120.2,125,118,124,5460,0
20080124,124,137,120,136.4,3994,0
20080125,145.2,147.2,141,143,2156,0
20080128,139.2,139.6,136.8,138,2706,0
20080129,136.4,141,134.8,139.2,3791,0
20080130,138.2,145.4,131.6,138,5220,0
20080131,133.4,138,131.4,137,3319,0
20080201,137,138,130,137.6,15654,0
20080204,139,148.4,138.2,138.2,10762,0
20080205,136,157.6,136,148.2,4068,0
20080206,150,158.8,149.8,155.8,4596,0
20080207,155.8,159.8,154.4,159.8,3354,0
20080208,160,160,143,150,2424,0
20080211,152.8,152.8,146.6,149.4,3498,0
20080212,156.8,159,148.4,152,8879,0
20080213,155.4,174.8,155.4,173.4,27251,0
20080214,172,180.4,166.8,180,7677,0
20080215,181.8,185,169,175.4,4404,0
20080219,179.8,183,176.8,182.2,3329,0
20080220,180,184,174.2,176.6,3839,0
20080221,178.4,184.2,176.6,180.2,2006,0
20080222,180,181.6,174.6,181.6,2943,0
20080225,182,182,172,177.2,2343,0
20080226,177.2,187,177.2,183,7428,0
20080227,181,190,180,184.8,13146,0
20080228,195,230,195,212,60537,0
20080229,210.2,218.6,202,209.4,18078,0
20080303,211.4,225,206.6,223.6,13029,0
20080304,222.6,246,216,234.2,26830,0
20080305,233.2,242,220,228,20429,0
20080306,230,245.8,230,240,15253,0
20080307,243.2,243.2,230,232.6,9940,0
20080310,229.4,240,225,227.2,5800,0
20080311,226,241.4,223,225.2,17316,0
20080312,230,232,221.4,222.8,7156,0
20080313,220,222,197,206,12007,0
20080314,202,213,192,194,9740,0
20080317,187,187,173.6,177,9656,0
20080318,183,204,178,199.4,5170,0
20080319,203.8,206,188.6,194.2,3211,0
20080320,191,203.8,187.2,200,3769,0
20080324,204,211.2,200,211,2331,0
20080325,214.6,214.6,202.6,206.2,2329,0
20080326,205.4,214.6,190.4,202.6,1776,0
20080327,202.4,210,200,206,3868,0
20080328,210.4,233,208,229.6,23779,0
20080331,235,235,218.2,221.6,4764,0
20080401,222,255.6,221.4,248,24402,0
20080402,256.8,256.8,240,242,6330,0
20080403,242,246,230,233.2,5013,0
20080404,235,260,235,253.8,12511,0
20080407,264,281.8,260,278.8,38237,0
20080408,280,280,264.4,269,13995,0
20080409,271,271,265.4,268.6,7051,0
20080410,266.8,271.4,258,259.2,15990,0
20080411,260,267,252,258.8,7675,0
20080414,258.8,258.8,243,245.8,6173,0
20080415,247,257,236.6,250.4,17918,0
20080416,252.6,298.4,252.4,285.6,20655,0
20080417,286.6,307.6,275.2,285.8,18477,0
20080418,296,318,293.6,317,28479,0
20080421,320,321.2,300,302,17181,0
20080422,296.6,308,265.8,282,11346,0
20080423,282,289,275,280.6,7596,0
20080424,281.2,304,281.2,293.6,19578,0
20080425,310,323.4,306,312.6,45184,0
20080428,313.4,321,291,305.2,22218,0
20080429,306,306,295.4,300,6875,0
20080430,300,309.8,284,295,12332,0
20080501,296,320,295,317,19491,0
20080502,318.6,326,303,320,41351,0
20080505,324.4,362,320,341,81922,0
20080506,345,359.8,338,350.8,23546,0
20080507,350,350.2,320,332.6,30387,0
20080508,338.4,343.6,311.8,324,26265,0
20080509,335.8,352.2,325,352.2,30016,0
20080512,358,383.4,355.2,378,38196,0
20080513,379.6,380,357.6,375.4,26308,0
20080514,371.6,408.4,371.6,397.6,47399,0
20080515,426,457,412,435.6,80673,0
20080516,458,459.8,415.2,432.2,40677,0
20080519,445.6,460,436.2,450.6,39067,0
20080520,447.6,447.6,423,433.4,32089,0
20080521,434.6,445.6,424.4,427.8,23792,0
20080522,420.6,424,385,403.8,45214,0
20080523,400,400,370.4,375.8,34661,0
20080527,371,393,355.4,388.4,42340,0
20080528,396,420,372.4,399.6,48457,0
20080529,411.6,411.6,384.2,392.8,15128,0
20080530,394,400,367.2,377.6,41649,0
20080602,373.8,373.8,354.6,360,23425,0
20080603,357.6,387.8,352.4,376.8,35766,0
20080604,372.4,372.4,351.2,352,21543,0
20080605,353,356,330.8,351.2,42832,0
20080606,341.4,350,336.8,341.4,34142,0
20080609,340,343.2,324,329.8,17508,0
20080610,325,331.2,312,314.8,23834,0
20080611,320,335,314.4,318.2,20357,0
20080612,305,316.8,294,312.6,24305,0
20080613,306,341.6,305,338.2,28464,0
20080616,333.2,339.8,328.2,336.8,10483,0
20080617,339,367.6,330,366,37263,0
20080618,368,369.2,336.6,341,21327,0
20080619,338,345.6,321,340.4,17135,0
20080620,333.2,339.4,300.4,316,22605,0
20080623,344,366,335,348.8,37715,0
20080624,344.8,344.8,313,330,26659,0
20080625,349.6,382,335.2,362.6,53346,0
20080626,346.4,354.6,336,340.8,14265,0
20080627,342.4,349.4,323.6,332.6,10228,0
20080630,329.2,330,315,317.4,16283,0
20080701,310.2,310.2,292.4,300.2,25739,0
20080702,297.8,304.2,291,294.8,21576,0
20080703,293.2,293.2,277,283.4,16299,0
20080707,281.8,306.4,280.4,296.8,17490,0
20080708,300,319.4,294.6,318.6,16302,0
20080709,318.6,324.4,306,307.4,11833,0
20080710,305.4,320,292.4,301,17759,0
20080711,297.2,301.6,288.8,301,11450,0
20080714,308.6,313.8,303,310,11492,0
20080715,315.2,336.2,302.2,329,12459,0
20080716,329,351,320,350,12255,0
20080717,346.2,358.6,330.6,337.6,11541,0
20080718,335.6,348,327.6,329.8,6048,0
20080721,328.6,338.6,322.6,325.2,13031,0
20080722,323.2,340,318.2,339,21281,0
20080723,354,365,337.6,343.2,31035,0
20080724,350,373.8,348.2,372.2,39548,0
20080725,400,465.4,375.8,454,191737,0
20080728,467.8,479.2,434.2,442.2,84620,0
20080729,440.2,453,428.6,441.6,53938,0
20080730,440.6,474.6,434.4,466.6,101913,0
20080731,475.8,511.4,460,500.8,125032,0
20080801,512,512,414,447.6,116618,0
20080804,423.4,436.8,377.6,390,114320,0
20080805,400,429.2,384,392,59344,0
20080806,403.8,467,355,454.2,60027,0
20080807,449.8,449.8,398,401.2,47428,0
20080808,400,412,389.8,406.8,40136,0
20080811,415.4,415.8,386.2,395.8,24846,0
20080812,393.2,393.2,367.4,374,41681,0
20080813,360,393.8,355.4,363.2,60307,0
20080814,357.2,373.6,345,345.8,67741,0
20080815,341.4,394.4,339.6,387.6,132587,0
20080818,390.2,402,362.4,367.8,44719,0
20080819,363.4,386.2,355.8,376.4,35693,0
20080820,378.4,400,372.6,398.2,32884,0
20080821,394.2,400,380.2,386.6,37655,0
20080822,393.8,400.2,370,384,20070,0
20080825,383.6,393,370.6,373.8,14499,0
20080826,371.6,388.4,365,384,16300,0
20080827,387.2,393,374,378.6,11392,0
20080828,373,385,372.8,376.6,8257,0
20080829,383.8,383.8,370,378,4540,0
20080902,383,408.8,376,380.6,43133,0
20080903,380,403.6,370.4,385.8,22576,0
20080904,385.6,387.8,347.6,366.6,24496,0
20080905,351,362.4,340.2,346.4,38333,0
20080908,354.4,363.6,350,359.2,19897,0
20080909,352,352,296.2,302,86974,0
20080910,303,324.6,300,324.4,22384,0
20080911,321.6,328,310.8,324,20536,0
20080912,326.6,327.2,312.4,324.2,13492,0
20080915,301.4,318,295,300,23479,0
20080916,291.8,299.8,286,295.6,46484,0
20080917,293.6,297.8,256.2,261.4,45485,0
20080918,264.4,288,264.4,280,48948,0
20080919,310,313,292.2,306,44998,0
20080922,303.6,315.4,297.2,305,17418,0
20080923,307.4,318.4,305,310,13390,0
20080924,310.6,326,305.2,324.6,46238,0
20080925,328.8,330,320,326.8,10226,0
20080926,310,320,300,310.8,10332,0
20080929,300.2,310.4,237.8,293,14374,0
20080930,293,298.2,281.4,294.2,10811,0
20081001,290.8,302.6,288.6,291.2,7055,0
20081002,299.6,299.6,277.2,283.6,5890,0
20081003,292,293.4,255.2,259.4,7640,0
20081006,251.2,251.2,200.8,240,20354,0
20081007,240.4,247.6,220.4,221.8,10160,0
20081008,207,236.4,200.8,220,10706,0
20081009,224.4,238.8,210,220.6,9299,0
20081010,204.4,227,194.4,223.6,8824,0
20081013,237.8,268.2,232.2,256,13786,0
20081014,270.8,279.8,237,242.4,11592,0
20081015,240,240,220.8,226,11463,0
20081016,227.2,242,220,233,5277,0
20081017,222.8,244.2,222,234.4,6057,0
20081020,237.4,253.4,227.6,249.4,4799,0
20081021,240.6,248,236,236.6,12270,0
20081022,232,234.4,200,201,8098,0
20081023,200.6,204.4,161.2,170,22505,0
20081024,160,160,136,151.4,56827,0
20081027,146.2,155.4,134.4,139.2,15096,0
20081028,145.6,164.6,143.6,164.6,14075,0
20081029,164.4,169,145.4,164,22630,0
20081030,166.8,238.4,164,210.4,34316,0
20081031,182,189.8,158.2,160,77551,0
20081103,161.4,169.8,156,164.6,31996,0
20081104,169,169,145,152.6,40995,0
20081105,153.4,159.8,124.4,127,37330,0
20081106,127,127,108.8,113.6,57942,0
20081107,113.4,119.2,109.8,114.4,30683,0
20081110,132,137,126.2,136,101615,0
20081111,131,131,110,112,74755,0
20081112,113,113.8,100,104.8,45666,0
20081113,104.2,105,85,103.4,33198,0
20081114,104.6,124,98.4,114.2,34120,0
20081117,110.6,136,109.4,131.8,25606,0
20081118,132.6,134.8,115,119.4,22468,0
20081119,124.2,124.2,105.2,107,21884,0
20081120,105.2,106.4,93.2,94.6,24305,0
20081121,100.2,103.4,94.2,98.6,16289,0
20081124,99.8,108.2,99,104.6,22649,0
20081125,106.2,110,101,106.8,17824,0
20081126,104.4,124,102.8,116,14820,0
20081128,116,137.4,115.2,135.4,25953,0
20081201,135.4,135.4,107.8,109.2,25376,0
20081202,110,113.8,108,112,16600,0
20081203,108.2,120.8,102,113.2,11687,0
20081204,110.2,118,106.2,111.6,20614,0
20081205,109.2,112.2,104.4,109,13530,0
20081208,112.8,130,112,121.2,28913,0
20081209,121.2,121.4,102.8,110,24866,0
20081210,111.2,122,109.6,116.4,23451,0
20081211,115.8,115.8,103.2,105,20326,0
20081212,101.4,103,100,100.4,17083,0
20081215,102,104,98,98,12324,0
20081216,99.6,102,93.2,94.2,35101,0
20081217,97.8,102.4,95.2,96.6,31245,0
20081218,98.6,114.8,98,114.8,42917,0
20081219,110.2,120,109.2,118.8,33575,0
20081222,120.2,120.6,101,105.6,20856,0
20081223,105.8,109.2,101.8,101.8,15663,0
20081224,101.6,102,97,99.4,8628,0
20081226,99,106,97,100,3323,0
20081229,103.2,105.6,100.6,105,19531,0
20081230,104.6,105.2,99,101,37754,0
20081231,101.2,109.8,101,109.2,28755,0
20090102,110,119.4,106.2,115.2,38331,0
20090105,118,146,117.4,137.8,100789,0
20090106,145,146.4,132,139.6,68013,0
20090107,137,145.6,125,142,58515,0
20090108,139.6,140.6,131.2,139,18401,0
20090109,140,155.4,139.2,154,50946,0
20090112,156,156,136.4,144.8,36194,0
20090113,149.2,154.6,140.8,145.6,17382,0
20090114,130.4,136.8,125,126,71900,0
20090115,126,139.4,125,134.8,89049,0
20090116,138.2,140,130.6,136.6,19639,0
20090120,136,136.8,130,130.4,22246,0
20090121,132,134,126.6,132,26694,0
20090122,132,138.4,129.4,133.6,16632,0
20090123,125.2,133.6,125.2,131.4,15444,0
20090126,130.6,136.8,125.2,126,16107,0
20090127,127.8,132.4,125.8,131.4,6711,0
20090128,136.2,137.2,132.2,136,12346,0
20090129,132.4,138.4,126,127,11079,0
20090130,129.6,130,119,123.6,8056,0
20090202,125.6,125.8,110,114.6,24399,0
20090203,114.2,124.2,114.2,121,13404,0
20090204,122.8,125,122,123,7850,0
20090205,124.6,126,123,125.6,6813,0
20090206,125.8,132.2,125,129.4,9114,0
20090209,127.8,127.8,118.2,120.4,15369,0
20090210,122.8,128,113,117,11715,0
20090211,120,125.6,117.6,121,6054,0
20090212,117.2,123.4,112.6,115.8,16525,0
20090213,117.6,121.2,116,120.6,3713,0
20090217,110.6,120,110.6,117.4,6341,0
20090218,112.2,122.6,112.2,116.4,8326,0
20090219,118.6,119,114.4,117.6,6321,0
20090220,117.6,118.2,112,118.2,5766,0
20090223,119,120,110.8,111.2,9639,0
20090224,113.8,117.4,110,114.4,13156,0
20090225,118,122,114.8,117.6,14449,0
20090226,118,123,116.2,121,4355,0
20090227,121.2,122.8,120,121.2,8590,0
20090302,117,123,114,118.4,7744,0
20090303,114.6,120,108.2,116.2,17622,0
20090304,117.2,127,112.2,118.8,18850,0
20090305,119,119,110.4,112.4,4219,0
20090306,113,114.8,106.4,108.2,8712,0
20090309,109.8,110.6,105.8,107.4,10184,0
20090310,111.6,113.8,107.6,111.2,18189,0
20090311,114,114.8,104.6,104.8,11514,0
20090312,106,107.6,101.6,104.6,20837,0
20090313,106,116.4,103.2,104,20497,0
20090316,105.8,114,105.8,107.2,12989,0
20090317,106.4,112,106,111.8,6524,0
20090318,110.4,122,110.4,114.8,17413,0
20090319,123,123,107.6,117.2,9023,0
20090320,116.4,118.6,114.6,118.2,7069,0
20090323,119.2,129.6,118.2,127.2,15235,0
20090324,127,138,124,133.4,12644,0
20090325,133.2,137.2,129.6,133.8,8387,0
20090326,139.6,139.6,132,137.8,5697,0
20090327,139.6,139.6,128,131.6,7883,0
20090330,133.2,133.2,126,130.4,6481,0
20090331,132,132,128,129,10435,0
20090401,131,142.4,131,141.8,8843,0
20090402,142.2,163.6,142.2,152.8,37583,0
20090403,153.8,160,145.8,153.2,12321,0
20090406,155.4,158.4,148.6,155.4,4506,0
20090407,155.4,158.2,136,137.8,13884,0
20090408,138,138.4,118.6,119.4,75515,0
20090409,122,135.2,122,134.8,90726,0
20090413,133,135,127.6,128,23005,0
20090414,128,129,123.6,125.6,106162,0
20090415,125,125.4,116.6,117,50424,0
20090416,116,120,115.2,117.8,46295,0
20090417,120,121.8,115.4,117.2,26797,0
20090420,112,117,108,110,33894,0
20090421,110,112,108.4,109.4,35834,0
20090422,109.8,116.8,108.2,110.6,21680,0
20090423,109.6,120.8,109.6,119.4,41938,0
20090424,121,132.8,121,132,51823,0
20090427,130,134,124.8,131.6,32934,0
20090428,125.8,130.6,125.2,125.4,20599,0
20090429,117,117.4,101.2,105.4,115403,0
20090430,108.4,114,107,107.4,41129,0
20090501,108,111,105.2,109,20941,0
20090504,111.2,115,110.8,114.4,34848,0
20090505,114,118.6,113.2,116,34585,0
20090506,118,118.8,112.2,116.4,22144,0
20090507,118,118,102.4,108,43093,0
20090508,113,113.4,104.2,107,23840,0
20090511,107,111,105.4,107.2,21054,0
20090512,111,111,106.4,107.2,26723,0
20090513,106,108.2,101,102,32621,0
20090514,103,103,96,100.6,34905,0
20090515,100.6,109.8,100.6,107.2,36041,0
20090518,109.2,114.4,106.2,113.8,16254,0
20090519,119,119,112.4,113.2,14313,0
20090520,117.8,117.8,106,110,23980,0
20090521,110,110.6,104.4,110,11107,0
20090522,113,113,106,106.4,10175,0
20090526,109,114,108.2,111.4,15965,0
20090527,113.2,119.8,112,119,26268,0
20090528,118.4,120.6,114.6,120.2,18708,0
20090529,120.6,122,117.2,120.6,11834,0
20090601,124,127,122,124.4,26776,0
20090602,126.8,131.8,124.2,131.6,18069,0
20090603,133.6,133.6,121.2,124.2,12808,0
20090604,125.8,129.4,121.8,129.4,8589,0
20090605,130,130,125,127.4,15642,0
20090608,125,127,122.2,124.8,6810,0
20090609,128.8,135.4,126,129.8,16594,0
20090610,132,134.4,125,127.8,14029,0
20090611,129.2,129.4,122.4,125.4,19493,0
20090612,127,127,121,123,9470,0
20090615,121.2,121.2,108.2,110.4,30883,0
20090616,110.6,117.4,109.2,109.6,27996,0
20090617,110,113,104.6,110.4,18480,0
20090618,109.6,112.8,107.2,108,6046,0
20090619,109,116.6,108.8,109.4,22012,0
20090622,109.6,112.2,106,106.4,13992,0
20090623,107.2,111,105.8,109.6,14589,0
20090624,112,114.2,110,110,10078,0
20090625,110,117.8,108.4,116.6,10217,0
20090626,117.6,124.2,116.2,120.6,17448,0
20090629,120.6,124.4,119.6,120,8458,0
20090630,120,123,120,122.2,7531,0
20090701,122.2,124,121.8,122,8738,0
20090702,121.2,123.2,118.4,121.2,10552,0
20090706,119,120,111.8,116.2,12406,0
20090707,115,115.4,110.8,113.4,7746,0
20090708,116.6,116.6,104.2,108.4,21092,0
20090709,108.4,111,106.2,107.4,6201,0
20090710,107,108.6,106,108,7508,0
20090713,107.2,109,106.2,108.4,5415,0
20090714,109.4,109.6,106.8,108.8,4820,0
20090715,110.4,122,109.2,122,22038,0
20090716,122,124,118.6,120.6,12718,0
20090717,122,123.4,118.8,123.4,10922,0
20090720,124,133.6,123.6,129.8,36721,0
20090721,128,131,123,129.8,21088,0
20090722,129,132.2,127.4,131,9877,0
20090723,129.4,134.8,129.2,133.4,12486,0
20090724,132,134,132,134,6050,0
20090727,130.8,134,128.2,132,9265,0
20090728,130.2,134,126.2,132.8,8715,0
20090729,130.6,131.4,126.2,127.6,8088,0
20090730,129.6,133.2,129.6,131.6,9699,0
20090731,131.2,133.2,129,131.4,8504,0
20090803,126,142.6,126,139,37746,0
20090804,138.2,139,132,134.2,18071,0
20090805,132,133.8,127.8,130.2,18753,0
20090806,130,131.4,126.6,126.8,11932,0
20090807,126.8,130.8,124,124,16415,0
20090810,122.4,132.4,122.4,129,19757,0
20090811,128.2,129,116,117.4,44140,0
20090812,112,120,109,115,39764,0
20090813,117.6,118.6,112.2,112.6,28270,0
20090814,114.4,114.4,109,109.8,19709,0
20090817,108,111.4,105,110,18182,0
20090818,110.4,117.8,110,113.4,12056,0
20090819,112.4,116,110.4,115.2,6021,0
20090820,115.6,118.4,115.4,117,7077,0
20090821,116,119.4,114.2,115,10941,0
20090824,114.6,116.6,112.4,113.2,11937,0
20090825,115.2,115.2,110.4,113.6,5156,0
20090826,112.6,114,112.6,113.8,5262,0
20090827,114,115,111.6,113,6650,0
20090828,120,120.8,113.6,116,11084,0
20090831,115.6,115.6,110.6,112.8,4282,0
20090901,111.8,113.4,110,110,13084,0
20090902,111,111,108.4,108.4,4522,0
20090903,109.6,116.8,109,116.8,9095,0
20090904,118,118,115,117,8225,0
20090908,117.6,119.6,116,119.2,9234,0
20090909,119.2,120,115.8,118,15033,0
20090910,117.6,118.8,116.4,118.2,3865,0
20090911,119,123.6,118.4,122.6,13671,0
20090914,121,125,118,122,8252,0
20090915,121,123.6,117,122.6,6484,0
20090916,122.6,129.6,120.6,129,17827,0
20090917,129,133.6,126.2,131.4,13931,0
20090918,131.8,136.8,130,135.6,36378,0
20090921,135,135,128.6,130.8,10722,0
20090922,129.4,137,129.4,136.6,27998,0
20090923,137.2,157,136,153.2,58665,0
20090924,154,156,145.6,151.6,35773,0
20090925,151.6,160,147.4,159,48492,0
20090928,161.8,163,155,155.4,23117,0
20090929,157.2,158,152.2,152.2,10676,0
20090930,152.2,161.4,150.4,159.2,22266,0
20091001,158.2,162,149.8,150.4,20465,0
20091002,150,154.4,140.8,147.8,13194,0
20091005,148,157.6,148,155.8,8115,0
20091006,157.6,163,156.2,158.2,11945,0
20091007,163.4,177.4,161,170.6,34505,0
20091008,176,184,172.4,180.4,46080,0
20091009,180,188.6,168,170.4,53611,0
20091012,172,179.4,172,174.4,29736,0
20091013,176.2,181.6,165.2,170.4,37468,0
20091014,177.4,180.6,173.2,173.4,51315,0
20091015,180,191.6,179.6,188.2,60240,0
20091016,206,206,192,194.6,75744,0
20091019,198,203,196,201.6,72199,0
20091020,205.6,210,199.6,203.6,96185,0
20091021,201.4,206,189.2,200.2,49210,0
20091022,198,205.6,194,204.4,19898,0
20091023,209.2,209.2,202.6,205.4,20561,0
20091026,208,208,191,192.8,28701,0
20091027,190.6,195.2,179.8,179.8,53494,0
20091028,180,181.2,170.6,173,30349,0
20091029,176.8,180.8,174,178,23993,0
20091030,192.4,200,162,167.2,44077,0
20091102,166.4,172.8,164.2,168.4,20902,0
20091103,165.8,177.2,162,177.2,16071,0
20091104,177.2,185.8,173.8,174.6,19326,0
20091105,174.4,178,173.2,178,7271,0
20091106,179,179,175.2,177,7327,0
20091109,178,181.8,175.4,177,11101,0
20091110,174.8,176,172,172.2,6910,0
20091111,171.8,176.8,170,171.2,7835,0
20091112,171.2,173.8,165.4,165.6,6098,0
20091113,167,177.8,165.6,177.4,9967,0
20091116,178,186,178,184.4,12894,0
20091117,187.8,195.6,185.4,190,13479,0
20091118,191.6,194.6,186.6,188.4,5498,0
20091119,185.4,191,176.8,189,10794,0
20091120,188.6,189.8,183.2,185.4,8332,0
20091123,189.8,192.4,182,183,7912,0
20091124,183.6,184,180,182,4991,0
20091125,181.2,188,178,185.8,4053,0
20091127,179.6,190,175.2,188,9753,0
20091130,191,191.4,183.2,184.4,6980,0
20091201,184.4,201.6,184,200.8,58831,0
20091202,202.2,204,195.4,201,27137,0
20091203,190.8,231.2,190.8,224.6,76219,0
20091204,224.6,226.6,212.2,218.8,31005,0
20091207,221.8,221.8,213,214.8,12038,0
20091208,214.4,231.4,213.2,223,38152,0
20091209,219.4,226.4,211.2,218.2,24836,0
20091210,217.8,224.4,213,222,24264,0
20091211,222.8,227.6,216.6,217.6,9544,0
20091214,217.4,229.6,210.6,224.6,24876,0
20091215,224,239.2,218,238,66086,0
20091216,240,245.4,227.4,233,42147,0
20091217,228.2,230.4,220.6,221.6,14216,0
20091218,223,245,221.8,241,43213,0
20091221,241,241,227.2,239.6,38587,0
20091222,239.8,240.2,221,233,30433,0
20091223,233.8,235.8,229,233.6,8781,0
20091224,236.4,238.6,233,233.2,4103,0
20091228,236.6,238,226.8,229.2,10220,0
20091229,230,230,222,226,16686,0
20091230,225.6,233,223.8,223.8,30031,0
20091231,227.2,230.6,218.2,218.4,32453,0
20100104,219.8,230.6,219.8,227.8,15009,0
20100105,229.6,237,229,235.2,14386,0
20100106,235,235,232.4,232.6,11768,0
20100107,232.6,233.2,228.2,229.6,10155,0
20100108,229.6,231.4,221.2,230.8,5956,0
20100111,232,235,230,231,9393,0
20100112,227.6,229.8,223.8,226.6,7528,0
20100113,225.8,232,220,230.2,9524,0
20100114,228.2,232,223,225.4,8025,0
20100115,226,226,214,215.8,12123,0
20100119,214.8,214.8,203,211,23411,0
20100120,207.2,207.8,196,202,23818,0
20100121,200,200,193,195.4,19898,0
20100122,193.4,194.8,188,190.2,15965,0
20100125,190.4,191.6,182.4,183,11948,0
20100126,181.6,189.6,176,183.8,19355,0
20100127,192.6,196.8,177.6,181.4,24370,0
20100128,181.2,187.2,181.2,183.4,15120,0
20100129,186.2,186.2,172.6,173.8,12601,0
20100201,174,181.4,170.4,181.4,10548,0
20100202,180.6,184.6,177.4,184.6,22181,0
20100203,184.6,189.6,181.6,185.6,7243,0
20100204,182.6,182.6,171.6,172.8,9600,0
20100205,169.8,174.2,163.6,173.2,11517,0
20100208,173.4,173.4,160,164,18082,0
20100209,167.8,168.4,163.6,167,12970,0
20100210,167.8,168.4,163.4,167,7760,0
20100211,167,175,165.4,174,20333,0
20100212,172.4,178.6,165.6,177.2,10415,0
20100216,179.6,186,179.4,183.6,12204,0
20100217,183,183.6,177.2,179.4,11619,0
20100218,178,178,170.8,173.8,8329,0
20100219,172.2,173.2,169.4,171,12481,0
20100222,170.4,170.6,153.6,155,55084,0
20100223,154,157.8,151,153,27981,0
20100224,153.2,154.2,147.2,149.6,20332,0
20100225,149,153.2,147.6,151.4,13108,0
20100226,150,155.4,148.8,154,11369,0
20100301,154,158,152.2,157.8,18815,0
20100302,161,167.2,158.4,164,29812,0
20100303,116.4,118.8,100.2,101.8,696701,0
20100304,102.8,106,101,101.4,205420,0
20100305,102.6,103,93.6,98,164293,0
20100308,98.8,101.2,97,100.4,160197,0
20100309,100,100.6,94.4,95,120022,0
20100310,95,97.6,93.2,95.2,118481,0
20100311,95.6,98.4,94.8,96.2,70990,0
20100312,96.6,97.6,94.6,95.4,94776,0
20100315,95.8,102.6,94.6,102.6,125021,0
20100316,104.6,106,103,105,131724,0
20100317,105.8,107,103.2,103.4,106462,0
20100318,103.6,105.2,100.4,104,58774,0
20100319,104.2,105.8,98.4,98.4,102141,0
20100322,98.4,98.8,96.8,97,45685,0
20100323,97.8,97.8,94.8,96.2,66247,0
20100324,94.6,96.4,94.6,95.6,36095,0
20100325,96,96.2,94.4,95.4,39936,0
20100326,96.4,96.4,93.6,94.6,43695,0
20100329,95.8,95.8,93.6,94.4,40692,0
20100330,95,95.2,93,94.4,39151,0
20100331,94,94.4,92.2,94,27344,0
20100401,94.8,94.8,93.6,93.6,27249,0
20100405,95,95,93.4,94,32087,0
20100406,94.2,94.2,92.8,93.4,24336,0
20100407,92.8,94,92.8,93.6,22104,0
20100408,93.4,93.8,92.4,93.6,32994,0
20100409,94,100.8,93.2,98.2,90714,0
20100412,98.6,100.4,98.6,99.2,73223,0
20100413,100,100,94,95,59090,0
20100414,96.2,97.4,95,96,30714,0
20100415,96,98.2,95,98,25050,0
20100416,98,98,94,94,30035,0
20100419,94,94.8,93,94.2,33751,0
20100420,94.2,97,93.2,96.8,33337,0
20100421,96.4,97.6,95.8,96.8,18879,0
20100422,95.2,96.4,94,94.4,31763,0
20100423,95,95.4,94,94,18001,0
20100426,94.6,95.6,92.2,92.2,34615,0
20100427,92.2,92.2,87.6,88.4,43469,0
20100428,88,90.4,84.2,85.4,41586,0
20100429,85.6,87.4,84.6,86.4,27856,0
20100430,87.4,87.8,85.8,85.8,28528,0
20100503,85.6,88.6,85.4,85.6,22727,0
20100504,84.8,85.8,78.6,79.6,58489,0
20100505,78.4,79.8,76.4,77.2,35475,0
20100506,77.2,77.6,70.4,74,40984,0
20100507,74,74.6,69,72.6,29551,0
20100510,76,78.6,75,76.2,55236,0
20100511,72,72.4,67.2,67.8,95384,0
20100512,70,73.4,68.6,71,104739,0
20100513,71.4,72.8,71,72,45148,0
20100514,69,70.6,66.4,68.6,34750,0
20100517,68.4,69,64.4,65.6,52825,0
20100518,65.6,71.2,65.6,69.4,62203,0
20100519,67.4,68.8,64.2,64.2,44939,0
20100520,64,64.4,59,60,73268,0
20100521,56.6,60,56,59.2,31368,0
20100524,59.2,60.8,58,58,31167,0
20100525,55,59,54.8,58,25044,0
20100526,58.4,60.4,58,59.8,14568,0
20100527,61,61.8,58.6,61.8,23636,0
20100528,62,63.6,60.2,60.2,17066,0
20100601,59.6,60,56.2,56.6,12251,0
20100602,56.8,58.8,56.8,57.4,10149,0
20100603,61.6,61.6,58.4,59.4,18765,0
20100604,56.4,58.4,56.2,57,15448,0
20100607,57.6,57.8,52.4,52.6,20276,0
20100608,52.6,53.8,51,52.2,22369,0
20100609,52.8,54.8,50.2,51,19123,0
20100610,52.8,53.2,50.4,51.6,13849,0
20100611,50.8,57,50.6,56.2,25190,0
20100614,56,57,51.2,52.4,33164,0
20100615,52.8,53.4,51.2,52.6,34300,0
20100616,52.6,55,51.2,53.6,48442,0
20100617,54,63,53.6,62.6,76005,0
20100618,62.2,70,60,68.6,112153,0
20100621,69.6,72,64,64.8,47306,0
20100622,66,67,62,63,20251,0
20100623,64.2,65.6,61,65.4,29831,0
20100624,64.8,65.4,62,64.2,10566,0
20100625,63.8,65.2,62.4,65,10930,0
20100628,64.6,67,63.2,66,12254,0
20100629,65,65,61,62.2,24130,0
20100630,61.8,66,59.6,60,23145,0
20100701,59.8,60,58,59.4,15194,0
20100702,59.4,59.4,58,58.8,6554,0
20100706,59.4,62.2,59.4,60.4,35381,0
20100707,60.2,63.4,58.4,62,15860,0
20100708,62.2,66.6,60.6,66.6,25135,0
20100709,66,67,63,64.2,21255,0
20100712,64,69.4,64,67.8,30895,0
20100713,69.4,69.8,63.6,65.8,29840,0
20100714,68,70.6,65,67,45391,0
20100715,66.4,66.4,65,66.4,13462,0
20100716,66,66.4,65.6,66,17632,0
20100719,66.6,67.8,64.8,67,13833,0
20100720,66.6,76.2,66.2,76.2,56811,0
20100721,76.2,76.8,72.4,72.4,36339,0
20100722,72.4,75,70.4,72.4,34950,0
20100723,72.4,74.4,70.8,73.8,20125,0
20100726,74.6,79,72.6,75.4,54256,0
20100727,76.8,77.4,72.8,76,29897,0
20100728,75.6,79.6,73.6,77.8,93523,0
20100729,77.4,80.6,74.6,77.8,57872,0
20100730,75.8,80.4,75,80.2,26750,0
20100802,81.6,84,79.6,82.8,38582,0
20100803,82.6,83,79.2,82.8,20926,0
20100804,83,83,80,81.2,19802,0
20100805,80.6,80.6,78,79.4,14707,0
20100806,77,77.6,73,74.6,47587,0
20100809,75.8,77.8,74.6,75.6,13595,0
20100810,75.2,78.8,75,78.2,15067,0
20100811,75.2,75.6,73.6,73.8,24817,0
20100812,72.6,73.4,72.2,73,6841,0
20100813,73,76.2,71.6,74.4,10616,0
20100816,74,74.8,72.6,74.4,17099,0
20100817,74.8,77.6,74.4,77,7187,0
20100818,77.2,78,76.8,77.2,3923,0
20100819,77,77.8,71.8,72.8,10971,0
20100820,73,74.6,70,71.8,10750,0
20100823,71.8,72.6,69.4,69.8,10012,0
20100824,69,70.8,67.4,70.4,9433,0
20100825,69,70.4,67.2,70.4,5744,0
20100826,70.4,70.6,69.6,70,3301,0
20100827,70.2,73,69.6,72,9713,0
20100830,72,74.6,71.2,72.6,9902,0
20100831,73.4,73.4,71,71.8,7918,0
20100901,72.4,75,71.2,71.4,6324,0
20100902,72,74.2,71,73.2,9052,0
20100903,75.2,75.2,72.4,73.4,10127,0
20100907,74,75,72,73.8,7907,0
20100908,74.4,77,71,75.2,8540,0
20100909,76,77,73.8,74.6,6344,0
20100910,74.6,75,73.6,73.8,5449,0
20100913,74.2,77.6,74.2,77,11382,0
20100914,77,79.4,77,77.2,9761,0
20100915,77,78.6,75.4,75.6,8851,0
20100916,75,79.2,75,78,9850,0
20100917,78.4,79.4,76,77,5057,0
20100920,77,78.4,77,77.8,4622,0
20100921,78.2,80.8,77,80.2,14597,0
20100922,80,81.6,78,81.2,23689,0
20100923,80.4,83,79.2,83,17371,0
20100924,83.8,88.4,83.6,86.4,27488,0
20100927,87.4,94,87.4,90.4,46515,0
20100928,90.4,90.8,85,87.8,21594,0
20100929,88.4,92,87.6,89,18068,0
20100930,90.6,90.8,88,90.2,14590,0
20101001,91,93,90,92.6,20390,0
20101004,92,92.2,89.2,91.8,12844,0
20101005,92.4,93,89.6,90,11808,0
20101006,89.6,92,89.2,89.4,9871,0
20101007,89.4,90,85,86,13148,0
20101008,86.6,91.4,85.2,91.2,24256,0
20101011,91,91,88.2,89.4,14012,0
20101012,90.2,90.4,87.6,88.6,6322,0
20101013,89.6,90.2,87.2,87.4,11897,0
20101014,87.6,89.8,85.8,86.6,8934,0
20101015,87,88,83.6,85,18306,0
20101018,84.6,89.8,84.6,89.4,14918,0
20101019,88,94.8,87.2,93.8,46755,0
20101020,94.6,94.6,89.4,90,16780,0
20101021,95,96,90.2,90.4,28155,0
20101022,91.2,94.4,90.8,92.8,10551,0
20101025,94,100,93.6,99.4,57331,0
20101026,100,102,92,93.6,53399,0
20101027,93.2,98,92,94.8,39046,0
20101028,93,93.8,83.8,86,89846,0
20101029,85.8,85.8,82.2,83.4,18724,0
20101101,84.4,84.8,81.4,82.2,31520,0
20101102,84,84,78.2,78.6,13803,0
20101103,79,83,77,82,22054,0
20101104,82,82,78.8,79,20477,0
20101105,78.8,79.8,78.2,79.4,13187,0
20101108,80,80.4,78.2,78.4,12098,0
20101109,79.2,79.2,74.8,75.8,19304,0
20101110,75.6,76,74.2,74.4,16601,0
20101111,74,74.2,73,73.8,7902,0
20101112,73,73.4,71,72,26947,0
20101115,72,73.8,69.8,70.4,27515,0
20101116,69.4,70.6,69,69,15137,0
20101117,69.4,72.6,68.8,72.6,16815,0
20101118,73.8,76,73.6,74,9896,0
20101119,74,74,72.2,72.8,6602,0
20101122,72.2,73,69,69.2,16818,0
20101123,69,75,68.2,71,14201,0
20101124,71.4,75,71,74.6,16624,0
20101126,74.6,74.6,72,72.6,4608,0
20101129,72.6,74.2,72,72.8,5584,0
20101130,72.4,73.6,72.4,73.6,3878,0
20101201,73.8,73.8,72.4,73,10744,0
20101202,73,73.4,72.2,73.4,10974,0
20101203,73,74.2,72.4,73.4,6896,0
20101206,73,73.4,71.4,73,20032,0
20101207,73.6,73.8,73,73.8,15322,0
20101208,73.8,77,73.6,76.2,23011,0
20101209,78,78.6,75.8,77.4,20757,0
20101210,77.4,78.4,77,78,13061,0
20101213,78.4,81.4,77,78,21452,0
20101214,78,78.4,77.6,78.4,15919,0
20101215,78,78,77,77,10327,0
20101216,77,77.6,77,77.2,5612,0
20101217,77.4,80,76.8,79,15875,0
20101220,79.2,79.2,78.2,78.8,5354,0
20101221,78.6,84.8,76.6,82.8,25484,0
20101222,82.6,84,80.8,82.8,8900,0
20101223,82,82.4,80.2,81.8,7121,0
20101227,81.4,85.8,81,81.8,15517,0
20101228,82.2,82.4,77,78.4,11572,0
20101229,81,81,77,77.4,12013,0
20101230,84,94.4,83.6,93.4,116917,0
20101231,89.2,93,86.8,92.8,27785,0
20110103,93,93,88.2,89.2,13221,0
20110104,89,92.8,87,92.6,21974,0
20110105,95.6,96.4,91.2,94.2,48556,0
20110106,93.6,93.6,89.8,89.8,14846,0
20110107,89.6,89.8,86,88.8,14347,0
20110110,88,90,88,89.8,5678,0
20110111,90,91.6,88.8,90.2,7494,0
20110112,89.6,91.6,89,90,8783,0
20110113,89.4,90.8,87.2,89.8,7365,0
20110114,88.8,93.6,88.2,93,28618,0
20110118,93.8,94.4,91,93.4,15752,0
20110119,92.6,93,90.2,91,6107,0
20110120,90,90.4,86.8,88.8,9694,0
20110121,89,91.2,88,90,12683,0
20110124,89.8,92,88,91,9774,0
20110125,91,93,89.2,92.8,10904,0
20110126,93.2,94.8,92.4,94.6,10637,0
20110127,94.8,96.6,90.2,92.2,22970,0
20110128,92.4,93.4,89.6,92.2,8613,0
20110131,92,92.2,86.4,87,12205,0
20110201,88,90,87,88,14696,0
20110202,87.2,89,86,88.6,4183,0
20110203,88.4,92.4,88.2,91.6,11781,0
20110204,90.6,94.4,89.6,93.8,8586,0
20110207,93.6,99.8,92.6,99,37766,0
20110208,98.6,98.8,95.6,96.4,7384,0
20110209,96.4,96.4,94,94.6,9483,0
20110210,94,95,91,94.2,6611,0
20110211,93.6,94.4,90.2,90.2,9493,0
20110214,89.8,92,89,92,8504,0
20110215,92,96.4,90.4,93.8,17465,0
20110216,94,97,91.8,96.4,12853,0
20110218,94,95.4,90.6,90.6,20049,0
20110222,90.6,92.2,85.6,86.2,22571,0
20110223,86.2,87.8,86.2,86.4,6444,0
20110224,87.2,87.2,85.6,86.4,3714,0
20110225,86.4,89.8,86.2,88.2,8843,0
20110228,87.6,89.6,86.4,87.4,13790,0
20110301,87.2,87.6,85.4,86.2,6255,0
20110302,85.8,86.8,84.4,86.4,8469,0
20110303,85.8,87.6,84.6,86,14690,0
20110304,80.4,82.6,77.8,80.8,48367,0
20110307,80.4,81.4,80,80.2,29029,0
20110308,79.6,80,78.6,78.8,11817,0
20110309,78.8,81.4,78.4,80.2,6222,0
20110310,79.6,80,78,79,8988,0
20110311,78,79,78,79,5649,0
20110314,78,78.8,77.2,78,8299,0
20110315,80,80.6,76,78.2,11521,0
20110316,76.2,77.4,75.2,75.6,14719,0
20110317,76.4,76.4,75,75.4,5128,0
20110318,76.6,80.6,75.2,80.6,38414,0
20110321,81.8,84,78.8,81.6,17871,0
20110322,82,82,80.2,80.8,5137,0
20110323,81.6,81.6,79.4,81.2,3552,0
20110324,82,82.2,81.2,82.2,1574,0
20110325,82.4,84.6,81.4,82.4,6644,0
20110328,83,83.6,82.6,83.6,6979,0
20110329,85.6,87,83.6,86.4,11883,0
20110330,86.8,87,83.8,86.6,7393,0
20110331,85.4,87,85,86.6,4380,0
20110401,84.8,89.4,83.6,89,16971,0
20110404,87.8,89.6,87.2,89,4776,0
20110405,88,89.2,84.8,89,5271,0
20110406,89.6,89.8,86.6,88.6,4603,0
20110407,89,89,85.6,87.6,5981,0
20110408,87.6,88,85.6,87.6,6144,0
20110411,82,86.4,82,84.4,4543,0
20110412,83.2,83.4,77.4,78,12379,0
20110413,81.2,81.2,77.8,79,12373,0
20110414,79.8,80.8,78.8,80.4,5506,0
20110415,80.2,84.2,80.2,84,7290,0
20110418,82.6,84,81.2,83.4,6615,0
20110419,82,82,78,80.6,24489,0
20110420,81.4,84,79.2,81.6,10259,0
20110421,82.2,83.2,81,83.2,3221,0
20110425,82.6,83,81.2,82.6,2601,0
20110426,82.4,84,80,82,5865,0
20110427,82,83,80.2,82.4,6294,0
20110428,82.4,87.6,82.4,86.6,11619,0
20110429,87,87.6,85.2,86,3851,0
20110502,86.4,88.6,86.4,87,14257,0
20110503,86.4,88,82.2,85.2,10394,0
20110504,85,86.2,81.4,82.8,14422,0
20110505,83.6,85,82.2,83,11163,0
20110506,83.2,93.4,82,90,57381,0
20110509,87.8,93.6,87.8,90.4,28276,0
20110510,90.4,93,87,89,25258,0
20110511,88.8,91,85,86.8,15519,0
20110512,83.4,86,82,84.8,17925,0
20110513,85,85.2,82.2,84.4,5591,0
20110516,83.2,86,83.2,83.6,7116,0
20110517,86,86,82,82,6294,0
20110518,81.8,83.8,80,82.6,4596,0
20110519,83.4,84,82,82.8,4398,0
20110520,81.8,83.2,81,82.8,7485,0
20110523,82.4,82.4,78.6,79,5441,0
20110524,79.6,81.8,78.2,78.8,6353,0
20110525,78.8,81.2,78.8,79.8,5862,0
20110526,79.4,80,78.8,80,6091,0
20110527,80,81,79.4,80,4205,0
20110531,80.6,80.6,75.6,76.2,12912,0
20110601,75.6,76.6,71.4,72.4,12597,0
20110602,72.4,75.8,71,75.8,8004,0
20110603,74.8,77,73.4,74,8413,0
20110606,75.4,75.6,67.4,67.4,8747,0
20110607,67.4,68.8,65.8,67.4,13669,0
20110608,67.8,71.8,64.8,64.8,15448,0
20110609,65.6,66.8,63.8,65,9788,0
20110610,64.4,64.6,59.2,60.2,17660,0
20110613,60,60.4,54.6,54.6,21497,0
20110614,55.4,57.6,54,55.4,16377,0
20110615,55.2,58.6,54.8,56.6,10008,0
20110616,57,59.6,54.4,55.8,20851,0
20110617,56.2,56.6,47.6,47.8,28901,0
20110620,47.8,50.6,44.4,50.2,17060,0
20110621,50.4,57.4,48.8,55.2,19014,0
20110622,54.6,57,52.6,52.8,14535,0
20110623,52.6,53.2,49.8,51.8,8118,0
20110624,54.2,54.6,50.8,51,17469,0
20110627,51,52,48.8,51.4,27508,0
20110628,51.2,56.4,51.2,53.4,45556,0
20110629,53,56.8,53,56.2,17065,0
20110630,55.6,56.6,54.4,56.6,13253,0
20110701,56.2,59.8,55.2,59.8,8948,0
20110705,59.2,59.6,56.2,56.4,21972,0
20110706,55.4,56.2,55,56,12083,0
20110707,56.4,59.6,56.4,59.4,3187,0
20110708,57.8,59,57.2,58,6729,0
20110711,57.2,57.8,53,54,9862,0
20110712,54.2,57,54,55.6,5153,0
20110713,55.6,56.4,55.4,55.6,2873,0
20110714,55.4,56.2,54,56,3940,0
20110715,55.8,55.8,54,55.2,5254,0
20110718,54.2,54.4,48.4,51,5598,0
20110719,51,51.8,50.2,51,6528,0
20110720,51,51.8,50,50.4,9564,0
20110721,51.2,51.4,50.2,51.2,4216,0
20110722,51,59.2,51,58,18520,0
20110725,55.8,57.2,54.6,56.2,4634,0
20110726,56,56.2,55.6,56,3745,0
20110727,54.6,54.6,52.8,53.4,10256,0
20110728,54,59.2,54,56.6,14434,0
20110729,55.8,56,53.6,54.2,7930,0
20110801,55.2,55.6,50.2,51,20002,0
20110802,50.6,51,44,45.2,30467,0
20110803,45.2,48.8,45,48.4,19861,0
20110804,47.6,47.6,46,46.8,13093,0
20110805,47.2,50.4,45,49,16939,0
20110808,40,45.2,40,43.2,17982,0
20110809,44.8,48,40.4,44.6,36049,0
20110810,42.8,44.4,42,43.2,14885,0
20110811,43.4,47,43.4,46.2,5596,0
20110812,46.6,47,42,43.8,11561,0
20110815,44.8,45.6,41,42.4,17393,0
20110816,42.2,43.6,39.6,40.6,17627,0
20110817,40.4,41.2,38.4,38.8,12581,0
20110818,37.2,38.4,35,38.4,12016,0
20110819,39.8,39.8,34.6,35.6,8359,0
20110822,35.8,36.2,31.6,32.6,21122,0
20110823,35,35.8,33,35.6,28518,0
20110824,35.2,35.8,34.4,34.8,8923,0
20110825,35.4,35.6,33.2,34.6,13579,0
20110826,35.2,36,34.2,36,3809,0
20110829,37.4,37.6,35.8,36.8,10880,0
20110830,36.2,37.8,35.6,35.6,6378,0
20110831,35.2,38.4,35,37.4,13101,0
20110901,38.4,41,38,39.4,19745,0
20110902,38.6,39,36.4,37,4899,0
20110906,35.8,39.6,34,39.2,6760,0
20110907,40.2,40.2,38,39.2,5005,0
20110908,38.8,39.6,37.4,37.8,2721,0
20110909,37.6,37.6,35.4,36.6,30142,0
20110912,36.2,37.6,35.8,37.6,5415,0
20110913,37.4,37.8,36.8,37.6,1031,0
20110914,37.4,38.2,37.4,37.4,5490,0
20110915,38,38.4,37.4,38.2,6523,0
20110916,38.2,38.2,33.2,35.6,30947,0
20110919,34.6,35.8,33.6,35.4,7796,0
20110920,35.4,35.8,34.2,34.6,3034,0
20110921,34.4,34.8,32.6,32.8,15401,0
20110922,35.8,36,31.6,32.4,14756,0
20110923,33,35.6,32.8,34,4547,0
20110926,34.4,36.8,33.4,35.4,9003,0
20110927,35,39,35,37.2,11857,0
20110928,37.8,39,36.6,37.6,6340,0
20110929,38.6,38.6,34.4,37.6,8555,0
20110930,37,37.6,35.8,36.6,11292,0
20111003,38.8,38.8,26,28.8,17945,0
20111004,27.8,31.6,27.8,30,21609,0
20111005,30,30.4,28.4,29.2,17375,0
20111006,29.8,30,28.6,29.2,15719,0
20111007,29.4,29.6,28.6,29,7780,0
20111010,29.4,29.6,27.6,29,30250,0
20111011,28.2,29.6,27.2,28.8,4354,0
20111012,29.2,33.2,29.2,32.8,8043,0
20111013,32.6,35.4,32.6,34,9902,0
20111014,35.2,38.4,34.8,38,6716,0
20111017,37.4,37.4,34.4,34.8,2665,0
20111018,35.8,36,34,35.2,4212,0
20111019,35.4,37,35.4,36.4,2475,0
20111020,37.2,37.2,35,35.2,1832,0
20111021,37.6,37.6,34,35,3624,0
20111024,35.2,36.6,34.4,35.8,4430,0
20111025,36,36,32.6,34.2,9924,0
20111026,34.6,36,33.4,34,14301,0
20111027,34.6,38,34,35,26811,0
20111028,34.8,38,34.8,37.8,4670,0
20111031,36.8,37.4,35.6,36.2,3520,0
20111101,35,36.8,35,35.4,1805,0
20111102,36.2,37.8,35.4,36,9696,0
20111103,36.6,37.6,36,37.2,2959,0
20111104,35.6,36,34.4,34.8,7262,0
20111107,34.8,35.6,34,34.4,4924,0
20111108,32.2,35.2,30.6,33.4,4022,0
20111109,33.8,34,31.6,31.6,6779,0
20111110,32.6,33.8,31.6,31.6,4608,0
20111111,31.8,31.8,30.2,30.4,3615,0
20111114,27,30.6,26,29.6,7054,0
20111115,28.2,31.4,27,27.8,15379,0
20111116,27.4,28.4,25.8,25.8,23413,0
20111117,25.6,26.6,25.6,26,17639,0
20111118,26.8,28,26,27.4,7097,0
20111121,26.2,27.2,24.8,25.6,10526,0
20111122,25.2,27,24,25.2,14229,0
20111123,24.2,26.8,23,24,9532,0
20111125,23.4,25.2,22,22,9290,0
20111128,24.4,24.8,22.8,23.6,8553,0
20111129,23,23.2,21.6,21.8,17265,0
20111130,22.8,23,22,22,5279,0
20111201,21.8,22.8,21.8,22.6,9814,0
20111202,22,32.8,22,28.8,111129,0
20111205,27.2,29,25.2,25.6,24160,0
20111206,26.2,27.6,24.4,27,18727,0
20111207,25.8,27.8,24.8,27.6,10692,0
20111208,27.8,27.8,26.2,27.2,13625,0
20111209,26.6,28.2,26.6,28,3219,0
20111212,27,27,25.4,26,14378,0
20111213,26.4,27.2,26,26.6,1999,0
20111214,26,26.4,25.6,26,20902,0
20111215,26.4,26.8,26,26,16961,0
20111216,26,27.2,26,26.4,13364,0
20111219,27,27,25.4,26,28496,0
20111220,26,26.8,25,26,10231,0
20111221,26,26.4,25.6,26.4,9803,0
20111222,26.4,26.6,25.6,25.6,3906,0
20111223,25.6,26.6,24.4,25,33811,0
20111227,25,25.8,24.6,25,13643,0
20111228,24.8,26,24.6,25.2,52186,0
20111229,25,27.6,25,26.6,497079,0
20111230,26.4,27.4,24.8,24.8,31787,0
20120103,25.4,25.6,24.8,25.2,7769,0
20120104,25.2,25.2,24.4,24.6,33156,0
20120105,26,26,24.4,25,3014,0
20120106,25,25,23.6,23.8,4012,0
20120109,23.8,23.8,23,23.8,3451,0
20120110,24,24.6,23.6,23.6,7722,0
20120111,23.6,25.2,23.4,24.6,34431,0
20120112,25.2,25.8,24.8,25.6,6995,0
20120113,25.4,25.8,24.8,25.6,3060,0
20120117,25.6,28.6,25.4,27.6,17020,0
20120118,27.8,28.2,27.4,27.8,2951,0
20120119,28,29,27.6,28.8,4297,0
20120120,28.8,31.4,28,30.8,16497,0
20120123,30.8,32,29.6,31,10476,0
20120124,29.4,32,29.4,31.4,12194,0
20120125,31.4,31.8,30,31,9202,0
20120126,31,31.6,30.8,31.4,8489,0
20120127,31.2,31.4,30.6,31.2,1832,0
20120130,31.4,31.4,29.8,30.6,8720,0
20120131,30.8,31.2,30.2,31,3940,0
20120201,31.2,33,29.2,31.8,59468,0
20120202,32,32.6,31,32,11067,0
20120203,33.4,33.4,31.8,32.8,17325,0
20120206,32.2,34,31.4,32.6,11321,0
20120207,32.4,32.4,30.6,31.8,8437,0
20120208,31.8,32.2,30,32.2,21490,0
20120209,31.8,32,31,31.6,6643,0
20120210,31.4,31.4,29,30,15428,0
20120213,30.2,30.2,29,29.8,4741,0
20120214,29.4,29.8,27.6,29,7094,0
20120215,28.6,30,28.6,29.8,10378,0
20120216,29.4,30.8,29.4,30.8,16032,0
20120217,30.8,32.6,30,32.6,22790,0
20120221,32.4,33.8,31.6,32.2,7456,0
20120222,32.8,33.2,31.6,32.8,3038,0
20120223,31.6,33.2,31.6,32.6,7103,0
20120224,32.6,33.6,32.2,32.6,3466,0
20120227,32,34.2,31.8,33.8,12447,0
20120228,33.4,36.4,33.2,35.6,17569,0
20120229,35.8,36.4,34.6,35.7,10876,0
20120301,35.6,36.4,34.2,35.8,6089,0
20120302,35.6,37.2,35,36.2,4040,0
20120305,34.6,36.4,33.2,34.6,21235,0
20120306,34.2,34.2,30.8,33.6,10010,0
20120307,33.4,33.8,32.2,33.4,3437,0
20120308,33.8,34,32.4,33.6,3736,0
20120309,33.6,34,32,33.4,3537,0
20120312,33.8,34,32.6,33.8,11004,0
20120313,33.6,34,32.6,33.8,4708,0
20120314,33.2,33.2,30.4,33,14299,0
20120315,32.4,33.2,31.2,33.2,7883,0
20120316,33.2,33.2,31.2,32.6,7434,0
20120319,32.2,33.6,31.6,32.8,8386,0
20120320,32.6,33,31.4,33,7719,0
20120321,32.6,32.8,31.8,32.8,6769,0
20120322,32.2,32.6,31,32,5753,0
20120323,31.6,31.8,30.8,31.6,15291,0
20120326,31.4,32.8,30.4,32.4,7403,0
20120327,32.2,33.4,31.6,33,11196,0
20120328,32.8,32.8,31.4,32.8,6605,0
20120329,32.2,32.8,30.8,31.8,10448,0
20120330,31.8,31.8,30.994,31.6,5485,0
20120402,32,32.4,30.6,31.8,10495,0
20120403,32.2,32.2,31,31.6,3447,0
20120404,31.2,32,30.4,31.4,5261,0
20120405,32.6,32.6,29.4,29.6,4240,0
20120409,28.8,29.8,28.4,28.6,975,0
20120410,28,29,27.4,28.8,2043,0
20120411,28.8,28.8,27.6,27.6,2254,0
20120412,28,28.2,27.4,28,2653,0
20120413,27.4,27.4,26.4,27.2,5988,0
20120416,27.8,27.8,26,26.8,10677,0
20120417,26.6,27,24.6,25.6,9022,0
20120418,25.4,26.4,25.4,26.2,2986,0
20120419,25.8,26.6,25.4,26.4,5885,0
20120420,26,27.6,25.8,27,7047,0
20120423,26.4,27.6,25.6,27.6,4679,0
20120424,27.6,27.8,26.8,27.8,5163,0
20120425,27.8,27.8,26.4,27.6,13060,0
20120426,27.2,27.6,26.2,27,7374,0
20120427,26.8,27.6,26.4,27.2,2398,0
20120430,27,27,25.8,26.6,5437,0
20120501,26.4,27,25.6,26.8,4448,0
20120502,26.6,27.4,24.2,26.8,5495,0
20120503,26.4,27.2,25.2,26,2750,0
20120504,25.8,26.2,24.8,26,3939,0
20120507,26,26.4,25.2,26,1945,0
20120508,26,26,24.2,25.4,3839,0
20120509,26,26,21.6,22.4,30065,0
20120510,22.4,24,19.4,20.6,28574,0
20120511,20.4,20.4,18.6,20.4,9610,0
20120514,20,20.8,18.8,19.8,12623,0
20120515,19.6,20.2,19,20,3813,0
20120516,19.8,20.6,17.6,18.38,16188,0
20120517,18.02,18.6,17,18,11715,0
20120518,17.2,18,16.798,17.4,8809,0
20120521,18,18.4,17,17.6,12082,0
20120522,19,19,17.4,18.798,12875,0
20120523,18,19.996,18,19.996,5958,0
20120524,19.8,21.6,19.206,21,6129,0
20120525,21,21.4,20,20.8,11304,0
20120529,21,21,20.2,20.8,4034,0
20120530,20.4,21.2,19.4,20.4,16849,0
20120531,20.6,20.6,19,19.2,8785,0
20120601,19,20,17.202,19.6,3384,0
20120604,18.4,20.8,18.2,19.596,4066,0
20120605,19,20.4,19,20.2,3787,0
20120606,20.2,21.4,18,19.496,17292,0
20120607,19.8,20.2,18,19.59,16208,0
20120608,19.2,20.4,19,19.8,6473,0
20120611,19.2,19.6,18.6,18.6,675,0
20120612,19.2,19.2,17.8,18.4,6979,0
20120613,19,19,17.402,18.2,6321,0
20120614,17.4,18.694,17.4,17.6,3870,0
20120615,17.6,18.598,16.662,16.662,13309,0
20120618,16,16.372,14.8,15.55,14489,0
20120619,15.6,16.8,14.2,15.6,24795,0
20120620,15.6,17.9,15.6,17.54,4128,0
20120621,16.8,17.9,15.998,17.6,13785,0
20120622,17.6,18,17.04,17.4,2823,0
20120625,16.998,18,16.6,17.2,6273,0
20120626,16.6,18,16.6,17.8,8439,0
20120627,17.6,18.6,17.21,17.81,7033,0
20120628,17.6,18,17.21,18,3247,0
20120629,18.4,18.8,17.6,18.6,11103,0
20120702,16,19.4,16,18.6,15879,0
20120703,19.2,19.2,17.8,18.6,8186,0
20120705,13.42,16.802,10.4,14.598,54254,0
20120706,14,14.498,13.2,13.96,2465,0
20120709,14.2,14.2,13,13.8,7696,0
20120710,13.8,13.8,13.2,13.8,4039,0
20120711,13.426,14,12.418,14,4415,0
20120712,13.6,15.4,13,14,2875,0
20120713,13.4,14.4,12.4,13,8986,0
20120716,12.4,13.2,11.6,12.6,13105,0
20120717,12.4,13.8,10.8,12.2,29250,0
20120718,11.4,12.2,11,11.8,10140,0
20120719,11.6,12.6,8.852,10.4,50103,0
20120720,10.4,10.8,9,9.6,17136,0
20120723,9.6,9.6,5.916,7,65045,0
20120724,7,7,4.6,5.4,99827,0
20120725,5.41,6.2,5.23,5.98,14416,0
20120726,6.38,6.4,3,4.96,160801,0
20120727,4.6,5.4,3.8,5,336756,0
20120730,5.2,6.2,4.5,6,52348,0
20120731,6,6,5.07,5.204,11235,0
20120801,5.1,5.398,5,5.22,10200,0
20120802,5.2,5.4,5,5,5042,0
20120803,5,6.202,5,5.796,23590,0
20120806,5.28,6.18,5.28,5.44,9849,0
20120807,5.6,5.6,5.002,5.002,12030,0
20120808,5,5.38,5,5.38,6378,0
20120809,5.222,5.98,5.2,5.28,7661,0
20120810,5.4,5.8,5.2,5.2,9969,0
20120813,5.416,5.72,5.2,5.2,7564,0
20120814,5.216,5.4,5.196,5.202,6274,0
20120815,5.2,5.6,5,5.064,17848,0
20120816,5.224,5.224,4.086,4.4,23256,0
20120817,4.4,4.94,4.4,4.8,5910,0
20120820,5.4,5.4,4.6,4.6,8673,0
20120821,4.6,4.98,4.4,4.98,16118,0
20120822,4.994,4.994,4.7,4.782,1848,0
20120823,4.602,4.988,4.6,4.62,7786,0
20120824,4.624,4.958,4.6,4.72,9623,0
20120827,4.6,5.168,4.6,4.624,6763,0
20120828,4.8,5.204,4.798,4.9,6510,0
20120829,5,5.8,5,5.8,21175,0
20120830,5.3,6.956,5.3,6,25157,0
20120831,6.06,6.6,5.64,6.198,8750,0
20120904,6.2,6.2,5.6,5.8,1727,0
20120905,5.8,6,5.6,5.6,9079,0
20120906,5.4,5.996,5.284,5.6,6460,0
20120907,5.44,6,5.44,6,1904,0
20120910,6.2,6.2,5.64,6,2438,0
20120911,5.8,6.2,5.67,5.7,6124,0
20120912,5.74,5.964,5.26,5.3,8885,0
20120913,5.26,5.6,5.26,5.4,5084,0
20120914,5.8,5.8,5.2,5.206,3613,0
20120917,5.4,6,5,5.4,6450,0
20120918,5.398,5.776,4.84,4.84,61196,0
20120919,4.92,5.202,4.722,5,6848,0
20120920,5.1,5.776,4.85,5.15,9263,0
20120921,5.2,5.2,4.2,4.978,8321,0
20120924,4.9,5.4,4.756,4.802,12500,0
20120925,4.7,5.2,4.7,4.8,2944,0
20120926,4.674,4.996,4.404,4.64,2755,0
20120927,4.604,5.54,4.604,4.8,2781,0
20120928,4.606,5,4.5,4.5,10326,0
20121001,4.6,4.85,4.442,4.6,5317,0
20121002,4.7,4.7,4.32,4.32,29697,0
20121003,4.34,4.6,4.2,4.3,6635,0
20121004,4.4,4.7,4.3,4.376,6005,0
20121005,4.38,4.596,4.3,4.304,4604,0
20121008,4.3,4.5,4.3,4.302,7203,0
20121009,4.304,4.396,4.2,4.24,8508,0
20121010,4.25,4.596,4.22,4.22,3995,0
20121011,4.234,4.4,4.222,4.222,1010,0
20121012,4.276,4.4,4.22,4.4,1268,0
20121015,4.4,4.4,4.22,4.22,4775,0
20121016,4.4,4.56,4.22,4.4,2743,0
20121017,4.6,4.6,4.26,4.348,1876,0
20121018,4.56,4.7,4.27,4.398,3755,0
20121019,4.45,4.45,4.356,4.398,4381,0
20121022,4.4,4.402,4.2,4.222,7921,0
20121023,4.22,4.4,4.2,4.22,4477,0
20121024,4.24,4.24,4.012,4.102,2333,0
20121025,4.1,4.36,4.1,4.2,7271,0
20121026,4.2,5,4.2,4.4,9857,0
20121031,4.42,4.64,4.244,4.4,3911,0
20121101,4.258,4.51,4.24,4.4,13671,0
20121102,4.264,5,4.22,4.222,13763,0
20121105,4.22,4.8,4.22,4.24,2088,0
20121106,4.232,4.6,4.22,4.22,980,0
20121107,4.22,4.6,4.22,4.22,1131,0
20121108,4.4,4.4,4.23,4.23,360,0
20121109,4.23,4.6,4.22,4.4,3144,0
20121112,4.4,4.6,4.4,4.6,1897,0
20121113,4.92,4.92,4.4,4.4,1801,0
20121114,4.6,4.792,4.6,4.6,814,0
20121115,4.5,4.5,4.42,4.42,3810,0
20121116,4.4,4.4,4.2,4.2,4600,0
20121119,4.202,4.202,4,4,16797,0
20121120,4.03,4.2,4,4.1,1121,0
20121121,4.026,4.18,4.002,4.002,2317,0
20121123,4,4.34,4,4.25,6074,0
20121126,4.132,4.6,4.032,4.24,1061,0
20121127,4.2,4.4,4.02,4.118,2794,0
20121128,4.032,5.558,4.02,4.198,73654,0
20121129,4.022,4.558,4.022,4.38,7756,0
20121130,4.398,4.8,4.398,4.466,7356,0
20121203,4.106,4.594,4.102,4.148,5729,0
20121204,4.22,4.7,4.22,4.4,4234,0
20121205,4.8,4.8,4.418,4.63,12537,0
20121206,4.7,4.786,4.61,4.786,6257,0
20121207,4.68,4.68,4.266,4.6,5447,0
20121210,4.4,4.6,4.2,4.2,8748,0
20121211,4.2,4.58,4.028,4.028,7484,0
20121212,4.4,4.4,3.8001,3.98,8170,0
20121213,3.88,3.9193,3.5,3.6,46446,0
20121214,3.68,3.9698,3.34,3.6,52695,0
20121217,3.6,3.6,3.37,3.46,35860,0
20121218,3.45,3.46,3.2501,3.31,19271,0
20121219,3.27,3.3,3.15,3.2,45192,0
20121220,3.19,3.5,3.18,3.26,22261,0
20121221,3.24,3.4,3.24,3.35,7923,0
20121224,3.35,3.64,3.35,3.55,33637,0
20121226,3.5628,3.6,3.3801,3.59,8232,0
20121227,3.59,3.6,3.5001,3.56,3970,0
20121228,3.5,3.51,3.45,3.45,16168,0
20121231,3.38,3.4,3.05,3.05,381380,0
20130102,3.45,3.5,3.2,3.5,28428,0
20130103,3.55,4.55,3.54,3.93,139213,0
20130104,3.94,4.45,3.6,4.28,94633,0
20130107,4.25,4.5,4,4.49,89274,0
20130108,4.5,4.5,4.12,4.35,26501,0
20130109,4.2,4.39,4.1,4.27,17748,0
20130110,4.17,4.49,4.0607,4.2,40839,0
20130111,4.19,4.43,3.9201,4.16,17165,0
20130114,4.29,4.41,4.2,4.3,41247,0
20130115,4.24,4.34,4.18,4.19,10350,0
20130116,4.18,4.3,4.0001,4.15,7657,0
20130117,4.15,4.19,3.82,3.99,14553,0
20130118,3.9799,3.9799,3.61,3.925,17764,0
20130122,4.02,4.02,3.7,3.95,12065,0
20130123,3.95,4.02,3.74,3.92,10700,0
20130124,3.87,3.9,3.82,3.85,7100,0
20130125,3.98,3.99,3.7,3.95,2520,0
20130128,3.9499,4.17,3.8999,4.1451,28143,0
20130129,4.18,4.38,4.18,4.38,8519,0
20130130,4.23,4.41,4.23,4.38,1207,0
20130131,4.4,4.4,4.25,4.25,8442,0
20130201,4.25,4.25,4.25,4.25,150,0
20130204,4.16,4.4,3.8901,4.34,3707,0
20130205,4.2,4.38,3.7,4.04,24003,0
20130206,4.34,4.34,3.7807,4.01,1336,0
20130207,3.99,4.03,3.7708,3.98,3657,0
20130208,3.86,4,3.85,4,2060,0
20130211,3.99,3.99,3.85,3.9,5418,0
20130212,3.88,3.95,3.86,3.9,3555,0
20130213,3.86,3.9,3.82,3.87,4002,0
20130214,3.78,3.88,3.78,3.88,500,0
20130215,3.8,3.9,3.7,3.89,10653,0
20130219,3.91,3.99,3.7001,3.95,9295,0
20130220,3.85,3.95,3.85,3.95,600,0
20130221,3.91,3.96,3.71,3.9,3754,0
20130222,3.84,3.88,3.71,3.78,5242,0
20130225,3.8,3.96,3.7,3.96,3919,0
20130226,3.7,3.92,3.5,3.88,8812,0
20130227,3.61,3.84,3.61,3.79,6220,0
20130228,3.8,3.85,3.66,3.84,6600,0
20130301,3.79,3.85,3.79,3.84,400,0
20130304,3.79,3.84,3.65,3.8,7880,0
20130305,3.8,3.83,3.6701,3.8,4400,0
20130306,3.8,3.84,3.75,3.75,3900,0
20130307,3.79,3.85,3.64,3.79,5804,0
20130308,3.74,3.85,3.68,3.68,13976,0
20130311,3.78,3.78,3.66,3.7,4185,0
20130312,3.69,3.78,3.56,3.75,14749,0
20130313,3.78,3.78,3.68,3.7,1400,0
20130314,3.78,4,3.12,3.73,54959,0
20130315,3.96,3.96,3.52,3.7,2300,0
20130318,3.95,3.95,3.745,3.9,5400,0
20130319,3.95,3.95,3.7,3.7,14834,0
20130320,3.8,3.86,3.5043,3.81,5050,0
20130321,3.7,3.95,3.61,3.81,6900,0
20130322,3.85,3.85,3.62,3.74,1600,0
20130325,3.83,3.83,3.6,3.68,2550,0
20130326,3.83,3.83,3.55,3.73,300,0
20130327,3.86,3.86,3.55,3.69,3650,0
20130328,3.68,3.73,3.51,3.51,1300,0
20130401,3.58,3.58,3.4,3.57,4800,0
20130402,3.57,3.747,3.57,3.747,12510,0
20130403,3.75,3.75,3.75,3.75,100,0
20130404,3.68,3.7,3.57,3.69,600,0
20130405,3.69,3.7,3.3101,3.7,4924,0
20130408,3.68,3.68,3.51,3.51,2631,0
20130409,3.5,3.54,2.8101,3.29,22174,0
20130410,3.28,3.37,2.9953,3.07,5237,0
20130411,3,3,2.24,2.7,43535,0
20130412,2.69,2.69,2.35,2.49,13211,0
20130415,2.28,2.89,2.14,2.89,185310,0
20130416,3.17,3.22,2.5325,2.99,53261,0
20130417,2.73,2.8,2.7,2.72,6401,0
20130418,2.6701,3,2.453,2.61,33242,0
20130419,2.625,2.625,2,2.5,42464,0
20130422,2.5,2.71,2.4,2.58,25193,0
20130423,2.5833,2.5833,2.11,2.39,19125,0
20130424,2.5,2.63,2.36,2.37,32406,0
20130425,2.419,2.61,2.419,2.61,32805,0
20130426,2.47,2.8,2.47,2.79,16873,0
20130429,2.68,2.79,2.52,2.72,17750,0
20130430,2.53,2.63,2.5283,2.53,762,0
20130501,2.525,2.66,2.5101,2.6,12990,0
20130502,2.6,2.86,2.6,2.77,13708,0
20130503,2.636,2.84,2.636,2.84,916,0
20130506,2.84,2.84,2.58,2.58,22275,0
20130507,2.55,2.7488,2.51,2.61,11780,0
20130508,2.63,2.67,2.63,2.63,2200,0
20130509,2.9599,2.9599,2.62,2.72,3352,0
20130510,2.77,2.77,2.73,2.73,700,0
20130513,2.6901,2.79,2.69,2.6901,6743,0
20130514,2.83,2.83,2.688,2.688,922,0
20130515,2.61,2.7,2.61,2.63,4845,0
20130516,2.64,2.7,2.64,2.66,3533,0
20130517,2.62,2.6738,2.611,2.64,5345,0
20130520,2.6,2.63,2.4,2.41,37533,0
20130521,2.41,2.55,2.41,2.42,25648,0
20130522,2.39,2.7,2.22,2.45,27300,0
20130523,2.45,2.46,2.2,2.26,13340,0
20130524,2.31,2.38,2.2,2.3,10654,0
20130528,2.3,2.35,2.3,2.3225,8622,0
20130529,2.33,2.331,2.27,2.2875,3480,0
20130530,2.21,2.34,2.2,2.25,24598,0
20130531,2.25,2.37,2.25,2.28,1294,0
20130603,2.26,2.38,2.25,2.38,900,0
20130604,2.37,2.39,2.27,2.28,14405,0
20130605,2.32,2.5799,2.2501,2.46,26926,0
20130606,2.42,2.42,2.42,2.42,100,0
20130607,2.4,2.4999,2.4,2.4201,5903,0
20130610,2.421,2.421,2.421,2.421,100,0
20130611,2.43,2.5,2.43,2.45,6121,0
20130612,2.44,2.4499,2.392,2.392,1000,0
20130613,2.3101,2.39,2.3,2.3756,14736,0
20130614,2.3,2.35,2.28,2.3,12958,0
20130617,2.3,2.39,2.24,2.31,19450,0
20130618,2.31,2.31,2.27,2.31,2600,0
20130619,2.31,2.3504,2.2,2.342,5342,0
20130620,2.3,2.35,2.3,2.3245,6068,0
20130621,2.32,2.32,2.3,2.3,2947,0
20130624,2.3,2.301,2.04,2.14,80464,0
20130625,2.16,2.18,2.007,2.09,39331,0
20130626,2.09,2.1,2.06,2.09,20936,0
20130627,2.15,2.15,1.82,1.82,20531,0
20130628,1.86,2.11,1.86,2,11615,0
20130702,2,2.001,1.95,1.97,5700,0
20130703,1.91,1.97,1.9,1.93,989,0
20130705,2.08,2.09,1.9899,1.99,2400,0
20130708,1.97,1.97,1.81,1.9501,4565,0
20130709,1.9,2.1,1.8201,1.99,35324,0
20130710,1.95,2,1.95,1.98,9343,0
20130711,1.98,2,1.98,2,3300,0
20130712,2.1599,2.1599,1.85,2,3450,0
20130716,1.84,1.86,1.84,1.86,1350,0
20130717,1.85,1.99,1.84,1.99,989,0
20130718,2.12,2.2,2.09,2.2,1700,0
20130719,2.1,2.2,1.96,2,4900,0
20130722,2,2,1.99,2,13090,0
20130723,1.98,1.99,1.92,1.98,7715,0
20130724,1.91,1.93,1.85,1.91,8237,0
20130725,1.99,1.99,1.98,1.99,1100,0
20130726,1.91,1.97,1.9001,1.96,3500,0
20130729,1.872,1.872,1.8701,1.8701,1000,0
20130730,1.99,1.99,1.99,1.99,500,0
20130731,1.98,1.99,1.98,1.99,5310,0
20130801,1.87,1.92,1.87,1.92,11400,0
20130802,1.92,1.99,1.9,1.91,7950,0
20130805,1.9,1.9799,1.9,1.96,5040,0
20130806,1.93,2,1.92,1.98,12325,0
20130807,1.99,2.4,1.87,2.2,49591,0
20130808,2.12,2.65,2.1001,2.21,128706,0
20130809,2.25,2.4,2.11,2.27,19240,0
20130812,2.26,2.47,2.12,2.12,50405,0
20130813,2.12,2.23,2.12,2.19,7968,0
20130814,2.2,2.29,2.12,2.12,33700,0
20130815,2.03,2.03,1.92,1.9315,5545,0
20130816,1.93,2.18,1.92,2,14550,0
20130819,2.39,2.39,1.93,1.99,20163,0
20130820,1.99,2,1.9163,1.94,2050,0
20130821,2.01,2.1,1.95,1.99,6800,0
20130822,1.95,2.17,1.94,2.02,11965,0
20130823,1.95,1.96,1.92,1.94,77313,0
20130826,1.92,1.97,1.92,1.93,4322,0
20130827,1.94,1.94,1.85,1.85,12900,0
20130828,1.98,1.98,1.81,1.85,45326,0
20130829,1.86,1.9,1.85,1.85,21830,0
20130830,1.7701,2.13,1.7701,2.08,700,0
20130903,2.09,2.09,2.06,2.08,6660,0
20130904,2.12,2.13,2,2,74435,0
20130905,2,2,1.95,1.97,5950,0
20130906,2,2.11,1.99,1.99,13365,0
20130909,2,2.2,1.8752,2.2,52334,0
20130910,2.2,2.48,1.91,1.96,273751,0
20130911,2.11,2.2025,1.91,1.94,78809,0
20130912,1.96,2.02,1.94,1.95,14235,0
20130913,2,2.07,1.95,2.07,49136,0
20130916,2.16,2.16,1.98,2.11,115106,0
20130917,2.03,2.14,2.03,2.05,6070,0
20130918,2.12,2.12,2.04,2.12,13690,0
20130919,2.08,2.13,2.08,2.13,8789,0
20130920,2.06,2.13,2.06,2.12,3700,0
20130923,2.0401,2.13,2.0401,2.1,7001,0
20130924,2.13,2.29,2.11,2.29,39200,0
20130925,2.27,2.29,2.19,2.29,23300,0
20130926,2.29,2.29,2.27,2.28,5400,0
20130927,2.28,2.3,2.18,2.18,20300,0
20130930,2.15,2.18,2.14,2.14,20100,0
20131001,2.14,2.19,2.14,2.15,15800,0
20131002,2.17,2.32,2.17,2.25,9300,0
20131003,2.32,2.32,2.21,2.3,11300,0
20131004,2.25,2.45,2.25,2.45,26500,0
20131007,2.43,4.91,2.43,4.54,1092800,0
20131008,4.5,6.95,4.5,6.18,3708800,0
20131009,5.78,7.87,5.32,6.36,4408200,0
20131010,6.04,7.19,5.86,6.11,1963100,0
20131011,5.88,6.38,5.71,6.26,1151600,0
20131014,6.03,9.95,6,9.29,2833800,0
20131015,9.25,15.6,8.63,13.89,6513850,0
20131016,15.28,18,11.12,11.75,4177444,0
20131017,11.22,13.34,9.25,9.46,2005400,0
20131018,10,11.39,9.51,10.25,1435900,0
20131021,10.94,12.95,10.19,12.28,2052506,0
20131022,13.1,13.5,11.8,12.31,777800,0
20131023,12.25,12.25,10.9,11.04,484700,0
20131024,10.63,11.29,9.49,9.6,423900,0
20131025,9.18,9.45,7.8,7.99,678000,0
20131028,8.16,9.63,8.02,8.65,662900,0
20131029,8.56,8.56,7.71,7.89,580975,0
20131030,7.85,8.35,7.52,7.79,243700,0
20131031,7.82,7.82,6.89,7.04,321285,0
20131101,7.07,8.25,6.86,8.05,463700,0
20131104,7.8,8.13,6.96,6.96,497600,0
20131105,7,7.25,6.48,6.51,338300,0
20131106,6.44,7.18,6.04,6.94,613700,0
20131107,6.72,6.9,5.81,5.82,385400,0
20131108,5.8,6.21,5.65,5.65,207300,0
20131111,5.63,9.1,5.51,9.1,2371680,0
20131112,8.79,10.8,7.85,8.39,2262944,0
20131113,8.39,9.4,8.02,8.9,999200,0
20131114,8.9,9.39,8.1,8.84,647391,0
20131115,8.89,11.55,8.81,10.64,1681850,0
20131118,11.25,11.5,9.16,10.1,1114300,0
20131119,8.98,9.78,8.31,8.89,533300,0
20131120,9,10.3,9,9.39,508500,0
20131121,9.5,9.68,8.78,9.08,220700,0
20131122,9.07,9.07,8.5,8.69,151300,0
20131125,8.75,9.5,8.15,9.02,434400,0
20131126,9.05,9.41,8.61,9,177104,0
20131127,8.91,9.15,8.51,8.59,121600,0
20131129,9,9.75,8.57,8.746,354812,0
20131202,9.34,9.34,8.8,8.81,76200,0
20131203,8.85,9.14,8.51,8.57,95351,0
20131204,8.67,9,8.61,8.72,92600,0
20131205,8.9,9.42,8.73,8.99,266500,0
20131206,9.01,10.57,8.93,10.35,682026,0
20131209,10.49,11.4,10.2,10.64,495185,0
20131210,10.95,11.5,10.65,11.37,521600,0
20131211,11.38,12.1,11.1,11.31,469000,0
20131212,11.3,11.78,11.2,11.4,252500,0
20131213,11.4,12.82,11.4,12.79,722125,0
20131216,12.81,13.03,12.3,12.81,712400,0
20131217,12.9,13,12.61,12.9,150900,0
20131218,12.95,15.9,12.95,15.06,910700,0
20131219,15.5,17.33,15.5,16.99,649225,0
20131220,16.86,17.26,16.11,17.15,390300,0
20131223,17.29,18.48,16.61,17.09,504752,0
20131224,17.01,18.97,16.7,18.96,515889,0
20131226,19.5,25.94,19.31,24.3,1578329,0
20131227,25.95,31.63,25.14,31.2,1635700,0
20131230,31,31,23.11,23.8,1381650,0
20131231,22.97,26.55,21.94,23.8,828900,0
20140102,24.11,25.07,22.251,22.78,316534,0
20140103,22.34,25.92,22.33,22.99,832853,0
20140106,23,23.73,20.01,20.22,380600,0
20140107,20.04,21.7,19.59,20.29,238728,0
20140108,20.29,21.36,19.5,19.93,316710,0
20140109,19.8,20.5,18.86,19.33,148244,0
20140110,19.19,24.65,19.19,24.42,730279,0
20140113,25.03,25.16,21.5,21.93,726120,0
20140114,21.82,22.91,20.9,22.05,129000,0
20140115,21.99,24.35,21.99,22.26,247800,0
20140116,21.97,25.45,21.97,24.83,290400,0
20140117,25,25.4,23.76,24.61,152752,0
20140121,25,25.3,24,24.19,138100,0
20140122,36.05,36.71,27.77,28.15,1844450,0
20140123,27.88,29.71,26.56,29.27,320400,0
20140124,28,29.93,27.2,28.1,179400,0
20140127,28.12,29.26,25.01,25.33,215400,0
20140128,25.29,26.97,25.29,26.5,98100,0
20140129,26.18,27.47,25.51,25.93,98450,0
20140130,26.19,26.93,26.03,26.27,45800,0
20140131,25.99,26.584,25,25.6,50151,0
20140203,26,26.89,23.64,23.7,115647,0
20140204,23.73,24.95,22.501,22.9,109960,0
20140205,23.1,23.91,22.15,22.93,103560,0
20140206,23.46,23.63,22.31,22.86,61492,0
20140207,22.67,24.37,22.5,24.27,79570,0
20140210,25,25.5,24.55,25.49,75527,0
20140211,25.356,25.54,23.91,24.5,73212,0
20140212,24.5,25.21,24.5,24.95,40192,0
20140213,24.81,26.1,24.37,25.36,110458,0
20140214,26.08,28.15,25.26,26.79,232016,0
20140218,27.8,28.66,27,27.5,205292,0
20140219,27.7,28.85,26.81,27.48,218342,0
20140220,27.36,28.324,27.31,27.55,60934,0
20140221,27.55,27.65,26.05,26.05,111287,0
20140224,26.18,26.445,24.6,25.18,118789,0
20140225,24.96,25.07,24.05,24.18,106201,0
20140226,24.49,25.43,24.29,24.82,44584,0
20140227,25.06,25.99,25.05,25.49,40426,0
20140228,25.69,25.7,24.2,24.37,142599,0
20140303,23.92,24.79,23.8,23.98,61400,0
20140304,24.12,25.769,24.12,25,116318,0
20140305,25,27.48,24.8,27.34,180747,0
20140306,27.89,28.65,25.99,26.08,159810,0
20140307,27.59,27.59,26.12,26.56,65348,0
20140310,27.04,27.04,25.32,25.49,80560,0
20140311,25.33,25.33,24,24.18,97168,0
20140312,24.01,24.01,22.62,23.46,68878,0
20140313,23.5,24.38,23.02,23.21,55878,0
20140314,23.17,23.99,22.5,22.65,51766,0
20140317,23.66,23.66,22.04,22.35,81164,0
20140318,22.11,24.58,21.5,23.86,112579,0
20140319,24,24.88,22.981,23.03,35948,0
20140320,22.75,23.125,21.42,21.77,86824,0
20140321,22.07,22.564,20.05,20.27,120409,0
20140324,20.001,20.94,19.114,20.37,94368,0
20140325,20.2,20.99,18.236,18.6,81422,0
20140326,18.93,19,17,17,135500,0
20140327,16.99,16.99,15,16.13,219781,0
20140328,16.18,18.66,16.18,18.1,154831,0
20140331,18.82,19.99,17.5,17.74,190087,0
20140401,17.75,20.6,17.49,20.39,250104,0
20140402,22,24.66,22,24.05,397961,0
20140403,23.64,24.399,22.611,23.3,145278,0
20140404,23.45,24.68,23.395,23.75,97747,0
20140407,23.68,24.5,22.91,24.1,60985,0
20140408,24.44,28.55,23.83,28.38,269128,0
20140409,28.88,32,27,28,372627,0
20140410,28.1,29.34,23.96,24.32,227248,0
20140411,23.01,25.78,23.01,24.8,133142,0
20140414,24.69,25.24,22.01,22.39,107305,0
20140415,22.45,22.45,20.838,21.89,92558,0
20140416,22.27,22.99,21.38,21.66,34592,0
20140417,21.67,22.199,21.2,21.75,41323,0
20140421,21.96,21.96,20.9,21.2,33024,0
20140422,20.77,22.52,20.652,21.64,47848,0
20140423,23.17,24.76,22,22.81,94543,0
20140424,23.25,23.25,22.15,22.69,78720,0
20140425,22.39,23.5,21.16,21.18,30713,0
20140428,21.12,21.934,20,20.44,68170,0
20140429,20.41,21.3,20.41,20.62,18038,0
20140430,20.27,20.4,18.71,19.74,57009,0
20140501,19.7,20.54,19.7,20.07,27934,0
20140502,19.15,19.91,18.05,18.6,40574,0
20140505,18.71,19.28,18.38,18.69,14971,0
20140506,18.5,19,18.39,18.4,45708,0
20140507,18.35,18.35,16.796,17.51,81704,0
20140508,17.53,17.82,17.16,17.16,16671,0
20140509,16.72,18.135,16.6,18.08,30740,0
20140512,18.77,20.35,18.33,19.84,146607,0
20140513,20.62,20.74,19.356,19.94,37079,0
20140514,19.92,20.1,19.31,19.82,20514,0
20140515,19.58,19.874,19.01,19.81,22085,0
20140516,19.77,20.2,19.5,20.12,34967,0
20140519,19.94,20.48,19.29,19.4,16045,0
20140520,19.19,19.59,19.02,19.59,21079,0
20140521,19.77,19.79,18.85,19.05,25955,0
20140522,19.16,19.73,17.95,18.26,44496,0
20140523,18.19,18.27,17.14,18.026,39073,0
20140527,18.04,18.78,17.5,17.76,46209,0
20140528,17.71,17.97,17.16,17.62,20215,0
20140529,17.86,18.69,17.58,18.27,9020,0
20140530,18.23,18.23,17.69,18.01,10141,0
20140602,17.59,18.01,17.55,17.61,14152,0
20140603,17.61,18.1,17.38,17.9,19180,0
20140604,17.9,18.08,17.414,17.91,15158,0
20140605,18,18,17.56,17.79,20848,0
20140606,17.78,18.96,17.4,18.85,28399,0
20140609,18.85,19.099,18.19,18.42,8964,0
20140610,18.62,18.71,17.8,17.97,23700,0
20140611,17.76,17.82,17.1,17.59,14607,0
20140612,17.4,17.82,17.4,17.48,4933,0
20140613,17.5,18.015,17.24,17.46,14607,0
20140616,17.41,17.41,17.083,17.17,8592,0
20140617,17.07,18,17.07,17.96,13261,0
20140618,17.96,18.765,17.96,18.38,21499,0
20140619,18.38,18.999,18.38,18.7,18715,0
20140620,18.64,18.83,18.18,18.48,7916,0
20140623,18.53,18.88,18.169,18.68,12634,0
20140624,18.72,18.895,18.15,18.5,6009,0
20140625,18.18,18.89,18,18.51,9131,0
20140626,18.18,18.79,18.01,18.37,10558,0
20140627,18.07,18.29,16.8,16.95,60475,0
20140630,16.98,17.89,16.98,17.18,11110,0
20140701,17.42,17.5,17,17.19,13948,0
20140702,17.25,18.09,17.01,17.68,27200,0
20140703,17.5,17.5,17.2,17.47,4947,0
20140707,17.37,17.72,17.037,17.31,4830,0
20140708,17.03,17.05,16.51,16.58,23995,0
20140709,16.5,16.89,16.5,16.51,13371,0
20140710,16.15,16.48,15.36,15.82,26889,0
20140711,15.39,15.8,15.04,15.12,34378,0
20140714,14.91,15,12.55,12.78,147012,0
20140715,12.56,13.44,12.55,13.11,40629,0
20140716,13.47,13.85,13,13.09,21322,0
20140717,12.98,13.02,12.03,12.43,25981,0
20140718,12.465,12.98,12.465,12.83,7722,0
20140721,12.59,13.17,12.33,12.97,16114,0
20140722,13.16,13.17,12.57,13,12769,0
20140723,13.01,13.72,12.82,13.3,15081,0
20140724,13.49,14.73,13.368,14.49,26915,0
20140725,14.68,14.69,14.1,14.4,23212,0
20140728,15,18,14.94,17.52,206891,0
20140729,18,19.23,17.65,18.65,149611,0
20140730,18.79,18.79,17.66,18.02,62702,0
20140731,17.52,18.26,17,17.07,42106,0
20140801,17.12,17.35,14.76,15.53,53197,0
20140804,15.85,16.3,15.76,15.79,21462,0
20140805,15.19,15.97,14.52,14.83,21511,0
20140806,14.58,15.63,14.5,15.34,33627,0
20140807,15.16,15.72,14.728,15.15,28074,0
20140808,15.38,15.65,14.4,14.63,14427,0
20140811,14.62,15.75,14.51,15.74,41136,0
20140812,15.5,16.3,15.5,16.25,14470,0
20140813,16.11,16.2,15.125,16.2,25024,0
20140814,16.3,17.039,16.22,16.7,28377,0
20140815,16.64,16.89,16.1,16.39,7141,0
20140818,16.67,16.79,16.09,16.37,27912,0
20140819,16.62,16.62,15.8,16.34,15757,0
20140820,17.17,18.55,17.09,17.45,101655,0
20140821,17.26,17.26,16.4,16.71,37595,0
20140822,16.42,16.7,15.93,16.42,13748,0
20140825,16.3,16.55,15.62,16.1,18798,0
20140826,15.86,16.4,15.78,16.1,23390,0
20140827,16,16.44,16,16,21117,0
20140828,16.418,16.418,15.5,15.6,14446,0
20140829,15.86,16.75,15.19,15.55,67900,0
20140902,15.6,15.68,15.103,15.31,16897,0
20140903,15.355,15.873,15.283,15.298,14482,0
20140904,15.17,15.49,15,15,15278,0
20140905,15.11,15.49,15,15.49,14036,0
20140908,15.21,15.48,15.11,15.26,11673,0
20140909,15.15,15.28,14.81,14.91,7081,0
20140910,14.9,15.19,14.33,14.35,11758,0
20140911,14.3,14.42,13.85,13.85,15257,0
20140912,13.6,14.42,13.6,14.42,11653,0
20140915,14.24,14.57,14.14,14.22,9601,0
20140916,14.31,14.78,14.24,14.3,6250,0
20140917,14.494,14.589,14.38,14.41,1941,0
20140918,14.46,14.47,14.01,14.04,6026,0
20140919,13.99,13.99,13.8,13.8,4578,0
20140922,13.8,14.28,13.56,13.69,6313,0
20140923,13.44,13.48,12.655,12.701,14277,0
20140924,13.54,13.87,12.77,13.42,9677,0
20140925,13.41,13.768,12.5,12.64,20762,0
20140926,12.64,13.55,12.51,12.645,8482,0
20140929,12.56,12.72,12.01,12.3,8664,0
20140930,12.21,12.42,11.25,11.26,17816,0
20141001,11.27,11.27,10.61,10.88,16110,0
20141002,10.9,11.4,10.9,11.21,3267,0
20141003,11.6,12.1,11.33,11.64,7649,0
20141006,11.82,12.1,11.408,11.58,3743,0
20141007,11.52,11.855,11.52,11.7,2632,0
20141008,11.8,11.8,10.85,10.88,7756,0
20141009,10.86,11.439,10.45,10.47,9754,0
20141010,10.5,10.701,9.95,10.42,21984,0
20141013,10.45,11,10.43,10.86,9172,0
20141014,10.84,10.84,9.4,10.55,9337,0
20141015,9.01,10.72,9.01,9.78,5638,0
20141016,9.689,10,9.2601,9.81,6061,0
20141017,9.83,10.45,9.83,10.27,10291,0
20141020,10.87,10.87,10.39,10.48,1332,0
20141021,10.4,11,10.4,10.834,19365,0
20141022,10.84,10.99,10.75,10.75,6920,0
20141023,10.74,12,10.67,11.65,13513,0
20141024,11.44,11.61,11.2,11.59,5000,0
20141027,11.46,11.96,11.41,11.41,5955,0
20141028,11.48,11.68,11.19,11.22,9833,0
20141029,10.87,10.95,10.48,10.48,8336,0
20141030,10.46,10.65,9.08,9.45,32593,0
20141031,9.6,10.27,9.6,9.86,19130,0
20141103,10,10.04,9.7,9.96,5583,0
20141104,9.566,10,9.549,9.9,13232,0
20141105,9.7,9.832,9.53,9.53,8737,0
20141106,9.39,9.69,9.22,9.22,12975,0
20141107,9.45,10.05,9.45,9.98,29434,0
20141110,9.9,9.95,9.2001,9.9,9554,0
20141111,9.86,10.2,9.85,9.97,12206,0
20141112,10,10.44,10,10.26,19388,0
20141113,10.13,10.439,10.1,10.39,28498,0
20141114,10.27,10.27,9.5,9.61,24916,0
20141117,9.78,10.4,9.78,10,21773,0
20141118,10,10.39,10,10.3,12486,0
20141119,10.3,10.5,10.2,10.49,27345,0
20141120,10.5,10.8,10.5,10.56,10773,0
20141121,10.81,10.81,10.55,10.55,12791,0
20141124,10.6,10.64,10.5,10.51,4981,0
20141125,10.52,10.69,10.5,10.68,7364,0
20141126,10.79,10.79,10.5,10.5,5069,0
20141128,10.4,10.62,10.3,10.302,4131,0
20141201,10.2,10.3,9.22,9.44,24444,0
20141202,9.98,10.09,9.45,9.7,21163,0
20141203,9.81,10.9,9.69,10.35,18764,0
20141204,10.4,10.56,9.77,9.77,13616,0
20141205,9.9,10.46,9.7,10.46,8350,0
20141208,10.35,10.35,9.8,9.8,15635,0
20141209,9.82,9.92,9.48,9.48,4280,0
20141210,9.48,9.66,9.3126,9.33,4773,0
20141211,9.39,9.77,9.36,9.37,5738,0
20141212,9.43,9.65,9.3868,9.54,2202,0
20141215,9.61,9.61,9.449,9.562,4114,0
20141216,9.61,9.61,8.546,9.42,14406,0
20141217,9.497,9.67,9.24,9.24,11460,0
20141218,9.2,10.57,9.0001,10.13,29788,0
20141219,10.13,11.11,9.75,10.75,48957,0
20141222,10.74,10.75,9.988,10.2,7919,0
20141223,10.2,10.51,10.2,10.35,18895,0
20141224,10.37,10.39,10.28,10.28,8236,0
20141226,10.31,10.88,10.31,10.46,5370,0
20141229,10.46,10.658,9.51,9.51,14777,0
20141230,9.65,9.87,9.568,9.585,6184,0
20141231,9.58,9.73,9.5,9.73,5316,0
20150102,9.78,9.8,9.601,9.75,7455,0
20150105,9.67,9.67,9.4,9.43,4559,0
20150106,9.6,9.6,9.44,9.44,760,0
20150107,9.34,9.51,9.21,9.21,1640,0
20150108,9.31,9.42,9.27,9.27,3136,0
20150109,8.54,9.01,8.53,8.79,12941,0
20150112,8.78,9.3,8.73,9.3,5495,0
20150113,9.24,9.49,9.1,9.14,13440,0
20150114,9,9.2,8.8436,9.19,6688,0
20150115,9.07,9.48,8.92,8.92,10245,0
20150116,8.95,9.12,8.9243,9.025,5911,0
20150120,8.94,9.08,8.94,8.952,2290,0
20150121,8.9501,9.14,8.95,9.08,9677,0
20150122,8.9301,9.001,8.93,9.001,1561,0
20150123,8.96,9.05,8.93,9,8424,0
20150126,9.09,9.39,8.95,9.2,21686,0
20150127,9.21,9.28,9.15,9.22,8179,0
20150128,9.44,9.44,9.0101,9.09,1150,0
20150129,9.0799,9.1,9.035,9.0999,1936,0
20150130,9.0155,9.0155,8.6101,8.6101,630,0
20150202,8.65,8.9995,8.65,8.9799,3189,0
20150203,8.82,8.9,8.82,8.9,2168,0
20150204,9,9,8.65,8.9499,5897,0
20150205,8.8,9.5,8.661,9.0988,21824,0
20150206,9.35,9.4,9.05,9.39,13590,0
20150209,9.5,9.87,9.468,9.87,8035,0
20150210,9.77,9.98,9.75,9.98,10124,0
20150211,9.94,10.5,9.94,10.31,19896,0
20150212,10.6,11.3,10.6,11.29,31042,0
20150213,11.476,13.158,11.38,12.9,60934,0
20150217,12.74,16.72,12.74,16.7,180366,0
20150218,16.68,17.43,15.3,16.1,102423,0
20150219,16.49,16.49,15.5,16,22146,0
20150220,16,16,14.2,14.42,45258,0
20150223,14.13,14.131,11.86,12.89,66988,0
20150224,12.49,12.5,11.9,12.01,21513,0
20150225,12.133,13.599,12.133,13.33,37913,0
20150226,14.092,14.5,13.01,13.23,21976,0
20150227,12.93,13.5,12.93,13.5,4129,0
20150302,12.74,13.17,12.5,12.51,17800,0
20150303,12.54,12.78,12.31,12.31,1800,0
20150304,12,12.25,11.2,11.84,32100,0
20150305,11.65,12.3,11.65,12.01,38500,0
20150306,11.7,12.08,11.3,11.3,16300,0
20150309,11.22,11.8,9.95,10.46,29200,0
20150310,10.18,10.92,9.8,9.91,33400,0
20150311,10.06,10.21,9.78,9.84,17800,0
20150312,10.28,10.28,9.5,9.54,14900,0
20150313,9.6,9.86,9.35,9.5,17100,0
20150316,9.7,9.99,9.21,9.4,34200,0
20150317,9.45,9.74,9.26,9.36,12400,0
20150318,9.4,11.04,9.4,10.35,48500,0
20150319,10.38,12.49,10.38,12.49,77800,0
20150320,12.61,14.72,12.21,12.39,106400,0
20150323,10.97,12.86,10.97,11.9,25500,0
20150324,11.89,12.6,11.72,12.19,36100,0
20150325,12.49,13.39,12.46,13.18,53900,0
20150326,13.02,13.66,12.64,13.09,18700,0
20150327,13.17,13.4,12.96,13.13,4900,0
20150330,13.49,14,13.01,13.47,26500,0
20150331,13.5,14,13.05,13.98,36243,0
20150401,13.75,13.99,13.55,13.79,13100,0
20150402,13.98,14.05,13.62,14.05,7500,0
20150406,14.22,14.22,12.31,13.18,23500,0
20150407,13.25,14,12.77,14,22031,0
20150408,13.97,14.42,13.41,13.81,12700,0
20150409,13.82,14.71,13.82,14.492,33912,0
20150410,14.78,14.85,14.13,14.34,17500,0
20150413,14.59,14.59,13.91,14,8900,0
20150414,13.84,14.09,13.68,13.82,12100,0
20150415,14.07,14.78,13.82,14.19,45490,0
20150416,14.49,15.5,14.49,15.45,58680,0
20150417,15.61,16,14.65,14.65,59800,0
20150420,14.88,16.34,14.88,15.35,113845,0
20150421,15.86,15.86,14.449,15,43684,0
20150422,12,15.67,12,14.44,184137,0
20150423,14.37,15.49,13.56,15,54600,0
20150424,14.91,15.165,14.15,14.97,25153,0
20150427,14.81,14.98,14.51,14.81,16200,0
20150428,14.74,14.91,14.45,14.91,10300,0
20150429,14.95,14.98,14.47,14.75,3300,0
20150430,14.65,14.77,14.5,14.56,11900,0
20150501,14.64,14.87,14.25,14.61,7100,0
20150504,14.55,14.6,14.2,14.34,25200,0
20150505,14.39,14.42,13.28,13.6,12100,0
20150506,13.95,13.95,13.415,13.72,1868,0
20150507,13.85,13.94,12.97,13.25,7141,0
20150508,14.25,14.33,12.72,13.21,20700,0
20150511,13.43,13.66,13.01,13.06,11600,0
20150512,13.14,13.14,12.51,12.91,20217,0
20150513,12.85,13.37,12.56,13,9000,0
20150514,13.3,13.85,13.3,13.53,8800,0
20150515,13.9,13.9,13.48,13.48,19389,0
20150518,13.6,13.985,13.58,13.95,19637,0
20150519,13.95,13.95,13.53,13.6,21808,0
20150520,13.62,13.7,12.8,12.85,19500,0
20150521,13.65,13.65,12.5,12.58,11600,0
20150522,12.89,13.69,12.8,12.87,5100,0
20150526,13.12,13.77,13.1,13.51,22556,0
20150527,13.6,13.72,13.26,13.52,29300,0
20150528,13.54,13.54,13.11,13.14,14965,0
20150529,13.2,13.75,13.2,13.62,17400,0
20150601,13.75,13.75,12.99,13.14,48308,0
20150602,13.07,13.74,13,13.21,42039,0
20150603,13.37,16.3,13.37,15.74,206600,0
20150604,16.5,19.87,16.5,17.75,826100,0
20150605,17.13,17.76,15.84,17.38,159200,0
20150608,18,18,16.82,17.41,80000,0
20150609,16.07,16.99,14.9,15.06,127062,0
20150610,15.06,16.2,15.06,15.52,87605,0
20150611,15.02,16.49,15.02,16.28,91298,0
20150612,15.93,16.5,15.63,16.09,63800,0
20150615,16.01,16.64,15.45,15.65,66700,0
20150616,15.22,15.61,14.24,14.75,83000,0
20150617,14.89,15.73,14.89,15.05,35300,0
20150618,14.84,15.35,14.47,15.31,22400,0
20150619,15.44,15.44,14.72,14.86,18900,0
20150622,14.92,15.58,14.59,15.15,61500,0
20150623,15.21,15.3,14.6,15.15,51668,0
20150624,14.87,15.07,14.31,14.49,18100,0
20150625,14.51,14.72,14.26,14.65,28900,0
20150626,14.36,14.59,12.96,12.96,48000,0
20150629,12.04,12.55,11.02,11.76,84600,0
20150630,11.9,12.7,11.9,12.3,33423,0
20150701,12.37,12.41,11.55,11.6,27900,0
20150702,11.87,11.88,10.5,10.65,60500,0
20150706,10.54,10.54,9.07,9.76,61000,0
20150707,9.55,9.6,8.52,8.59,86600,0
20150708,8.34,8.34,7.34,7.4,120600,0
20150709,8.38,10.21,8.12,9.99,275000,0
20150710,10.61,12,10.4,11.82,277800,0
20150713,11.91,12.39,11.67,12,162700,0
20150714,12.15,14,11.51,11.84,183630,0
20150715,12,12.49,10.88,11.14,69854,0
20150716,11.05,11.74,10.7,11.55,45600,0
20150717,11.49,11.94,10.73,10.97,55300,0
20150720,10.97,10.97,10.19,10.4,33800,0
20150721,10.35,11.33,10.35,11.07,44300,0
20150722,11.12,11.22,10.64,10.83,12100,0
20150723,11.08,11.12,10.64,10.78,8700,0
20150724,10.86,10.86,10.24,10.55,46000,0
20150727,10.15,10.35,9.41,9.9,24000,0
20150728,9.86,10.46,9.56,10.4,24000,0
20150729,9.38,10.7,9.38,10.05,32100,0
20150730,9.72,10.45,9.72,9.92,122000,0
20150731,10,10.56,10,10.56,13500,0
20150803,10.21,10.61,10.03,10.39,30110,0
20150804,10.53,11.13,10.4,10.92,33200,0
20150805,11.28,11.35,10.62,11.19,17700,0
20150806,11.02,11.18,10.95,11.03,4702,0
20150807,11.1,11.34,10.07,10.07,22800,0
20150810,10.52,10.96,10.38,10.58,22000,0
20150811,10.63,11.01,10.57,10.79,13801,0
20150812,10.53,10.9,9.66,10.65,18000,0
20150813,10.45,10.6,10.45,10.47,2500,0
20150814,10.56,10.75,10.11,10.4,16000,0
20150817,10.32,10.88,9.83,10.7,19900,0
20150818,10,11.27,10,10.54,19600,0
20150819,10.51,10.86,10.05,10.05,7400,0
20150820,9.95,10.52,9.68,10.13,30400,0
20150821,9.99,10.74,9.9,9.9,17900,0
20150824,8.74,9.2,8.1101,8.12,92148,0
20150825,8.98,9.17,8.5,8.72,20000,0
20150826,8.94,8.94,8.37,8.64,29000,0
20150827,8.73,9.7,8.73,9.31,20700,0
20150828,9.17,10.5,9.17,9.26,18000,0
20150831,9.01,9.68,9.01,9.66,11200,0
20150901,9.39,9.71,8.24,9.01,7000,0
20150902,9.2,9.47,8.64,8.75,18900,0
20150903,8.98,9.05,8.75,8.82,5500,0
20150904,8.67,8.72,8.31,8.31,11500,0
20150908,8.35,9.23,8.35,8.97,26400,0
20150909,9.22,9.22,8.61,8.61,7500,0
20150910,8.56,8.57,8.3301,8.4,4241,0
20150911,8.69,9.04,8.47,8.51,5900,0
20150914,8.5,8.76,8.5,8.71,7200,0
20150915,8.5,8.5,8.18,8.18,45400,0
20150916,8.3,9.2,8.29,8.51,24200,0
20150917,8.33,8.54,8.25,8.26,16392,0
20150918,8.05,8.38,8.05,8.15,10700,0
20150921,8.21,8.39,7.88,7.88,24600,0
20150922,7.8,8.46,7.63,8.04,29400,0
20150923,8.07,8.2,7.65,7.92,15751,0
20150924,7.92,7.99,7.92,7.99,464,0
20150925,8.12,8.12,7.87,7.92,7400,0
20150928,7.85,7.8999,7.55,7.71,22665,0
20150929,7.7,7.79,7.7,7.7,3600,0
20150930,7.79,8.12,7.73,8,4800,0
20151001,8,8,7.78,7.8,2000,0
20151002,7.96,8,7.7,8,4400,0
20151005,7.97,8.6799,7.97,8.67,19225,0
20151006,8.67,9.25,8.6,9.09,16900,0
20151007,8.65,9.05,8.65,9.04,7000,0
20151008,9.25,9.38,8.81,9.15,11100,0
20151009,8.94,9.17,8.82,9.14,14700,0
20151012,9.24,9.5,9.2,9.48,7634,0
20151013,9.35,9.52,8.85,9.14,25700,0
20151014,9.03,9.26,8.82,9.05,14700,0
20151015,8.94,9.15,8.27,8.6,28700,0
20151016,8.67,8.8,8.27,8.53,12300,0
20151019,8.47,9.1,8.47,9,9484,0
20151020,9.1,9.7,9.075,9.33,39096,0
20151021,9.09,9.99,9.09,9.57,69900,0
20151022,9.57,10.28,9.57,9.91,26500,0
20151023,10,10,9.46,9.97,17700,0
20151026,9.74,9.91,9.1,9.91,28600,0
20151027,9.51,10.34,9.21,10,38600,0
20151028,10.06,10.76,9.65,10.5,53000,0
20151029,10.55,11.55,10.55,10.83,51000,0
20151030,11,11,10.18,10.32,13800,0
20151102,10.42,10.676,10,10.1,19096,0
20151103,10.13,10.48,10.05,10.29,8800,0
20151104,9.98,10.6,9.98,10.46,27429,0
20151105,10.46,10.47,9.78,9.78,26000,0
20151106,10.2,10.2,9.27,9.68,14900,0
20151109,9.68,9.99,9.43,9.72,26661,0
20151110,9.42,9.52,9.21,9.52,5800,0
20151111,9.54,9.54,8.92,9.5,9200,0
20151112,9.3,9.5,9.11,9.5,4600,0
20151113,9.3,9.31,8.56,9.29,16300,0
20151116,9.1,9.1,8.57,8.93,12000,0
20151117,8.9,9.02,8.66,8.95,8400,0
20151118,8.9,8.96,8.62,8.95,7700,0
20151119,8.9,9.5,8.81,9.5,6800,0
20151120,9.5,9.81,9.15,9.23,21900,0
20151123,9.11,9.6,9.07,9.58,11300,0
20151124,9.05,9.96,9.05,9.38,21900,0
20151125,9.64,9.93,9.64,9.71,2900,0
20151127,9.82,9.91,9.35,9.88,3000,0
20151130,9.57,10.4,9.57,10.06,25100,0
20151201,10.23,11.78,10.22,10.3,33951,0
20151202,10.57,10.817,10.1,10.2,21365,0
20151203,10.37,11.34,10.04,10.41,29005,0
20151204,10.04,10.1,9.62,9.77,19300,0
20151207,9.8,9.9,9.47,9.47,8700,0
20151208,9.75,9.75,9.35,9.42,11042,0
20151209,9.7,10.12,9.7,9.78,13700,0
20151210,9.68,9.97,9.6,9.71,6700,0
20151211,9.97,9.99,9.72,9.76,5100,0
20151214,9.9,10.81,9.9,10.2,40882,0
20151215,10.28,10.37,9.79,9.84,23800,0
20151216,9.99,10.37,9.65,9.67,36600,0
20151217,9.92,10.2,9.7,9.7,13400,0
20151218,9.95,10.16,9.72,9.72,17400,0
20151221,9.82,9.95,9.49,9.53,24700,0
20151222,9.65,10.08,9.63,9.73,10570,0
20151223,9.81,10.02,9.69,9.91,3900,0
20151224,9.89,10.17,9.7,9.99,14389,0
20151228,9.83,9.97,9.66,9.81,4630,0
20151229,9.6,9.89,9.57,9.7,7094,0
20151230,9.7,9.88,9.7,9.7099,7861,0
20151231,9.7101,9.815,9.7,9.7,6273,0
20160104,9.8034,9.8034,8.92,9.21,20281,0
20160105,9.19,9.75,9.13,9.28,16592,0
20160106,9.2,9.47,9.2,9.34,9402,0
20160107,9.34,9.5099,9.2,9.2,13856,0
20160108,10.19,10.2,9.2,9.2,20749,0
20160111,9.45,9.45,8.76,8.9899,16678,0
20160112,8.82,9.41,8.8,8.88,7429,0
20160113,8.97,8.98,8.5,8.6,14391,0
20160114,9.01,9.01,8.72,8.9999,5960,0
20160115,9.0001,9.0001,8.05,8.53,47174,0
20160119,8.56,9.04,8.56,8.59,10500,0
20160120,8.65,8.65,8.21,8.3799,7437,0
20160121,8.88,8.92,8.22,8.9,19537,0
20160122,8.9,9,8.5,8.74,11026,0
20160125,8.9,8.9,8.71,8.9,4669,0
20160126,8.62,8.98,8.61,8.98,13984,0
20160127,8.95,9.3101,8.89,9.12,24560,0
20160128,9.05,9.66,9.05,9.4,19602,0
20160129,9.88,10,9.19,9.41,10000,0
20160201,9.347,9.36,8.71,8.71,7049,0
20160202,9.28,9.28,9.01,9.1699,3301,0
20160203,8.9,9.55,8.9,9.25,5847,0
20160204,9.03,9.39,8.95,9.39,4894,0
20160205,9.47,9.9299,9.39,9.45,9262,0
20160208,9.38,9.52,9.15,9.3,25502,0
20160209,9.32,9.49,9.28,9.49,1095,0
20160210,9.17,9.45,9.17,9.2098,775,0
20160211,9.27,9.41,9.1,9.33,2090,0
20160212,9.2,9.265,9.2,9.21,701,0
20160216,10.65,11.29,9.27,9.48,38943,0
20160217,9.38,9.59,9.07,9.53,12094,0
20160218,9.56,9.56,9.12,9.31,9650,0
20160219,9.49,9.52,9.23,9.49,3498,0
20160222,9.22,9.29,9.22,9.22,6760,0
20160223,9.14,9.22,9.1247,9.2,2800,0
20160224,9.17,9.26,8.93,9.26,11539,0
20160225,9.1,9.1984,8.95,8.98,7938,0
20160226,9.19,10,9.18,9.52,13812,0
20160229,9.24,9.6801,9.24,9.42,5675,0
20160301,9.58,9.58,9.25,9.25,3800,0
20160302,9.4,9.5438,9.2901,9.49,5400,0
20160303,9.2401,9.56,9.2401,9.37,8350,0
20160304,9.441,9.45,9.43,9.45,8200,0
20160307,9.33,9.43,8.4775,8.76,30927,0
20160308,9.02,9.35,9,9.02,5780,0
20160309,9.27,9.2901,9.11,9.265,2843,0
20160310,8.94,8.94,8.82,8.89,1940,0
20160311,9.06,9.41,8.84,9.02,5845,0
20160314,9.2,9.84,9.2,9.69,12067,0
20160315,9.813,9.813,9.296,9.74,8838,0
20160316,9.75,9.77,9.6,9.64,3310,0
20160317,9.7095,9.7599,9.6,9.72,2176,0
20160318,9.42,9.71,9.42,9.7,5013,0
20160321,9.57,9.7,9.25,9.6995,7178,0
20160322,9.6865,9.75,9.52,9.75,3447,0
20160323,9.7308,9.74,9.596,9.596,5524,0
20160324,9.72,9.75,9.54,9.55,2851,0
20160328,9.5999,9.5999,9.41,9.41,1250,0
20160329,9.5186,9.5186,9.5186,9.5186,200,0
20160330,9.7324,10.286,9.55,9.9487,43312,0
20160331,9.81,10.28,9.8,10.2,18538,0
20160401,9.84,10.29,9.72,10.15,7213,0
20160404,10.1,10.22,9.91,10.1899,3105,0
20160405,9.99,10.1266,9.874,10.04,6834,0
20160406,9.9,10.1999,9.67,10.18,5200,0
20160407,9.95,9.96,9.8001,9.95,3424,0
20160408,9.953,10.125,9.953,10.0495,1111,0
20160411,10.09,10.1,9.85,9.9599,10390,0
20160412,9.88,10.05,9.84,10.02,2850,0
20160413,9.95,10.05,9.79,9.79,2550,0
20160414,9.75,10,9.75,9.81,6568,0
20160415,9.71,10.1,9.71,9.98,10360,0
