Date,Open,High,Low,Close,Volume,OpenInt
20121031,4.6,4.62,4.5,4.5,79250,0
20121101,4.65,4.83,4.65,4.75,48095,0
20121102,4.65,4.8,4.6,4.6,74046,0
20121105,4.79,4.9,4.53,4.9,51133,0
20121106,4.75,4.77,4.44,4.75,55780,0
20121107,4.64,4.64,4.3994,4.4,14350,0
20121108,4.15,4.3,4,4.12,24001,0
20121109,3.9,4.2399,3.84,4.2,55328,0
20121112,4,4.058,3.9,3.98,23265,0
20121113,3.9,3.97,3.4,3.91,31750,0
20121114,3.66,4.18,3.66,3.9,17771,0
20121115,4,4,3.44,3.6,12800,0
20121116,3.48,3.85,3.3,3.34,72700,0
20121119,3.45,3.8801,3.45,3.88,22381,0
20121120,3.85,3.85,3.3,3.72,19800,0
20121121,3.754,3.84,3.7001,3.83,5449,0
20121123,3.65,3.65,3.65,3.65,300,0
20121126,3.83,3.9999,3.775,3.99,39300,0
20121127,3.9975,3.9975,3.75,3.85,11010,0
20121128,3.85,4.0775,3.85,4,20744,0
20121129,4.09,4.38,3.81,4.12,12626,0
20121130,4.01,4.28,4.01,4.25,7500,0
20121203,4.5,4.5,4.2,4.3,7610,0
20121204,4.39,4.5,4.3,4.43,42945,0
20121205,4.43,4.43,4.2,4.3,20043,0
20121206,4.25,4.4,4.25,4.4,5605,0
20121207,4.5,5.24,4.5,4.82,105574,0
20121210,4.87,4.95,4.551,4.95,52555,0
20121211,4.95,4.95,4.8,4.9,26828,0
20121212,4.77,4.95,4.6,4.78,36105,0
20121213,4.78,4.8,4.7,4.7,9900,0
20121214,4.55,4.975,4.22,4.84,4760,0
20121217,4.8,4.8,4.75,4.8,2772,0
20121218,4.75,4.95,4.62,4.66,49236,0
20121219,4.66,4.72,4.59,4.69,22869,0
20121220,4.6,4.7,4.5,4.6,31344,0
20121221,4.66,4.7,4,4,20538,0
20121224,4.22,4.65,4.11,4.56,16992,0
20121226,4.6,4.64,4.52,4.52,17200,0
20121228,4.5101,4.7,4.5101,4.7,3147,0
20121231,4.02,4.89,4.02,4.89,12531,0
20130102,4.95,4.95,4.06,4.8,6200,0
20130103,4.75,4.75,4.65,4.7,1900,0
20130104,4.8,4.8,4.605,4.7999,12530,0
20130107,4.79,4.85,4.52,4.55,14576,0
20130108,4.6,4.8,4.6,4.75,14996,0
20130109,4.75,4.75,4.6,4.74,3048,0
20130110,4.7,4.8,4.62,4.72,17400,0
20130111,4.67,5.04,4.67,5,114848,0
20130114,4.95,5.25,4.64,4.92,139740,0
20130115,5.15,5.42,5.1,5.42,56228,0
20130116,4.94,5.5,4.94,5.39,41646,0
20130117,5.28,5.44,5.23,5.4,63503,0
20130118,5.359,5.4,5.2505,5.33,9200,0
20130122,5.2,5.39,5,5,16805,0
20130123,5.05,5.25,5.05,5.21,19300,0
20130124,5.1,5.1001,4.8,4.84,18850,0
20130125,4.9,5.1,4.88,5,21931,0
20130128,5,5.1,4.7,4.8999,22900,0
20130129,4.9,4.9,4.69,4.69,4056,0
20130130,4.7,4.79,4.7,4.79,4400,0
20130131,4.9,4.9,4.85,4.9,4875,0
20130201,4.71,5,4.65,4.91,23684,0
20130204,5,5.05,4.75,4.85,20500,0
20130205,5.01,5.01,4.68,4.75,25194,0
20130206,4.8,5.04,4.61,4.75,7526,0
20130207,4.78,4.806,4.64,4.75,33888,0
20130208,4.62,4.65,4.5675,4.65,26805,0
20130211,4.6518,4.6518,4.37,4.5,30711,0
20130212,4.35,4.73,4.35,4.5,15638,0
20130213,4.52,4.6,4.4,4.5,5300,0
20130214,4.6,4.606,4.4,4.57,18082,0
20130215,4.45,4.5001,4.4,4.5,3200,0
20130219,4.42,4.42,4.15,4.2,31612,0
20130220,4.1,4.1001,3.9465,3.98,11816,0
20130221,4,4.1,4,4.05,15700,0
20130222,4,4,3.85,3.9,23242,0
20130225,3.95,4.17,3.72,3.83,24632,0
20130226,3.78,3.9,3.49,3.66,61292,0
20130227,3.57,3.6,3.4,3.5,42956,0
20130228,3.5,3.64,3.23,3.64,48308,0
20130301,3.42,3.72,3.42,3.72,5202,0
20130304,3.75,3.75,3.7,3.72,15900,0
20130305,3.64,3.69,3.59,3.69,7600,0
20130306,3.71,3.7899,3.6,3.608,27250,0
20130307,3.7899,3.7899,3.35,3.5,32458,0
20130308,3.6,3.65,3.54,3.6,6760,0
20130311,3.6,3.6,3.35,3.3999,12971,0
20130312,3.42,3.67,3.35,3.5,37296,0
20130313,3.37,3.47,3.27,3.39,12200,0
20130314,3.47,3.47,3.28,3.4,16822,0
20130315,3.46,3.64,3.45,3.64,24439,0
20130318,3.64,3.64,3.4,3.47,5512,0
20130319,3.4701,3.49,3.4701,3.49,450,0
20130321,3.55,3.6,3.5,3.6,16322,0
20130322,3.65,3.72,3.6499,3.67,9533,0
20130326,3.7,3.8,3.7,3.8,1400,0
20130327,3.85,3.9199,3.8,3.9199,2077,0
20130328,3.902,3.92,3.8,3.8801,4101,0
20130402,4.13,4.13,4.05,4.05,1300,0
20130403,3.91,4,3.77,3.78,2000,0
20130408,3.98,3.98,3.8,3.8,9558,0
20130409,3.76,3.81,3.75,3.77,3876,0
20130410,3.78,4,3.45,3.74,29790,0
20130411,3.53,3.74,3.53,3.73,3650,0
20130415,3.52,3.52,3.52,3.52,100,0
20130416,3.59,3.6,3.5201,3.59,1387,0
20130417,3.54,3.55,3.45,3.5,20684,0
20130418,3.45,3.5899,3.13,3.3,30177,0
20130419,3.3,3.3,3.3,3.3,805,0
20130422,3.36,3.39,3.0513,3.21,21551,0
20130423,3.3,3.3,3.09,3.2,11062,0
20130424,3.09,3.25,3.08,3.25,14170,0
20130425,3.25,3.25,3.05,3.2,35896,0
20130426,3.34,3.7,3.34,3.52,14713,0
20130429,3.61,3.85,3.5,3.6,8643,0
20130430,3.75,3.75,3.66,3.7,7638,0
20130501,3.65,3.65,3.5,3.59,3900,0
20130502,3.51,3.6601,3.51,3.66,4374,0
20130503,3.62,3.72,3.53,3.53,11904,0
20130506,3.65,3.799,3.65,3.71,2211,0
20130507,3.54,3.54,3.54,3.54,100,0
20130508,3.85,3.97,3.85,3.97,4809,0
20130509,3.96,3.96,3.6999,3.8501,4350,0
20130510,3.7,3.85,3.58,3.75,4610,0
20130514,3.7,3.7,3.6,3.6,6601,0
20130515,3.76,3.76,3.68,3.68,7778,0
20130516,3.93,3.93,3.54,3.62,7100,0
20130517,3.75,3.75,3.37,3.6,40926,0
20130520,3.55,3.55,3.4499,3.45,800,0
20130521,3.37,3.4,3.3,3.37,5800,0
20130522,3.34,3.5,3.34,3.5,1279,0
20130523,3.43,3.49,3.23,3.3,13337,0
20130524,3.3,3.45,3.3,3.45,7341,0
20130528,3.55,3.56,3.18,3.23,8849,0
20130529,3.26,3.4199,3.21,3.3,2440,0
20130530,3.3,3.42,3.3,3.42,3200,0
20130531,3.37,3.37,3.3,3.34,42105,0
20130603,3.3101,3.34,3.3101,3.34,1420,0
20130604,3.3,3.3,3.1501,3.25,25296,0
20130605,3.26,3.26,3.26,3.26,100,0
20130606,3.31,3.64,3.31,3.56,7829,0
20130607,3.72,3.72,3.55,3.7,3814,0
20130610,3.69,3.8,3.32,3.5,14000,0
20130611,3.74,3.74,3.32,3.39,13005,0
20130612,3.36,3.37,3.32,3.32,1500,0
20130613,3.4,3.64,3.3,3.59,17286,0
20130614,3.45,3.5,3.4299,3.4299,2600,0
20130617,3.4,3.5,3.33,3.36,2817,0
20130618,3.33,3.55,3.32,3.5,4308,0
20130619,3.5,3.66,3.5,3.66,1700,0
20130620,3.45,3.55,3.33,3.55,909,0
20130621,3.5,3.5,3.5,3.5,100,0
20130624,3.33,3.34,3.25,3.32,30618,0
20130625,3.43,3.68,3.33,3.68,4670,0
20130626,3.68,3.68,3.4,3.6,27598,0
20130627,3.53,3.59,3.53,3.55,11504,0
20130628,3.37,3.51,3.3,3.42,3650,0
20130701,3.43,3.47,3.4,3.42,4077,0
20130702,3.45,3.45,3.44,3.44,1750,0
20130709,3.69,3.7,3.36,3.36,1200,0
20130710,3.69,3.69,3.43,3.6589,19238,0
20130711,3.6,3.77,3.6,3.708,11533,0
20130712,3.82,3.95,3.78,3.92,42680,0
20130715,4,4.12,3.7002,3.9,14810,0
20130716,4.1,4.25,3.9,4.25,39634,0
20130717,4.21,4.468,4.21,4.402,27350,0
20130718,4.4,4.69,4.4,4.43,33212,0
20130719,4.53,4.67,4.5,4.5,9000,0
20130722,4.5,4.69,4.5,4.64,6066,0
20130723,4.69,4.69,4.37,4.4,6207,0
20130724,4.3,4.48,4.29,4.42,4266,0
20130725,4.43,4.43,4.2,4.4,13344,0
20130726,4.48,4.5,4.21,4.5,19492,0
20130729,4.48,4.48,4.2824,4.45,4400,0
20130730,4.5,4.5,4.2601,4.44,11440,0
20130731,4.5,4.5,4.4499,4.45,700,0
20130801,4.44,4.5,4.34,4.449,16709,0
20130802,4.4015,4.45,4.1644,4.45,13105,0
20130805,4.45,4.45,4.116,4.35,10790,0
20130806,4.35,4.35,4.01,4.07,10910,0
20130807,4.23,4.24,4.05,4.23,13064,0
20130808,4.08,4.129,4.08,4.08,4700,0
20130809,4.03,4.03,3.9,3.9,2400,0
20130812,4.25,4.25,3.9998,4.01,18992,0
20130813,3.76,3.9599,3.75,3.89,9804,0
20130814,3.89,3.89,3.87,3.89,6553,0
20130815,3.8001,4.0001,3.8,3.8,10565,0
20130816,3.99,4.2499,3.99,4.11,14592,0
20130819,3.98,4,3.98,3.99,10450,0
20130820,4.01,4.01,3.82,4,3900,0
20130821,3.97,4.12,3.65,4.1,8596,0
20130822,4.02,4.22,4.02,4.2,16589,0
20130823,4.1999,4.31,4.1899,4.25,5847,0
20130826,4.23,4.23,4.04,4.04,5000,0
20130827,4.04,4.25,4.04,4.15,12383,0
20130828,4.05,4.15,4.01,4.02,7386,0
20130829,4.18,4.465,4,4.12,3823,0
20130830,3.9744,4.2399,3.9744,4.2399,2700,0
20130904,4.04,4.04,3.97,4.01,5451,0
20130905,4.23,4.23,4.22,4.22,2000,0
20130906,4.21,4.21,4.12,4.2,600,0
20130909,4.14,4.15,4,4,12900,0
20130910,4.22,4.22,3.94,3.94,6330,0
20130911,4.05,4.11,4,4.1,60300,0
20130912,4.09,4.21,4.06,4.1,4600,0
20130913,4.18,4.3,4.1,4.15,14530,0
20130916,4.11,4.14,3.91,4.06,16344,0
20130917,4.28,4.28,4.08,4.15,9681,0
20130918,4.19,4.44,4.06,4.11,14600,0
20130919,4.35,4.35,4.07,4.13,18767,0
20130920,4.15,4.31,4.1,4.25,25914,0
20130923,4.12,4.13,4.12,4.13,2132,0
20130924,4.2,4.2,3.85,3.97,20600,0
20130925,3.92,4.05,3.9,4,17400,0
20130926,4,4.2,4,4.01,2100,0
20130927,4.1,4.15,4.06,4.15,1925,0
20130930,4.12,4.19,4.07,4.19,4200,0
20131001,4.07,4.07,4.07,4.07,2100,0
20131002,4.1,4.1,4,4,5100,0
20131003,4,4.04,3.94,3.94,20500,0
20131004,4,4.15,4,4.08,29200,0
20131007,4.1,4.1,3.9,4.05,13700,0
20131008,4.05,4.08,4.01,4.05,25789,0
20131009,4.05,4.06,4.01,4.05,11022,0
20131010,4.05,4.1,4.02,4.1,13900,0
20131011,4.05,4.1,4.05,4.1,9800,0
20131016,4.05,4.05,3.95,4,33800,0
20131017,3.98,4,3.98,3.99,1300,0
20131018,3.95,4.05,3.95,4.03,29900,0
20131021,4,4.07,4,4.07,6534,0
20131022,4.02,4.04,4,4.04,5100,0
20131023,4,4.15,4,4.12,40141,0
20131024,4.05,4.15,3.87,4,52500,0
20131025,4.05,4.35,3.95,3.99,70967,0
20131028,3.94,4.44,3.94,4.16,89100,0
20131029,4.38,4.4,4.1,4.16,47300,0
20131030,4.16,4.35,4.16,4.23,9900,0
20131031,4.18,4.5,4.16,4.37,31112,0
20131101,4.41,4.78,4.4,4.48,30100,0
20131104,4.5,4.79,4.5,4.66,25400,0
20131105,4.69,4.77,4.65,4.65,1700,0
20131106,4.61,4.69,4.2,4.28,16200,0
20131107,4.29,4.3,4.22,4.25,7300,0
20131108,4.75,4.75,4.22,4.22,2500,0
20131111,4.26,4.6,4.26,4.5,53400,0
20131112,4.55,4.55,4.36,4.36,12800,0
20131113,4.3,4.7,4.3,4.62,28700,0
20131114,4.69,5,4.6,4.8,28900,0
20131115,4.89,4.89,4.53,4.6,13400,0
20131118,4.9,5,4.57,4.9,34602,0
20131119,4.9,5.1,4.66,5.1,25200,0
20131120,5.09,5.45,5.08,5.2,35700,0
20131121,5.2,5.3,4.81,4.9,27900,0
20131122,4.95,5.03,4.7801,5.03,2960,0
20131125,5,5.16,4.72,4.86,9100,0
20131126,4.85,4.94,4.6501,4.9,81145,0
20131127,4.81,4.82,4.8,4.82,3800,0
20131129,4.8401,4.8401,4.8401,4.8401,1038,0
20131202,4.85,4.98,4.6,4.69,47200,0
20131203,4.79,4.98,4.69,4.69,29693,0
20131204,4.68,4.95,4.54,4.73,55500,0
20131205,4.85,4.85,4.83,4.83,5400,0
20131206,4.76,5.17,4.76,5.0301,60648,0
20131209,5,5.05,4.94,5.05,36789,0
20131210,5.13,5.13,5,5.01,8605,0
20131211,5.15,5.65,5.01,5.4,192800,0
20131212,5.4,5.61,5.3,5.31,102600,0
20131213,5.34,5.62,5.0601,5.55,51122,0
20131216,5.71,5.95,5.26,5.68,53277,0
20131217,5.84,6.88,5.61,5.75,71500,0
20131218,5.65,6.02,5.5,5.51,50100,0
20131219,5.59,5.8,5.21,5.26,26700,0
20131220,5.62,5.65,5.401,5.56,6150,0
20131223,5.65,5.65,5.64,5.64,1296,0
20131224,5.73,5.84,5.32,5.51,9300,0
20131226,5.48,5.7743,5.271,5.73,21730,0
20131227,5.65,5.94,5.64,5.94,30900,0
20131230,5.94,6.1,5.82,5.98,19800,0
20131231,5.98,6.25,5.58,6.25,64100,0
20140102,6.25,6.25,5.85,6.2,24622,0
20140103,6.16,6.6,6.16,6.6,84054,0
20140106,6.55,7.24,6.42,7.18,164400,0
20140107,7.11,7.4,6.69,7.3,140342,0
20140108,7.2,7.34,7.2,7.3,32822,0
20140109,7.27,7.3,6.8999,7.3,59399,0
20140110,7.13,7.3,6.82,7.21,46400,0
20140113,7.2099,7.2099,6.74,7.05,72718,0
20140114,6.85,7.05,6.81,6.98,10600,0
20140115,7.05,7.1,6.79,6.85,33800,0
20140116,6.94,6.95,6.66,6.74,6500,0
20140117,6.72,6.72,6.32,6.53,30102,0
20140121,6.55,6.59,6.4,6.42,18100,0
20140122,6.36,6.61,6.3,6.56,48700,0
20140123,6.48,6.51,6.43,6.45,31800,0
20140124,6.43,6.45,6.09,6.13,58400,0
20140127,5.74,6.19,5.74,5.76,44600,0
20140128,6.31,6.31,5.85,5.94,27500,0
20140129,6.15,6.16,6,6.01,800,0
20140130,6.3,6.31,5.94,6,10100,0
20140131,5.9,6.05,5.9,5.94,29485,0
20140203,6,6,5.554,5.64,23465,0
20140204,5.55,5.99,5.55,5.72,42847,0
20140205,5.61,5.99,5.5,5.99,26823,0
20140206,5.89,5.89,5.61,5.74,22681,0
20140207,5.7,6,5.61,5.7701,8018,0
20140210,5.8,6.1,5.8,6.05,76113,0
20140211,5.9,6.19,5.899,6.05,23653,0
20140212,7.1,7.1,6.16,6.44,654355,0
20140213,6.25,6.4,5.8,6.31,101271,0
20140214,6.2915,6.2915,6.1,6.1101,29452,0
20140218,6,6.34,5.95,6.02,32593,0
20140219,6.26,6.41,6.16,6.25,37294,0
20140220,6.38,6.38,6.3201,6.38,40500,0
20140221,6.4,6.5,6.38,6.5,65126,0
20140224,6.5,6.5,6.3,6.34,50635,0
20140225,6.45,6.45,6.1,6.18,17625,0
20140226,5.82,6.23,5.82,6.2,13661,0
20140227,5.89,6.23,5.89,5.98,63191,0
20140228,6.06,6.34,5.95,5.99,70230,0
20140303,6.32,6.32,5.9,6.07,11672,0
20140304,6.07,6.15,5.83,5.98,9816,0
20140305,6.19,6.19,5.8801,5.93,5040,0
20140306,5.88,6.06,5.53,5.72,71463,0
20140307,5.74,5.85,5.74,5.85,8845,0
20140310,5.83,5.83,5.741,5.76,4700,0
20140311,5.7918,6,5.7918,6,25643,0
20140312,6.17,6.17,5.75,5.95,24327,0
20140313,5.89,6.28,5.8,6.06,62407,0
20140314,6.11,6.15,6.05,6.05,3860,0
20140317,6.0004,6.15,5.875,6.01,17179,0
20140318,6.1299,6.33,6.074,6.3,10648,0
20140319,6.279,6.279,6.04,6.24,19113,0
20140320,6.24,6.25,6.2,6.2,3165,0
20140321,6.19,6.36,6.16,6.261,15580,0
20140324,6.25,6.31,6.2,6.21,23419,0
20140325,6.21,6.36,6.17,6.2,43307,0
20140326,6.24,6.3,6.15,6.3,68100,0
20140327,6.25,6.25,6.04,6.23,9100,0
20140328,6.18,6.2,6.1,6.17,10145,0
20140331,6.2,6.41,6.1997,6.35,53645,0
20140401,6.37,6.41,6,6.35,58814,0
20140402,6.23,6.29,5.91,6.14,21606,0
20140403,6.17,6.17,5.92,6.04,20403,0
20140404,6.03,6.03,5.95,5.96,3820,0
20140407,5.91,6.1,5.91,6,24645,0
20140408,6.05,6.05,5.94,5.94,7468,0
20140409,5.96,6.03,5.93,5.95,4759,0
20140410,6,6.1299,6,6,2341,0
20140411,5.96,5.9668,5.9,5.9,9015,0
20140414,6.25,6.32,5.9401,6,63285,0
20140415,6.02,6.1,5.9,5.9,28371,0
20140416,6.03,6.09,5.94,5.94,9032,0
20140417,5.97,6.12,5.9501,6,5229,0
20140421,6.01,6.11,6,6.11,5204,0
20140422,6.11,6.2,6.04,6.2,12643,0
20140423,6.19,6.29,6.1501,6.29,25375,0
20140424,6.21,6.27,5.99,5.99,52330,0
20140425,6,6.1,5.9101,6,46554,0
20140428,5.97,6.05,5.863,6.04,6300,0
20140429,5.91,6.1,5.91,6,3571,0
20140430,6.07,6.09,6.04,6.07,1288,0
20140501,6.1,6.1,5.89,5.96,15500,0
20140502,5.98,6.5,5.8901,5.96,12936,0
20140505,5.89,6.09,5.89,5.95,20667,0
20140506,5.98,5.98,5.9,5.94,3626,0
20140507,5.88,5.91,5.85,5.9,11316,0
20140508,5.85,5.85,5.611,5.82,6395,0
20140509,5.85,5.99,5.78,5.81,6450,0
20140512,5.85,6.12,5.63,5.69,20237,0
20140513,5.69,5.89,5.69,5.88,859,0
20140514,5.79,6.0472,5.77,5.79,2266,0
20140515,5.69,5.93,5.586,5.93,5500,0
20140519,5.86,6.02,5.2,5.45,13672,0
20140520,5.33,5.63,5.15,5.44,35952,0
20140521,5.3,5.63,5.3,5.48,39227,0
20140522,5.33,5.46,5.15,5.33,66069,0
20140523,5.31,5.36,5.24,5.27,21265,0
20140527,5.4,5.7,5.4,5.61,27482,0
20140528,5.5499,5.5499,5.24,5.5,8237,0
20140529,5.54,5.84,5.54,5.84,8473,0
20140530,6.01,6.14,5.85,6.02,148237,0
20140602,6.25,6.25,5.85,5.9,103112,0
20140603,5.99,6.01,5.9,5.94,27196,0
20140604,6.01,6.01,5.8,5.8,14782,0
20140605,5.9999,5.9999,5.56,5.56,40305,0
20140606,5.7103,5.95,5.7103,5.87,15634,0
20140609,5.95,6.01,5.87,5.96,27741,0
20140610,5.96,6.06,5.96,6.02,25100,0
20140611,6.03,6.04,5.97,6,7153,0
20140612,6.08,6.12,6.01,6.1,67754,0
20140613,6.13,6.15,6.11,6.14,19694,0
20140616,6.15,6.3728,6.15,6.3,46491,0
20140617,6.3,6.3,6.22,6.28,30017,0
20140618,6.25,6.28,6.11,6.22,19258,0
20140619,6.27,6.29,6.12,6.2,11332,0
20140620,6.15,6.2568,6,6.16,13801,0
20140623,6.05,6.16,6.01,6.04,11681,0
20140624,6.1,6.15,6,6.09,54360,0
20140625,5.87,6.13,5.671,5.72,103410,0
20140626,5.63,5.83,5.63,5.65,63352,0
20140627,5.76,5.99,5.73,5.99,27788,0
20140630,5.95,6,5.66,5.77,28835,0
20140701,5.8,5.94,5.8,5.82,2365,0
20140702,5.81,5.81,5.77,5.78,4200,0
20140703,5.71,5.9,5.71,5.84,8836,0
20140707,6.02,6.04,5.84,5.95,4065,0
20140708,5.95,5.95,5.85,5.88,4331,0
20140709,5.88,5.89,5.8,5.89,6352,0
20140710,5.79,5.79,5.65,5.72,22108,0
20140711,5.75,5.9,5.72,5.78,3753,0
20140714,5.85,5.89,5.65,5.83,21289,0
20140715,5.76,5.87,5.76,5.83,3346,0
20140716,5.8,6.04,5.78,6,26968,0
20140717,6.1,6.18,5.78,5.81,57743,0
20140718,5.9346,5.94,5.78,5.8199,31815,0
20140721,5.83,5.9,5.61,5.78,15222,0
20140722,5.78,5.9399,5.69,5.9,28614,0
20140723,5.89,5.9,5.76,5.86,121772,0
20140724,5.9,5.9,5.78,5.8,7701,0
20140725,5.8,5.89,5.69,5.69,28550,0
20140728,5.75,5.85,5.75,5.75,16379,0
20140729,5.82,5.82,5.69,5.69,15762,0
20140730,5.71,5.78,5.5,5.63,19219,0
20140731,5.54,5.64,5.32,5.39,42030,0
20140801,5.33,5.39,5.18,5.26,17953,0
20140804,5.19,5.3,5.09,5.1,39935,0
20140805,5.04,5.2,5.04,5.15,15489,0
20140806,5.2,5.24,5.15,5.15,5253,0
20140807,5.2,5.23,5.03,5.17,39670,0
20140808,5.1664,5.1664,4.6704,5.0196,40847,0
20140811,5.15,5.18,4.95,4.95,31816,0
20140812,4.87,5.06,4.87,5,15399,0
20140813,5.29,5.32,5.1,5.18,36850,0
20140814,5.2,5.25,5.01,5.04,8836,0
20140815,5.01,5.16,4.41,4.61,48696,0
20140818,4.61,5.2201,4.55,5.22,27189,0
20140819,5.22,5.22,4.9001,5.05,30808,0
20140820,5.03,5.13,5.03,5.06,5328,0
20140821,5.09,5.12,5.028,5.04,14187,0
20140822,5,5.08,5,5,13441,0
20140825,5.05,5.08,4.99,5.05,12757,0
20140826,5.07,5.08,5,5,8896,0
20140827,5,5.06,4.95,4.96,20710,0
20140828,4.99,5.03,4.93,5,14830,0
20140829,4.91,5.14,4.91,5,13375,0
20140902,4.95,5,4.81,4.88,13378,0
20140903,4.92,5.1,4.92,4.99,4944,0
20140904,5.3821,5.3821,4.83,4.94,12205,0
20140905,5.15,5.15,5.05,5.06,2700,0
20140908,5.09,5.99,5.07,5.53,52906,0
20140909,5.66,5.73,5.11,5.72,39431,0
20140910,5.8,6.09,5.422,6.08,51003,0
20140911,5.9,6.25,5.67,6.05,22659,0
20140912,5.76,6.16,5.76,6.09,7636,0
20140915,5.93,6,5.73,5.95,8144,0
20140916,6.06,6.06,5.4,5.64,25719,0
20140917,5.74,5.85,5.34,5.37,33053,0
20140918,5.4,5.78,5.4,5.63,44912,0
20140919,5.74,5.85,5.27,5.27,24789,0
20140922,5.27,5.53,5.06,5.25,16567,0
20140923,5.44,5.44,5.17,5.22,5953,0
20140924,5.16,5.39,5.05,5.08,7603,0
20140925,5.75,5.75,4.92,5.01,10551,0
20140926,4.99,4.99,4.91,4.94,2614,0
20140929,4.95,5.27,4.95,5.27,5040,0
20140930,5.1,5.3,5,5.14,64442,0
20141001,5.13,5.13,4.71,4.91,37263,0
20141002,4.68,4.885,4.64,4.85,6916,0
20141003,4.8,4.975,4.73,4.73,24058,0
20141006,4.83,4.92,4.43,4.76,18361,0
20141007,4.61,4.95,4.59,4.62,33646,0
20141008,4.85,5.01,4.6301,5.01,40511,0
20141009,4.85,4.92,4.7,4.77,12330,0
20141010,4.76,4.85,4.76,4.84,12379,0
20141013,4.91,4.97,4.8,4.8075,19947,0
20141014,4.9,4.9,4.34,4.65,28119,0
20141015,4.55,4.7699,4.48,4.73,11881,0
20141016,4.68,4.71,4.62,4.67,23116,0
20141017,5,5,4.59,4.645,3900,0
20141020,4.6,4.92,4.6,4.64,2156,0
20141021,5.01,5.09,4.9,5.09,76602,0
20141022,5.15,5.85,5.13,5.801,254595,0
20141023,5.86,5.86,5.48,5.75,14510,0
20141024,5.46,5.619,5.25,5.57,20253,0
20141027,5.48,5.59,5.26,5.59,3161,0
20141028,5.62,5.75,5.5,5.53,7320,0
20141029,5.54,5.81,5.5,5.71,18601,0
20141030,5.53,5.87,5.334,5.55,13356,0
20141031,5.91,5.91,5.5,5.6999,2828,0
20141103,5.52,5.899,5.5,5.67,16678,0
20141104,5.73,5.87,5.585,5.77,23231,0
20141105,5.71,5.9,5.71,5.9,3365,0
20141106,5.86,5.9,5.74,5.74,42900,0
20141107,5.72,6.08,5.72,5.88,64984,0
20141110,5.94,6.11,5.94,6,39920,0
20141111,6.05,6.25,6,6.2,60694,0
20141112,6.25,6.35,6.02,6.3,59327,0
20141113,6.05,6.05,5.46,5.7336,193880,0
20141114,5.86,6.04,5.65,5.95,58587,0
20141117,6.025,6.025,5.55,5.55,41621,0
20141118,5.86,5.86,5.57,5.57,9997,0
20141119,5.67,5.73,5.39,5.44,17074,0
20141120,5.4,5.59,5.3,5.33,19685,0
20141121,5.3,5.65,5.3,5.4,4293,0
20141124,5.43,5.5999,5.43,5.57,11965,0
20141125,5.6,5.65,5.6,5.6,2693,0
20141126,5.6,5.7399,5.57,5.57,53158,0
20141128,5.67,5.86,5.65,5.76,23121,0
20141201,5.8,5.96,5.8,5.9,32291,0
20141202,5.9,5.93,5.9,5.9,5208,0
20141203,5.9,6.115,5.9,6.08,54898,0
20141204,6.05,6.0822,6.05,6.05,7651,0
20141205,6.09,6.4299,5.75,6.01,44167,0
20141208,6.02,6.1,5.37,6.1,114240,0
20141209,6.15,6.32,6.02,6.295,17252,0
20141210,6.22,6.59,6.1435,6.47,39543,0
20141211,6.56,6.89,6.34,6.4,26241,0
20141212,6.23,6.3,6.166,6.3,6452,0
20141215,6.5,6.5,6.38,6.41,1626,0
20141216,6.131,6.67,6.131,6.51,5477,0
20141217,6.42,6.61,5.803,6.5525,86722,0
20141218,6.46,6.64,6.4,6.5101,20206,0
20141219,6.27,7,6.27,6.79,56422,0
20141222,6.77,6.84,6.6,6.6,69244,0
20141223,6.7,6.7,6.49,6.54,6481,0
20141224,6.69,6.7,6.546,6.6,7389,0
20141226,6.69,6.79,6.67,6.79,16803,0
20141229,6.7,6.7,6.56,6.69,7693,0
20141230,6.5601,6.59,6.355,6.56,12169,0
20141231,6.6,6.79,6.6,6.71,1150,0
20150102,6.52,6.6,6.32,6.43,13231,0
20150105,6.6799,6.6799,6.48,6.65,1350,0
20150106,6.72,6.75,6.5,6.75,4480,0
20150107,6.96,7.3499,6.8601,7.01,31968,0
20150108,7.15,7.75,6.9001,7.06,28797,0
20150109,7.12,7.3,6.91,6.919,26944,0
20150112,6.94,6.94,6.75,6.77,2479,0
20150114,6.85,6.94,6.78,6.94,4352,0
20150115,6.97,7,6.63,6.76,10637,0
20150116,6.66,6.76,6.55,6.75,6030,0
20150120,6.93,6.95,6.91,6.95,3547,0
20150121,6.76,6.87,6.71,6.76,4000,0
20150122,6.7801,6.7801,6.5,6.5,8445,0
20150123,6.79,6.79,6.5899,6.61,3335,0
20150126,6.69,6.69,6.55,6.56,2317,0
20150127,6.5101,6.75,6.5101,6.64,5645,0
20150128,6.75,6.75,6.33,6.4575,17594,0
20150129,6.33,6.72,6.031,6.5,13801,0
20150130,6.71,6.75,6.18,6.355,13001,0
20150203,6.51,6.72,6.51,6.72,27053,0
20150204,6.57,6.705,6.55,6.58,11221,0
20150205,6.58,6.74,6.55,6.56,6700,0
20150206,6.41,6.52,6.36,6.52,1008,0
20150209,6.69,6.69,6.39,6.58,1302,0
20150210,6.66,6.73,6.592,6.73,9172,0
20150211,6.72,6.75,6.49,6.69,29540,0
20150212,6.81,7,6.74,6.74,23510,0
20150213,7.49,7.5,6.41,7,91296,0
20150217,7.24,7.3,6.95,7.09,86691,0
20150218,7.02,7.03,6.99,7,24926,0
20150219,6.9101,6.9801,6.81,6.81,2306,0
20150220,6.95,7.04,6.8,6.82,6765,0
20150223,6.82,6.95,6.63,6.93,18373,0
20150224,6.98,6.98,6.65,6.93,11314,0
20150225,6.96,6.98,6.8201,6.98,6267,0
20150226,7.05,7.05,6.78,6.9,6987,0
20150227,6.98,7.12,6.95,7,3608,0
20150302,6.91,7,6.77,6.81,13000,0
20150303,7.01,7.05,6.75,6.93,12500,0
20150304,6.1,6.36,6,6.22,624600,0
20150305,6.2,6.34,6.08,6.08,46900,0
20150306,6,6.21,6,6.05,44300,0
20150309,6.16,6.29,6.16,6.19,29500,0
20150310,6.2,6.2,6.1,6.11,38900,0
20150311,6.15,6.21,6.15,6.16,36500,0
20150312,6.1,6.26,6.1,6.15,45500,0
20150313,6.21,6.21,5.88,5.99,71400,0
20150316,5.94,6.15,5.88,5.99,37800,0
20150317,6.18,6.18,5.98,6.06,46200,0
20150318,5.98,6.04,5.95,6.01,52200,0
20150319,6,6.05,5.96,6,60300,0
20150320,6.02,6.05,5.96,6.05,63600,0
20150323,6.05,6.35,5.96,6.11,41100,0
20150324,6.09,6.65,6.06,6.64,48900,0
20150325,6.53,6.53,6.06,6.39,74900,0
20150326,6.32,6.32,6.16,6.2,24600,0
20150327,6.21,6.3,6.17,6.3,14200,0
20150330,6.22,6.47,6.18,6.44,23800,0
20150331,6.26,6.47,6.22,6.35,24800,0
20150401,6.35,6.49,6.25,6.3,14500,0
20150402,6.28,6.32,6.21,6.32,5800,0
20150406,6.24,6.45,6.07,6.34,34900,0
20150407,6.44,6.5599,6.13,6.38,96800,0
20150408,6.3,6.41,6.3,6.3,51400,0
20150409,6.32,6.33,6.18,6.23,14669,0
20150410,6.2,6.44,6.2,6.44,20000,0
20150413,6.33,6.47,6.16,6.24,16500,0
20150414,6.3,6.58,6.3,6.58,62100,0
20150415,6.58,6.85,6.52,6.8,57143,0
20150416,6.9,7.35,6.8,7.31,239308,0
20150417,7.15,7.15,6.31,6.48,246700,0
20150420,6.67,6.79,6.3,6.45,80261,0
20150421,6.37,6.3745,6.01,6.18,67868,0
20150422,6.08,6.21,5.95,6.14,95677,0
20150423,6.7,6.7,6.08,6.48,176200,0
20150424,6.49,6.5,6.27,6.38,11600,0
20150427,6.57,6.57,6.23,6.3,12000,0
20150428,6.29,6.6,6.28,6.39,13700,0
20150429,6.27,6.47,6.27,6.45,11500,0
20150430,6.37,6.37,6.23,6.25,22700,0
20150501,6.28,6.41,6.23,6.37,5000,0
20150504,6.4,6.4,6.13,6.3,14300,0
20150505,6.12,6.39,6.12,6.39,8200,0
20150506,6.18,6.3,6.18,6.255,3982,0
20150507,6.248,6.248,6.09,6.14,21307,0
20150508,6.09,6.29,6,6.25,21300,0
20150511,6.14,6.22,6,6.15,18300,0
20150512,6.0833,6.144,6.03,6.13,23635,0
20150513,6.06,6.09,6,6.02,12900,0
20150514,6.12,6.15,5.97,6,7000,0
20150515,5.98,6.1396,5.98,6.08,12332,0
20150518,6.06,6.13,6.02,6.11,23192,0
20150519,6.13,6.15,6.06,6.06,1400,0
20150520,6.19,6.2,6.1,6.2,9000,0
20150521,6.19,6.19,6.07,6.16,6500,0
20150522,6.08,6.3,6.02,6.3,15100,0
20150526,6.3,6.3,6.0401,6.17,13990,0
20150527,6.09,6.15,6.03,6.03,5700,0
20150528,6.0102,6.17,6.0102,6.12,5100,0
20150529,6.14,6.21,6.11,6.21,3500,0
20150601,6.2484,6.2484,6.18,6.19,4660,0
20150602,6.03,6.22,6,6.19,22428,0
20150603,6.16,6.21,6.15,6.17,14800,0
20150604,6.16,6.29,6.12,6.2,51300,0
20150605,6.25,6.29,6.19,6.22,11400,0
20150608,6.2,6.27,6.15,6.15,12200,0
20150609,6.21,6.27,6.1,6.15,19885,0
20150610,6.2,6.2,6.15,6.16,13034,0
20150611,6.2,6.3,6,6,91374,0
20150612,6.05,6.1,5.95,5.95,70500,0
20150615,5.96,6,5.92,5.93,10200,0
20150616,5.92,5.98,5.86,5.89,8900,0
20150617,5.87,5.89,5.63,5.8,11800,0
20150618,5.76,5.92,5.66,5.79,5900,0
20150619,5.79,6.02,5.74,6.02,35100,0
20150622,5.94,6,5.94,6,11700,0
20150623,5.9,6,5.85,6,8648,0
20150624,5.78,5.95,5.68,5.89,12800,0
20150625,5.81,5.88,5.71,5.83,6900,0
20150626,5.72,5.85,5.7,5.85,6400,0
20150629,5.86,6,5.8,5.94,51800,0
20150630,5.6,5.88,5.6,5.8,41627,0
20150701,5.84,5.93,5.78,5.8,14100,0
20150702,5.78,5.87,5.65,5.8,17300,0
20150706,5.74,5.84,5.72,5.84,2100,0
20150707,5.62,5.8,5.23,5.7,34300,0
20150708,5.77,5.82,5.53,5.82,5000,0
20150709,5.82,5.89,5.66,5.89,9700,0
20150710,6.15,6.15,5.8,5.9,14800,0
20150713,6,6,5.51,5.78,19600,0
20150714,5.8,5.8,5.605,5.8,4265,0
20150715,5.61,5.84,5.61,5.84,12607,0
20150716,5.67,5.72,5.54,5.72,51600,0
20150717,5.66,5.69,5.56,5.56,16600,0
20150720,5.3,5.52,5.15,5.26,38300,0
20150721,5.13,5.18,4.92,5,213900,0
20150722,5.01,5.11,4.95,5,74000,0
20150723,5,5.08,4.91,5.08,61300,0
20150724,5.06,5.06,4.91,4.95,16800,0
20150727,4.96,5.03,4.76,4.97,21600,0
20150728,4.61,5.01,4.56,4.94,25500,0
20150729,5.05,5.32,4.95,5.3,26400,0
20150730,5.37,5.39,5.29,5.32,1100,0
20150731,5.37,5.41,5.11,5.29,4500,0
20150803,5.2172,5.36,5.2172,5.29,1696,0
20150804,5.12,5.3,5.12,5.26,9800,0
20150805,5.15,5.38,5.15,5.34,5100,0
20150806,5.41,5.41,5.3066,5.3066,1402,0
20150807,5.13,5.41,5.12,5.28,2900,0
20150810,5.2,5.29,5.2,5.29,2100,0
20150811,5.37,5.43,5.15,5.26,2782,0
20150812,5.2,5.26,5.2,5.26,21400,0
20150813,5.27,5.75,5.27,5.69,44100,0
20150814,5.8,5.95,5.6,5.95,54600,0
20150817,6,6,5.81,5.99,43100,0
20150818,5.85,5.98,5.78,5.81,94400,0
20150819,5.85,5.85,5.63,5.76,109700,0
20150820,5.75,5.83,5.69,5.78,35100,0
20150821,5.79,5.94,5.65,5.68,41700,0
20150824,5.76,5.76,5.574,5.6499,14104,0
20150825,5.73,5.89,5.3,5.66,45400,0
20150826,5.74,5.94,5.57,5.75,11900,0
20150827,5.61,5.84,5.51,5.51,11400,0
20150828,5.51,5.93,5.51,5.57,8600,0
20150831,5.93,5.93,5.6,5.63,8100,0
20150901,5.72,5.85,5.62,5.68,46200,0
20150902,5.7,5.7,5.51,5.51,42200,0
20150903,5.6,5.8,5.51,5.51,29600,0
20150904,5.53,5.67,5.53,5.59,3900,0
20150908,5.94,5.94,5.4,5.7,33700,0
20150909,5.65,5.7,5.5,5.68,24100,0
20150910,5.62,5.797,5.31,5.5,30628,0
20150911,5.41,5.69,5.41,5.56,7100,0
20150914,5.64,5.64,5.44,5.56,9800,0
20150915,5.55,5.55,5.35,5.45,10500,0
20150916,5.48,5.6,5.34,5.46,19400,0
20150917,5.43,5.59,5.34,5.55,16023,0
20150918,5.36,5.73,5.31,5.31,18300,0
20150921,5.44,5.55,5.44,5.46,17500,0
20150922,5.29,5.5,5.29,5.47,36100,0
20150923,5.55,5.63,5.43,5.43,11200,0
20150924,5.36,5.45,5.29,5.43,11438,0
20150925,5.4,5.49,5.31,5.31,15300,0
20150928,5.25,5.4507,5.09,5.32,34207,0
20150929,5.51,5.51,5.26,5.26,5800,0
20150930,5.55,5.55,5.3,5.3,5300,0
20151001,5.24,5.45,5.24,5.35,44500,0
20151002,5.29,5.57,5.25,5.31,24000,0
20151005,5.3501,5.3505,5.13,5.28,22127,0
20151006,5.42,5.47,5.3,5.35,11200,0
20151007,5.16,5.6,5.1,5.44,26400,0
20151008,5.1,5.65,5.1,5.6,28100,0
20151009,5.59,5.7,5.53,5.58,27400,0
20151012,5.55,5.82,5.36,5.7499,16186,0
20151013,5.73,5.84,5.52,5.52,12800,0
20151014,5.37,5.56,5.23,5.23,14800,0
20151015,5.51,5.53,5.21,5.42,7500,0
20151016,5.3,5.47,5.3,5.38,9200,0
20151019,5.38,5.4,5.21,5.37,36800,0
20151020,5.32,5.4099,5.25,5.27,18206,0
20151021,5.34,5.5,5.26,5.41,11500,0
20151022,5.4,5.7,5.4,5.62,9200,0
20151023,5.6,5.65,5.51,5.54,4500,0
20151026,5.54,5.6,5.47,5.5,25300,0
20151027,5.44,5.57,5.43,5.52,5500,0
20151028,5.5,5.74,5.5,5.67,18700,0
20151029,5.69,5.79,5.61,5.69,17100,0
20151030,5.69,5.7,5.6,5.68,18300,0
20151102,5.36,5.66,5.33,5.56,20797,0
20151103,5.55,5.57,5.47,5.5,26700,0
20151104,5.5,5.5,5.45,5.49,10783,0
20151105,5.36,5.44,5.25,5.41,33100,0
20151106,5.41,5.68,5.4,5.58,22500,0
20151109,5.598,5.7,5.598,5.7,23153,0
20151110,5.68,6.05,5.68,5.96,38300,0
20151111,5.8,5.97,5.75,5.91,17800,0
20151112,5.87,5.93,5.75,5.75,21000,0
20151113,6.15,6.15,5.68,5.75,50100,0
20151116,5.73,5.73,5.32,5.53,44900,0
20151117,5.54,5.61,5.34,5.53,13500,0
20151118,5.53,5.56,5.4,5.4,41900,0
20151119,5.38,5.46,5.16,5.38,41900,0
20151120,5.45,5.5,5.35,5.42,6400,0
20151123,5.4,5.45,5.14,5.4,27000,0
20151124,5.35,5.39,5.23,5.36,6700,0
20151125,5.31,5.38,5.16,5.34,17500,0
20151127,5.38,5.4,5.3,5.35,17200,0
20151130,5.35,5.36,5.15,5.24,17100,0
20151201,5.27,5.3,5.1,5.1001,22218,0
20151202,5.1,5.2,5.1,5.2,5938,0
20151203,5.11,5.24,4.91,5.2,56295,0
20151204,5.16,5.27,5.11,5.19,8500,0
20151207,5.14,5.32,5.06,5.09,28300,0
20151208,5.1,5.19,4.96,5.04,9483,0
20151209,4.95,5.05,4.79,5.01,25800,0
20151210,4.94,5.13,4.85,5.02,14900,0
20151211,5.03,5.05,4.74,4.9,9700,0
20151214,4.88,4.95,4.81,4.88,16925,0
20151215,5.11,5.11,4.86,5.05,12700,0
20151216,4.98,4.98,4.82,4.82,11900,0
20151217,4.92,4.95,4.8,4.95,10000,0
20151218,4.99,4.99,4.62,4.74,48100,0
20151221,4.82,5,4.76,4.77,24400,0
20151222,4.8,4.84,4.67,4.74,43565,0
20151223,4.75,4.97,4.63,4.86,58900,0
20151224,4.85,4.9074,4.8285,4.83,13507,0
20151228,4.83,5.12,4.68,5,27097,0
20151229,5,5.3,4.9,5.27,10366,0
20151230,5.22,5.27,5.1083,5.21,12901,0
20151231,5.23,5.28,5,5.12,28818,0
20160104,5.09,5.25,4.855,5.11,15590,0
20160105,5.03,5.167,4.9486,5.1,14931,0
20160106,5.0925,5.1,4.94,4.99,8456,0
20160107,4.76,5.054,4.74,4.81,10098,0
20160108,4.96,4.96,4.713,4.75,9126,0
20160111,4.79,4.8,4.52,4.62,17865,0
20160112,4.656,4.7,4.6,4.62,3500,0
20160113,4.6252,4.6252,4.0965,4.139,12190,0
20160114,4.26,4.26,4.13,4.17,9320,0
20160115,4.055,4.18,3.99,4.07,58134,0
20160119,4.28,4.31,4.2,4.29,1800,0
20160120,4.35,4.35,4.0234,4.15,14741,0
20160121,4.169,4.169,3.864,4.03,35119,0
20160122,4.14,4.4518,4.14,4.43,18251,0
20160125,4.45,4.45,4.32,4.32,1265,0
20160126,4.3711,4.3711,4.32,4.32,6837,0
20160127,4.4,4.4,4.06,4.25,4145,0
20160128,4.1,4.1,4,4.07,7282,0
20160129,4.06,4.35,4,4.09,19936,0
20160201,4.342,4.342,4.25,4.3391,1600,0
20160202,4.33,4.43,4.27,4.27,26445,0
20160203,4.248,4.248,4.24,4.245,1800,0
20160204,4.3604,4.4099,4.22,4.22,4649,0
20160205,4.0501,4.37,3.8661,4.37,65836,0
20160208,4.2,4.4,4.2,4.26,25943,0
20160209,4.014,4.44,3.901,3.98,41977,0
20160210,3.97,4.23,3.97,3.98,7588,0
20160211,3.85,4.38,3.85,4,19200,0
20160212,3.95,4.35,3.7494,3.98,113616,0
20160216,4,4.24,3.83,4,16023,0
20160217,4.02,4.08,3.8172,4.03,21397,0
20160218,4,4.445,4,4.1346,258832,0
20160219,4.15,4.2,4.01,4.08,52279,0
20160222,4.18,4.18,4.1,4.15,7292,0
20160223,4.1699,4.1699,3.805,4.02,22832,0
20160224,3.94,4.05,3.8,3.96,12269,0
20160225,3.825,3.994,3.82,3.9838,4498,0
20160226,3.97,4.06,3.86,3.86,12342,0
20160229,3.85,4.09,3.71,3.95,28586,0
20160301,3.92,3.96,3.76,3.96,22153,0
20160302,3.96,4,3.84,3.93,18511,0
20160303,3.87,3.99,3.84,3.99,23580,0
20160304,3.98,4.18,3.9,4.02,33862,0
20160307,4.15,4.16,3.96,4.001,18474,0
20160308,4.03,4.06,3.89,3.89,20537,0
20160309,3.95,3.99,3.86,3.9,10480,0
20160310,3.95,3.9665,3.95,3.9665,605,0
20160311,3.9914,4,3.92,4,6750,0
20160314,3.97,4,3.97,3.9899,6146,0
20160315,3.99,4,3.97,4,1016,0
20160316,4,4.1317,3.94,4,14290,0
20160317,4.14,4.2999,3.91,4.015,10756,0
20160318,4.06,4.06,3.91,3.91,37041,0
20160321,3.95,4,3.82,3.82,4781,0
20160322,3.83,3.9,3.62,3.82,10038,0
20160323,3.79,3.805,3.7,3.7,17880,0
20160324,3.75,3.75,3.54,3.68,16445,0
20160328,3.64,3.74,3.635,3.635,9683,0
20160329,3.5824,3.7,3.55,3.55,6507,0
20160330,3.61,3.61,3.389,3.455,23913,0
20160331,3.43,3.59,3.36,3.49,33281,0
20160401,3.4505,3.4999,3.3,3.41,6379,0
20160404,3.44,3.44,3.35,3.35,9300,0
20160405,3.62,3.62,3.13,3.19,52329,0
20160406,3.2,3.39,3.181,3.3,65499,0
20160407,3.21,3.29,3.1109,3.2,27596,0
20160408,3.1936,3.26,3.08,3.21,38118,0
20160411,3.399,3.399,3.15,3.22,4700,0
20160412,3.22,3.22,3.17,3.205,21534,0
20160413,3.2,3.25,3.19,3.2,21311,0
20160414,3.2,3.2,3.12,3.15,7407,0
20160415,3.1265,3.19,3.1265,3.13,15330,0
