Date,Open,High,Low,Close,Volume,OpenInt
20150626,6.25,6.38,5.65,6.17,745900,0
20150629,6.15,6.8,5.42,5.93,587800,0
20150630,6.14,6.26,6,6,98946,0
20150701,6.07,6.3,6,6.18,53600,0
20150702,6.32,6.54,6.1,6.25,248500,0
20150706,6.24,6.24,6,6.14,48300,0
20150707,6.09,6.24,5.07,5.39,160200,0
20150708,5.1,5.29,3.83,3.98,232100,0
20150709,4.34,4.68,4.15,4.67,124900,0
20150710,4.8,5.22,4.8,5.09,72800,0
20150713,5.18,5.57,5.18,5.44,49100,0
20150714,5.55,5.72,5.44,5.5,35549,0
20150715,5.5,5.51,5.3,5.4,39393,0
20150716,5.43,5.55,5.4,5.55,4600,0
20150717,5.43,5.45,4.84,5.44,63200,0
20150720,5.75,6,5.29,5.56,117800,0
20150721,5.4,5.43,4.56,4.69,28500,0
20150722,4.4,4.84,4.04,4.11,21400,0
20150723,4.44,4.44,3.75,4,37600,0
20150724,4,4.36,4,4.02,20900,0
20150727,4.03,4.2,4.03,4.03,19300,0
20150728,4.08,4.25,3.57,3.96,73000,0
20150729,3.98,4.2,3.98,4.18,34700,0
20150730,4.19,4.71,4.19,4.27,81300,0
20150731,4.4,4.5,4.15,4.15,24600,0
20150803,4.16,4.54,4.16,4.35,73440,0
20150804,4.56,4.6,4.4,4.59,48300,0
20150805,4.69,5.15,4.69,5.08,16700,0
20150806,5.1,5.55,5.1,5.25,43034,0
20150807,5.4,5.4,4.63,5.2,16100,0
20150810,5.19,5.4,4.6,5.39,17000,0
20150811,5.14,5.48,5.12,5.312,27183,0
20150812,5.11,5.35,4.78,4.86,85200,0
20150813,4.73,4.9,4.51,4.68,20800,0
20150814,4.39,4.79,4.19,4.22,10600,0
20150817,4.29,5.2,4.29,4.97,32800,0
20150818,4.89,6.05,4.89,6.05,58500,0
20150819,5.92,5.95,5.21,5.21,21800,0
20150820,5.95,5.95,5.25,5.89,18200,0
20150821,5.17,5.66,5.11,5.11,10200,0
20150824,4.8,5.21,4.8,4.8,3000,0
20150825,5.15,5.6,5.15,5.48,7200,0
20150826,5.5,5.8,4.94,5.79,14400,0
20150827,5.2,5.7,5.2,5.42,3100,0
20150828,5.23,5.51,5.07,5.31,4000,0
20150831,5.5,5.5,5.5,5.5,200,0
20150901,4.57,4.57,4.57,4.57,100,0
20150902,5,5,5,5,100,0
20150903,5.16,5.16,5.16,5.16,200,0
20150904,4.36,5.25,4.36,5.22,4400,0
20150908,5.22,5.22,4.91,5.1,6000,0
20150909,4.9,4.9,4.9,4.9,1000,0
20150910,5.1,5.52,5.1,5.3,4806,0
20150914,5.55,5.55,4.81,4.81,3100,0
20150916,4.81,4.81,4.43,4.43,4900,0
20150917,4.44,4.9,4.25,4.25,5800,0
20150918,4.08,4.08,4.08,4.08,200,0
20150921,4.58,4.58,3.8,3.8,3400,0
20150922,4.52,4.52,4.22,4.5,2900,0
20150923,4.2,4.37,4.03,4.37,1100,0
20150924,4.4999,4.4999,4,4,36084,0
20150925,4.23,4.38,3.25,3.41,65500,0
20150928,3.41,3.41,2.64,2.8,36990,0
20150929,2.8,2.8,2.41,2.45,19600,0
20150930,2.42,2.5,2.15,2.15,22700,0
20151001,2.1,2.39,2.1,2.22,9700,0
20151002,2.23,2.37,2.15,2.35,16000,0
20151005,2.91,3.15,2.22,2.39,46982,0
20151006,2.32,2.32,2,2.19,22100,0
20151007,2.11,2.3,2.1,2.16,14300,0
20151008,2.18,2.8,2.18,2.66,48300,0
20151009,2.79,2.99,2.61,2.61,29900,0
20151012,2.98,2.98,2.59,2.66,6656,0
20151013,2.96,3.49,2.65,2.72,27200,0
20151014,2.67,2.99,2.44,2.82,17100,0
20151015,2.9,2.97,2.5,2.71,29900,0
20151016,2.45,2.73,2.45,2.6,17600,0
20151019,2.4,2.9,2.4,2.57,22400,0
20151020,2.4,2.9,2.4,2.42,18785,0
20151021,2.42,2.47,2.25,2.29,19800,0
20151022,2.53,2.69,2.3,2.55,120100,0
20151023,2.44,2.91,2.44,2.77,39900,0
20151026,2.8,3.22,2.8,3.02,50300,0
20151027,3.19,3.19,2.6,2.89,25500,0
20151028,2.9,2.95,2.66,2.71,5200,0
20151029,2.58,2.9,2.56,2.77,2400,0
20151030,2.63,2.73,2.5,2.52,7500,0
20151102,2.65,2.68,2.53,2.5301,4355,0
20151103,2.7,3.05,2.45,2.65,49300,0
20151104,2.52,2.5774,2.5001,2.5201,4724,0
20151105,2.88,2.88,2.55,2.55,20000,0
20151106,2.5,2.6,2.42,2.48,15000,0
20151109,2.52,2.66,2.35,2.514,8408,0
20151110,2.53,2.85,2.53,2.7,28400,0
20151111,2.7,2.84,2.7,2.73,2400,0
20151112,2.8,3.02,2.8,2.82,2200,0
20151113,3,3,2.65,2.75,3200,0
20151116,2.65,2.75,2.6,2.62,3800,0
20151117,2.62,2.81,2.52,2.61,13900,0
20151118,2.65,2.65,2.65,2.65,100,0
20151119,2.65,2.69,2.58,2.58,3300,0
20151120,2.52,2.58,2.46,2.5,6000,0
20151123,2.54,2.54,2.53,2.53,500,0
20151124,2.57,2.8,2.57,2.8,2600,0
20151125,2.55,2.58,2.53,2.58,10500,0
20151127,2.71,2.93,2.37,2.56,11500,0
20151130,2.59,2.69,2.46,2.61,5400,0
20151201,2.74,3.15,2.7,3.0139,30511,0
20151202,3.03,3.2199,2.82,2.9,15178,0
20151203,3,3.15,3,3.07,16666,0
20151204,3.2,3.59,3.2,3.59,26900,0
20151207,3.81,4.38,3.8,4.1,32100,0
20151208,4.1,4.27,4.04,4.04,19809,0
20151209,4.25,4.3,3.83,4.18,20000,0
20151210,4.16,4.16,3.78,3.95,12700,0
20151211,3.83,3.83,3.38,3.69,11300,0
20151214,3.95,3.96,3.42,3.55,9175,0
20151215,3.86,3.86,3.86,3.86,200,0
20151216,3.61,3.88,3.61,3.66,1500,0
20151217,3.84,3.85,3.42,3.85,6000,0
20151218,3.84,3.84,3.84,3.84,200,0
20151221,3.76,3.86,3.32,3.78,25300,0
20151222,3.62,3.62,3.5,3.5899,6516,0
20151223,3.59,4.13,3.5,4.12,47000,0
20151224,4.12,4.71,3.92,4.5,65055,0
20151228,4.21,4.6,4.21,4.3501,29607,0
20151229,4.1,4.52,3.9601,4.5,16217,0
20151230,4.45,4.45,4.1,4.45,9093,0
20151231,4.4,4.59,3.9601,4.46,15207,0
20160104,4.12,4.52,4.03,4.3,5466,0
20160105,4.2,4.6,4.18,4.4,6458,0
20160106,4.4,4.41,4.05,4.3,11995,0
20160107,4.36,4.36,4.05,4.285,8790,0
20160108,4.2069,4.31,4.13,4.16,8400,0
20160111,4.3,4.3,4.2301,4.28,1956,0
20160112,4.42,4.42,3.9501,4.21,3166,0
20160113,4.4,4.4,3.9501,4.28,13819,0
20160114,4.22,4.29,4.1,4.2,5820,0
20160115,4.14,4.14,3.599,3.8,4678,0
20160119,3.33,3.49,3.08,3.32,14700,0
20160120,3.31,3.35,3.12,3.12,7080,0
20160121,3.32,3.35,3.01,3.35,4851,0
20160122,3.5,3.5,3.15,3.2501,2445,0
20160125,3.87,3.9,3.0575,3.45,3832,0
20160126,3.25,3.25,3.06,3.06,1000,0
20160127,2.976,2.976,2.96,2.96,2200,0
20160128,2.91,3.32,2.51,2.51,4251,0
20160129,2.81,2.969,2.8,2.969,2200,0
20160201,3.03,3.03,2.49,2.7,4300,0
20160202,3.01,3.673,3,3.13,15271,0
20160203,3.39,3.6699,3.1,3.62,16322,0
20160204,3.79,3.79,3.1,3.65,9652,0
20160205,3.7,3.7495,3.05,3.7495,5962,0
20160208,3.64,3.7,3.06,3.7,6901,0
20160209,3.36,3.48,3.03,3.43,9100,0
20160210,3.5,3.8,3.2,3.6499,16269,0
20160211,3.3035,3.31,3.089,3.31,6775,0
20160212,3.19,3.19,3.12,3.12,1400,0
20160216,3.51,3.52,3.1,3.51,11492,0
20160217,3.38,3.82,3.38,3.41,9863,0
20160218,3.55,4.1,3.55,4.05,18964,0
20160219,4.05,4.15,3.95,3.9799,7101,0
20160222,3.9072,4.0001,3.59,3.845,30449,0
20160223,4,4,3.52,3.8401,9577,0
20160224,4,4,3.85,3.86,16585,0
20160225,3.73,3.88,3.73,3.88,4400,0
20160226,4,4,3.985,3.99,750,0
20160229,3.8001,3.8001,3.8,3.8,1030,0
20160301,3.71,3.89,3.5,3.89,2000,0
20160302,3.69,3.9899,3.5,3.9899,4400,0
20160303,3.75,4.45,3.75,4.15,16474,0
20160304,3.94,4.35,3.5101,3.95,4200,0
20160307,4.1,4.2,3.9,4.0101,8492,0
20160308,4,4,3.9,3.9,2350,0
20160309,3.99,4,3.9,3.95,6000,0
20160310,4,4,3.9,3.9,1672,0
20160311,3.61,3.98,3.61,3.98,2300,0
20160314,4.22,4.22,3.59,3.82,4800,0
20160315,3.86,4.1699,3.59,4.1699,1860,0
20160316,3.55,4,3.54,3.92,2770,0
20160317,3.45,4.14,3.45,4,18459,0
20160318,3.82,4.45,3.7001,4.1799,23459,0
20160321,4.23,5.1,4.23,4.4,33826,0
20160322,4.3001,4.9,4.3,4.65,8052,0
20160323,4.8905,4.9,4.6001,4.73,3560,0
20160324,4.7363,4.7363,4.61,4.6101,2100,0
20160328,4.65,4.65,4.54,4.5588,2800,0
20160329,4.5,4.51,4.3,4.3822,900,0
20160330,4.3001,4.32,4.09,4.09,6000,0
20160331,4.09,4.09,3.99,4,1709,0
20160401,4.15,4.15,4.1,4.1,800,0
20160404,4,4,3.9001,3.9101,2600,0
20160405,3.92,3.92,3.8101,3.9199,2800,0
20160406,4,4.07,3.73,3.8,7600,0
20160407,3.84,3.84,3.48,3.53,4050,0
20160408,3.75,3.75,3.1,3.5199,13748,0
20160411,3.2501,3.9499,3.2204,3.3,38900,0
20160412,3.3501,3.7199,3.3501,3.37,15136,0
20160413,3.2801,3.3,3.25,3.25,2335,0
20160414,3.35,3.38,3.0501,3.2545,6283,0
20160415,3.35,3.35,3.21,3.2611,2640,0
